

Data analysis for each instance 
AVG,MED,MAX,MIN
0.959,0.959,0.959,0.959,
0.975,0.975,0.975,0.975,
0.916,0.916,0.916,0.916,
1,1,1,1,
1,1,1,1,
0.977,0.977,0.977,0.977,
0.964,0.964,0.964,0.964,
0.953,0.953,0.953,0.953,
0.963,0.963,0.963,0.963,
0.884,0.884,0.884,0.884,
0.963,0.963,0.963,0.963,
0.961,0.961,0.961,0.961,
0.982,0.982,0.982,0.982,
0.881,0.881,0.881,0.881,
0.985,0.985,0.985,0.985,
0.976,0.976,0.976,0.976,
0.962,0.962,0.962,0.962,
0.943,0.943,0.943,0.943,
0.975,0.975,0.975,0.975,
0.879,0.879,0.879,0.879,
1,1,1,1,
0.988,0.988,0.988,0.988,
0.969,0.969,0.969,0.969,
0.985,0.985,0.985,0.985,
0.979,0.979,0.979,0.979,
0.966,0.966,0.966,0.966,
1,1,1,1,
0.998,0.998,0.998,0.998,
0.997,0.997,0.997,0.997,
0.889,0.889,0.889,0.889,
0.966,0.966,0.966,0.966,
0.971,0.971,0.971,0.971,
1,1,1,1,
0.979,0.979,0.979,0.979,
0.985,0.985,0.985,0.985,
1,1,1,1,
0.907,0.907,0.907,0.907,
0.958,0.958,0.958,0.958,
0.958,0.958,0.958,0.958,
0.982,0.982,0.982,0.982,
0.958,0.958,0.958,0.958,
1,1,1,1,
0.991,0.991,0.991,0.991,
0.998,0.998,0.998,0.998,
1,1,1,1,
1,1,1,1,
0.991,0.991,0.991,0.991,
0.973,0.973,0.973,0.973,
0.999,0.999,0.999,0.999,
1,1,1,1,
0.962,0.962,0.962,0.962,
0.973,0.973,0.973,0.973,
0.969,0.969,0.969,0.969,
1,1,1,1,
0.932,0.932,0.932,0.932,
1,1,1,1,
0.963,0.963,0.963,0.963,
0.97,0.97,0.97,0.97,
0.987,0.987,0.987,0.987,
0.947,0.947,0.947,0.947,
0.985,0.985,0.985,0.985,
1,1,1,1,
0.973,0.973,0.973,0.973,
0.978,0.978,0.978,0.978,
1,1,1,1,
1,1,1,1,
1,1,1,1,
0.957,0.957,0.957,0.957,
0.867,0.867,0.867,0.867,
0.978,0.978,0.978,0.978,
0.939,0.939,0.939,0.939,
1,1,1,1,
0.954,0.954,0.954,0.954,
0.988,0.988,0.988,0.988,
0.908,0.908,0.908,0.908,
0.952,0.952,0.952,0.952,
0.984,0.984,0.984,0.984,
1,1,1,1,
0.983,0.983,0.983,0.983,
0.958,0.958,0.958,0.958,
0.997,0.997,0.997,0.997,
1,1,1,1,
1,1,1,1,
1,1,1,1,
0.986,0.986,0.986,0.986,
0.909,0.909,0.909,0.909,
1,1,1,1,
1,1,1,1,
1,1,1,1,
0.945,0.945,0.945,0.945,
0.966,0.966,0.966,0.966,
0.974,0.974,0.974,0.974,
0.993,0.993,0.993,0.993,
1,1,1,1,
0.912,0.912,0.912,0.912,
0.95,0.95,0.95,0.95,
0.961,0.961,0.961,0.961,
1,1,1,1,
0.921,0.921,0.921,0.921,
0.993,0.993,0.993,0.993,


0.951,0.951,0.951,0.951,
0.944,0.944,0.944,0.944,
0.897,0.897,0.897,0.897,
0.974,0.974,0.974,0.974,
0.976,0.976,0.976,0.976,
1,1,1,1,
1,1,1,1,
0.997,0.997,0.997,0.997,
1,1,1,1,
0.923,0.923,0.923,0.923,
0.977,0.977,0.977,0.977,
0.983,0.983,0.983,0.983,
0.955,0.955,0.955,0.955,
1,1,1,1,
0.957,0.957,0.957,0.957,
0.993,0.993,0.993,0.993,
0.942,0.942,0.942,0.942,
0.958,0.958,0.958,0.958,
0.996,0.996,0.996,0.996,
0.903,0.903,0.903,0.903,
0.969,0.969,0.969,0.969,
0.949,0.949,0.949,0.949,
0.899,0.899,0.899,0.899,
0.967,0.967,0.967,0.967,
0.963,0.963,0.963,0.963,
0.986,0.986,0.986,0.986,
0.912,0.912,0.912,0.912,
0.994,0.994,0.994,0.994,
0.977,0.977,0.977,0.977,
0.891,0.891,0.891,0.891,
0.847,0.847,0.847,0.847,
0.983,0.983,0.983,0.983,
0.912,0.912,0.912,0.912,
0.968,0.968,0.968,0.968,
0.946,0.946,0.946,0.946,
0.997,0.997,0.997,0.997,
0.951,0.951,0.951,0.951,
0.96,0.96,0.96,0.96,
0.914,0.914,0.914,0.914,
0.99,0.99,0.99,0.99,
0.996,0.996,0.996,0.996,
0.947,0.947,0.947,0.947,
1,1,1,1,
1,1,1,1,
0.938,0.938,0.938,0.938,
0.91,0.91,0.91,0.91,
0.975,0.975,0.975,0.975,
0.944,0.944,0.944,0.944,
1,1,1,1,
0.953,0.953,0.953,0.953,
1,1,1,1,
0.96,0.96,0.96,0.96,
1,1,1,1,
0.877,0.877,0.877,0.877,
1,1,1,1,
0.983,0.983,0.983,0.983,
0.963,0.963,0.963,0.963,
1,1,1,1,
0.964,0.964,0.964,0.964,
0.908,0.908,0.908,0.908,
0.951,0.951,0.951,0.951,
1,1,1,1,
0.942,0.942,0.942,0.942,
0.961,0.961,0.961,0.961,
0.986,0.986,0.986,0.986,
0.961,0.961,0.961,0.961,
0.909,0.909,0.909,0.909,
1,1,1,1,
0.951,0.951,0.951,0.951,
0.947,0.947,0.947,0.947,
0.928,0.928,0.928,0.928,
0.957,0.957,0.957,0.957,
0.893,0.893,0.893,0.893,
0.991,0.991,0.991,0.991,
0.908,0.908,0.908,0.908,
0.963,0.963,0.963,0.963,
0.962,0.962,0.962,0.962,
0.964,0.964,0.964,0.964,
0.985,0.985,0.985,0.985,
0.966,0.966,0.966,0.966,
0.973,0.973,0.973,0.973,
0.977,0.977,0.977,0.977,
0.928,0.928,0.928,0.928,
0.98,0.98,0.98,0.98,
0.955,0.955,0.955,0.955,
0.852,0.852,0.852,0.852,
0.884,0.884,0.884,0.884,
0.886,0.886,0.886,0.886,
0.91,0.91,0.91,0.91,
0.923,0.923,0.923,0.923,
0.955,0.955,0.955,0.955,
0.961,0.961,0.961,0.961,
0.999,0.999,0.999,0.999,
0.967,0.967,0.967,0.967,
0.796,0.796,0.796,0.796,
1,1,1,1,
0.91,0.91,0.91,0.91,
0.996,0.996,0.996,0.996,
0.93,0.93,0.93,0.93,
1,1,1,1,


0.907,0.907,0.907,0.907,
1,1,1,1,
0.887,0.887,0.887,0.887,
0.991,0.991,0.991,0.991,
0.967,0.967,0.967,0.967,
0.991,0.991,0.991,0.991,
0.921,0.921,0.921,0.921,
0.986,0.986,0.986,0.986,
0.988,0.988,0.988,0.988,
0.928,0.928,0.928,0.928,
1,1,1,1,
1,1,1,1,
0.994,0.994,0.994,0.994,
0.963,0.963,0.963,0.963,
0.963,0.963,0.963,0.963,
1,1,1,1,
0.962,0.962,0.962,0.962,
0.987,0.987,0.987,0.987,
0.961,0.961,0.961,0.961,
0.887,0.887,0.887,0.887,
0.909,0.909,0.909,0.909,
0.988,0.988,0.988,0.988,
0.978,0.978,0.978,0.978,
0.974,0.974,0.974,0.974,
0.997,0.997,0.997,0.997,
0.975,0.975,0.975,0.975,
0.927,0.927,0.927,0.927,
0.997,0.997,0.997,0.997,
1,1,1,1,
0.966,0.966,0.966,0.966,
1,1,1,1,
1,1,1,1,
0.942,0.942,0.942,0.942,
0.956,0.956,0.956,0.956,
1,1,1,1,
0.993,0.993,0.993,0.993,
0.94,0.94,0.94,0.94,
1,1,1,1,
1,1,1,1,
1,1,1,1,
0.951,0.951,0.951,0.951,
0.914,0.914,0.914,0.914,
0.97,0.97,0.97,0.97,
0.997,0.997,0.997,0.997,
0.938,0.938,0.938,0.938,
0.934,0.934,0.934,0.934,
0.922,0.922,0.922,0.922,
1,1,1,1,
0.951,0.951,0.951,0.951,
0.949,0.949,0.949,0.949,
0.96,0.96,0.96,0.96,
0.949,0.949,0.949,0.949,
0.973,0.973,0.973,0.973,
0.911,0.911,0.911,0.911,
0.981,0.981,0.981,0.981,
0.935,0.935,0.935,0.935,
1,1,1,1,
0.979,0.979,0.979,0.979,
1,1,1,1,
0.985,0.985,0.985,0.985,
1,1,1,1,
0.989,0.989,0.989,0.989,
1,1,1,1,
0.951,0.951,0.951,0.951,
0.959,0.959,0.959,0.959,
0.937,0.937,0.937,0.937,
0.909,0.909,0.909,0.909,
0.943,0.943,0.943,0.943,
0.884,0.884,0.884,0.884,
0.884,0.884,0.884,0.884,
0.95,0.95,0.95,0.95,
0.95,0.95,0.95,0.95,
0.972,0.972,0.972,0.972,
0.993,0.993,0.993,0.993,
0.981,0.981,0.981,0.981,
0.948,0.948,0.948,0.948,
0.995,0.995,0.995,0.995,
0.997,0.997,0.997,0.997,
0.979,0.979,0.979,0.979,
0.988,0.988,0.988,0.988,
0.976,0.976,0.976,0.976,
0.977,0.977,0.977,0.977,
0.943,0.943,0.943,0.943,
0.947,0.947,0.947,0.947,
0.998,0.998,0.998,0.998,
0.908,0.908,0.908,0.908,
0.886,0.886,0.886,0.886,
0.857,0.857,0.857,0.857,
0.914,0.914,0.914,0.914,
0.942,0.942,0.942,0.942,
1,1,1,1,
1,1,1,1,
0.964,0.964,0.964,0.964,
0.979,0.979,0.979,0.979,
0.757,0.757,0.757,0.757,
0.944,0.944,0.944,0.944,
0.955,0.955,0.955,0.955,
0.976,0.976,0.976,0.976,
0.945,0.945,0.945,0.945,
0.963,0.963,0.963,0.963,


0.901,0.901,0.901,0.901,
0.996,0.996,0.996,0.996,
0.895,0.895,0.895,0.895,
0.991,0.991,0.991,0.991,
0.974,0.974,0.974,0.974,
0.986,0.986,0.986,0.986,
0.948,0.948,0.948,0.948,
1,1,1,1,
0.951,0.951,0.951,0.951,
1,1,1,1,
1,1,1,1,
0.974,0.974,0.974,0.974,
0.925,0.925,0.925,0.925,
0.963,0.963,0.963,0.963,
0.974,0.974,0.974,0.974,
0.985,0.985,0.985,0.985,
1,1,1,1,
1,1,1,1,
0.956,0.956,0.956,0.956,
0.824,0.824,0.824,0.824,
0.88,0.88,0.88,0.88,
0.983,0.983,0.983,0.983,
0.978,0.978,0.978,0.978,
0.963,0.963,0.963,0.963,
1,1,1,1,
0.937,0.937,0.937,0.937,
0.969,0.969,0.969,0.969,
0.973,0.973,0.973,0.973,
0.984,0.984,0.984,0.984,
0.951,0.951,0.951,0.951,
0.87,0.87,0.87,0.87,
0.98,0.98,0.98,0.98,
0.971,0.971,0.971,0.971,
0.943,0.943,0.943,0.943,
0.964,0.964,0.964,0.964,
0.958,0.958,0.958,0.958,
0.916,0.916,0.916,0.916,
0.947,0.947,0.947,0.947,
0.944,0.944,0.944,0.944,
0.999,0.999,0.999,0.999,
0.997,0.997,0.997,0.997,
0.914,0.914,0.914,0.914,
0.943,0.943,0.943,0.943,
0.997,0.997,0.997,0.997,
0.906,0.906,0.906,0.906,
0.898,0.898,0.898,0.898,
0.942,0.942,0.942,0.942,
1,1,1,1,
0.968,0.968,0.968,0.968,
0.949,0.949,0.949,0.949,
0.96,0.96,0.96,0.96,
0.948,0.948,0.948,0.948,
0.972,0.972,0.972,0.972,
0.89,0.89,0.89,0.89,
0.975,0.975,0.975,0.975,
0.999,0.999,0.999,0.999,
1,1,1,1,
0.993,0.993,0.993,0.993,
1,1,1,1,
0.989,0.989,0.989,0.989,
0.991,0.991,0.991,0.991,
0.958,0.958,0.958,0.958,
0.936,0.936,0.936,0.936,
0.952,0.952,0.952,0.952,
0.969,0.969,0.969,0.969,
0.919,0.919,0.919,0.919,
0.909,0.909,0.909,0.909,
0.985,0.985,0.985,0.985,
0.884,0.884,0.884,0.884,
0.884,0.884,0.884,0.884,
0.95,0.95,0.95,0.95,
0.944,0.944,0.944,0.944,
0.993,0.993,0.993,0.993,
0.971,0.971,0.971,0.971,
0.974,0.974,0.974,0.974,
1,1,1,1,
1,1,1,1,
0.992,0.992,0.992,0.992,
1,1,1,1,
1,1,1,1,
0.937,0.937,0.937,0.937,
0.977,0.977,0.977,0.977,
0.891,0.891,0.891,0.891,
0.975,0.975,0.975,0.975,
0.992,0.992,0.992,0.992,
0.918,0.918,0.918,0.918,
0.886,0.886,0.886,0.886,
0.804,0.804,0.804,0.804,
0.996,0.996,0.996,0.996,
0.924,0.924,0.924,0.924,
1,1,1,1,
0.973,0.973,0.973,0.973,
1,1,1,1,
0.994,0.994,0.994,0.994,
0.796,0.796,0.796,0.796,
0.944,0.944,0.944,0.944,
0.969,0.969,0.969,0.969,
0.958,0.958,0.958,0.958,
0.944,0.944,0.944,0.944,
0.989,0.989,0.989,0.989,


1,1,1,1,
0.994,0.994,0.994,0.994,
1,1,1,1,
0.975,0.975,0.975,0.975,
0.988,0.988,0.988,0.988,
0.981,0.981,0.981,0.981,
0.961,0.961,0.961,0.961,
0.939,0.939,0.939,0.939,
0.966,0.966,0.966,0.966,
0.993,0.993,0.993,0.993,
0.994,0.994,0.994,0.994,
0.995,0.995,0.995,0.995,
1,1,1,1,
0.963,0.963,0.963,0.963,
1,1,1,1,
0.992,0.992,0.992,0.992,
0.968,0.968,0.968,0.968,
0.989,0.989,0.989,0.989,
1,1,1,1,
1,1,1,1,
0.93,0.93,0.93,0.93,
1,1,1,1,
1,1,1,1,
1,1,1,1,
0.973,0.973,0.973,0.973,
1,1,1,1,
0.941,0.941,0.941,0.941,
1,1,1,1,
0.958,0.958,0.958,0.958,
1,1,1,1,
0.941,0.941,0.941,0.941,
0.922,0.922,0.922,0.922,
0.905,0.905,0.905,0.905,
1,1,1,1,
0.99,0.99,0.99,0.99,
0.987,0.987,0.987,0.987,
1,1,1,1,
0.993,0.993,0.993,0.993,
0.948,0.948,0.948,0.948,
0.98,0.98,0.98,0.98,
1,1,1,1,
0.923,0.923,0.923,0.923,
0.982,0.982,0.982,0.982,
0.972,0.972,0.972,0.972,
0.938,0.938,0.938,0.938,
0.935,0.935,0.935,0.935,
1,1,1,1,
0.976,0.976,0.976,0.976,
0.966,0.966,0.966,0.966,
0.99,0.99,0.99,0.99,
0.962,0.962,0.962,0.962,
1,1,1,1,
0.949,0.949,0.949,0.949,
0.899,0.899,0.899,0.899,
0.903,0.903,0.903,0.903,
0.896,0.896,0.896,0.896,
0.989,0.989,0.989,0.989,
0.992,0.992,0.992,0.992,
0.958,0.958,0.958,0.958,
1,1,1,1,
0.972,0.972,0.972,0.972,
0.959,0.959,0.959,0.959,
0.996,0.996,0.996,0.996,
1,1,1,1,
0.947,0.947,0.947,0.947,
0.927,0.927,0.927,0.927,
0.968,0.968,0.968,0.968,
0.942,0.942,0.942,0.942,
1,1,1,1,
1,1,1,1,
1,1,1,1,
0.986,0.986,0.986,0.986,
1,1,1,1,
1,1,1,1,
1,1,1,1,
0.95,0.95,0.95,0.95,
0.966,0.966,0.966,0.966,
0.994,0.994,0.994,0.994,
0.991,0.991,0.991,0.991,
0.993,0.993,0.993,0.993,
1,1,1,1,
0.97,0.97,0.97,0.97,
0.92,0.92,0.92,0.92,
0.935,0.935,0.935,0.935,
1,1,1,1,
1,1,1,1,
0.959,0.959,0.959,0.959,
0.889,0.889,0.889,0.889,
0.92,0.92,0.92,0.92,
1,1,1,1,
0.963,0.963,0.963,0.963,
0.959,0.959,0.959,0.959,
0.981,0.981,0.981,0.981,
0.987,0.987,0.987,0.987,
1,1,1,1,
0.847,0.847,0.847,0.847,
1,1,1,1,
0.927,0.927,0.927,0.927,
1,1,1,1,
0.919,0.919,0.919,0.919,




Further Data analysis of all test cases 
avg med max min 
AVGs,0.971,0.978,1,0.867,
MEDs,0.971,0.978,1,0.867,
MEDs,0.971,0.978,1,0.867,
MEDs,0.971,0.978,1,0.867,


AVGs,0.955,0.962,1,0.796,
MEDs,0.955,0.962,1,0.796,
MEDs,0.955,0.962,1,0.796,
MEDs,0.955,0.962,1,0.796,


AVGs,0.961,0.968,1,0.757,
MEDs,0.961,0.968,1,0.757,
MEDs,0.961,0.968,1,0.757,
MEDs,0.961,0.968,1,0.757,


AVGs,0.957,0.969,1,0.796,
MEDs,0.957,0.969,1,0.796,
MEDs,0.957,0.969,1,0.796,
MEDs,0.957,0.969,1,0.796,


AVGs,0.972,0.986,1,0.847,
MEDs,0.972,0.986,1,0.847,
MEDs,0.972,0.986,1,0.847,
MEDs,0.972,0.986,1,0.847,



