

Data analysis for each instance 
AVG,MED,MAX,MIN
-0.206,-0.225,-0.032,-0.345,
-0.254,-0.251,-0.039,-0.381,
-0.301,-0.327,-0.044,-0.455,
-0.235,-0.247,-0.049,-0.343,
-0.21,-0.224,-0.053,-0.309,
-0.277,-0.296,-0.055,-0.375,
-0.256,-0.281,-0.053,-0.326,
-0.12,-0.122,0.015,-0.228,
-0.261,-0.289,-0.061,-0.395,
-0.198,-0.211,-0.058,-0.298,
-0.283,-0.308,-0.063,-0.384,
-0.279,-0.305,-0.051,-0.386,
-0.257,-0.287,-0.054,-0.354,
-0.21,-0.218,-0.064,-0.301,
-0.275,-0.272,-0.064,-0.408,
-0.267,-0.284,-0.023,-0.408,
-0.29,-0.326,-0.044,-0.386,
-0.242,-0.249,-0.038,-0.364,
-0.236,-0.264,-0.061,-0.279,
-0.28,-0.296,-0.045,-0.437,
-0.256,-0.236,-0.061,-0.38,
-0.285,-0.309,-0.061,-0.38,
-0.269,-0.301,-0.053,-0.346,
-0.352,-0.415,-0.05,-0.43,
-0.242,-0.264,-0.05,-0.339,
-0.237,-0.253,-0.047,-0.314,
-0.285,-0.315,-0.069,-0.369,
-0.313,-0.337,-0.06,-0.412,
-0.258,-0.283,-0.049,-0.382,
-0.262,-0.307,-0.049,-0.358,
-0.29,-0.296,-0.053,-0.4,
-0.288,-0.289,-0.074,-0.393,
-0.154,-0.174,-0.069,-0.205,
-0.2,-0.225,-0.047,-0.287,
-0.319,-0.38,-0.054,-0.396,
-0.29,-0.304,-0.06,-0.427,
-0.268,-0.298,-0.07,-0.309,
-0.2,-0.226,-0.06,-0.305,
-0.181,-0.18,-0.058,-0.284,
-0.246,-0.278,-0.064,-0.319,
-0.114,-0.096,-0.028,-0.267,
-0.298,-0.338,-0.044,-0.387,
-0.251,-0.273,-0.05,-0.326,
-0.318,-0.339,-0.074,-0.416,
-0.187,-0.185,-0.042,-0.301,
-0.287,-0.296,-0.045,-0.398,
-0.214,-0.215,-0.063,-0.345,
-0.319,-0.361,-0.065,-0.406,
-0.325,-0.356,-0.055,-0.439,
-0.23,-0.25,-0.055,-0.348,
-0.265,-0.303,-0.05,-0.38,
-0.216,-0.201,-0.038,-0.393,
-0.199,-0.195,-0.052,-0.33,
-0.273,-0.296,-0.068,-0.352,
-0.156,-0.177,-0.039,-0.212,
-0.167,-0.155,-0.057,-0.329,
-0.298,-0.31,-0.052,-0.43,
-0.199,-0.21,-0.05,-0.297,
-0.124,-0.13,-0.015,-0.188,
-0.267,-0.284,-0.058,-0.355,
-0.143,-0.148,-0.077,-0.197,
-0.267,-0.299,-0.039,-0.332,
-0.319,-0.348,-0.07,-0.43,
-0.297,-0.311,-0.049,-0.403,
-0.243,-0.254,-0.039,-0.313,
-0.227,-0.249,-0.068,-0.28,
-0.24,-0.244,-0.038,-0.369,
-0.212,-0.224,-0.055,-0.29,
-0.182,-0.203,-0.037,-0.327,
-0.248,-0.258,-0.065,-0.313,
-0.192,-0.21,-0.051,-0.277,
-0.217,-0.253,-0.059,-0.274,
-0.196,-0.227,0.004,-0.328,
-0.153,-0.168,-0.054,-0.245,
-0.22,-0.223,-0.057,-0.329,
-0.312,-0.333,-0.056,-0.401,
-0.218,-0.222,-0.039,-0.311,
-0.197,-0.211,-0.047,-0.254,
-0.252,-0.279,-0.053,-0.308,
-0.293,-0.339,-0.031,-0.395,
-0.141,-0.148,-0.037,-0.233,
-0.239,-0.262,-0.057,-0.29,
-0.204,-0.204,-0.045,-0.367,
-0.285,-0.307,-0.046,-0.363,
-0.23,-0.231,-0.051,-0.345,
-0.247,-0.27,-0.06,-0.338,
-0.214,-0.236,-0.049,-0.292,
-0.275,-0.295,-0.065,-0.37,
-0.129,-0.113,-0.036,-0.282,
-0.226,-0.257,-0.012,-0.306,
-0.24,-0.253,-0.053,-0.352,
-0.21,-0.221,-0.056,-0.351,
-0.301,-0.321,-0.067,-0.405,
-0.224,-0.245,-0.031,-0.268,
-0.18,-0.181,-0.021,-0.267,
-0.262,-0.278,-0.047,-0.376,
-0.232,-0.23,-0.053,-0.381,
-0.207,-0.218,-0.046,-0.276,
-0.238,-0.283,-0.059,-0.295,
-0.219,-0.244,-0.049,-0.277,
-0.266,-0.287,-0.067,-0.342,
-0.211,-0.229,-0.051,-0.305,
-0.301,-0.296,-0.05,-0.459,
-0.163,-0.171,-0.075,-0.18,
-0.25,-0.258,-0.042,-0.348,
-0.269,-0.273,-0.06,-0.386,
-0.218,-0.242,-0.047,-0.278,
-0.184,-0.154,-0.069,-0.343,
-0.202,-0.209,-0.066,-0.264,
-0.208,-0.211,-0.059,-0.361,
-0.181,-0.178,-0.063,-0.25,
-0.267,-0.269,-0.048,-0.346,
-0.216,-0.205,-0.067,-0.325,
-0.222,-0.262,-0.048,-0.317,
-0.271,-0.293,-0.044,-0.346,
-0.342,-0.384,-0.073,-0.439,
-0.296,-0.316,-0.065,-0.418,
-0.235,-0.252,-0.06,-0.315,
-0.268,-0.277,-0.058,-0.358,
-0.215,-0.232,-0.057,-0.299,
-0.213,-0.215,-0.037,-0.321,
-0.153,-0.166,-0.019,-0.281,
-0.234,-0.242,-0.042,-0.373,
-0.263,-0.282,-0.047,-0.398,
-0.214,-0.222,-0.057,-0.304,
-0.298,-0.335,-0.042,-0.42,
-0.273,-0.301,-0.064,-0.353,
-0.246,-0.263,-0.045,-0.322,
-0.241,-0.237,-0.066,-0.37,
-0.184,-0.199,-0.055,-0.235,
-0.174,-0.182,-0.06,-0.267,
-0.274,-0.318,-0.051,-0.356,
-0.219,-0.222,-0.06,-0.278,
-0.199,-0.217,-0.063,-0.288,
-0.229,-0.251,-0.05,-0.274,
-0.23,-0.217,-0.05,-0.357,
-0.197,-0.222,-0.044,-0.294,
-0.126,-0.147,-0.042,-0.208,
-0.241,-0.254,-0.021,-0.354,
-0.18,-0.174,-0.056,-0.283,
-0.16,-0.186,-0.04,-0.281,
-0.241,-0.245,-0.077,-0.322,
-0.157,-0.165,-0.031,-0.296,
-0.262,-0.284,-0.051,-0.369,
-0.177,-0.193,-0.078,-0.295,
-0.219,-0.218,-0.043,-0.348,
-0.288,-0.314,-0.051,-0.407,
-0.21,-0.223,-0.063,-0.275,
-0.16,-0.119,-0.04,-0.295,
-0.299,-0.325,-0.059,-0.399,
-0.19,-0.199,-0.058,-0.297,
-0.212,-0.212,-0.05,-0.326,
-0.21,-0.207,-0.067,-0.321,
-0.183,-0.205,-0.052,-0.278,
-0.263,-0.269,-0.057,-0.373,
-0.222,-0.221,-0.047,-0.336,
-0.23,-0.257,-0.055,-0.307,
-0.24,-0.261,-0.051,-0.29,
-0.237,-0.258,-0.025,-0.322,
-0.268,-0.28,-0.048,-0.352,
-0.209,-0.22,-0.035,-0.304,
-0.166,-0.186,-0.042,-0.236,
-0.298,-0.352,-0.046,-0.386,
-0.302,-0.324,-0.049,-0.42,
-0.208,-0.215,-0.057,-0.296,
-0.236,-0.238,-0.043,-0.335,
-0.287,-0.318,-0.054,-0.404,
-0.231,-0.238,-0.05,-0.298,
-0.266,-0.3,-0.041,-0.381,
-0.237,-0.254,-0.055,-0.308,
-0.265,-0.284,-0.061,-0.343,
-0.196,-0.209,-0.048,-0.305,
-0.194,-0.211,-0.068,-0.214,
-0.254,-0.278,-0.046,-0.359,
-0.221,-0.233,-0.062,-0.298,
-0.251,-0.277,-0.034,-0.338,
-0.17,-0.18,-0.036,-0.204,
-0.228,-0.237,-0.052,-0.341,
-0.289,-0.331,-0.061,-0.364,
-0.282,-0.322,-0.069,-0.342,
-0.2,-0.204,-0.058,-0.253,
-0.177,-0.194,-0.05,-0.233,
-0.245,-0.276,-0.09,-0.412,
-0.275,-0.271,-0.072,-0.446,
-0.261,-0.254,-0.054,-0.385,
-0.271,-0.299,-0.063,-0.38,
-0.246,-0.27,-0.052,-0.35,
-0.195,-0.209,-0.062,-0.236,
-0.154,-0.156,-0.06,-0.19,
-0.272,-0.287,-0.036,-0.397,
-0.199,-0.215,-0.039,-0.258,
-0.18,-0.184,-0.04,-0.265,
-0.237,-0.27,-0.056,-0.329,
-0.139,-0.133,-0.054,-0.19,
-0.158,-0.19,-0.06,-0.261,
-0.309,-0.328,-0.051,-0.384,
-0.267,-0.254,-0.067,-0.401,
-0.195,-0.223,-0.05,-0.239,
-0.18,-0.198,-0.045,-0.258,
-0.168,-0.163,-0.047,-0.307,
-0.247,-0.251,-0.034,-0.434,
-0.185,-0.199,-0.04,-0.245,
-0.22,-0.241,-0.037,-0.305,
-0.22,-0.242,-0.025,-0.355,
-0.275,-0.307,-0.052,-0.362,
-0.194,-0.206,-0.062,-0.24,
-0.166,-0.18,-0.047,-0.248,
-0.221,-0.224,-0.043,-0.308,
-0.206,-0.218,-0.055,-0.327,
-0.247,-0.269,-0.065,-0.328,
-0.229,-0.242,-0.06,-0.29,
-0.25,-0.28,-0.057,-0.409,
-0.257,-0.297,-0.074,-0.357,
-0.235,-0.211,-0.038,-0.404,
-0.123,-0.113,-0.05,-0.233,
-0.219,-0.216,-0.042,-0.323,
-0.163,-0.182,-0.063,-0.198,
-0.157,-0.165,-0.047,-0.251,
-0.241,-0.258,-0.034,-0.325,
-0.256,-0.264,-0.07,-0.336,
-0.257,-0.306,-0.068,-0.309,
-0.261,-0.281,-0.062,-0.354,
-0.157,-0.175,-0.048,-0.26,
-0.183,-0.173,-0.062,-0.254,
-0.276,-0.32,-0.065,-0.368,
-0.172,-0.171,-0.052,-0.227,
-0.339,-0.371,-0.044,-0.463,
-0.231,-0.238,-0.07,-0.324,
-0.269,-0.296,-0.059,-0.396,
-0.247,-0.269,-0.059,-0.324,
-0.213,-0.236,-0.06,-0.289,
-0.251,-0.259,-0.056,-0.328,
-0.207,-0.205,-0.049,-0.358,
-0.194,-0.199,-0.06,-0.288,
-0.273,-0.302,-0.067,-0.351,
-0.172,-0.179,-0.073,-0.249,
-0.277,-0.298,-0.065,-0.392,
-0.241,-0.273,-0.071,-0.352,
-0.087,-0.069,-0.018,-0.203,
-0.242,-0.259,-0.054,-0.319,
-0.287,-0.314,-0.055,-0.372,
-0.169,-0.186,-0.04,-0.234,
-0.277,-0.304,-0.056,-0.38,
-0.286,-0.307,-0.051,-0.38,
-0.168,-0.147,-0.061,-0.264,
-0.267,-0.28,-0.051,-0.395,
-0.247,-0.263,-0.07,-0.316,
-0.245,-0.249,-0.059,-0.341,
-0.252,-0.26,-0.061,-0.402,
-0.304,-0.361,-0.061,-0.388,
-0.155,-0.176,-0.045,-0.247,
-0.194,-0.221,-0.049,-0.262,
-0.15,-0.158,-0.049,-0.218,
-0.199,-0.223,-0.047,-0.262,
-0.285,-0.323,-0.04,-0.393,
-0.266,-0.3,-0.041,-0.353,
-0.286,-0.312,-0.037,-0.378,
-0.312,-0.316,-0.063,-0.449,
-0.249,-0.257,-0.054,-0.397,
-0.256,-0.262,-0.057,-0.352,
-0.295,-0.33,-0.032,-0.385,
-0.187,-0.19,-0.055,-0.295,
-0.256,-0.264,-0.062,-0.352,
-0.178,-0.209,-0.044,-0.242,
-0.269,-0.301,-0.061,-0.391,
-0.29,-0.312,-0.045,-0.463,
-0.251,-0.262,-0.061,-0.338,
-0.239,-0.242,-0.038,-0.353,
-0.239,-0.24,-0.006,-0.395,
-0.322,-0.371,-0.054,-0.408,
-0.31,-0.33,-0.043,-0.409,
-0.19,-0.19,-0.065,-0.301,
-0.154,-0.141,-0.043,-0.319,
-0.212,-0.257,-0.043,-0.343,
-0.262,-0.272,-0.058,-0.365,
-0.261,-0.308,-0.043,-0.321,
-0.261,-0.285,-0.057,-0.317,
-0.256,-0.284,-0.047,-0.331,
-0.253,-0.27,-0.047,-0.349,
-0.222,-0.238,-0.046,-0.353,
-0.201,-0.209,-0.033,-0.352,
-0.272,-0.281,-0.044,-0.403,
-0.271,-0.303,-0.039,-0.361,
-0.207,-0.235,-0.062,-0.253,
-0.196,-0.23,-0.066,-0.27,
-0.249,-0.276,-0.047,-0.329,
-0.293,-0.321,-0.064,-0.407,
-0.19,-0.2,-0.043,-0.265,
-0.268,-0.288,-0.046,-0.335,
-0.294,-0.317,-0.065,-0.371,
-0.248,-0.265,-0.046,-0.336,
-0.307,-0.314,-0.055,-0.443,
-0.225,-0.238,-0.063,-0.312,
-0.261,-0.295,-0.067,-0.341,
-0.177,-0.16,-0.046,-0.291,
-0.24,-0.262,-0.067,-0.274,
-0.253,-0.287,-0.05,-0.335,
-0.268,-0.282,-0.061,-0.364,
-0.205,-0.197,-0.056,-0.335,
-0.284,-0.31,-0.071,-0.387,
-0.243,-0.267,-0.036,-0.357,
-0.21,-0.216,-0.067,-0.355,
-0.277,-0.287,-0.047,-0.391,
-0.209,-0.232,-0.087,-0.258,
-0.167,-0.175,-0.068,-0.194,
-0.248,-0.272,-0.054,-0.355,
-0.241,-0.265,-0.061,-0.279,
-0.238,-0.248,-0.063,-0.309,
-0.242,-0.265,-0.038,-0.338,
-0.208,-0.188,-0.059,-0.377,
-0.296,-0.327,-0.053,-0.357,
-0.224,-0.248,-0.05,-0.271,
-0.303,-0.338,-0.053,-0.382,
-0.185,-0.164,-0.066,-0.327,
-0.186,-0.192,-0.06,-0.277,
-0.278,-0.307,-0.061,-0.375,
-0.264,-0.256,-0.042,-0.395,
-0.24,-0.245,-0.042,-0.346,
-0.147,-0.157,-0.071,-0.196,
-0.08,-0.072,0.017,-0.172,
-0.283,-0.315,-0.047,-0.333,
-0.161,-0.171,-0.064,-0.222,
-0.226,-0.256,-0.054,-0.273,
-0.281,-0.319,-0.048,-0.353,
-0.27,-0.309,-0.037,-0.347,
-0.199,-0.205,-0.053,-0.293,
-0.219,-0.229,-0.054,-0.358,
-0.22,-0.212,-0.086,-0.311,
-0.299,-0.333,-0.056,-0.446,
-0.277,-0.308,-0.052,-0.377,
-0.163,-0.154,-0.066,-0.214,
-0.255,-0.277,-0.052,-0.393,
-0.239,-0.251,-0.059,-0.356,
-0.291,-0.321,-0.058,-0.352,
-0.258,-0.274,-0.065,-0.334,
-0.215,-0.222,-0.065,-0.273,
-0.188,-0.199,-0.031,-0.272,
-0.264,-0.273,-0.049,-0.38,
-0.232,-0.226,-0.074,-0.354,
-0.207,-0.214,-0.052,-0.299,
-0.094,-0.027,0.093,-0.312,
-0.227,-0.254,-0.04,-0.292,
-0.213,-0.206,-0.057,-0.359,
-0.263,-0.275,-0.056,-0.403,
-0.31,-0.362,-0.08,-0.41,
-0.267,-0.287,-0.042,-0.35,
-0.208,-0.222,-0.043,-0.255,
-0.221,-0.246,-0.062,-0.303,
-0.262,-0.266,-0.043,-0.383,
-0.271,-0.287,-0.066,-0.381,
-0.255,-0.26,-0.044,-0.383,
-0.178,-0.166,-0.056,-0.271,
-0.222,-0.223,-0.048,-0.326,
-0.244,-0.264,-0.055,-0.318,
-0.296,-0.337,-0.034,-0.368,
-0.163,-0.169,-0.057,-0.213,
-0.284,-0.308,-0.052,-0.426,
-0.212,-0.223,-0.054,-0.26,
-0.278,-0.325,-0.062,-0.363,
-0.273,-0.289,-0.058,-0.39,
-0.228,-0.244,-0.072,-0.319,
-0.249,-0.264,-0.034,-0.367,
-0.135,-0.157,-0.012,-0.247,
-0.2,-0.21,0.043,-0.371,
-0.202,-0.217,-0.037,-0.278,
-0.205,-0.202,-0.06,-0.258,
-0.261,-0.282,-0.062,-0.387,
-0.197,-0.191,-0.059,-0.295,
-0.186,-0.196,-0.068,-0.259,
-0.271,-0.288,-0.056,-0.379,
-0.174,-0.183,-0.046,-0.298,
-0.224,-0.228,-0.037,-0.33,
-0.25,-0.266,-0.062,-0.325,
-0.18,-0.183,-0.076,-0.23,
-0.218,-0.255,-0.019,-0.274,
-0.223,-0.239,-0.04,-0.368,
-0.211,-0.219,-0.072,-0.284,
-0.266,-0.305,-0.065,-0.355,
-0.166,-0.179,-0.01,-0.336,
-0.184,-0.197,-0.041,-0.253,
-0.221,-0.245,-0.039,-0.282,
-0.197,-0.221,-0.048,-0.225,
-0.194,-0.193,-0.056,-0.3,
-0.303,-0.333,-0.051,-0.406,
-0.26,-0.288,-0.06,-0.364,
-0.166,-0.159,-0.058,-0.261,
-0.213,-0.212,-0.048,-0.289,
-0.187,-0.195,-0.041,-0.291,
-0.231,-0.245,-0.032,-0.34,
-0.221,-0.237,-0.068,-0.302,
-0.217,-0.233,-0.06,-0.303,
-0.166,-0.171,-0.049,-0.248,
-0.182,-0.16,-0.051,-0.371,
-0.147,-0.149,-0.049,-0.228,
-0.168,-0.173,-0.031,-0.233,
-0.115,-0.141,0.082,-0.232,
-0.286,-0.3,-0.066,-0.371,
-0.2,-0.209,-0.055,-0.26,
-0.235,-0.259,-0.061,-0.289,
-0.244,-0.254,-0.044,-0.33,
-0.21,-0.207,-0.049,-0.299,
-0.259,-0.274,-0.069,-0.363,
-0.322,-0.352,-0.06,-0.422,
-0.208,-0.225,-0.07,-0.273,
-0.205,-0.225,-0.086,-0.334,
-0.149,-0.156,0.007,-0.274,
-0.255,-0.263,-0.044,-0.398,
-0.205,-0.212,-0.073,-0.257,
-0.177,-0.145,-0.046,-0.309,
-0.153,-0.152,-0.066,-0.257,
-0.235,-0.249,-0.062,-0.365,
-0.236,-0.28,-0.065,-0.285,
-0.256,-0.264,-0.068,-0.361,
-0.216,-0.227,-0.039,-0.303,
-0.186,-0.2,-0.034,-0.332,
-0.245,-0.274,-0.058,-0.377,
-0.252,-0.264,-0.053,-0.381,
-0.217,-0.24,-0.044,-0.293,
-0.22,-0.198,-0.048,-0.384,
-0.28,-0.296,-0.031,-0.397,
-0.26,-0.256,-0.053,-0.388,
-0.26,-0.277,-0.051,-0.339,
-0.282,-0.3,-0.053,-0.348,
-0.272,-0.289,-0.043,-0.388,
-0.252,-0.281,-0.033,-0.318,
-0.25,-0.267,-0.053,-0.349,
-0.119,-0.113,0.041,-0.304,
-0.211,-0.217,-0.058,-0.299,
-0.289,-0.316,-0.038,-0.411,
-0.265,-0.3,-0.066,-0.32,
-0.243,-0.256,-0.036,-0.334,
-0.28,-0.311,-0.056,-0.347,
-0.243,-0.29,-0.057,-0.375,
-0.218,-0.234,-0.05,-0.299,
-0.207,-0.22,-0.056,-0.389,
-0.159,-0.168,-0.055,-0.234,
-0.223,-0.238,-0.057,-0.359,
-0.24,-0.254,-0.059,-0.312,
-0.189,-0.201,-0.058,-0.235,
-0.214,-0.215,-0.049,-0.347,
-0.266,-0.288,-0.055,-0.392,
-0.299,-0.354,-0.069,-0.371,
-0.27,-0.276,-0.042,-0.376,
-0.255,-0.254,-0.042,-0.369,
-0.226,-0.244,-0.048,-0.323,
-0.26,-0.266,-0.051,-0.332,
-0.272,-0.303,-0.037,-0.346,
-0.315,-0.364,-0.047,-0.441,
-0.263,-0.286,-0.036,-0.364,
-0.217,-0.231,-0.043,-0.281,
-0.272,-0.321,-0.057,-0.325,
-0.219,-0.225,-0.043,-0.33,
-0.274,-0.311,-0.073,-0.354,
-0.244,-0.271,-0.041,-0.32,
-0.355,-0.421,-0.057,-0.423,
-0.191,-0.221,-0.045,-0.232,
-0.195,-0.179,-0.061,-0.36,
-0.281,-0.268,-0.069,-0.429,
-0.133,-0.154,0.028,-0.21,
-0.208,-0.214,-0.042,-0.297,
-0.165,-0.164,-0.052,-0.26,
-0.272,-0.296,-0.07,-0.367,
-0.239,-0.254,-0.053,-0.344,
-0.173,-0.192,-0.032,-0.264,
-0.22,-0.208,-0.037,-0.35,
-0.249,-0.272,-0.038,-0.352,
-0.237,-0.229,-0.039,-0.333,
-0.217,-0.23,-0.054,-0.282,
-0.287,-0.3,-0.064,-0.441,
-0.213,-0.248,-0.035,-0.265,
-0.256,-0.305,-0.035,-0.343,
-0.255,-0.27,-0.066,-0.347,
-0.244,-0.289,-0.057,-0.306,
-0.228,-0.254,-0.063,-0.303,
-0.29,-0.315,-0.073,-0.38,
-0.209,-0.217,-0.042,-0.293,
-0.271,-0.29,-0.064,-0.388,
-0.234,-0.253,-0.04,-0.352,
-0.218,-0.251,-0.059,-0.275,
-0.219,-0.237,-0.058,-0.257,
-0.243,-0.248,-0.035,-0.366,
-0.272,-0.296,-0.059,-0.385,
-0.229,-0.259,-0.048,-0.268,
-0.211,-0.216,-0.055,-0.268,
-0.279,-0.287,-0.043,-0.386,
-0.219,-0.241,-0.056,-0.303,
-0.255,-0.257,-0.065,-0.349,
-0.262,-0.264,-0.07,-0.338,
-0.219,-0.229,-0.052,-0.313,
-0.305,-0.334,-0.046,-0.386,
-0.344,-0.387,-0.037,-0.459,
-0.22,-0.234,-0.052,-0.281,
-0.221,-0.259,-0.041,-0.298,
-0.197,-0.212,-0.051,-0.275,
-0.205,-0.211,-0.052,-0.301,
-0.287,-0.291,-0.036,-0.402,
-0.219,-0.236,-0.065,-0.265,
-0.097,-0.07,-0.023,-0.241,
-0.276,-0.292,-0.058,-0.374,
-0.278,-0.279,-0.044,-0.389,
-0.169,-0.149,-0.063,-0.314,
-0.258,-0.302,-0.072,-0.338,
-0.263,-0.296,-0.045,-0.352,
-0.355,-0.384,-0.061,-0.434,
-0.193,-0.222,-0.023,-0.291,
-0.246,-0.243,-0.058,-0.366,
-0.287,-0.319,-0.042,-0.42,
-0.231,-0.255,-0.051,-0.32,
-0.204,-0.23,-0.063,-0.238,
-0.265,-0.283,-0.038,-0.36,
-0.199,-0.169,-0.056,-0.349,
-0.18,-0.17,-0.045,-0.282,
-0.188,-0.202,-0.064,-0.3,
-0.219,-0.233,-0.076,-0.307,
-0.247,-0.255,-0.061,-0.351,
-0.314,-0.342,-0.073,-0.434,
-0.235,-0.271,-0.067,-0.309,
-0.275,-0.302,-0.058,-0.342,
-0.068,-0.055,0.055,-0.192,
-0.322,-0.362,-0.067,-0.421,
-0.247,-0.246,-0.043,-0.335,
-0.288,-0.301,-0.021,-0.447,
-0.187,-0.197,-0.045,-0.254,
-0.284,-0.311,-0.052,-0.369,
-0.265,-0.304,-0.056,-0.367,
-0.303,-0.361,-0.058,-0.385,
-0.172,-0.164,-0.053,-0.277,
-0.277,-0.295,-0.066,-0.393,
-0.246,-0.254,-0.047,-0.352,
-0.196,-0.198,-0.051,-0.27,
-0.33,-0.38,-0.062,-0.427,
-0.282,-0.312,-0.023,-0.414,
-0.212,-0.225,-0.069,-0.278,
-0.253,-0.28,-0.067,-0.312,
-0.192,-0.212,-0.054,-0.307,
-0.256,-0.284,-0.05,-0.302,
-0.114,-0.121,-0.019,-0.215,
-0.059,-0.03,-0.015,-0.236,
-0.117,-0.114,-0.078,-0.154,
-0.15,-0.16,-0.043,-0.249,
-0.172,-0.192,-0.056,-0.243,
-0.159,-0.153,-0.043,-0.25,
-0.09,-0.062,-0.05,-0.204,
-0.09,-0.068,-0.049,-0.184,
-0.12,-0.103,-0.002,-0.294,
-0.087,-0.079,-0.046,-0.199,
-0.227,-0.263,-0.04,-0.4,
-0.075,-0.065,-0.05,-0.142,
-0.268,-0.318,-0.034,-0.327,
-0.092,-0.083,0.073,-0.211,
-0.126,-0.111,-0.059,-0.221,
-0.168,-0.178,-0.056,-0.25,
-0.187,-0.193,-0.051,-0.331,
-0.16,-0.171,-0.067,-0.194,
-0.105,-0.088,-0.047,-0.191,
-0.143,-0.167,-0.035,-0.22,
-0.191,-0.192,-0.06,-0.307,
-0.074,-0.081,0.05,-0.17,
-0.166,-0.175,-0.03,-0.247,
-0.152,-0.145,-0.054,-0.285,
-0.183,-0.182,-0.062,-0.337,
-0.17,-0.195,-0.046,-0.335,
-0.148,-0.129,-0.06,-0.269,
-0.076,-0.073,-0.045,-0.104,
-0.049,-0.047,-0.035,-0.07,
-0.139,-0.143,-0.022,-0.231,
-0.182,-0.163,-0.056,-0.352,
-0.158,-0.166,-0.009,-0.28,
-0.098,-0.098,0.01,-0.204,
-0.111,-0.088,-0.073,-0.213,
-0.118,-0.104,-0.061,-0.24,
-0.132,-0.119,-0.062,-0.201,
-0.104,-0.098,-0.065,-0.168,
-0.089,-0.077,0.055,-0.218,
-0.169,-0.172,-0.074,-0.23,
-0.065,-0.05,-0.035,-0.152,
-0.143,-0.107,-0.057,-0.287,
-0.103,-0.114,0.052,-0.259,
-0.024,-0.025,0.091,-0.212,
-0.108,-0.115,0.007,-0.184,
-0.088,-0.083,0.081,-0.294,
-0.117,-0.116,-0.042,-0.176,
-0.166,-0.165,-0.034,-0.291,
-0.138,-0.129,-0.037,-0.309,
-0.165,-0.173,-0.02,-0.276,
-0.243,-0.259,-0.071,-0.32,
-0.111,-0.115,0.02,-0.255,
-0.159,-0.101,-0.048,-0.368,
-0.072,-0.059,-0.029,-0.123,
-0.103,-0.086,-0.02,-0.23,
-0.176,-0.198,-0.052,-0.24,
-0.07,-0.047,-0.035,-0.182,
-0.128,-0.101,0.039,-0.285,
-0.131,-0.11,-0.062,-0.25,
-0.156,-0.147,-0.066,-0.237,
-0.075,-0.084,0.054,-0.198,
-0.149,-0.146,-0.052,-0.216,
-0.034,-0.022,0.055,-0.193,
-0.224,-0.231,-0.035,-0.406,
-0.005,0.011,0.016,-0.095,
-0.105,-0.099,-0.033,-0.233,
-0.105,-0.089,-0.027,-0.225,
-0.136,-0.139,-0.06,-0.204,
-0.025,-0.01,0.057,-0.173,
-0.143,-0.16,0.068,-0.276,
-0.16,-0.202,-0.039,-0.23,
-0.095,-0.083,0.031,-0.238,
-0.13,-0.133,-0.033,-0.233,
-0.167,-0.183,-0.045,-0.299,
-0.126,-0.108,-0.064,-0.232,
-0.152,-0.106,-0.048,-0.342,
-0.062,-0.064,-0.04,-0.078,
-0.132,-0.113,-0.036,-0.24,
-0.067,-0.065,-0.019,-0.168,
-0.178,-0.211,-0.029,-0.308,
-0.165,-0.173,-0.063,-0.197,
-0.143,-0.139,-0.056,-0.263,
-0.081,-0.068,-0.057,-0.157,
-0.099,-0.084,-0.055,-0.211,
-0.12,-0.131,-0.044,-0.188,
-0.105,-0.091,-0.051,-0.187,
-0.109,-0.106,-0.016,-0.2,
-0.072,-0.033,-0.019,-0.249,
-0.209,-0.21,-0.031,-0.377,
-0.188,-0.137,-0.061,-0.343,
-0.087,-0.048,0.033,-0.262,
-0.151,-0.134,-0.072,-0.258,
-0.199,-0.209,-0.055,-0.277,
-0.169,-0.184,-0.05,-0.205,
-0.075,-0.075,-0.067,-0.08,
-0.151,-0.161,-0.034,-0.323,
-0.093,-0.081,-0.038,-0.203,
-0.098,-0.075,-0.04,-0.235,
-0.114,-0.108,-0.065,-0.177,
-0.107,-0.052,-0.033,-0.269,
-0.177,-0.201,-0.057,-0.254,
-0.022,-0.02,0.058,-0.164,
-0.172,-0.167,-0.034,-0.276,
-0.06,-0.051,0.01,-0.217,
-0.02,0.012,0.019,-0.15,
-0.115,-0.082,0.036,-0.339,
-0.046,-0.018,0.015,-0.179,
-0.113,-0.091,-0.051,-0.211,
-0.157,-0.114,-0.058,-0.32,
-0.063,-0.052,0.092,-0.24,
-0.121,-0.089,-0.054,-0.303,
-0.078,-0.086,0.016,-0.157,
-0.083,-0.068,-0.046,-0.178,
-0.251,-0.265,-0.069,-0.317,
-0.167,-0.165,-0.059,-0.312,
-0.108,-0.072,0.099,-0.298,
-0.067,-0.027,-0.023,-0.253,
-0.132,-0.143,-0.049,-0.2,
-0.185,-0.203,-0.062,-0.204,
-0.081,-0.051,0.035,-0.265,
-0.082,-0.054,0.015,-0.233,
-0.132,-0.147,0.09,-0.253,
-0.206,-0.18,-0.059,-0.294,
-0.131,-0.109,-0.052,-0.232,
-0.124,-0.119,-0.039,-0.302,
-0.068,-0.055,-0.043,-0.164,
-0.102,-0.081,0.045,-0.257,
-0.113,-0.127,0.025,-0.199,
-0.156,-0.162,-0.039,-0.268,
-0.115,-0.091,-0.063,-0.21,
-0.132,-0.105,-0.048,-0.272,
-0.141,-0.113,-0.044,-0.294,
-0.059,-0.029,0.084,-0.276,
-0.154,-0.111,-0.063,-0.378,
-0.217,-0.208,-0.047,-0.417,
-0.07,-0.051,-0.034,-0.167,
-0.15,-0.142,-0.061,-0.245,
-0.121,-0.134,-0.031,-0.174,
-0.112,-0.104,-0.044,-0.185,
-0.082,-0.039,-0.031,-0.267,
-0.08,-0.078,-0.05,-0.106,
-0.1,-0.102,0.067,-0.274,
-0.099,-0.125,0.11,-0.287,
-0.066,-0.079,0.115,-0.237,
-0.176,-0.186,0.009,-0.368,
-0.144,-0.163,-0.043,-0.205,
-0.206,-0.237,-0.02,-0.311,
-0.166,-0.174,-0.062,-0.282,
-0.114,-0.068,-0.058,-0.258,
-0.187,-0.176,-0.046,-0.314,
-0.178,-0.186,-0.057,-0.276,
-0.074,-0.065,-0.061,-0.152,
-0.092,-0.084,-0.046,-0.164,
-0.267,-0.324,-0.048,-0.334,
-0.063,-0.057,-0.007,-0.195,
-0.169,-0.192,-0.054,-0.212,
-0.056,-0.04,-0.034,-0.203,
-0.166,-0.165,-0.037,-0.303,
-0.113,-0.104,-0.038,-0.256,
-0.099,-0.079,-0.036,-0.227,
-0.171,-0.175,0.007,-0.307,
-0.077,-0.078,-0.007,-0.124,
-0.102,-0.096,0.025,-0.213,
-0.163,-0.18,-0.045,-0.258,
-0.183,-0.206,-0.048,-0.227,
-0.096,-0.081,-0.053,-0.182,
-0.105,-0.105,0.071,-0.253,
-0.121,-0.075,-0.057,-0.243,
-0.077,-0.073,-0.032,-0.116,
-0.072,-0.042,-0.037,-0.206,
-0.144,-0.138,0.008,-0.299,
-0.11,-0.115,0.007,-0.22,
-0.202,-0.208,-0.052,-0.33,
-0.095,-0.071,0.017,-0.277,
-0.185,-0.195,-0.064,-0.232,
-0.136,-0.139,-0.045,-0.236,
-0.112,-0.071,-0.049,-0.259,
-0.065,-0.083,0.132,-0.179,
-0.149,-0.132,-0.047,-0.335,
-0.142,-0.127,-0.025,-0.326,
-0.036,-0.009,-0.005,-0.185,
-0.096,-0.062,-0.053,-0.245,
-0.216,-0.247,-0.071,-0.326,
-0.171,-0.17,-0.051,-0.298,
-0.168,-0.198,-0.068,-0.25,
-0.207,-0.212,-0.065,-0.31,
-0.176,-0.159,-0.07,-0.308,
-0.146,-0.142,0.012,-0.29,
-0.102,-0.094,-0.03,-0.177,
-0.132,-0.103,-0.057,-0.268,
-0.133,-0.131,-0.058,-0.246,
-0.161,-0.163,-0.062,-0.198,
-0.171,-0.153,-0.05,-0.291,
-0.133,-0.167,0.007,-0.32,
-0.124,-0.15,-0.02,-0.202,
-0.104,-0.085,-0.071,-0.209,
-0.216,-0.207,-0.039,-0.396,
-0.164,-0.118,-0.068,-0.316,
-0.147,-0.137,-0.037,-0.309,
-0.099,-0.098,-0.002,-0.211,
-0.08,-0.054,0.007,-0.256,
-0.067,-0.057,-0.029,-0.188,
-0.137,-0.089,-0.07,-0.236,
-0.121,-0.12,-0.027,-0.228,
-0.173,-0.193,0.028,-0.275,
-0.109,-0.07,-0.043,-0.301,
-0.083,-0.065,-0.04,-0.167,
-0.153,-0.143,-0.067,-0.242,
-0.175,-0.189,-0.061,-0.262,
-0.123,-0.122,0.033,-0.289,
-0.206,-0.2,-0.071,-0.34,
-0.145,-0.15,-0.054,-0.231,
-0.142,-0.142,-0.046,-0.274,
-0.176,-0.169,-0.074,-0.284,
-0.026,-0.02,0.054,-0.124,
-0.036,-0.026,-0.021,-0.103,
-0.133,-0.113,0.011,-0.279,
-0.111,-0.123,-0.041,-0.19,
-0.184,-0.2,-0.011,-0.319,
-0.102,-0.055,-0.034,-0.272,
-0.078,-0.072,-0.012,-0.222,
-0.107,-0.086,-0.033,-0.239,
-0.084,-0.082,-0.061,-0.11,
-0.155,-0.173,-0.02,-0.28,
-0.128,-0.13,0.022,-0.257,
-0.027,-0.054,0.125,-0.153,
-0.067,-0.056,0.052,-0.239,
-0.168,-0.167,-0.024,-0.344,
-0.178,-0.174,-0.054,-0.285,
-0.095,-0.089,-0.052,-0.15,
-0.233,-0.257,-0.069,-0.305,
-0.121,-0.071,-0.043,-0.276,
-0.162,-0.175,-0.058,-0.205,
-0.13,-0.105,0.009,-0.284,
-0.133,-0.134,-0.053,-0.195,
-0.172,-0.16,-0.063,-0.271,
-0.103,-0.11,-0.005,-0.198,
-0.156,-0.168,-0.034,-0.257,
-0.146,-0.162,-0.061,-0.167,
-0.08,-0.065,-0.059,-0.161,
-0.098,-0.075,-0.039,-0.281,
-0.058,-0.051,0.015,-0.167,
-0.143,-0.113,-0.067,-0.259,
-0.149,-0.16,-0.049,-0.171,
-0.096,-0.066,-0.026,-0.26,
-0.307,-0.375,-0.07,-0.407,
-0.157,-0.16,-0.054,-0.253,
-0.183,-0.186,-0.053,-0.247,
-0.101,-0.097,-0.045,-0.131,
-0.158,-0.173,-0.044,-0.275,
-0.214,-0.216,-0.056,-0.317,
-0.164,-0.151,-0.055,-0.398,
-0.048,-0.026,-0.026,-0.179,
-0.088,-0.056,-0.054,-0.253,
-0.155,-0.15,-0.04,-0.336,
-0.113,-0.132,0.032,-0.186,
-0.098,-0.099,-0.055,-0.148,
-0.098,-0.07,-0.058,-0.232,
-0.114,-0.107,-0.07,-0.181,
-0.103,-0.069,-0.05,-0.258,
-0.092,-0.057,-0.041,-0.195,
-0.194,-0.196,-0.042,-0.338,
-0.115,-0.079,-0.06,-0.251,
-0.159,-0.172,-0.01,-0.223,
-0.169,-0.176,-0.053,-0.333,
-0.09,-0.068,-0.047,-0.168,
-0.083,-0.082,-0.053,-0.11,
-0.108,-0.094,-0.057,-0.203,
-0.125,-0.124,-0.053,-0.216,
-0.158,-0.166,-0.059,-0.277,
-0.103,-0.056,-0.035,-0.237,
-0.089,-0.079,-0.045,-0.183,
-0.099,-0.061,-0.06,-0.239,
-0.176,-0.181,-0.054,-0.291,
-0.115,-0.067,-0.06,-0.298,
-0.107,-0.084,-0.046,-0.207,
-0.181,-0.215,-0.058,-0.277,
-0.135,-0.108,-0.048,-0.243,
-0.095,-0.061,-0.034,-0.262,
-0.078,-0.069,-0.044,-0.185,
-0.198,-0.206,-0.043,-0.259,
-0.096,-0.055,-0.004,-0.238,
-0.044,-0.035,-0.024,-0.135,
-0.111,-0.082,-0.036,-0.239,
-0.184,-0.171,-0.062,-0.263,
-0.111,-0.07,-0.058,-0.254,
-0.169,-0.172,-0.047,-0.282,
-0.11,-0.087,-0.064,-0.229,
-0.106,-0.115,-0.05,-0.149,
-0.13,-0.103,-0.069,-0.226,
-0.064,-0.039,-0.035,-0.164,
-0.275,-0.323,-0.062,-0.35,
-0.07,-0.065,0.052,-0.166,
-0.117,-0.141,-0.038,-0.215,
-0.102,-0.096,-0.071,-0.193,
-0.099,-0.091,-0.063,-0.212,
-0.269,-0.301,-0.063,-0.412,
-0.144,-0.153,-0.016,-0.196,
-0.107,-0.08,-0.029,-0.266,
-0.136,-0.112,-0.06,-0.255,
-0.126,-0.124,-0.059,-0.221,
-0.144,-0.168,0,-0.279,
-0.111,-0.122,-0.062,-0.156,
-0.176,-0.186,-0.044,-0.239,
-0.111,-0.094,-0.066,-0.232,
-0.131,-0.154,-0.059,-0.19,
-0.183,-0.207,-0.022,-0.279,
-0.112,-0.077,-0.037,-0.319,
-0.102,-0.091,-0.048,-0.224,
-0.164,-0.125,-0.056,-0.348,
-0.142,-0.157,-0.04,-0.2,
-0.154,-0.118,-0.054,-0.301,
-0.227,-0.25,-0.068,-0.27,
-0.127,-0.117,-0.056,-0.249,
-0.084,-0.074,0.015,-0.165,
-0.093,-0.073,0.027,-0.212,
-0.109,-0.083,-0.029,-0.253,
-0.111,-0.097,-0.052,-0.201,
-0.072,-0.054,-0.038,-0.201,
-0.133,-0.135,-0.034,-0.239,
-0.153,-0.137,-0.047,-0.318,
-0.237,-0.25,-0.058,-0.323,
-0.147,-0.155,-0.054,-0.262,
-0.071,-0.069,-0.059,-0.095,
-0.129,-0.12,-0.02,-0.278,
-0.099,-0.086,-0.046,-0.209,
-0.133,-0.141,0.047,-0.236,
-0.091,-0.064,-0.012,-0.202,
-0.079,-0.026,-0.022,-0.262,
-0.238,-0.254,-0.048,-0.308,
-0.091,-0.098,0.027,-0.203,
-0.1,-0.115,0.054,-0.215,
-0.115,-0.103,-0.055,-0.203,
-0.17,-0.168,-0.073,-0.298,
-0.135,-0.089,-0.054,-0.247,
-0.097,-0.065,-0.052,-0.291,
-0.099,-0.084,-0.077,-0.198,
-0.145,-0.113,-0.05,-0.369,
-0.153,-0.134,-0.049,-0.278,
-0.114,-0.121,0.03,-0.276,
-0.121,-0.095,-0.063,-0.27,
-0.086,-0.079,-0.057,-0.152,
-0.097,-0.088,-0.018,-0.163,
-0.127,-0.129,-0.041,-0.244,
-0.241,-0.235,-0.043,-0.314,
-0.157,-0.139,-0.072,-0.244,
-0.059,-0.04,-0.038,-0.14,
-0.168,-0.151,-0.051,-0.376,
-0.108,-0.104,-0.041,-0.191,
-0.097,-0.067,0.074,-0.311,
-0.243,-0.257,-0.066,-0.375,
-0.104,-0.079,0.077,-0.202,
-0.16,-0.146,-0.028,-0.318,
-0.214,-0.223,-0.063,-0.333,
-0.148,-0.139,0,-0.26,
-0.084,-0.063,0.015,-0.22,
-0.108,-0.099,0.015,-0.246,
-0.165,-0.161,-0.061,-0.232,
-0.182,-0.127,-0.051,-0.374,
-0.094,-0.061,-0.051,-0.248,
-0.03,-0.041,0.052,-0.155,
-0.033,-0.041,0.069,-0.115,
-0.067,-0.051,-0.049,-0.2,
-0.096,-0.071,-0.04,-0.262,
-0.122,-0.144,0.129,-0.28,
-0.173,-0.167,-0.046,-0.26,
-0.148,-0.131,-0.014,-0.331,
-0.25,-0.292,-0.04,-0.339,
-0.095,-0.097,-0.049,-0.12,
-0.187,-0.186,-0.057,-0.324,
-0.085,-0.069,-0.062,-0.176,
-0.113,-0.083,-0.023,-0.308,
-0.174,-0.195,-0.048,-0.257,
-0.163,-0.176,-0.025,-0.335,
-0.163,-0.131,-0.069,-0.346,
-0.116,-0.104,-0.067,-0.219,
-0.095,-0.069,0.03,-0.22,
-0.142,-0.141,-0.049,-0.253,
-0.123,-0.081,-0.06,-0.303,
-0.09,-0.063,-0.059,-0.261,
-0.051,-0.042,-0.04,-0.114,
-0.129,-0.133,-0.054,-0.227,
-0.12,-0.11,-0.038,-0.188,
-0.053,-0.029,-0.025,-0.14,
-0.057,-0.015,-0.012,-0.232,
-0.244,-0.262,-0.058,-0.361,
-0.172,-0.202,-0.038,-0.311,
-0.235,-0.262,-0.057,-0.335,
-0.311,-0.36,-0.049,-0.409,
-0.224,-0.25,-0.082,-0.338,
-0.235,-0.247,-0.062,-0.307,
-0.24,-0.264,-0.062,-0.319,
-0.189,-0.215,-0.043,-0.247,
-0.219,-0.248,-0.052,-0.304,
-0.347,-0.414,-0.037,-0.442,
-0.253,-0.263,-0.051,-0.355,
-0.248,-0.264,-0.07,-0.352,
-0.251,-0.251,-0.075,-0.407,
-0.208,-0.242,-0.039,-0.248,
-0.279,-0.321,-0.041,-0.363,
-0.265,-0.268,-0.029,-0.435,
-0.193,-0.191,-0.043,-0.288,
-0.283,-0.303,-0.037,-0.396,
-0.289,-0.316,-0.032,-0.393,
-0.178,-0.194,-0.029,-0.288,
-0.196,-0.207,-0.065,-0.255,
-0.141,-0.15,-0.056,-0.153,
-0.35,-0.393,-0.061,-0.428,
-0.244,-0.262,-0.06,-0.322,
-0.204,-0.217,-0.062,-0.268,
-0.126,-0.13,-0.068,-0.205,
-0.236,-0.263,-0.063,-0.292,
-0.249,-0.264,-0.044,-0.348,
-0.259,-0.273,-0.044,-0.37,
-0.213,-0.228,-0.035,-0.273,
-0.229,-0.242,-0.039,-0.337,
-0.253,-0.285,-0.041,-0.359,
-0.13,-0.076,-0.04,-0.274,
-0.097,-0.084,-0.04,-0.181,
-0.281,-0.31,-0.039,-0.394,
-0.159,-0.209,-0.051,-0.244,
-0.083,-0.069,-0.064,-0.163,
-0.234,-0.243,-0.052,-0.306,
-0.111,-0.127,0.074,-0.326,
-0.126,-0.097,-0.048,-0.233,
-0.18,-0.185,-0.044,-0.318,
-0.167,-0.172,-0.034,-0.293,
-0.157,-0.165,-0.048,-0.263,
-0.138,-0.148,-0.057,-0.207,
-0.094,-0.08,-0.005,-0.232,
-0.084,-0.075,-0.056,-0.169,
-0.039,-0.029,0.02,-0.151,
-0.159,-0.18,0.014,-0.3,
-0.166,-0.162,-0.054,-0.298,
-0.207,-0.215,-0.059,-0.264,
-0.214,-0.206,-0.06,-0.368,
-0.196,-0.21,-0.053,-0.286,
-0.254,-0.27,-0.049,-0.316,
-0.276,-0.321,-0.074,-0.355,
-0.186,-0.192,-0.042,-0.279,
-0.12,-0.125,0.017,-0.238,
-0.298,-0.334,-0.05,-0.395,
-0.215,-0.229,-0.075,-0.294,
-0.257,-0.282,-0.043,-0.323,
-0.247,-0.255,-0.051,-0.326,
-0.24,-0.23,-0.051,-0.344,
-0.232,-0.252,-0.043,-0.413,
-0.297,-0.328,-0.066,-0.416,
-0.27,-0.328,-0.048,-0.384,
-0.166,-0.178,0.012,-0.291,
-0.126,-0.1,-0.056,-0.237,
-0.11,-0.106,0.114,-0.292,
-0.115,-0.112,-0.014,-0.247,
-0.112,-0.12,0.075,-0.217,
-0.12,-0.111,0.055,-0.275,
-0.09,-0.084,-0.063,-0.138,
-0.183,-0.199,-0.046,-0.28,
-0.127,-0.128,-0.048,-0.22,
-0.087,-0.068,-0.032,-0.243,
-0.089,-0.077,-0.056,-0.16,
0.008,0.077,0.096,-0.208,
-0.178,-0.179,-0.047,-0.252,
-0.151,-0.163,-0.033,-0.274,
-0.158,-0.172,-0.053,-0.235,
-0.061,-0.061,-0.055,-0.068,


-0.049,-0.042,0.094,-0.151,
0.279,0.316,0.433,0.045,
0.218,0.242,0.406,-0.001,
0.068,0.066,0.299,-0.076,
-0.04,-0.038,0.099,-0.203,
0.046,0.05,0.101,0,
0.129,0.154,0.219,0.008,
0.081,0.075,0.181,-0.008,
0.081,0.089,0.205,-0.042,
0.002,0,0.029,-0.011,
0.229,0.273,0.425,-0.029,
0.142,0.139,0.277,0.018,
0.163,0.17,0.312,0.032,
-0.033,0,0.039,-0.164,
0.155,0.162,0.383,0.017,
0.202,0.175,0.412,-0.017,
0.026,0.009,0.163,-0.111,
0.046,0.06,0.212,-0.057,
0,0,0,0,
0.265,0.259,0.426,0.1,
0.16,0.154,0.3,-0.008,
0.109,0.127,0.229,-0.046,
0.085,0.083,0.229,-0.043,
0,0,0,0,
0.172,0.217,0.329,-0.006,
0.172,0.187,0.295,-0.01,
0.038,0.067,0.093,-0.051,
0.091,0.02,0.339,-0.025,
0.218,0.228,0.326,-0.01,
0.02,0.036,0.079,-0.059,
0.233,0.274,0.39,-0.005,
0,0,0,0,
0,0,0,0,
0.115,0.102,0.274,0,
0.019,0.017,0.045,0,
0.108,0.122,0.257,-0.007,
0.059,0.059,0.167,-0.088,
0,0,0,0,
-0.027,-0.025,0.132,-0.147,
0.058,0.071,0.12,-0.03,
0.132,0.145,0.279,0,
0.151,0.124,0.331,-0.023,
-0.033,-0.029,0.02,-0.127,
0.285,0.337,0.381,0,
-0.022,0,0.048,-0.159,
0.131,0.127,0.307,-0.072,
0.142,0.158,0.259,0.007,
0.04,0.014,0.167,-0.066,
0.049,0.054,0.146,-0.035,
0.038,0.067,0.163,-0.205,
0.195,0.253,0.303,0.004,
0.094,0.11,0.195,0.007,
0.025,-0.002,0.231,-0.128,
0.049,0.048,0.142,-0.003,
0.077,0.072,0.204,-0.089,
0.065,0.082,0.177,-0.104,
0.132,0.14,0.211,0,
-0.02,-0.055,0.111,-0.177,
-0.009,-0.014,0.026,-0.026,
-0.018,-0.014,0.036,-0.065,
0,0,0,0,
0.007,0.007,0.117,-0.138,
0.024,0.015,0.17,-0.052,
0,0,0,0,
0.004,0,0.02,0,
0,0,0,0,
0.132,0.118,0.268,0.009,
0.127,0.13,0.226,-0.01,
0.057,0.066,0.111,-0.015,
0.004,0.005,0.019,-0.022,
0.157,0.145,0.25,0.043,
0.138,0.148,0.238,0.027,
0.08,0.058,0.21,0.036,
0,0,0,0,
0.207,0.235,0.334,0.009,
0.088,0.086,0.242,-0.035,
0.176,0.231,0.332,0.006,
0.002,0,0.017,-0.009,
0.239,0.269,0.385,-0.015,
0.194,0.223,0.397,-0.075,
-0.063,-0.029,0.094,-0.188,
0.223,0.212,0.414,0.026,
-0.066,-0.07,0.075,-0.177,
0.122,0.137,0.312,-0.03,
0.041,0.004,0.277,-0.064,
0.013,0,0.091,0,
0.024,0.032,0.104,-0.071,
-0.007,-0.003,0.058,-0.081,
0,0,0,0,
0.157,0.238,0.319,-0.091,
0.141,0.181,0.26,-0.024,
-0.008,0.005,0.124,-0.133,
0.11,0.093,0.219,-0.058,
-0.004,-0.005,0,-0.007,
0.001,0.002,0.003,0,
0.153,0.16,0.26,0.019,
0.176,0.189,0.263,0,
0.073,0.102,0.125,0,
-0.002,0.015,0.024,-0.09,
0.024,0.026,0.062,-0.041,
0.076,0.1,0.124,-0.041,
0.065,0.075,0.194,-0.079,
0.053,0.057,0.116,0,
0,0,0,0,
0.238,0.311,0.358,0.004,
0.183,0.206,0.304,-0.002,
0.129,0.162,0.19,0,
-0.018,-0.028,0.14,-0.162,
0.102,0.118,0.266,-0.037,
0.043,0.041,0.249,-0.131,
0.014,0.001,0.082,-0.002,
0.076,0.083,0.208,0,
-0.013,-0.014,0.053,-0.061,
0.164,0.173,0.33,-0.001,
0.168,0.185,0.293,0.033,
0.115,0.105,0.221,-0.057,
0.008,0.006,0.142,-0.097,
-0.016,-0.02,0,-0.034,
0.071,0.111,0.261,-0.101,
0.004,0.007,0.069,-0.063,
0.009,-0.021,0.115,-0.061,
0.119,0.092,0.3,0.002,
0.155,0.12,0.422,0.013,
0.122,0.126,0.219,-0.031,
0.132,0.156,0.237,0.003,
0.074,0.082,0.212,-0.018,
0.025,0.037,0.076,-0.09,
0.179,0.216,0.337,0.003,
0.186,0.238,0.32,-0.041,
-0.018,-0.017,0.033,-0.071,
0.087,0.086,0.176,0,
0.081,0.094,0.183,-0.032,
0,0,0,0,
-0.018,-0.03,0.033,-0.053,
0.002,0.006,0.065,-0.065,
0.039,0.035,0.174,-0.061,
0,0,0,0,
0.031,0.019,0.122,-0.089,
0.015,0.019,0.145,-0.099,
0,0,0,0,
-0.067,-0.074,0.046,-0.219,
0,0,0,0,
-0.008,0,0.039,-0.109,
-0.007,-0.006,0.098,-0.104,
-0.121,-0.101,0.042,-0.268,
0.14,0.172,0.252,0.005,
0.164,0.215,0.291,0.006,
-0.085,-0.09,0.02,-0.214,
0.026,0.028,0.08,-0.014,
0.194,0.218,0.31,0.002,
-0.091,-0.047,0.049,-0.285,
0.129,0.151,0.232,-0.033,
0.131,0.141,0.226,-0.014,
0.058,0.029,0.203,-0.036,
0.187,0.167,0.346,0.019,
0.031,0.026,0.137,-0.099,
0.127,0.114,0.264,-0.022,
0.179,0.215,0.262,0.031,
0.045,-0.002,0.275,-0.069,
0.213,0.236,0.317,-0.001,
0.051,0.048,0.17,-0.017,
-0.031,-0.013,0.129,-0.143,
0.083,0.069,0.18,0,
0.076,0.073,0.25,-0.113,
0,0,0,0,
0.184,0.192,0.339,0.016,
0.004,0.003,0.015,0,
0.015,0.001,0.111,-0.066,
0.229,0.295,0.365,0.004,
-0.017,-0.017,0.021,-0.078,
0.076,0.095,0.143,-0.024,
0.022,0.007,0.095,-0.031,
0,0,0,0,
0.07,0.085,0.16,-0.067,
-0.029,-0.007,0.083,-0.124,
-0.028,-0.032,0.03,-0.09,
0,0,0,0,
0.098,0.087,0.274,-0.039,
0.111,0.085,0.248,-0.009,
0.051,0.05,0.107,-0.02,
0.007,-0.002,0.094,-0.082,
-0.043,-0.046,0.027,-0.103,
0.183,0.21,0.33,-0.043,
0.146,0.149,0.311,-0.056,
0.176,0.171,0.353,0.003,
0.076,0.058,0.217,-0.006,
0.062,0.07,0.121,-0.067,
0.08,0.084,0.142,-0.011,
0,0,0,0,
0.164,0.169,0.292,-0.007,
0,0,0,0,
0.02,0.017,0.091,-0.07,
0.212,0.221,0.392,-0.002,
0.005,0,0.053,0,
-0.152,-0.134,-0.03,-0.256,
0.144,0.149,0.22,0,
0.098,0.109,0.176,0.006,
0.203,0.232,0.307,-0.019,
0.075,0.061,0.155,0.003,
-0.013,-0.015,0.062,-0.103,
0.16,0.185,0.385,-0.082,
0.001,0,0.01,-0.013,
0.069,0.076,0.213,-0.107,
0.071,0.085,0.217,0,
0.175,0.204,0.337,0,
-0.022,-0.012,0,-0.053,
0.178,0.19,0.323,0.025,
-0.1,-0.127,0.08,-0.206,
0.036,0.018,0.124,-0.036,
0.067,0.075,0.149,-0.039,
-0.011,-0.009,0.044,-0.047,
0.17,0.201,0.305,0,
-0.062,-0.046,0.078,-0.287,
-0.103,-0.103,0.008,-0.244,
0.038,0.015,0.11,-0.005,
0.08,0.075,0.165,-0.021,
0.007,0.01,0.012,0,
0,0,0,0,
0.17,0.199,0.272,-0.003,
0.09,0.081,0.187,0,
0,0,0,0,
0.146,0.181,0.285,-0.068,
-0.025,-0.026,0.107,-0.117,
-0.1,-0.115,0,-0.183,
0.184,0.165,0.362,0.018,
0.01,0.001,0.032,0,
-0.001,0,0.049,-0.08,
0.119,0.113,0.219,0.01,
0.185,0.189,0.335,0,
0.021,0.03,0.069,-0.051,
0.158,0.186,0.262,0.009,
0.147,0.171,0.247,0.025,
0.077,0.068,0.182,-0.004,
0.015,0.003,0.055,-0.03,
0.128,0.13,0.281,0.006,
0.087,0.126,0.225,-0.038,
0.165,0.156,0.271,0.012,
-0.082,-0.089,-0.012,-0.116,
-0.07,-0.107,0.092,-0.196,
0.267,0.304,0.373,0.073,
0.157,0.163,0.324,0.024,
0,0,0,0,
0,0,0,0,
0.212,0.213,0.408,-0.01,
-0.09,-0.089,0.001,-0.177,
0.089,0.115,0.189,-0.02,
-0.009,-0.005,0,-0.038,
0.031,0.014,0.19,-0.087,
0.028,0.037,0.215,-0.138,
0.043,0.009,0.212,-0.025,
0.015,0.004,0.085,0,
0.086,0.075,0.19,-0.018,
0.158,0.137,0.319,0.017,
-0.025,-0.024,0,-0.052,
0.186,0.21,0.386,-0.023,
0.071,0.053,0.162,0.009,
0.196,0.201,0.362,0,
0.104,0.108,0.226,-0.016,
0.049,0.075,0.192,-0.098,
0.182,0.206,0.343,-0.026,
0.135,0.119,0.336,-0.027,
0.022,0.035,0.094,-0.14,
0.087,0.081,0.251,-0.013,
0.101,0.139,0.189,-0.019,
0.191,0.308,0.364,-0.073,
0.22,0.264,0.313,-0.01,
0.013,0.008,0.079,-0.051,
0.209,0.23,0.356,0.027,
0.234,0.283,0.34,0.002,
0.157,0.096,0.32,-0.007,
0.161,0.183,0.366,-0.05,
0.083,0.084,0.246,-0.092,
0.044,0.022,0.202,-0.054,
0.201,0.237,0.326,0.019,
0.019,0.028,0.148,-0.102,
0.041,0.027,0.16,-0.072,
0.053,0.051,0.105,0,
0.207,0.221,0.308,0.029,
0.126,0.106,0.285,-0.038,
-0.016,-0.011,0.1,-0.108,
0.037,0.035,0.14,-0.043,
0.186,0.204,0.357,-0.009,
0.16,0.183,0.328,-0.05,
0.013,0.009,0.093,-0.083,
0.049,0.041,0.135,-0.063,
0.102,0.116,0.24,-0.115,
0.274,0.342,0.402,0,
0.057,0.05,0.212,-0.027,
0.013,0.009,0.049,-0.018,
0.005,0,0.046,-0.032,
0.057,0.053,0.159,-0.029,
0.19,0.166,0.391,0,
0.055,0.046,0.157,-0.009,
0.092,0.092,0.188,0.027,
0.037,0.014,0.165,-0.049,
0.097,0.091,0.192,-0.031,
-0.003,0.003,0.085,-0.076,
0.045,0.049,0.133,-0.043,
-0.069,-0.051,0.001,-0.152,
0.099,0.097,0.181,0.021,
0.057,0.065,0.149,-0.028,
0.017,0.009,0.159,-0.132,
0.032,0.025,0.121,-0.068,
0,0,0,0,
0,0,0,0,
-0.022,-0.03,0.118,-0.127,
0.085,0.072,0.183,-0.016,
0.218,0.26,0.323,0.022,
0.169,0.179,0.28,0.021,
0.005,-0.015,0.159,-0.089,
0.056,0.072,0.104,-0.051,
0.058,0.058,0.112,0,
0.092,0.111,0.17,-0.021,
0.105,0.114,0.238,-0.012,
0.131,0.14,0.243,-0.006,
0.109,0.094,0.325,-0.089,
0.115,0.084,0.381,-0.076,
-0.008,0.003,0.103,-0.096,
-0.005,0.001,0.064,-0.073,
0.011,0.024,0.054,-0.081,
-0.01,-0.021,0.046,-0.033,
-0.055,-0.061,0.033,-0.137,
0,0,0,0,
-0.022,-0.029,0.023,-0.083,
0.191,0.208,0.329,-0.04,
-0.013,0.006,0.027,-0.092,
0.103,0.101,0.22,-0.051,
0,0,0,0,
0.004,0,0.02,0,
0.12,0.138,0.308,-0.021,
-0.023,-0.024,0.031,-0.113,
0.132,0.151,0.268,-0.059,
0.062,0.059,0.19,-0.036,
0,0,0,0,
0.158,0.179,0.307,-0.036,
0,0,0.002,0,
-0.021,-0.003,0.007,-0.089,
0.263,0.309,0.434,0.047,
0.108,0.147,0.201,-0.055,
0.043,0.057,0.166,-0.126,
-0.02,-0.014,0.096,-0.143,
0,0,0,0,
0.052,-0.002,0.268,-0.075,
0.157,0.17,0.275,0,
0.124,0.135,0.249,0.017,
0.136,0.126,0.283,0.029,
0.045,0.059,0.098,-0.005,
-0.037,-0.01,0.03,-0.15,
0.142,0.141,0.29,0.025,
0.173,0.173,0.376,-0.045,
0.008,0.004,0.129,-0.151,
0.003,0,0.017,0,
-0.005,0,0.064,-0.048,
0.121,0.185,0.265,-0.063,
0.129,0.148,0.209,-0.013,
0.002,0.002,0.005,-0.004,
0.191,0.141,0.445,-0.051,
0.011,0.011,0.067,-0.052,
0.176,0.19,0.321,0.035,
0.132,0.143,0.292,0.008,
0,0,0,0,
0.207,0.208,0.376,0.031,
0.061,0.017,0.296,-0.104,
0.108,0.097,0.302,-0.051,
0.066,0.07,0.163,0,
0.014,0.007,0.085,-0.073,
0.033,0.039,0.126,-0.063,
0.144,0.156,0.258,0.012,
0.004,-0.003,0.128,-0.082,
0.054,0.064,0.135,-0.003,
0.009,0,0.106,-0.088,
0.118,0.137,0.256,-0.042,
0.142,0.192,0.262,-0.022,
0.047,0.04,0.183,-0.08,
0.04,0.054,0.107,-0.048,
0.193,0.192,0.383,-0.011,
0,0,0,0,
0.198,0.268,0.334,-0.064,
0.013,0.013,0.206,-0.136,
-0.014,-0.007,0.089,-0.107,
0,0,0,0,
0,0,0,0,
0.164,0.183,0.253,0.055,
0.064,0.05,0.157,0.01,
0.229,0.221,0.376,0.073,
0.162,0.176,0.312,0.014,
0.125,0.119,0.25,0.016,
0.072,0.087,0.141,-0.026,
0.096,0.114,0.169,-0.012,
0.061,0.044,0.2,-0.025,
0,0,0,0,
0.136,0.166,0.218,-0.012,
0.054,0.028,0.189,-0.023,
0.147,0.183,0.268,-0.003,
0.083,0.082,0.19,-0.006,
-0.043,-0.013,0.016,-0.159,
0.156,0.145,0.269,0.027,
-0.064,-0.08,0,-0.11,
0.003,0,0.027,0,
0.152,0.154,0.312,0.038,
0.164,0.183,0.315,-0.001,
-0.021,-0.005,0.086,-0.148,
0.082,0.089,0.228,-0.066,
0,0,0,0,
0,0,0,0,
0.12,0.141,0.204,-0.022,
0.27,0.341,0.415,-0.018,
0,0,0,0,
-0.026,-0.051,0.085,-0.087,
-0.038,-0.044,0.07,-0.145,
0.04,0.021,0.143,-0.047,
0,0,0,0,
0.043,0.015,0.125,-0.014,
0.14,0.14,0.247,0.006,
0.169,0.187,0.321,0.002,
0.186,0.193,0.419,-0.047,
0.077,0.076,0.198,-0.054,
0.005,-0.002,0.095,-0.082,
0.028,0,0.178,-0.068,
0.075,0.075,0.165,-0.046,
0.013,0.032,0.16,-0.175,
0.007,0,0.058,-0.01,
0.218,0.202,0.397,0.011,
0.221,0.295,0.349,0.004,
0.091,0.103,0.144,0.006,
0.122,0.108,0.331,0,
0.031,0.023,0.125,-0.083,
0.1,0.103,0.245,-0.025,
0.21,0.256,0.298,-0.014,
0,0,0,0,
0.155,0.181,0.298,0.009,
0.13,0.075,0.313,-0.018,
0.025,0.04,0.085,-0.111,
0.206,0.213,0.379,-0.012,
0.08,0.079,0.259,-0.073,
0.036,0.023,0.188,-0.064,
0,0,0,0,
0.087,0.068,0.226,-0.057,
0,0,0,0,
0.076,0.077,0.146,-0.016,
0.002,-0.026,0.136,-0.067,
0.001,0,0.003,0,
0.037,0.013,0.189,-0.036,
0.1,0.106,0.2,-0.026,
0.006,-0.005,0.061,-0.054,
0.134,0.178,0.307,-0.057,
0.223,0.234,0.387,0.033,
0.226,0.235,0.416,0.047,
0.121,0.097,0.262,-0.033,
0,0,0,0,
-0.027,-0.038,0.229,-0.197,
0.203,0.238,0.298,0.018,
0.099,0.09,0.265,-0.026,
0.103,0.109,0.219,0,
-0,0,0.01,-0.01,
0,0,0,0,
0.109,0.088,0.256,-0.004,
0.078,0.064,0.219,-0.053,
0.067,0.078,0.216,-0.104,
0.119,0.152,0.198,-0.024,
-0.066,-0.067,0.016,-0.132,
-0.036,-0.024,0.07,-0.185,
0.052,0.074,0.13,-0.125,
0.166,0.228,0.27,-0.001,
0.177,0.177,0.303,0.039,
0.18,0.193,0.348,-0.015,
-0.02,-0.014,0.126,-0.165,
-0.056,-0.053,0.051,-0.143,
0,0,0,0,
0.237,0.286,0.339,0.027,
0.132,0.147,0.308,0.006,
0.09,0.086,0.212,-0.055,
-0.006,0,0.013,-0.063,
0.011,0.026,0.13,-0.15,
-0.006,-0.015,0.13,-0.141,
-0.007,-0.006,0.1,-0.077,
0.169,0.179,0.353,-0.05,
0.151,0.172,0.335,-0.106,
-0.04,-0.025,0.073,-0.131,
0.001,0.001,0.001,0,
0.132,0.139,0.246,-0.023,
0.23,0.256,0.37,0.023,
0.003,0.001,0.011,0,
0,0,0,0,
-0.032,-0.023,0.001,-0.095,
0.129,0.113,0.33,0.002,
0.132,0.165,0.268,-0.001,
0.124,0.146,0.222,0,
0.073,0.067,0.139,-0.002,
0.191,0.214,0.326,-0.004,
0.098,0.103,0.182,0,
0,0,0,0,
-0.016,0,0.063,-0.095,
0.008,0.011,0.115,-0.096,
-0.003,-0.005,0.085,-0.082,
0.038,0.013,0.147,-0.046,
0.06,0.074,0.102,-0.014,
-0.003,0,0.057,-0.082,
0.097,0.088,0.21,-0.003,
0.228,0.251,0.431,0.061,
0.004,0,0.114,-0.131,
0.082,0.102,0.205,-0.026,
0.09,0.092,0.222,-0.051,
0.004,0,0.088,-0.118,
0.014,0.014,0.091,-0.067,
0.199,0.236,0.322,-0.005,
0.06,0.076,0.158,-0.053,
-0.009,-0.003,0.19,-0.191,
-0.016,-0.032,0.089,-0.088,
0.114,0.114,0.249,0,
-0.009,-0.016,0.12,-0.074,
-0.049,-0.048,0.012,-0.105,
-0.018,0.013,0.064,-0.134,
-0.069,-0.099,0.001,-0.111,
0.115,0.144,0.259,-0.053,
0.058,0.037,0.186,-0.043,
0.046,0.044,0.163,-0.134,
0.064,0.058,0.135,-0.005,
0.009,0.002,0.071,-0.073,
0.09,0.071,0.22,-0.012,
0.019,0.015,0.188,-0.096,
-0.002,-0.009,0.078,-0.061,
0.176,0.227,0.351,-0.008,
0.049,0.033,0.154,-0.02,
0.05,0.057,0.11,-0.031,
0.001,0,0.032,-0.051,
0.078,0.081,0.17,-0.051,
0.111,0.116,0.185,-0.001,
0.078,0.112,0.203,-0.105,
-0.003,-0.002,0.002,-0.019,
-0.024,-0.012,0,-0.088,
0.086,0.089,0.247,-0.045,
-0.032,-0.021,0.037,-0.159,
0.047,0.057,0.135,-0.048,
0.148,0.165,0.268,0.006,
0.126,0.151,0.229,-0.006,
0.181,0.191,0.241,0.059,
0.001,0,0.01,-0.007,
0.022,0.029,0.063,-0.041,
0.144,0.167,0.216,0.005,
0.174,0.202,0.247,-0.01,
0.119,0.127,0.224,-0.012,
0.09,0.108,0.116,0,
0.02,0.032,0.036,-0.005,
-0.001,-0.006,0.035,-0.026,
0.007,0.01,0.041,-0.058,
0.189,0.207,0.339,0,
0,0,0,0,
-0.004,-0.007,0.071,-0.089,
0.069,0.032,0.249,-0.019,
0.065,0.058,0.15,0,
0.151,0.155,0.231,-0.007,
0.236,0.259,0.365,0.011,
0,0,0,0,
0.068,0.073,0.168,-0.01,
0.01,0.003,0.13,-0.12,
0.089,0.053,0.287,-0.044,
0.092,0.121,0.177,-0.11,
0.056,0.058,0.215,-0.112,
0.048,0.051,0.101,-0.014,
0.149,0.142,0.327,0.021,
0.012,-0.009,0.187,-0.156,
0.145,0.154,0.269,0.005,
0.039,0.049,0.063,-0.027,
0,0,0,0,
0.104,0.128,0.193,-0.04,
0.114,0.096,0.3,0,
0.161,0.145,0.268,0.064,
0,0,0,0,
0.032,0.038,0.046,-0.019,
0,0,0,0,
0.044,0.015,0.193,-0.012,
0,0,0,0,
0.093,0.095,0.256,-0.063,
0.038,0.036,0.099,-0.031,
0.011,0,0.088,0,
0.053,0.018,0.194,0.005,
0.082,0.09,0.163,-0.011,
0.02,0.014,0.059,-0.014,
0.141,0.142,0.244,0.031,
0.184,0.183,0.285,0.071,
0.043,0.035,0.124,-0.025,
0.177,0.186,0.257,-0.002,
0.118,0.108,0.235,0.036,
0.093,0.11,0.235,-0.013,
0,0,0,0,
0.114,0.113,0.21,-0.03,
0.085,0.034,0.224,0.008,
0.027,0.018,0.085,-0.019,
0.055,0.051,0.18,-0.021,
0.211,0.218,0.298,0.042,
0,0,0,0,
0.146,0.159,0.317,-0.01,
0.064,0.059,0.186,-0.017,
0.075,0.082,0.141,0,
0.086,0.07,0.175,-0.017,
0.063,0.046,0.147,-0.008,
-0.11,-0.098,0.006,-0.289,
0.083,0.074,0.225,-0.131,
0.028,0.04,0.043,-0.026,
0.036,0.02,0.172,-0.005,
0.01,0,0.1,-0.104,
0.114,0.116,0.212,0.012,
0.015,0.015,0.058,-0.022,
0.152,0.173,0.284,-0.052,
0.15,0.2,0.209,0.019,
0.102,0.076,0.281,-0.002,
0.143,0.151,0.298,0.011,
0.093,0.114,0.245,-0.027,
0.082,0.04,0.315,-0.001,
-0.029,-0,0.057,-0.174,
-0.025,-0.002,0,-0.138,
0.255,0.276,0.366,0.016,
-0.023,-0.02,0.007,-0.049,
0.135,0.162,0.239,0,
0,0,0,0,
0.093,0.096,0.195,0,
0,0,0,0,
0,0,0,0,
0.063,0.088,0.15,-0.106,
0.078,0.064,0.145,0.018,
0.134,0.139,0.209,0,
0.065,0.046,0.247,0.005,
0.174,0.184,0.364,0,
0.044,0.015,0.219,0,
0.089,0.049,0.2,0.001,
0.071,0.061,0.178,-0.048,
0.067,0.084,0.116,-0.002,
0.108,0.132,0.152,0,
0,0,0,0,
0.163,0.198,0.303,-0.031,
0.089,0.1,0.122,0.005,
0.065,0.061,0.194,-0.02,
-0.005,-0.01,0.061,-0.045,
-0.003,0.005,0.007,-0.074,
0.181,0.186,0.32,0.004,
-0.026,-0.045,0.095,-0.056,
0.071,0.088,0.174,-0.067,
-0.041,-0.049,0.02,-0.064,
0,0,0,0,
0.093,0.046,0.232,0.003,
0.021,0.03,0.125,-0.079,
0.041,0.037,0.156,-0.057,
-0.019,-0.033,0.202,-0.237,
0,-0.013,0.151,-0.096,
0.012,0.005,0.112,-0.091,
0,0,0,0,
0.001,-0.01,0.089,-0.03,
0,0,0,0,
0.266,0.309,0.439,0.013,
0.109,0.087,0.287,-0.029,
-0.025,-0.078,0.178,-0.083,
0.09,0.099,0.223,-0.028,
0,0,0,0,
0.01,0.007,0.034,0,
-0.049,-0.065,0.052,-0.099,
0.175,0.196,0.286,0.008,
0.156,0.127,0.305,0.008,
0.168,0.178,0.304,0.005,
0.134,0.137,0.216,0.016,
0,0,0,0,
0.088,0.083,0.21,0,
0.134,0.154,0.217,-0.011,
0.152,0.194,0.244,-0.006,
0.01,0.007,0.08,-0.083,
-0.014,-0.004,0.063,-0.083,
0.066,0.048,0.248,-0.011,
0.05,-0.007,0.287,-0.042,
-0.015,-0.042,0.136,-0.057,
0.117,0.07,0.355,-0.058,
0,0,0,0,
0.238,0.263,0.418,0.036,
0.037,0.034,0.093,-0.015,
0.096,0.097,0.189,0,
0.009,-0.01,0.18,-0.064,
0,0,0,0,
0.015,0.017,0.091,-0.044,
0.044,0.062,0.114,-0.059,
0.082,0.063,0.284,-0.001,
0.169,0.172,0.358,0,
0.213,0.232,0.284,0.009,
0.193,0.244,0.278,-0.054,
0,0,0,0,
0.003,-0.01,0.077,-0.025,
0.234,0.255,0.372,0.026,
0.152,0.154,0.268,-0.035,
0.003,0.006,0.007,-0.026,
0,0,0,0,
0,0,0,0,
-0.021,-0.017,0.002,-0.073,
0.13,0.143,0.256,0.001,
-0.011,-0.029,0.093,-0.029,
0.13,0.136,0.264,0,
0.104,0.117,0.185,0.008,
0.145,0.171,0.265,0.006,
0.232,0.253,0.37,0.028,
0.063,0.09,0.094,-0.023,
0.123,0.149,0.215,-0.005,
0.08,0.084,0.203,-0.024,
0.008,0.007,0.019,0,
0,0,0,0,
0.06,0.042,0.174,-0.052,
0.008,-0.022,0.161,-0.038,
0.009,0.007,0.072,-0.056,
0.021,0.012,0.121,0,
0.17,0.172,0.305,-0.012,
0.075,0.082,0.181,-0.05,
0.127,0.086,0.295,-0.021,
0.086,0.083,0.188,-0.025,
0,0,0,0,
0.136,0.112,0.279,0.015,
0.087,0.055,0.291,-0.05,
0.065,0.022,0.185,-0.074,
0.217,0.21,0.38,0.01,
0.064,0.073,0.159,-0.059,
0.028,0.019,0.088,0,
-0.205,-0.266,0,-0.275,
0.012,0,0.09,0,
0.172,0.192,0.305,0.001,
0.089,0.116,0.23,-0.059,
0.173,0.163,0.294,0.09,
0.003,-0.004,0.162,-0.056,
0.145,0.146,0.284,0,
0.033,0.038,0.085,-0.029,
0.073,0.049,0.24,0,
-0.01,-0.018,0.092,-0.085,
0.14,0.174,0.2,0,
0.117,0.095,0.238,0,
0.09,0.084,0.274,-0.034,
0.097,0.147,0.194,-0.07,
-0.028,-0.054,0.072,-0.09,
0.246,0.234,0.398,-0.006,
0.024,-0.004,0.134,-0.012,
0.112,0.093,0.254,-0.005,
0.114,0.123,0.225,-0.019,
0.026,0,0.201,-0.054,
-0.045,-0.056,0.056,-0.087,
0.003,0.001,0.01,0,
0.048,0.075,0.223,-0.12,
0.167,0.167,0.325,0.003,
-0.027,-0.067,0.148,-0.082,
0.01,0.013,0.033,-0.027,
0.064,0.058,0.166,0.007,
0.233,0.264,0.31,0.026,
0.196,0.193,0.37,0.016,
0.192,0.204,0.305,0.005,
0.087,0.098,0.195,0,
0.105,0.105,0.182,-0.012,
0.116,0.103,0.216,0.021,
0.056,0.061,0.161,-0.074,
0,0,0,0,
0.089,0.087,0.164,-0.018,
0.088,0.089,0.184,-0.009,
0.19,0.23,0.302,0.032,
0,0,0,0,
0.057,0.038,0.157,0,
0.032,0.006,0.125,-0.073,
0.002,0.005,0.01,-0.033,
0.127,0.161,0.32,-0.021,
0.065,0.075,0.176,-0.049,
-0,-0.005,0.077,-0.055,
-0.022,-0.005,0.051,-0.176,
0.114,0.143,0.282,-0.091,
0.164,0.179,0.246,0.001,
0,0,0.014,-0.007,
0.218,0.244,0.395,-0.001,
0.02,-0.011,0.141,-0.038,
0.057,0.05,0.116,0.01,
0.118,0.118,0.231,0.007,
0.072,0.077,0.166,-0.009,
0.03,0.037,0.051,-0.008,
0.076,0.053,0.181,-0.003,
0.126,0.146,0.264,-0.03,
0.057,0.06,0.103,0.01,
0.005,0.005,0.007,0,
0.049,0.032,0.184,0,
-0.082,-0.091,0.033,-0.179,
0.057,0.039,0.182,-0.002,
0,0,0,0,
0.028,0.014,0.235,-0.126,
0,0,0,0,
0.149,0.14,0.239,0.022,
0.01,0,0.082,0,
0.039,0.041,0.075,0,
0.18,0.193,0.271,0.01,
0,0,0,0,
0.156,0.158,0.366,-0.043,
0,0,0,0,
0.058,0.067,0.151,0,
0.118,0.116,0.196,0.03,
0.105,0.1,0.235,0.001,
0.045,0.049,0.088,0,
0,0,0,0,
0,0,0,0,
0.036,0.024,0.207,-0.063,
-0.005,-0.03,0.088,-0.041,
0.171,0.205,0.259,-0.081,
0.022,0.001,0.122,0,
0.117,0.116,0.209,0.008,
0.208,0.208,0.388,0.004,
-0.054,-0.051,0.016,-0.196,
-0.008,0.027,0.054,-0.178,
0,0,0,0,
0.058,0.058,0.157,-0.008,
0.176,0.191,0.263,0.024,
0.021,-0.009,0.135,-0.021,
-0.016,-0.028,0.06,-0.039,
-0.021,0,0.007,-0.112,
0.067,0.021,0.224,-0.06,
0,0,0,0,
-0.011,0,0.018,-0.099,
0.214,0.223,0.316,0.06,
0.169,0.198,0.264,-0.033,
0.002,-0.007,0.071,-0.028,
0.026,0.024,0.047,0.003,
0.004,0,0.033,0,
-0.191,-0.253,0,-0.34,
-0.001,0,0,-0.003,
0.018,0.01,0.123,-0.025,
0.084,0.06,0.155,0,
0.002,0.001,0.008,0,
0.194,0.214,0.347,-0.005,
0.015,0.002,0.096,0,
0.003,0.01,0.012,-0.038,
0.115,0.114,0.217,0.03,
0.017,0.005,0.084,0,
-0.002,-0.003,0.011,-0.015,
-0.019,-0.041,0.087,-0.117,
0.096,0.125,0.214,-0.014,
-0.079,-0.075,-0.034,-0.163,
0.008,0,0.036,-0.005,
0.103,0.112,0.25,-0.1,
-0.006,0,0.006,-0.037,
-0.02,-0.044,0.079,-0.072,
0.006,0,0.033,0,
0.066,0.065,0.18,-0.048,
0.123,0.133,0.23,-0.028,
-0.004,0.009,0.057,-0.112,
0.124,0.13,0.187,0.013,
0.002,0.002,0.005,0,
0.063,0.079,0.117,-0.019,
0.188,0.198,0.313,-0.014,
-0.006,-0.036,0.16,-0.039,
-0.01,-0.024,0.086,-0.054,
0.06,0.039,0.196,0,
0.151,0.18,0.273,-0.026,
0.091,0.081,0.254,0,
0,0,0,0,
0.104,0.104,0.219,0.022,
0.066,0.052,0.202,-0.052,
0.034,0.009,0.156,-0.037,
0.132,0.17,0.216,0.006,
0.088,0.089,0.189,-0.046,
-0.098,-0.093,-0.065,-0.169,
0.202,0.214,0.312,-0.013,
0.167,0.193,0.29,-0.038,
0,0,0,0,
0.124,0.132,0.214,0.007,
0,0,0,0,
0.063,0.063,0.205,-0.075,
0.047,0.044,0.121,0.005,
0.122,0.128,0.243,-0.013,
0.046,0.049,0.151,0,
0.026,-0.004,0.19,-0.01,
0.068,0.059,0.183,-0.028,
0.087,0.091,0.2,-0.066,
0.132,0.145,0.25,0,
0.055,0.06,0.124,-0.05,
0.086,0.07,0.254,-0.03,
0.019,0.002,0.117,-0.015,
-0.056,-0.073,0.155,-0.15,
0,0,0,0,
0.071,0.045,0.307,-0.002,
0.108,0.11,0.242,-0.007,
0.071,0.09,0.127,-0.037,
-0.007,-0.022,0.069,-0.026,
-0.023,-0.019,0,-0.087,
0.012,-0.021,0.149,-0.109,
0.187,0.198,0.338,0.041,
0.131,0.136,0.277,-0.006,
0.161,0.161,0.316,-0.047,
0,0,0,0,
0.09,0.095,0.295,-0.033,
-0.013,-0.001,0.024,-0.095,
0.172,0.164,0.354,0.057,
0.036,0.036,0.087,-0.044,
0.087,0.094,0.201,-0.016,
0.168,0.152,0.312,0.016,
0.118,0.118,0.271,-0.018,
0.234,0.261,0.373,-0.047,
-0.013,-0.04,0.106,-0.049,
0.018,0.006,0.121,-0.046,
0.148,0.166,0.259,0.001,
-0.101,-0.169,0.112,-0.199,
0.023,0.008,0.117,-0.012,
-0,-0.005,0.027,-0.02,
0.026,0.006,0.132,-0.055,
0.002,0.015,0.015,-0.07,
-0.01,-0.028,0.163,-0.066,
0.238,0.257,0.319,0.067,
0.081,0.075,0.188,-0.01,
0.096,0.101,0.204,0,
0.035,0.005,0.175,-0.055,
0.027,0.03,0.056,-0.004,
0.097,0.101,0.21,-0.019,
-0.008,-0.019,0.045,-0.019,
0.102,0.086,0.25,0.035,
0.22,0.241,0.309,0.001,
0.256,0.259,0.392,0.079,
-0.01,-0.048,0.213,-0.055,
0.035,0.041,0.042,0,
0.119,0.114,0.198,0.032,
0.078,0.084,0.146,0.003,
0.04,0.007,0.246,-0.01,
-0.11,-0.085,-0.075,-0.242,
0.015,0.02,0.02,0,
0.146,0.15,0.225,0.026,
0.066,0.067,0.156,-0.005,
0.015,0.003,0.053,0,
0,0,0,0,
0.097,0.114,0.188,-0.074,
-0.007,0.018,0.1,-0.195,
0.052,0.04,0.187,-0.102,
0.036,0.053,0.081,-0.023,
0.076,0.049,0.223,0.007,
0.244,0.261,0.403,0.045,
0.03,0.016,0.168,-0.057,
0.06,0.056,0.19,-0.05,
-0.075,-0.079,0.035,-0.182,
0.001,0,0.069,-0.046,
0.065,0.059,0.175,0,
0.142,0.115,0.278,0.017,
0.125,0.085,0.377,-0.069,
0.048,0.072,0.081,-0.021,
0.127,0.143,0.251,-0.028,
0.26,0.241,0.429,0.017,
-0.017,0.002,0.01,-0.068,
0.08,0.095,0.163,0,
0.228,0.286,0.36,-0.003,
0.09,0.092,0.203,-0.018,
0.171,0.177,0.299,0.043,
0,0,0,0,
0.005,0,0.072,-0.063,
0.099,0.106,0.191,-0.032,
0.088,0.087,0.209,0,
-0.061,-0.06,0.055,-0.145,
0.167,0.195,0.292,-0.068,
0.059,0.062,0.156,-0.02,
0.034,0.022,0.179,-0.133,
0.166,0.181,0.268,-0.007,
0.035,0.025,0.073,-0.003,
0.211,0.272,0.389,-0.02,
-0.045,-0.049,0.066,-0.142,
0.004,-0.003,0.122,-0.076,
0.073,0.024,0.319,-0.046,
0.103,0.102,0.209,0,
-0.02,-0.017,-0.014,-0.032,
0,0,0,0,
0.191,0.229,0.426,-0.088,
0.04,0.007,0.155,-0.026,
0.139,0.145,0.301,0.008,
0.074,0.064,0.216,-0.068,
0.205,0.181,0.325,0.009,
0.169,0.19,0.246,0.045,
0.058,0.062,0.125,-0.017,
-0.05,-0.051,0.002,-0.117,
-0.009,-0.008,0.018,-0.085,
0.115,0.132,0.17,-0.01,
-0.024,-0.024,0.057,-0.099,
0.033,0.039,0.116,-0.101,
0.024,0.02,0.218,-0.111,
0.004,-0,0.045,-0.023,
0.085,0.084,0.185,-0.007,
0.115,0.102,0.212,0,
-0.005,-0.019,0.074,-0.066,
0.03,0.039,0.161,-0.189,
0.216,0.276,0.362,0.003,
0.115,0.08,0.291,0,
0.105,0.104,0.242,-0.016,
0.056,0.061,0.095,0,
0,0,0,0,
0.015,0.004,0.19,-0.136,
0.039,0.051,0.194,-0.18,
0.027,0.01,0.091,0,
0.142,0.155,0.298,-0.003,
0,0,0,0,
0.046,0.001,0.225,-0.002,
0.149,0.166,0.202,0.014,
0.168,0.195,0.266,0.028,
0.066,0.043,0.181,-0.025,
0.002,0,0.011,0,
0.169,0.152,0.299,0.057,
0.125,0.126,0.198,0.007,
0.049,0.038,0.115,0.007,
-0.026,-0.007,0.011,-0.213,
-0.075,-0.086,0.014,-0.167,
0.1,0.106,0.21,-0.005,
0.241,0.273,0.386,0.033,
0.15,0.163,0.26,-0.05,
0,0,0,0,




Further Data analysis of all test cases 
avg med max min 
AVGs,-0.189,-0.194,0.008,-0.355,
MEDs,-0.196,-0.204,0.077,-0.421,
MAXs,-0.042,-0.05,0.132,-0.09,
MINs,-0.293,-0.296,-0.068,-0.463,


AVGs,0.069,0.058,0.285,-0.205,
MEDs,0.071,0.055,0.342,-0.266,
MAXs,0.169,0.174,0.445,-0.075,
MINs,-0.035,-0.015,0.1,-0.34,



