

Data analysis for each instance 
AVG,MED,MAX,MIN
-0.344,-0.385,-0.031,-0.4,
-0.369,-0.405,-0.048,-0.445,
-0.364,-0.402,-0.044,-0.453,
-0.363,-0.398,-0.05,-0.436,
-0.348,-0.381,-0.053,-0.436,
-0.35,-0.37,-0.04,-0.435,
-0.386,-0.443,-0.051,-0.453,
-0.376,-0.418,-0.043,-0.459,
-0.335,-0.366,-0.062,-0.409,
-0.314,-0.372,-0.064,-0.384,
-0.369,-0.407,-0.059,-0.432,
-0.33,-0.392,-0.051,-0.415,
-0.344,-0.382,-0.053,-0.404,
-0.377,-0.432,-0.056,-0.46,
-0.373,-0.421,-0.052,-0.437,
-0.357,-0.383,-0.044,-0.446,
-0.356,-0.402,-0.054,-0.441,
-0.394,-0.443,-0.035,-0.472,
-0.319,-0.352,-0.059,-0.38,
-0.358,-0.397,-0.047,-0.431,
-0.333,-0.357,-0.051,-0.421,
-0.351,-0.398,-0.048,-0.415,
-0.376,-0.421,-0.053,-0.441,
-0.315,-0.332,-0.049,-0.428,
-0.352,-0.405,-0.055,-0.431,
-0.356,-0.413,-0.039,-0.455,
-0.374,-0.421,-0.061,-0.477,
-0.367,-0.403,-0.061,-0.425,
-0.361,-0.399,-0.044,-0.416,
-0.367,-0.406,-0.049,-0.438,
-0.347,-0.384,-0.055,-0.428,
-0.321,-0.324,-0.07,-0.436,
-0.329,-0.334,-0.065,-0.462,
-0.332,-0.363,-0.042,-0.39,
-0.304,-0.331,-0.047,-0.393,
-0.34,-0.365,-0.06,-0.425,
-0.354,-0.392,-0.069,-0.429,
-0.245,-0.24,-0.06,-0.389,
-0.329,-0.36,-0.046,-0.419,
-0.371,-0.408,-0.063,-0.442,
-0.376,-0.398,-0.052,-0.482,
-0.376,-0.413,-0.039,-0.456,
-0.376,-0.42,-0.049,-0.476,
-0.36,-0.384,-0.074,-0.441,
-0.348,-0.391,-0.042,-0.447,
-0.321,-0.352,-0.043,-0.391,
-0.37,-0.395,-0.062,-0.454,
-0.378,-0.419,-0.065,-0.438,
-0.367,-0.404,-0.061,-0.47,
-0.369,-0.407,-0.053,-0.457,
-0.356,-0.399,-0.05,-0.418,
-0.356,-0.387,-0.062,-0.446,
-0.383,-0.425,-0.062,-0.455,
-0.38,-0.412,-0.08,-0.457,
-0.381,-0.417,-0.055,-0.459,
-0.382,-0.417,-0.053,-0.462,
-0.346,-0.37,-0.053,-0.443,
-0.359,-0.402,-0.05,-0.431,
-0.408,-0.456,-0.014,-0.518,
-0.386,-0.433,-0.058,-0.458,
-0.317,-0.332,-0.059,-0.466,
-0.332,-0.349,-0.068,-0.458,
-0.303,-0.342,-0.056,-0.407,
-0.31,-0.338,-0.049,-0.4,
-0.353,-0.39,-0.053,-0.414,
-0.344,-0.376,-0.068,-0.439,
-0.34,-0.363,-0.047,-0.435,
-0.371,-0.402,-0.055,-0.434,
-0.367,-0.415,-0.05,-0.434,
-0.33,-0.343,-0.065,-0.427,
-0.338,-0.376,-0.057,-0.403,
-0.339,-0.372,-0.064,-0.39,
-0.354,-0.392,-0.058,-0.421,
-0.324,-0.348,-0.053,-0.459,
-0.361,-0.411,-0.059,-0.419,
-0.352,-0.389,-0.055,-0.421,
-0.321,-0.346,-0.052,-0.404,
-0.371,-0.418,-0.048,-0.453,
-0.347,-0.381,-0.063,-0.428,
-0.339,-0.374,-0.031,-0.396,
-0.343,-0.389,-0.038,-0.446,
-0.342,-0.382,-0.057,-0.4,
-0.367,-0.408,-0.045,-0.414,
-0.331,-0.368,-0.046,-0.389,
-0.356,-0.39,-0.041,-0.433,
-0.36,-0.404,-0.061,-0.416,
-0.305,-0.332,-0.049,-0.398,
-0.361,-0.396,-0.065,-0.425,
-0.255,-0.277,-0.044,-0.366,
-0.354,-0.392,-0.013,-0.434,
-0.39,-0.435,-0.052,-0.477,
-0.354,-0.384,-0.067,-0.431,
-0.356,-0.393,-0.068,-0.413,
-0.367,-0.408,-0.031,-0.461,
-0.359,-0.382,-0.022,-0.449,
-0.333,-0.373,-0.046,-0.391,
-0.358,-0.383,-0.053,-0.43,
-0.366,-0.406,-0.05,-0.489,
-0.379,-0.42,-0.058,-0.444,
-0.312,-0.328,-0.073,-0.378,
-0.394,-0.453,-0.061,-0.477,
-0.403,-0.465,-0.045,-0.498,
-0.364,-0.405,-0.026,-0.432,
-0.315,-0.319,-0.075,-0.455,
-0.334,-0.373,-0.042,-0.399,
-0.35,-0.383,-0.06,-0.398,
-0.38,-0.406,-0.048,-0.472,
-0.358,-0.388,-0.057,-0.443,
-0.311,-0.328,-0.066,-0.403,
-0.34,-0.37,-0.059,-0.434,
-0.335,-0.386,-0.063,-0.432,
-0.348,-0.383,-0.048,-0.449,
-0.363,-0.385,-0.067,-0.497,
-0.338,-0.37,-0.036,-0.401,
-0.342,-0.385,-0.045,-0.412,
-0.347,-0.393,-0.064,-0.422,
-0.384,-0.428,-0.066,-0.437,
-0.36,-0.399,-0.06,-0.444,
-0.366,-0.415,-0.057,-0.445,
-0.372,-0.407,-0.056,-0.47,
-0.37,-0.408,-0.04,-0.45,
-0.366,-0.41,-0.049,-0.444,
-0.34,-0.379,-0.042,-0.435,
-0.377,-0.43,-0.047,-0.439,
-0.35,-0.388,-0.057,-0.408,
-0.342,-0.392,-0.073,-0.412,
-0.369,-0.412,-0.05,-0.436,
-0.357,-0.393,-0.046,-0.422,
-0.375,-0.421,-0.058,-0.465,
-0.346,-0.394,-0.056,-0.426,
-0.366,-0.403,-0.053,-0.461,
-0.332,-0.347,-0.042,-0.434,
-0.346,-0.378,-0.06,-0.48,
-0.392,-0.454,-0.064,-0.468,
-0.346,-0.381,-0.049,-0.411,
-0.335,-0.365,-0.047,-0.436,
-0.258,-0.271,-0.044,-0.405,
-0.378,-0.421,-0.049,-0.462,
-0.388,-0.435,-0.053,-0.455,
-0.36,-0.399,-0.057,-0.445,
-0.381,-0.423,-0.058,-0.488,
-0.371,-0.401,-0.076,-0.461,
-0.333,-0.353,-0.03,-0.453,
-0.3,-0.318,-0.038,-0.403,
-0.341,-0.35,-0.081,-0.475,
-0.407,-0.452,-0.042,-0.481,
-0.373,-0.416,-0.056,-0.454,
-0.373,-0.418,-0.062,-0.435,
-0.352,-0.391,-0.039,-0.448,
-0.364,-0.402,-0.057,-0.444,
-0.346,-0.382,-0.057,-0.436,
-0.366,-0.403,-0.05,-0.429,
-0.328,-0.362,-0.066,-0.411,
-0.291,-0.306,-0.032,-0.396,
-0.356,-0.388,-0.058,-0.422,
-0.386,-0.442,-0.053,-0.475,
-0.361,-0.387,-0.056,-0.44,
-0.384,-0.42,-0.053,-0.468,
-0.36,-0.403,-0.025,-0.441,
-0.349,-0.382,-0.05,-0.424,
-0.356,-0.38,-0.053,-0.463,
-0.374,-0.408,-0.042,-0.439,
-0.319,-0.333,-0.046,-0.421,
-0.346,-0.385,-0.049,-0.427,
-0.285,-0.288,-0.057,-0.413,
-0.378,-0.423,-0.063,-0.457,
-0.276,-0.273,-0.056,-0.385,
-0.39,-0.433,-0.05,-0.469,
-0.37,-0.411,-0.045,-0.463,
-0.376,-0.415,-0.073,-0.468,
-0.357,-0.388,-0.06,-0.434,
-0.343,-0.381,-0.035,-0.443,
-0.311,-0.345,-0.049,-0.388,
-0.366,-0.397,-0.046,-0.43,
-0.299,-0.339,-0.057,-0.417,
-0.413,-0.473,-0.034,-0.506,
-0.272,-0.294,-0.047,-0.376,
-0.355,-0.39,-0.051,-0.417,
-0.329,-0.4,-0.061,-0.43,
-0.368,-0.415,-0.063,-0.437,
-0.29,-0.282,-0.058,-0.433,
-0.373,-0.417,-0.05,-0.439,
-0.355,-0.365,-0.118,-0.472,
-0.358,-0.389,-0.072,-0.411,
-0.362,-0.403,-0.055,-0.433,
-0.332,-0.355,-0.061,-0.432,
-0.383,-0.434,-0.034,-0.476,
-0.347,-0.398,-0.062,-0.419,
-0.335,-0.358,-0.061,-0.453,
-0.356,-0.388,-0.039,-0.435,
-0.351,-0.417,-0.038,-0.466,
-0.263,-0.294,-0.04,-0.364,
-0.33,-0.366,-0.05,-0.401,
-0.353,-0.385,-0.055,-0.475,
-0.32,-0.358,-0.06,-0.408,
-0.355,-0.394,-0.051,-0.423,
-0.373,-0.408,-0.077,-0.461,
-0.351,-0.397,-0.05,-0.419,
-0.216,-0.236,-0.055,-0.265,
-0.368,-0.418,-0.047,-0.48,
-0.369,-0.411,-0.036,-0.418,
-0.335,-0.382,-0.04,-0.44,
-0.347,-0.371,-0.052,-0.416,
-0.346,-0.391,-0.027,-0.506,
-0.329,-0.352,-0.052,-0.458,
-0.366,-0.411,-0.064,-0.444,
-0.4,-0.447,-0.037,-0.465,
-0.405,-0.456,-0.043,-0.48,
-0.298,-0.295,-0.055,-0.45,
-0.349,-0.391,-0.065,-0.424,
-0.351,-0.388,-0.06,-0.436,
-0.358,-0.394,-0.048,-0.43,
-0.398,-0.446,-0.074,-0.468,
-0.324,-0.354,-0.045,-0.373,
-0.377,-0.412,-0.039,-0.46,
-0.374,-0.422,-0.043,-0.458,
-0.367,-0.408,-0.049,-0.441,
-0.353,-0.364,-0.065,-0.458,
-0.355,-0.397,-0.043,-0.413,
-0.328,-0.353,-0.07,-0.418,
-0.241,-0.233,-0.068,-0.375,
-0.352,-0.37,-0.062,-0.423,
-0.346,-0.382,-0.061,-0.411,
-0.371,-0.421,-0.061,-0.447,
-0.358,-0.389,-0.056,-0.428,
-0.32,-0.353,-0.052,-0.414,
-0.344,-0.382,-0.043,-0.447,
-0.353,-0.399,-0.052,-0.43,
-0.37,-0.403,-0.059,-0.425,
-0.391,-0.44,-0.073,-0.48,
-0.386,-0.422,-0.07,-0.48,
-0.372,-0.414,-0.056,-0.448,
-0.408,-0.479,-0.042,-0.522,
-0.373,-0.412,-0.06,-0.447,
-0.362,-0.412,-0.055,-0.426,
-0.391,-0.435,-0.065,-0.461,
-0.324,-0.345,-0.064,-0.439,
-0.354,-0.397,-0.051,-0.411,
-0.216,-0.241,-0.06,-0.269,
-0.346,-0.381,-0.054,-0.394,
-0.36,-0.404,-0.055,-0.435,
-0.322,-0.369,-0.04,-0.433,
-0.204,-0.186,-0.061,-0.422,
-0.348,-0.384,-0.049,-0.41,
-0.334,-0.363,-0.039,-0.389,
-0.33,-0.36,-0.051,-0.388,
-0.308,-0.339,-0.064,-0.439,
-0.354,-0.38,-0.059,-0.461,
-0.362,-0.389,-0.074,-0.446,
-0.379,-0.429,-0.044,-0.475,
-0.428,-0.484,-0.045,-0.523,
-0.344,-0.377,-0.049,-0.412,
-0.338,-0.373,-0.05,-0.409,
-0.291,-0.319,-0.047,-0.361,
-0.355,-0.394,-0.045,-0.41,
-0.341,-0.381,-0.051,-0.411,
-0.356,-0.399,-0.037,-0.428,
-0.369,-0.4,-0.063,-0.446,
-0.362,-0.407,-0.055,-0.445,
-0.382,-0.432,-0.051,-0.445,
-0.332,-0.363,-0.031,-0.418,
-0.387,-0.426,-0.053,-0.456,
-0.383,-0.42,-0.061,-0.459,
-0.364,-0.417,-0.057,-0.443,
-0.367,-0.401,-0.063,-0.451,
-0.35,-0.37,-0.045,-0.444,
-0.37,-0.394,-0.064,-0.465,
-0.346,-0.382,-0.037,-0.409,
-0.332,-0.369,-0.006,-0.4,
-0.388,-0.434,-0.054,-0.455,
-0.336,-0.373,-0.043,-0.409,
-0.376,-0.407,-0.063,-0.444,
-0.343,-0.367,-0.043,-0.434,
-0.321,-0.369,-0.039,-0.433,
-0.357,-0.396,-0.059,-0.415,
-0.317,-0.346,-0.06,-0.415,
-0.368,-0.416,-0.057,-0.476,
-0.392,-0.433,-0.041,-0.464,
-0.301,-0.33,-0.047,-0.4,
-0.23,-0.26,-0.046,-0.316,
-0.411,-0.47,-0.032,-0.495,
-0.332,-0.373,-0.041,-0.39,
-0.344,-0.384,-0.041,-0.4,
-0.337,-0.401,-0.053,-0.428,
-0.344,-0.368,-0.067,-0.41,
-0.353,-0.386,-0.059,-0.44,
-0.354,-0.392,-0.065,-0.426,
-0.383,-0.428,-0.056,-0.463,
-0.412,-0.445,-0.051,-0.537,
-0.39,-0.433,-0.072,-0.462,
-0.335,-0.378,-0.045,-0.415,
-0.354,-0.381,-0.049,-0.445,
-0.378,-0.417,-0.077,-0.458,
-0.345,-0.373,-0.067,-0.454,
-0.368,-0.412,-0.044,-0.465,
-0.36,-0.4,-0.068,-0.42,
-0.379,-0.426,-0.06,-0.449,
-0.379,-0.423,-0.061,-0.445,
-0.279,-0.316,-0.056,-0.436,
-0.364,-0.413,-0.071,-0.462,
-0.364,-0.405,-0.035,-0.452,
-0.359,-0.409,-0.066,-0.441,
-0.363,-0.407,-0.046,-0.455,
-0.333,-0.322,-0.087,-0.481,
-0.373,-0.41,-0.066,-0.52,
-0.343,-0.385,-0.044,-0.396,
-0.333,-0.374,-0.061,-0.407,
-0.407,-0.46,-0.06,-0.478,
-0.344,-0.376,-0.035,-0.403,
-0.351,-0.373,-0.06,-0.447,
-0.362,-0.414,-0.054,-0.443,
-0.318,-0.347,-0.05,-0.396,
-0.352,-0.382,-0.064,-0.417,
-0.341,-0.362,-0.065,-0.418,
-0.366,-0.411,-0.061,-0.427,
-0.363,-0.394,-0.063,-0.436,
-0.362,-0.404,-0.037,-0.431,
-0.211,-0.235,-0.032,-0.251,
-0.363,-0.383,-0.071,-0.463,
-0.317,-0.351,-0.037,-0.422,
-0.292,-0.319,-0.057,-0.39,
-0.367,-0.395,-0.067,-0.459,
-0.362,-0.403,-0.06,-0.459,
-0.364,-0.405,-0.07,-0.434,
-0.387,-0.429,-0.032,-0.46,
-0.372,-0.406,-0.052,-0.45,
-0.378,-0.413,-0.064,-0.445,
-0.25,-0.259,-0.087,-0.31,
-0.245,-0.275,-0.043,-0.336,
-0.361,-0.391,-0.053,-0.442,
-0.326,-0.341,-0.065,-0.461,
-0.372,-0.399,-0.051,-0.457,
-0.376,-0.416,-0.06,-0.445,
-0.321,-0.33,-0.05,-0.463,
-0.356,-0.391,-0.068,-0.413,
-0.366,-0.419,-0.064,-0.482,
-0.345,-0.372,-0.031,-0.43,
-0.356,-0.396,-0.049,-0.423,
-0.354,-0.384,-0.066,-0.424,
-0.376,-0.413,-0.061,-0.441,
-0.365,-0.398,-0.056,-0.444,
-0.326,-0.353,-0.04,-0.417,
-0.354,-0.396,-0.051,-0.414,
-0.36,-0.389,-0.058,-0.46,
-0.354,-0.396,-0.056,-0.441,
-0.337,-0.387,-0.042,-0.428,
-0.363,-0.394,-0.042,-0.454,
-0.338,-0.368,-0.063,-0.379,
-0.357,-0.398,-0.038,-0.413,
-0.351,-0.382,-0.037,-0.407,
-0.39,-0.434,-0.041,-0.453,
-0.365,-0.402,-0.054,-0.493,
-0.366,-0.407,-0.07,-0.444,
-0.372,-0.402,-0.054,-0.435,
-0.366,-0.4,-0.041,-0.451,
-0.35,-0.389,-0.057,-0.466,
-0.358,-0.397,-0.052,-0.412,
-0.397,-0.43,-0.054,-0.514,
-0.351,-0.388,-0.062,-0.402,
-0.358,-0.401,-0.055,-0.421,
-0.361,-0.405,-0.053,-0.458,
-0.371,-0.407,-0.052,-0.451,
-0.377,-0.42,-0.048,-0.441,
-0.346,-0.401,0.043,-0.456,
-0.339,-0.379,-0.037,-0.429,
-0.352,-0.377,-0.06,-0.438,
-0.355,-0.384,-0.061,-0.417,
-0.387,-0.43,-0.061,-0.45,
-0.336,-0.368,-0.046,-0.425,
-0.366,-0.416,-0.072,-0.45,
-0.395,-0.441,-0.055,-0.462,
-0.366,-0.414,-0.037,-0.437,
-0.356,-0.395,-0.066,-0.422,
-0.329,-0.349,-0.077,-0.428,
-0.33,-0.354,-0.019,-0.402,
-0.375,-0.422,-0.049,-0.457,
-0.274,-0.291,-0.069,-0.374,
-0.369,-0.426,-0.062,-0.446,
-0.344,-0.389,-0.062,-0.421,
-0.325,-0.329,-0.054,-0.447,
-0.287,-0.315,-0.041,-0.372,
-0.391,-0.431,-0.048,-0.507,
-0.373,-0.418,-0.056,-0.433,
-0.339,-0.381,-0.039,-0.419,
-0.339,-0.366,-0.047,-0.411,
-0.343,-0.385,-0.049,-0.425,
-0.423,-0.47,-0.054,-0.504,
-0.367,-0.398,-0.053,-0.433,
-0.356,-0.398,-0.045,-0.446,
-0.357,-0.405,-0.061,-0.418,
-0.396,-0.434,-0.06,-0.461,
-0.381,-0.425,-0.055,-0.448,
-0.353,-0.396,-0.048,-0.441,
-0.37,-0.408,-0.056,-0.451,
-0.428,-0.472,-0.035,-0.519,
-0.349,-0.388,-0.064,-0.492,
-0.364,-0.405,-0.066,-0.423,
-0.371,-0.42,-0.067,-0.437,
-0.402,-0.452,-0.061,-0.488,
-0.374,-0.419,-0.045,-0.444,
-0.375,-0.418,-0.049,-0.473,
-0.361,-0.401,-0.069,-0.413,
-0.345,-0.386,-0.072,-0.419,
-0.308,-0.349,-0.07,-0.426,
-0.23,-0.243,-0.086,-0.293,
-0.37,-0.41,-0.036,-0.444,
-0.363,-0.41,-0.037,-0.424,
-0.326,-0.366,-0.073,-0.431,
-0.25,-0.256,-0.049,-0.326,
-0.383,-0.429,-0.054,-0.465,
-0.338,-0.368,-0.062,-0.425,
-0.313,-0.341,-0.066,-0.384,
-0.355,-0.388,-0.068,-0.429,
-0.41,-0.444,-0.055,-0.497,
-0.358,-0.395,-0.054,-0.478,
-0.369,-0.4,-0.046,-0.444,
-0.35,-0.385,-0.052,-0.459,
-0.338,-0.377,-0.058,-0.414,
-0.373,-0.412,-0.047,-0.503,
-0.372,-0.421,-0.038,-0.446,
-0.355,-0.389,-0.052,-0.468,
-0.322,-0.351,-0.043,-0.392,
-0.332,-0.364,-0.053,-0.409,
-0.38,-0.425,-0.043,-0.451,
-0.344,-0.376,-0.032,-0.406,
-0.367,-0.415,-0.052,-0.462,
-0.355,-0.4,-0.041,-0.462,
-0.362,-0.39,-0.06,-0.44,
-0.382,-0.416,-0.035,-0.451,
-0.218,-0.232,-0.066,-0.271,
-0.342,-0.382,-0.037,-0.408,
-0.357,-0.396,-0.047,-0.418,
-0.324,-0.347,-0.056,-0.428,
-0.324,-0.369,-0.05,-0.415,
-0.313,-0.343,-0.056,-0.397,
-0.375,-0.418,-0.047,-0.441,
-0.23,-0.251,-0.06,-0.26,
-0.387,-0.421,-0.066,-0.462,
-0.386,-0.423,-0.058,-0.488,
-0.393,-0.43,-0.048,-0.493,
-0.334,-0.362,-0.064,-0.422,
-0.363,-0.415,-0.068,-0.437,
-0.305,-0.321,-0.043,-0.412,
-0.341,-0.388,-0.042,-0.423,
-0.271,-0.294,-0.055,-0.333,
-0.335,-0.365,-0.052,-0.413,
-0.377,-0.428,-0.045,-0.474,
-0.361,-0.402,-0.047,-0.433,
-0.34,-0.371,-0.052,-0.412,
-0.358,-0.397,-0.066,-0.437,
-0.352,-0.413,-0.053,-0.433,
-0.377,-0.421,-0.044,-0.446,
-0.362,-0.405,-0.073,-0.441,
-0.371,-0.416,-0.045,-0.433,
-0.339,-0.36,-0.054,-0.421,
-0.325,-0.37,-0.048,-0.433,
-0.39,-0.441,-0.057,-0.457,
-0.385,-0.435,-0.067,-0.483,
-0.349,-0.381,-0.038,-0.459,
-0.372,-0.424,-0.042,-0.438,
-0.37,-0.405,-0.058,-0.442,
-0.449,-0.498,-0.055,-0.536,
-0.348,-0.364,-0.053,-0.441,
-0.352,-0.394,-0.027,-0.432,
-0.366,-0.405,-0.037,-0.452,
-0.371,-0.407,-0.039,-0.437,
-0.358,-0.397,-0.039,-0.42,
-0.3,-0.344,-0.054,-0.39,
-0.31,-0.32,-0.064,-0.407,
-0.365,-0.413,-0.036,-0.446,
-0.356,-0.388,-0.036,-0.427,
-0.346,-0.38,-0.066,-0.395,
-0.302,-0.317,-0.057,-0.385,
-0.356,-0.392,-0.064,-0.421,
-0.307,-0.337,-0.056,-0.386,
-0.322,-0.373,-0.043,-0.396,
-0.347,-0.377,-0.076,-0.427,
-0.388,-0.431,-0.042,-0.459,
-0.229,-0.234,-0.057,-0.349,
-0.353,-0.367,-0.057,-0.453,
-0.368,-0.416,-0.046,-0.445,
-0.397,-0.428,-0.063,-0.508,
-0.368,-0.4,-0.048,-0.448,
-0.255,-0.264,-0.055,-0.418,
-0.24,-0.244,-0.042,-0.35,
-0.352,-0.401,-0.051,-0.433,
-0.343,-0.388,-0.052,-0.407,
-0.321,-0.353,-0.042,-0.407,
-0.389,-0.416,-0.038,-0.474,
-0.344,-0.375,-0.049,-0.408,
-0.313,-0.343,-0.03,-0.443,
-0.347,-0.38,-0.043,-0.425,
-0.323,-0.341,-0.042,-0.443,
-0.375,-0.408,-0.051,-0.442,
-0.338,-0.388,-0.051,-0.42,
-0.377,-0.418,-0.055,-0.43,
-0.325,-0.371,-0.055,-0.394,
-0.369,-0.399,-0.026,-0.456,
-0.324,-0.338,-0.045,-0.411,
-0.345,-0.386,-0.045,-0.393,
-0.346,-0.384,-0.062,-0.402,
-0.357,-0.405,-0.068,-0.439,
-0.349,-0.389,-0.045,-0.406,
-0.341,-0.358,-0.067,-0.459,
-0.318,-0.346,-0.022,-0.425,
-0.378,-0.408,-0.061,-0.442,
-0.342,-0.379,-0.042,-0.418,
-0.361,-0.393,-0.06,-0.423,
-0.368,-0.41,-0.064,-0.42,
-0.35,-0.401,-0.034,-0.415,
-0.391,-0.434,-0.058,-0.479,
-0.362,-0.403,-0.046,-0.466,
-0.332,-0.331,-0.062,-0.475,
-0.369,-0.422,-0.076,-0.455,
-0.358,-0.389,-0.062,-0.436,
-0.388,-0.416,-0.073,-0.478,
-0.343,-0.384,-0.061,-0.429,
-0.368,-0.409,-0.063,-0.439,
-0.24,-0.249,-0.056,-0.328,
-0.346,-0.361,-0.064,-0.441,
-0.419,-0.443,-0.058,-0.532,
-0.318,-0.364,-0.021,-0.453,
-0.366,-0.406,-0.043,-0.424,
-0.38,-0.432,-0.052,-0.443,
-0.329,-0.361,-0.056,-0.409,
-0.366,-0.4,-0.058,-0.462,
-0.372,-0.414,-0.068,-0.441,
-0.352,-0.38,-0.065,-0.419,
-0.361,-0.405,-0.034,-0.445,
-0.31,-0.342,-0.042,-0.405,
-0.368,-0.408,-0.047,-0.449,
-0.38,-0.419,-0.023,-0.446,
-0.37,-0.421,-0.068,-0.472,
-0.358,-0.397,-0.059,-0.419,
-0.374,-0.417,-0.054,-0.435,
-0.369,-0.409,-0.056,-0.431,
-0.244,-0.271,-0.028,-0.316,
-0.219,-0.239,-0.035,-0.283,
-0.289,-0.338,-0.063,-0.374,
-0.256,-0.286,-0.043,-0.322,
-0.25,-0.27,-0.054,-0.334,
-0.267,-0.275,-0.049,-0.342,
-0.163,-0.168,-0.05,-0.203,
-0.258,-0.283,-0.048,-0.311,
-0.2,-0.205,-0.053,-0.24,
-0.256,-0.273,-0.047,-0.347,
-0.264,-0.294,-0.055,-0.325,
-0.222,-0.258,-0.047,-0.264,
-0.193,-0.214,-0.034,-0.256,
-0.221,-0.23,-0.053,-0.304,
-0.25,-0.267,-0.062,-0.301,
-0.222,-0.242,-0.048,-0.273,
-0.25,-0.267,-0.051,-0.325,
-0.224,-0.243,-0.06,-0.272,
-0.215,-0.221,-0.043,-0.287,
-0.238,-0.262,-0.048,-0.341,
-0.23,-0.26,-0.06,-0.301,
-0.221,-0.222,-0.034,-0.306,
-0.209,-0.226,-0.03,-0.281,
-0.206,-0.22,-0.05,-0.251,
-0.231,-0.251,-0.062,-0.292,
-0.211,-0.233,-0.061,-0.245,
-0.23,-0.245,-0.065,-0.297,
-0.185,-0.199,-0.032,-0.282,
-0.236,-0.254,-0.035,-0.352,
-0.224,-0.233,-0.075,-0.288,
-0.239,-0.268,-0.043,-0.331,
-0.248,-0.267,-0.059,-0.313,
-0.23,-0.25,-0.05,-0.28,
-0.281,-0.299,-0.071,-0.353,
-0.224,-0.24,-0.057,-0.295,
-0.241,-0.258,-0.062,-0.341,
-0.225,-0.25,-0.056,-0.295,
-0.222,-0.248,-0.029,-0.282,
-0.261,-0.285,-0.074,-0.319,
-0.222,-0.249,-0.043,-0.311,
-0.211,-0.232,-0.045,-0.259,
-0.29,-0.319,-0.055,-0.343,
-0.214,-0.243,-0.033,-0.286,
-0.229,-0.243,-0.045,-0.285,
-0.239,-0.24,-0.052,-0.333,
-0.24,-0.26,-0.056,-0.328,
-0.212,-0.219,-0.058,-0.291,
-0.251,-0.266,-0.053,-0.352,
-0.254,-0.277,-0.069,-0.308,
-0.219,-0.23,-0.074,-0.282,
-0.246,-0.266,-0.038,-0.326,
-0.224,-0.244,-0.04,-0.3,
-0.241,-0.266,-0.04,-0.283,
-0.173,-0.185,-0.031,-0.233,
-0.246,-0.262,-0.052,-0.312,
-0.183,-0.203,-0.04,-0.237,
-0.241,-0.25,-0.052,-0.333,
-0.25,-0.282,-0.058,-0.296,
-0.223,-0.23,-0.066,-0.302,
-0.229,-0.252,-0.055,-0.335,
-0.222,-0.231,-0.057,-0.312,
-0.208,-0.236,-0.078,-0.282,
-0.255,-0.267,-0.035,-0.362,
-0.31,-0.348,-0.059,-0.372,
-0.242,-0.255,-0.065,-0.318,
-0.216,-0.221,-0.061,-0.292,
-0.215,-0.233,-0.06,-0.281,
-0.246,-0.262,-0.049,-0.329,
-0.251,-0.254,-0.076,-0.339,
-0.264,-0.27,-0.051,-0.358,
-0.261,-0.276,-0.059,-0.348,
-0.239,-0.269,-0.033,-0.303,
-0.249,-0.262,-0.048,-0.33,
-0.24,-0.251,-0.064,-0.304,
-0.239,-0.258,-0.048,-0.32,
-0.21,-0.231,-0.072,-0.28,
-0.201,-0.215,-0.066,-0.296,
-0.338,-0.369,-0.047,-0.416,
-0.24,-0.246,-0.059,-0.377,
-0.208,-0.218,-0.063,-0.288,
-0.231,-0.275,-0.056,-0.298,
-0.063,-0.052,-0.033,-0.133,
-0.187,-0.208,-0.044,-0.218,
-0.239,-0.267,-0.044,-0.321,
-0.212,-0.221,-0.049,-0.268,
-0.259,-0.288,-0.058,-0.332,
-0.209,-0.216,-0.07,-0.295,
-0.24,-0.255,-0.054,-0.294,
-0.218,-0.22,-0.061,-0.351,
-0.257,-0.28,-0.06,-0.316,
-0.264,-0.276,-0.065,-0.327,
-0.249,-0.255,-0.061,-0.336,
-0.265,-0.288,-0.035,-0.34,
-0.221,-0.218,-0.066,-0.385,
-0.209,-0.21,-0.034,-0.298,
-0.174,-0.206,-0.033,-0.223,
-0.178,-0.174,-0.04,-0.333,
-0.201,-0.202,-0.066,-0.287,
-0.099,-0.096,-0.035,-0.141,
-0.233,-0.232,-0.057,-0.306,
-0.249,-0.265,-0.055,-0.298,
-0.245,-0.261,-0.034,-0.324,
-0.229,-0.25,-0.037,-0.338,
-0.27,-0.288,-0.065,-0.34,
-0.292,-0.319,-0.058,-0.408,
-0.196,-0.223,-0.032,-0.273,
-0.269,-0.311,-0.052,-0.33,
-0.215,-0.227,-0.064,-0.296,
-0.271,-0.289,-0.05,-0.369,
-0.202,-0.215,-0.045,-0.245,
-0.218,-0.232,-0.07,-0.295,
-0.244,-0.268,-0.046,-0.284,
-0.221,-0.244,-0.071,-0.276,
-0.228,-0.224,-0.058,-0.349,
-0.244,-0.264,-0.041,-0.336,
-0.226,-0.249,-0.048,-0.27,
-0.243,-0.252,-0.049,-0.346,
-0.223,-0.254,-0.062,-0.272,
-0.247,-0.293,-0.062,-0.314,
-0.197,-0.216,-0.053,-0.275,
-0.235,-0.246,-0.038,-0.305,
-0.199,-0.205,-0.052,-0.282,
-0.247,-0.274,-0.061,-0.317,
-0.229,-0.258,-0.062,-0.324,
-0.25,-0.266,-0.038,-0.342,
-0.272,-0.291,-0.051,-0.334,
-0.269,-0.289,-0.043,-0.365,
-0.222,-0.22,-0.039,-0.34,
-0.228,-0.237,-0.06,-0.29,
-0.257,-0.265,-0.042,-0.33,
-0.293,-0.331,-0.059,-0.415,
-0.247,-0.256,-0.051,-0.329,
-0.26,-0.283,-0.063,-0.304,
-0.251,-0.279,-0.041,-0.313,
-0.177,-0.182,-0.062,-0.255,
-0.246,-0.256,-0.061,-0.352,
-0.213,-0.228,-0.054,-0.273,
-0.227,-0.248,-0.047,-0.323,
-0.258,-0.275,-0.051,-0.313,
-0.189,-0.199,-0.037,-0.236,
-0.279,-0.31,-0.054,-0.349,
-0.245,-0.253,-0.049,-0.314,
-0.218,-0.233,-0.07,-0.256,
-0.218,-0.241,-0.072,-0.27,
-0.265,-0.287,-0.043,-0.328,
-0.261,-0.288,-0.053,-0.322,
-0.119,-0.119,-0.062,-0.198,
-0.231,-0.259,-0.037,-0.309,
-0.25,-0.266,-0.051,-0.297,
-0.261,-0.284,-0.046,-0.338,
-0.253,-0.278,-0.061,-0.332,
-0.248,-0.261,-0.046,-0.33,
-0.188,-0.173,-0.048,-0.341,
-0.196,-0.221,-0.062,-0.264,
-0.188,-0.204,-0.054,-0.263,
-0.217,-0.227,-0.049,-0.301,
-0.267,-0.279,-0.037,-0.352,
-0.207,-0.221,-0.059,-0.267,
-0.25,-0.251,-0.046,-0.349,
-0.237,-0.244,-0.07,-0.349,
-0.222,-0.239,-0.035,-0.278,
-0.235,-0.275,-0.049,-0.318,
-0.215,-0.243,-0.036,-0.293,
-0.194,-0.199,-0.048,-0.279,
-0.228,-0.228,-0.053,-0.366,
-0.229,-0.234,-0.039,-0.355,
-0.261,-0.285,-0.057,-0.32,
-0.21,-0.232,-0.051,-0.284,
-0.209,-0.233,-0.049,-0.266,
-0.246,-0.264,-0.048,-0.324,
-0.268,-0.286,-0.048,-0.402,
-0.272,-0.296,-0.065,-0.339,
-0.212,-0.226,-0.042,-0.281,
-0.191,-0.174,-0.063,-0.364,
-0.221,-0.237,-0.049,-0.288,
-0.205,-0.218,-0.049,-0.258,
-0.224,-0.236,-0.038,-0.314,
-0.272,-0.284,-0.056,-0.372,
-0.253,-0.261,-0.044,-0.337,
-0.281,-0.305,-0.061,-0.404,
-0.237,-0.258,-0.058,-0.314,
-0.174,-0.187,-0.06,-0.254,
-0.208,-0.219,-0.036,-0.295,
-0.243,-0.251,-0.069,-0.313,
-0.216,-0.231,-0.074,-0.281,
-0.284,-0.292,-0.065,-0.366,
-0.25,-0.271,-0.052,-0.318,
-0.239,-0.25,-0.071,-0.334,
-0.301,-0.323,-0.068,-0.383,
-0.252,-0.264,-0.058,-0.356,
-0.202,-0.211,-0.076,-0.258,
-0.211,-0.222,-0.05,-0.306,
-0.194,-0.195,-0.056,-0.264,
-0.231,-0.237,-0.053,-0.312,
-0.218,-0.234,-0.059,-0.299,
-0.221,-0.238,-0.039,-0.282,
-0.28,-0.303,-0.068,-0.396,
-0.26,-0.279,-0.062,-0.348,
-0.242,-0.269,-0.002,-0.302,
-0.206,-0.221,-0.054,-0.312,
-0.221,-0.235,-0.075,-0.281,
-0.245,-0.256,-0.07,-0.308,
-0.267,-0.288,-0.028,-0.365,
-0.222,-0.23,-0.074,-0.286,
-0.205,-0.216,-0.043,-0.276,
-0.233,-0.254,-0.057,-0.288,
-0.228,-0.24,-0.067,-0.297,
-0.256,-0.291,-0.052,-0.317,
-0.217,-0.216,-0.061,-0.311,
-0.282,-0.296,-0.071,-0.373,
-0.281,-0.318,-0.05,-0.361,
-0.262,-0.289,-0.044,-0.362,
-0.233,-0.236,-0.074,-0.336,
-0.233,-0.24,-0.054,-0.3,
-0.214,-0.243,-0.041,-0.283,
-0.222,-0.245,-0.059,-0.267,
-0.221,-0.242,-0.053,-0.302,
-0.221,-0.222,-0.049,-0.318,
-0.217,-0.232,-0.044,-0.265,
-0.213,-0.241,-0.031,-0.306,
-0.216,-0.234,-0.033,-0.281,
-0.194,-0.21,-0.051,-0.273,
-0.272,-0.28,-0.064,-0.382,
-0.242,-0.248,-0.049,-0.33,
-0.226,-0.241,-0.066,-0.306,
-0.263,-0.282,-0.059,-0.32,
-0.233,-0.242,-0.067,-0.331,
-0.232,-0.236,-0.041,-0.305,
-0.234,-0.25,-0.06,-0.31,
-0.262,-0.278,-0.069,-0.308,
-0.248,-0.265,-0.034,-0.333,
-0.226,-0.233,-0.057,-0.283,
-0.247,-0.266,-0.053,-0.322,
-0.237,-0.264,-0.053,-0.293,
-0.176,-0.18,-0.069,-0.252,
-0.235,-0.253,-0.059,-0.333,
-0.226,-0.238,-0.05,-0.276,
-0.225,-0.235,-0.061,-0.263,
-0.254,-0.278,-0.069,-0.315,
-0.295,-0.296,-0.066,-0.4,
-0.21,-0.216,-0.068,-0.29,
-0.228,-0.247,-0.077,-0.275,
-0.187,-0.189,-0.049,-0.25,
-0.256,-0.273,-0.055,-0.34,
-0.171,-0.191,-0.036,-0.363,
-0.253,-0.265,-0.058,-0.312,
-0.218,-0.241,-0.053,-0.259,
-0.252,-0.264,-0.045,-0.36,
-0.277,-0.299,-0.047,-0.366,
-0.289,-0.303,-0.056,-0.369,
-0.243,-0.25,-0.037,-0.348,
-0.165,-0.174,-0.023,-0.338,
-0.225,-0.241,-0.054,-0.308,
-0.249,-0.272,-0.071,-0.328,
-0.251,-0.266,-0.055,-0.338,
-0.258,-0.282,-0.071,-0.344,
-0.237,-0.252,-0.053,-0.292,
-0.261,-0.3,-0.07,-0.307,
-0.221,-0.22,-0.05,-0.312,
-0.237,-0.254,-0.041,-0.306,
-0.198,-0.183,-0.049,-0.336,
-0.206,-0.222,-0.049,-0.27,
-0.254,-0.275,-0.051,-0.302,
-0.215,-0.229,-0.042,-0.277,
-0.238,-0.255,-0.06,-0.296,
-0.242,-0.249,-0.062,-0.335,
-0.258,-0.272,-0.057,-0.349,
-0.24,-0.251,-0.053,-0.32,
-0.244,-0.255,-0.059,-0.337,
-0.188,-0.205,-0.046,-0.29,
-0.232,-0.227,-0.039,-0.333,
-0.203,-0.218,-0.052,-0.291,
-0.239,-0.256,-0.067,-0.316,
-0.229,-0.257,-0.046,-0.273,
-0.21,-0.236,-0.054,-0.262,
-0.251,-0.272,-0.055,-0.314,
-0.249,-0.283,-0.049,-0.309,
-0.225,-0.239,-0.061,-0.307,
-0.201,-0.207,-0.058,-0.284,
-0.186,-0.2,-0.042,-0.251,
-0.225,-0.247,-0.045,-0.274,
-0.205,-0.214,-0.039,-0.275,
-0.156,-0.155,-0.041,-0.256,
-0.185,-0.206,-0.028,-0.238,
-0.221,-0.235,-0.058,-0.277,
-0.265,-0.284,-0.047,-0.35,
-0.285,-0.312,-0.064,-0.332,
-0.249,-0.264,-0.058,-0.324,
-0.257,-0.273,-0.047,-0.334,
-0.253,-0.263,-0.041,-0.343,
-0.203,-0.207,-0.062,-0.356,
-0.242,-0.264,-0.035,-0.325,
-0.236,-0.253,-0.044,-0.309,
-0.255,-0.273,-0.078,-0.329,
-0.311,-0.359,-0.064,-0.397,
-0.25,-0.271,-0.063,-0.295,
-0.208,-0.221,-0.045,-0.254,
-0.249,-0.264,-0.048,-0.31,
-0.204,-0.21,-0.06,-0.266,
-0.203,-0.207,-0.059,-0.267,
-0.237,-0.258,-0.064,-0.309,
-0.198,-0.21,-0.064,-0.289,
-0.245,-0.272,-0.056,-0.301,
-0.178,-0.194,-0.065,-0.221,
-0.226,-0.239,-0.057,-0.291,
-0.239,-0.253,-0.037,-0.318,
-0.222,-0.225,-0.035,-0.32,
-0.245,-0.246,-0.049,-0.331,
-0.269,-0.282,-0.059,-0.35,
-0.244,-0.25,-0.04,-0.365,
-0.256,-0.269,-0.053,-0.344,
-0.218,-0.2,-0.068,-0.329,
-0.257,-0.28,-0.081,-0.297,
-0.241,-0.252,-0.053,-0.301,
-0.226,-0.235,-0.063,-0.285,
-0.233,-0.252,-0.021,-0.288,
-0.227,-0.251,-0.041,-0.272,
-0.237,-0.258,-0.038,-0.297,
-0.251,-0.261,-0.034,-0.367,
-0.257,-0.265,-0.055,-0.358,
-0.203,-0.202,-0.058,-0.294,
-0.239,-0.257,-0.054,-0.321,
-0.28,-0.302,-0.057,-0.366,
-0.212,-0.225,-0.048,-0.273,
-0.259,-0.278,-0.067,-0.322,
-0.234,-0.255,-0.049,-0.306,
-0.251,-0.271,-0.044,-0.394,
-0.255,-0.287,-0.062,-0.328,
-0.233,-0.257,-0.048,-0.284,
-0.226,-0.251,-0.029,-0.297,
-0.21,-0.218,-0.049,-0.277,
-0.251,-0.262,-0.056,-0.33,
-0.172,-0.174,-0.073,-0.273,
-0.231,-0.247,-0.054,-0.315,
-0.235,-0.236,-0.052,-0.339,
-0.286,-0.296,-0.077,-0.382,
-0.228,-0.237,-0.054,-0.34,
-0.212,-0.242,-0.049,-0.274,
-0.255,-0.281,-0.047,-0.334,
-0.249,-0.272,-0.072,-0.311,
-0.232,-0.237,-0.062,-0.373,
-0.211,-0.229,-0.057,-0.264,
-0.233,-0.254,-0.083,-0.34,
-0.256,-0.259,-0.043,-0.339,
-0.265,-0.277,-0.07,-0.35,
-0.165,-0.159,-0.049,-0.305,
-0.26,-0.272,-0.05,-0.39,
-0.271,-0.297,-0.04,-0.372,
-0.228,-0.235,-0.04,-0.312,
-0.237,-0.25,-0.066,-0.306,
-0.275,-0.292,-0.08,-0.352,
-0.219,-0.235,-0.036,-0.288,
-0.179,-0.184,-0.065,-0.226,
-0.242,-0.26,0.001,-0.335,
-0.259,-0.281,-0.043,-0.339,
-0.262,-0.3,-0.076,-0.34,
-0.246,-0.282,-0.062,-0.326,
-0.195,-0.226,-0.071,-0.245,
-0.233,-0.245,-0.053,-0.296,
-0.208,-0.224,-0.053,-0.24,
-0.271,-0.299,-0.049,-0.332,
-0.209,-0.215,-0.043,-0.349,
-0.206,-0.221,-0.041,-0.277,
-0.178,-0.181,-0.042,-0.296,
-0.199,-0.188,-0.042,-0.317,
-0.268,-0.294,-0.035,-0.358,
-0.235,-0.249,-0.04,-0.315,
-0.178,-0.19,-0.037,-0.276,
-0.267,-0.289,-0.054,-0.357,
-0.217,-0.243,-0.035,-0.266,
-0.26,-0.273,-0.061,-0.342,
-0.221,-0.229,-0.051,-0.313,
-0.245,-0.25,-0.047,-0.329,
-0.286,-0.313,-0.067,-0.335,
-0.294,-0.322,-0.049,-0.355,
-0.252,-0.278,-0.041,-0.302,
-0.199,-0.208,-0.059,-0.263,
-0.215,-0.219,-0.063,-0.305,
-0.247,-0.239,-0.082,-0.319,
-0.261,-0.286,-0.055,-0.322,
-0.266,-0.276,-0.055,-0.352,
-0.215,-0.224,-0.046,-0.273,
-0.191,-0.194,-0.055,-0.271,
-0.194,-0.17,-0.057,-0.402,
-0.366,-0.405,-0.058,-0.426,
-0.362,-0.401,-0.04,-0.424,
-0.341,-0.374,-0.052,-0.417,
-0.347,-0.386,-0.049,-0.401,
-0.353,-0.392,-0.082,-0.445,
-0.363,-0.395,-0.064,-0.432,
-0.348,-0.402,-0.042,-0.414,
-0.314,-0.339,-0.066,-0.44,
-0.335,-0.373,-0.052,-0.445,
-0.324,-0.36,-0.038,-0.42,
-0.259,-0.234,-0.065,-0.396,
-0.339,-0.372,-0.065,-0.401,
-0.368,-0.402,-0.075,-0.428,
-0.296,-0.319,-0.038,-0.428,
-0.359,-0.403,-0.038,-0.415,
-0.344,-0.382,-0.028,-0.425,
-0.376,-0.406,-0.049,-0.453,
-0.36,-0.406,-0.036,-0.47,
-0.378,-0.414,-0.032,-0.47,
-0.366,-0.405,-0.029,-0.443,
-0.359,-0.389,-0.066,-0.44,
-0.276,-0.311,-0.057,-0.44,
-0.369,-0.412,-0.061,-0.433,
-0.266,-0.272,-0.062,-0.34,
-0.342,-0.369,-0.062,-0.413,
-0.384,-0.42,-0.068,-0.463,
-0.358,-0.392,-0.061,-0.405,
-0.357,-0.396,-0.044,-0.434,
-0.254,-0.272,-0.044,-0.315,
-0.365,-0.386,-0.04,-0.452,
-0.382,-0.422,-0.039,-0.47,
-0.364,-0.405,-0.042,-0.421,
-0.179,-0.186,-0.063,-0.238,
-0.222,-0.248,-0.058,-0.281,
-0.375,-0.406,-0.052,-0.436,
-0.204,-0.22,-0.051,-0.246,
-0.264,-0.279,-0.077,-0.363,
-0.292,-0.314,-0.052,-0.375,
-0.197,-0.212,0.067,-0.353,
-0.242,-0.265,-0.052,-0.277,
-0.23,-0.252,-0.05,-0.284,
-0.248,-0.275,-0.053,-0.298,
-0.23,-0.242,-0.053,-0.331,
-0.245,-0.267,-0.057,-0.319,
-0.249,-0.266,-0.048,-0.328,
-0.21,-0.222,-0.066,-0.295,
-0.208,-0.224,-0.04,-0.268,
-0.253,-0.266,-0.069,-0.329,
-0.419,-0.46,-0.031,-0.544,
-0.336,-0.368,-0.051,-0.402,
-0.337,-0.366,-0.06,-0.41,
-0.32,-0.357,-0.053,-0.468,
-0.341,-0.372,-0.042,-0.415,
-0.34,-0.379,-0.05,-0.417,
-0.337,-0.375,-0.044,-0.418,
-0.361,-0.406,-0.044,-0.442,
-0.314,-0.348,-0.053,-0.369,
-0.36,-0.397,-0.075,-0.418,
-0.323,-0.357,-0.043,-0.395,
-0.322,-0.34,-0.042,-0.417,
-0.303,-0.342,-0.05,-0.379,
-0.369,-0.404,-0.047,-0.483,
-0.399,-0.438,-0.079,-0.484,
-0.358,-0.373,-0.048,-0.484,
-0.229,-0.249,-0.068,-0.312,
-0.189,-0.182,-0.088,-0.287,
-0.246,-0.269,-0.063,-0.32,
-0.232,-0.247,-0.052,-0.32,
-0.198,-0.212,-0.04,-0.267,
-0.239,-0.264,-0.051,-0.301,
-0.204,-0.197,-0.063,-0.301,
-0.238,-0.264,-0.046,-0.283,
-0.212,-0.212,-0.059,-0.304,
-0.246,-0.259,-0.061,-0.341,
-0.225,-0.253,-0.056,-0.304,
-0.226,-0.222,-0.061,-0.309,
-0.194,-0.215,-0.047,-0.248,
-0.251,-0.257,-0.043,-0.347,
-0.246,-0.27,-0.054,-0.304,
-0.232,-0.247,-0.067,-0.333,


-0.028,-0.029,0.04,-0.088,
0.082,0.038,0.238,-0.026,
0.012,0.017,0.073,-0.074,
0.079,0.074,0.174,-0.04,
-0.042,-0.026,0.077,-0.248,
0.033,0,0.169,0,
0.038,0.03,0.123,-0.115,
0.024,0.063,0.125,-0.159,
-0.029,-0.029,0.041,-0.096,
-0.033,-0.01,0.071,-0.221,
-0.005,-0.008,0.077,-0.089,
-0.001,-0.01,0.152,-0.075,
0.026,0.03,0.126,-0.131,
0.058,0.072,0.184,-0.11,
0.011,0.019,0.078,-0.094,
0.007,0.004,0.119,-0.057,
-0.008,-0,0.086,-0.111,
0.138,0.166,0.239,-0.098,
0.069,0.096,0.146,-0.007,
0.116,0.108,0.169,0.05,
-0.081,-0.119,0.168,-0.247,
-0.041,-0.045,0.01,-0.081,
-0.018,0,0.196,-0.238,
0.142,0.17,0.294,0,
0.108,0.112,0.252,-0.016,
-0.007,-0.002,0.237,-0.217,
0.001,0,0.009,0,
-0.005,-0.009,0.068,-0.058,
0.196,0.208,0.273,-0.015,
0.003,0.003,0.121,-0.123,
0.062,0.083,0.141,-0.032,
0,0,0,0,
0,0,0,0,
0.021,0.009,0.12,-0.078,
-0.001,0,0.001,-0.01,
-0.03,-0.03,0.076,-0.119,
-0.003,-0,0.059,-0.085,
0,0,0,0,
-0.042,-0.048,0.109,-0.211,
-0.008,-0.021,0.107,-0.09,
0.09,0.15,0.218,-0.188,
0.048,0.08,0.146,-0.179,
0.004,-0.008,0.166,-0.048,
-0.006,0.025,0.092,-0.277,
0.102,0.085,0.254,0,
-0.008,0.004,0.062,-0.074,
0.114,0.134,0.196,-0.02,
-0.002,-0.003,0.073,-0.068,
0.014,0.003,0.091,-0.037,
0.014,0.04,0.193,-0.168,
0.195,0.229,0.272,0.003,
-0.006,0.013,0.099,-0.174,
0.06,0.097,0.241,-0.166,
0.122,0.169,0.265,-0.094,
0.019,-0.004,0.186,-0.091,
0.12,0.139,0.271,-0.107,
-0.012,-0.007,0.063,-0.101,
-0.015,-0.007,0.135,-0.192,
-0.005,-0.011,0.108,-0.071,
0.162,0.143,0.299,-0.027,
-0.01,0,0.126,-0.102,
0.104,0.115,0.275,-0.079,
-0.022,0,0.043,-0.187,
0.006,0.002,0.137,-0.092,
-0.007,0.006,0.059,-0.143,
0.008,0,0.163,-0.085,
-0.005,-0.001,0.054,-0.079,
0.195,0.207,0.25,-0.016,
0.011,0.019,0.158,-0.112,
-0.016,0,0,-0.102,
0.082,0.072,0.145,0.022,
0.028,0.016,0.13,-0.036,
0.023,0.027,0.068,-0.017,
0,0,0,0,
0.201,0.248,0.288,0.01,
-0.034,-0.03,0.033,-0.129,
0.05,0.058,0.137,-0.08,
0.077,0.053,0.237,-0.041,
0.028,0.029,0.103,-0.043,
0.034,0.031,0.136,-0.131,
-0.007,-0.009,0.16,-0.164,
0.055,0.042,0.201,-0.17,
0.007,0,0.063,0,
-0.019,-0.035,0.072,-0.063,
-0.04,-0.03,0.051,-0.135,
0.015,-0.002,0.175,-0.083,
0.077,0.091,0.185,-0.027,
0.024,0.011,0.086,-0.019,
0,0,0,0,
-0.021,-0.002,0.047,-0.103,
-0.011,-0.022,0.088,-0.087,
0.005,0.003,0.032,-0.019,
-0.006,-0.002,0.069,-0.058,
-0.031,-0.028,0.108,-0.198,
0,0,0.002,0,
-0.02,-0.011,0.021,-0.093,
0.014,0.007,0.095,-0.082,
-0.056,-0.035,0.012,-0.201,
0.003,0.022,0.185,-0.202,
0.064,0.044,0.316,-0.038,
0.047,0.052,0.212,-0.108,
0.035,0.043,0.161,-0.108,
0.047,0.057,0.109,-0.012,
0,0,0,0,
0.002,-0.009,0.083,-0.07,
0.001,0.001,0.046,-0.05,
0.073,0.08,0.196,-0.01,
0.09,0.112,0.266,-0.156,
0.032,0.039,0.081,-0.031,
-0.016,-0.005,0.07,-0.123,
-0.012,0.003,0.041,-0.117,
-0.044,-0.042,0.189,-0.173,
0.133,0.136,0.291,-0.042,
0.087,0.089,0.151,-0.025,
0.053,0.051,0.106,0.012,
0.023,0.032,0.13,-0.066,
0.192,0.216,0.292,-0.013,
0.039,0.028,0.146,-0.027,
-0.062,-0.054,0.015,-0.215,
0.004,0.003,0.065,-0.059,
0.145,0.185,0.215,-0.011,
0.115,0.12,0.27,-0.05,
0.052,0.051,0.115,-0.044,
0.104,0.096,0.217,-0.008,
-0.037,-0.083,0.174,-0.17,
-0.038,-0.032,0.049,-0.194,
0.04,0.04,0.147,-0.084,
0.006,0.022,0.079,-0.074,
0.009,0.009,0.043,-0.052,
-0.032,-0.024,0.11,-0.161,
-0.01,0.013,0.041,-0.239,
-0.034,-0.042,0.117,-0.211,
-0.005,0,0.118,-0.242,
0.05,0.04,0.113,-0.008,
0.076,0.095,0.188,-0.094,
0.046,0,0.179,-0.008,
-0.01,0,0,-0.05,
0.061,0.029,0.239,-0.033,
0.042,0.041,0.223,-0.153,
-0.043,-0.065,0.155,-0.155,
-0.001,-0.012,0.168,-0.11,
-0.001,0,0,-0.005,
-0.053,-0.057,0.09,-0.185,
0.07,0.081,0.195,-0.055,
-0.045,-0.021,0.119,-0.171,
0.213,0.262,0.312,-0.117,
0.04,0.013,0.147,0,
0.008,0.017,0.047,-0.038,
-0.041,-0.033,0.005,-0.132,
-0.01,0.004,0.113,-0.197,
-0.085,-0.081,0,-0.161,
0.148,0.196,0.247,-0.024,
-0.004,-0.006,0.057,-0.044,
0.069,0.044,0.214,-0.027,
0.029,0.022,0.121,-0.054,
0.046,0.034,0.28,-0.052,
-0.012,0.001,0.057,-0.203,
0.116,0.123,0.191,0.017,
0.045,0.054,0.092,-0.067,
0.049,0.042,0.132,-0.029,
0.003,0.004,0.119,-0.104,
-0.053,-0.067,0.069,-0.136,
-0.026,0.017,0.102,-0.184,
-0.059,-0.041,0,-0.194,
-0.019,-0.007,0.07,-0.101,
0.05,0.03,0.187,-0.052,
-0.028,-0.022,0.138,-0.168,
0.037,-0.001,0.312,-0.089,
0.126,0.127,0.244,-0.018,
-0.007,0.013,0.126,-0.169,
0.063,0.067,0.155,0.021,
-0.024,-0.071,0.293,-0.246,
-0.069,-0.029,0.018,-0.257,
-0.026,-0.03,0.07,-0.097,
-0.046,-0.021,0.076,-0.203,
0.072,0.033,0.317,-0.086,
-0.015,0,0.002,-0.081,
-0.072,-0.067,-0.043,-0.113,
-0.054,-0.043,0.181,-0.313,
-0.01,-0.003,0.1,-0.128,
-0.049,-0.042,0.255,-0.284,
0.145,0.204,0.254,-0.124,
0.061,0.082,0.119,-0.065,
0.031,0.038,0.129,-0.057,
0.015,0.018,0.072,-0.052,
-0.056,-0.05,0.022,-0.149,
0.197,0.25,0.337,-0.018,
0,0,0,0,
-0.002,0,0,-0.014,
0.004,-0.004,0.095,-0.093,
0.045,0.022,0.188,-0.161,
-0.028,-0.032,0.191,-0.213,
-0.035,-0.03,0.038,-0.16,
0.05,0,0.162,0,
-0.102,-0.111,-0.022,-0.19,
0.007,0.012,0.14,-0.159,
0.108,0.128,0.218,-0.027,
0.112,0.124,0.243,-0.071,
-0.028,-0.023,0.065,-0.098,
-0.042,-0.042,0.104,-0.205,
-0.01,0.002,0.066,-0.208,
0.054,0.054,0.256,-0.147,
0.031,0.036,0.147,-0.124,
-0.031,-0.052,0.222,-0.264,
-0.054,-0.036,0.035,-0.186,
-0,0.002,0.171,-0.169,
-0.025,-0.006,0.113,-0.151,
0.055,0.076,0.202,-0.145,
-0.005,0,0,-0.051,
0.061,0.056,0.17,-0.066,
-0.055,-0.051,0.07,-0.217,
-0.016,0.011,0.086,-0.212,
0.115,0.108,0.192,0,
-0.041,-0.042,0.082,-0.115,
-0.015,-0.01,0.055,-0.095,
0.077,0.083,0.181,-0.057,
0.02,0,0.256,-0.086,
0.035,0.03,0.208,-0.096,
0.073,0.084,0.152,-0.036,
0.034,0.013,0.248,-0.084,
0.007,0,0.126,-0.12,
-0.043,-0.046,0.174,-0.277,
-0.095,-0.106,0.074,-0.19,
0.031,0.009,0.124,-0.023,
0.065,0.047,0.177,-0.006,
-0.015,0.004,0.13,-0.168,
-0.017,-0.002,0.081,-0.154,
0.021,0.023,0.101,-0.045,
0.034,0.018,0.162,-0.035,
0.082,0.071,0.248,-0.083,
0.123,0.095,0.282,-0.003,
0.025,0.021,0.083,-0.021,
0.013,-0.01,0.152,-0.108,
0.011,-0.007,0.205,-0.064,
0.113,0.126,0.225,-0.006,
0.064,0.032,0.178,-0.047,
0.088,0.105,0.168,-0.043,
-0.027,0.018,0.132,-0.299,
0.021,0.032,0.09,-0.05,
0.12,0.115,0.198,0.042,
-0.024,-0.043,0.132,-0.111,
0.133,0.13,0.28,-0.016,
0,0,0,0,
0.047,0.041,0.104,-0.01,
0.134,0.134,0.24,0,
0.069,0.09,0.131,-0.053,
-0.014,-0.011,0.222,-0.182,
0.041,0.001,0.185,-0.061,
-0.053,-0.089,0.098,-0.123,
0.034,-0.002,0.173,-0.059,
0.125,0.146,0.262,-0.001,
0.045,0.099,0.239,-0.17,
0.009,0.011,0.077,-0.078,
0.092,0.096,0.187,-0.006,
0.035,0.022,0.1,-0.02,
-0.027,0.001,0.044,-0.133,
0.055,0.049,0.138,0,
0.071,0.089,0.217,-0.063,
0.004,0,0.071,-0.028,
-0.004,-0.026,0.185,-0.142,
0.048,0.033,0.184,-0.047,
-0.01,-0.009,0.132,-0.108,
0.001,0.005,0.121,-0.189,
0.034,-0.007,0.232,-0.081,
0.038,0.015,0.108,-0.026,
0.015,0.023,0.062,-0.039,
0.029,0.045,0.139,-0.103,
0.017,0.025,0.121,-0.14,
0.049,0.054,0.143,-0.063,
0.053,0.049,0.137,-0.016,
-0.038,-0.018,0.017,-0.139,
0.004,0.003,0.059,-0.063,
-0.012,-0.022,0.11,-0.117,
-0.028,-0.022,0.109,-0.164,
-0.026,-0.031,0.043,-0.07,
-0.059,-0.06,0.159,-0.234,
0.031,0.059,0.117,-0.092,
0.13,0.126,0.292,-0.071,
0.009,0.007,0.09,-0.058,
-0.032,-0,0.074,-0.176,
0.013,-0,0.269,-0.219,
-0.015,-0.007,0.022,-0.077,
0.003,0.004,0.071,-0.06,
0.043,0.078,0.154,-0.127,
-0.004,-0.007,0.089,-0.102,
-0.059,-0.041,0.024,-0.228,
-0.082,-0.084,0.018,-0.199,
0.037,0.04,0.108,-0.07,
0.048,0.049,0.355,-0.182,
0.01,0,0.112,-0.076,
0.017,0.026,0.08,-0.086,
-0.087,-0.103,0.097,-0.197,
0.006,0.005,0.089,-0.106,
-0.005,0.016,0.071,-0.177,
0.056,0.057,0.18,-0.084,
0.017,0.015,0.061,-0.047,
0.001,-0.021,0.166,-0.092,
0.11,0.084,0.234,0,
-0.01,-0.007,0.259,-0.203,
0.052,0.04,0.114,-0.01,
-0.035,-0.042,0.04,-0.099,
-0.013,-0.009,0.198,-0.248,
0.031,0.028,0.078,-0.033,
0,0,0,0,
0.018,0,0.148,-0.026,
-0.177,-0.163,-0.118,-0.275,
0.038,0.029,0.089,0,
0.237,0.282,0.312,-0.09,
0.018,0.011,0.088,-0.026,
-0.112,-0.097,0.075,-0.297,
-0.034,-0.018,0.214,-0.197,
0.062,0.084,0.184,-0.054,
0.014,0.017,0.096,-0.103,
-0.041,-0.043,0.071,-0.153,
0.071,0.149,0.278,-0.162,
-0.1,-0.103,-0.025,-0.166,
-0.002,-0.004,0.059,-0.083,
0.017,0.002,0.062,-0.022,
0.048,0.023,0.152,0,
-0.072,-0.072,0.08,-0.182,
-0.051,-0.015,0.02,-0.188,
0.101,0.1,0.233,-0.051,
0.015,-0.001,0.148,-0.092,
-0.016,0.002,0.04,-0.174,
-0.026,-0.064,0.07,-0.104,
0.026,0.013,0.158,-0.075,
-0.03,-0.024,0.185,-0.17,
-0.002,0,0,-0.017,
-0.131,-0.142,0,-0.235,
0.144,0.167,0.223,0.026,
-0.061,-0.058,0.121,-0.232,
-0.013,-0.033,0.087,-0.076,
-0.018,-0.042,0.143,-0.105,
-0.025,0,0.006,-0.21,
-0.015,-0.019,0.057,-0.069,
0.159,0.18,0.301,-0.048,
0.128,0.214,0.31,-0.088,
0.057,0.059,0.111,0.005,
0.077,0.087,0.223,-0.022,
0.085,0.081,0.157,0,
0.086,0.082,0.202,-0.026,
0.043,0.007,0.167,0,
-0.042,-0.04,-0.002,-0.091,
0.035,-0.013,0.208,-0.048,
-0.044,-0.067,0.171,-0.254,
0.016,0.017,0.091,-0.057,
0.008,-0.009,0.168,-0.117,
0.011,0.004,0.182,-0.072,
0.044,0.05,0.138,-0.07,
-0.005,-0.001,0.077,-0.064,
0.08,0.085,0.197,-0.004,
-0.031,-0.002,0.065,-0.132,
-0.001,0.024,0.092,-0.179,
-0.041,-0.059,0.157,-0.2,
-0.01,0.005,0.101,-0.172,
-0.015,-0.041,0.231,-0.142,
0.059,0.06,0.145,-0.013,
0.024,0.006,0.155,-0.106,
0.097,0.083,0.201,0.034,
0.191,0.198,0.282,0.009,
-0.013,-0.002,0.084,-0.183,
0.072,0.057,0.234,-0.074,
0.012,0.035,0.154,-0.131,
0.028,0.046,0.09,-0.101,
-0.006,-0.004,0.107,-0.135,
0.009,0.021,0.168,-0.269,
0.04,0.049,0.09,-0.081,
0.022,0.023,0.099,-0.026,
0.045,0.041,0.126,-0.04,
0.093,0.135,0.192,-0.016,
0.201,0.235,0.255,-0.002,
0.145,0.152,0.269,-0.039,
-0.035,-0.05,0.179,-0.203,
0.07,0.052,0.206,-0.01,
-0.068,-0.04,0.084,-0.246,
0.148,0.163,0.249,0.005,
-0.028,0,0.001,-0.16,
-0.035,-0.022,0.073,-0.174,
0.075,0.064,0.211,-0.009,
0.011,0.027,0.276,-0.211,
0.035,0.037,0.093,-0.035,
0.011,0.009,0.164,-0.163,
0.086,0.091,0.125,0.049,
0.005,0.009,0.08,-0.065,
0.107,0.11,0.161,0.06,
0.043,0.017,0.207,-0.037,
0.093,0.097,0.239,-0.116,
0.008,0.005,0.12,-0.065,
0.028,0.037,0.178,-0.138,
-0.014,0.013,0.068,-0.141,
0.031,0,0.185,0,
0.164,0.206,0.309,-0.131,
0.011,-0.007,0.134,-0.082,
0.055,0.091,0.209,-0.194,
0.237,0.27,0.335,-0.119,
-0.053,-0.059,0.065,-0.18,
-0.023,-0.029,0.061,-0.089,
-0.018,0.017,0.119,-0.2,
-0.001,-0.002,0.065,-0.067,
0.025,0.024,0.187,-0.081,
-0.053,-0.052,0.044,-0.155,
0.036,-0.016,0.276,-0.116,
-0.003,-0.019,0.13,-0.098,
-0,0,0,-0.001,
0,0,0,0,
0.076,0.059,0.206,-0.089,
0.019,0.005,0.136,-0.046,
-0.012,0,0.181,-0.2,
-0.04,-0.042,0.021,-0.135,
-0.02,-0.024,0.075,-0.183,
0.02,0.015,0.112,-0.045,
0,0,0,0,
0.037,0.057,0.135,-0.104,
0.077,0.081,0.281,-0.125,
0.029,0.038,0.214,-0.14,
0.045,0.043,0.098,-0.013,
-0.064,-0.035,0.044,-0.221,
-0.017,-0.005,0.074,-0.13,
0.05,0.045,0.183,-0.167,
0.013,0.005,0.071,-0.042,
0.06,0.077,0.111,-0.067,
-0.004,-0.001,0,-0.018,
0.147,0.167,0.235,0.021,
0.018,0.018,0.141,-0.064,
0.076,0.104,0.21,-0.193,
0.03,0.052,0.096,-0.126,
0.153,0.157,0.26,0.023,
0.165,0.179,0.229,-0.029,
0.06,0.075,0.201,-0.108,
0,0,0,0,
0.042,0.045,0.12,-0.069,
-0.011,0,0.082,-0.114,
0.036,0.022,0.138,-0.053,
0.001,0.015,0.11,-0.125,
0.01,0.021,0.064,-0.083,
-0.049,-0.057,0.046,-0.108,
0,0,0,0,
0.039,0.03,0.189,-0.09,
0.097,0.038,0.354,-0.014,
0.052,0.08,0.175,-0.092,
0.082,0.094,0.223,-0.08,
0,0,0,0,
0.092,0.093,0.2,-0.015,
0.037,0.065,0.223,-0.252,
-0.095,-0.089,0.023,-0.258,
-0.009,-0.001,0.073,-0.114,
-0.019,-0.037,0.104,-0.148,
0.087,0.102,0.14,-0.012,
0.065,0.074,0.115,0.002,
0.044,0.039,0.18,-0.103,
0.074,0.097,0.17,-0.037,
0.194,0.239,0.28,-0.043,
0.006,0.012,0.082,-0.08,
0.022,0.013,0.121,-0.039,
-0.004,0,0.057,-0.073,
0.017,-0.016,0.31,-0.171,
0.008,0.001,0.108,-0.079,
0.043,0.053,0.205,-0.144,
-0.065,-0.072,0.08,-0.189,
0.023,0.007,0.128,-0.062,
-0.083,-0.081,0.049,-0.191,
0.254,0.301,0.364,-0.024,
0.05,0.041,0.169,-0.101,
0.179,0.2,0.292,-0.006,
-0.001,0.042,0.167,-0.202,
0.066,0.061,0.146,-0.014,
-0.008,-0.013,0.085,-0.073,
0.007,-0.021,0.23,-0.147,
0.055,0.029,0.224,-0.033,
0.163,0.172,0.256,0.02,
0.015,0.04,0.176,-0.159,
-0.049,-0.058,0.009,-0.108,
0.001,0,0.008,0,
0.024,0.04,0.119,-0.074,
0.053,0.051,0.214,-0.237,
-0.03,-0.016,0.027,-0.082,
-0.017,-0.011,0.05,-0.145,
0.058,0.059,0.115,0.003,
-0.101,-0.118,0.041,-0.259,
0.027,0.006,0.166,-0.091,
0.126,0.15,0.26,-0.096,
0.044,0.041,0.194,-0.106,
-0.03,0,0.044,-0.158,
0,0,0,0,
-0.127,-0.129,0.001,-0.304,
0.001,0.034,0.113,-0.147,
0.055,0.035,0.184,-0.082,
-0.03,-0.001,0,-0.149,
-0.031,-0.024,0.039,-0.121,
0.065,0.069,0.169,0,
-0.012,-0.014,0.192,-0.142,
0,0,0.001,0,
0.024,0.011,0.115,-0.058,
0.204,0.264,0.31,-0.015,
0.015,0.019,0.131,-0.171,
0.009,0.005,0.079,-0.061,
0.007,0.018,0.076,-0.08,
0,0,0,0,
0.05,0.045,0.175,-0.068,
0.127,0.129,0.189,0.062,
-0.009,-0.011,0.041,-0.076,
-0.005,-0.004,0.07,-0.075,
-0.021,-0.016,0.047,-0.102,
0.019,0.024,0.186,-0.121,
0.005,-0.025,0.329,-0.429,
0.045,0.052,0.147,-0.06,
0.001,0.003,0.091,-0.136,
0.185,0.206,0.241,0.006,
0.044,0.041,0.151,-0.008,
0.011,0.009,0.076,-0.113,
0.026,0.035,0.153,-0.148,
-0.021,-0.011,0.108,-0.149,
-0.014,-0.022,0.234,-0.293,
0.005,0,0.075,-0.021,
0.079,0.075,0.164,-0.033,
0.038,0.037,0.154,-0.048,
-0.078,-0.076,0.047,-0.204,
-0.016,0.015,0.156,-0.2,
-0.033,-0.009,0.105,-0.185,
-0.04,-0.032,0.033,-0.115,
0.064,-0.003,0.304,-0.104,
-0.049,-0.052,0.143,-0.227,
-0.009,-0.04,0.151,-0.107,
0.006,0.019,0.065,-0.108,
0.088,0.091,0.276,-0.117,
0.029,0,0.163,-0.077,
0.049,0.059,0.238,-0.108,
0.093,0.115,0.159,-0.01,
-0.039,-0.04,0.064,-0.126,
-0.061,-0.064,0.085,-0.209,
-0.087,-0.097,-0.001,-0.13,
-0.007,0.003,0.12,-0.115,
0.111,0.129,0.182,0.035,
0.026,0.002,0.139,-0.082,
0.02,0.005,0.203,-0.082,
0.002,-0.002,0.064,-0.044,
0.093,0.098,0.133,0.031,
0,0,0,0,
0,0,0,0,
0.089,0.102,0.149,-0.012,
0.059,0.057,0.193,-0.065,
0.05,0.045,0.101,0.007,
-0.132,-0.143,0,-0.175,
0.014,0.016,0.019,0,
0.026,0.023,0.075,-0.029,
0.04,0.036,0.155,-0.055,
0.055,0.071,0.097,0,
0,0,0,0,
-0.024,-0.023,0.03,-0.067,
0.045,0.04,0.158,-0.052,
-0.001,0.008,0.025,-0.054,
0.054,0.055,0.132,0.002,
0.036,0.025,0.108,-0.009,
0,0,0,0,
-0.002,-0.01,0.097,-0.092,
0.091,0.101,0.165,0.004,
0.013,0.016,0.063,-0.047,
0.033,0.026,0.149,-0.109,
-0.021,-0.011,0.086,-0.13,
-0.004,-0.005,0.038,-0.06,
0.04,0.043,0.087,-0.026,
0.005,0.01,0.031,-0.043,
0.083,0.092,0.142,0.005,
-0.017,-0.021,0.139,-0.082,
-0,-0,0.042,-0.031,
0.02,0.009,0.066,-0.023,
0.031,0.003,0.115,-0.018,
0.068,0.062,0.136,0,
0.012,0.016,0.041,-0.053,
0.035,0.026,0.161,-0.079,
0.016,0.007,0.051,-0.009,
0.036,0.039,0.077,0,
0,0,0,0,
0.002,0.01,0.05,-0.067,
0.049,0.05,0.118,-0.019,
0.044,0.049,0.096,-0.045,
-0.012,-0.004,0.036,-0.062,
0.066,0.067,0.101,-0.011,
0.045,0.061,0.116,-0.044,
0.104,0.106,0.151,0.036,
0.103,0.112,0.166,0.032,
0.035,0.041,0.08,-0.058,
0.014,0.015,0.054,-0.029,
0.063,0.051,0.167,0.012,
0.029,0.018,0.11,-0.066,
0,0,0,0,
0.026,0.034,0.051,-0.029,
-0.035,-0.031,0,-0.078,
-0.007,-0.002,0.028,-0.046,
-0.071,-0.064,-0.004,-0.183,
0.142,0.141,0.23,0.042,
-0.029,-0.009,0.05,-0.172,
0.033,0.027,0.118,-0.051,
0.001,-0.004,0.032,-0.042,
0,0,0,0,
0.076,0.093,0.137,-0.019,
0.057,0.055,0.135,-0.068,
-0.001,0.003,0.102,-0.081,
0.05,0.029,0.147,-0.071,
-0.007,0.003,0.043,-0.117,
0.039,0.052,0.1,-0.041,
-0.011,-0.005,0.023,-0.054,
0.033,0.029,0.099,-0.017,
0.03,0.031,0.065,-0.001,
0.057,0.052,0.138,-0.047,
0.117,0.128,0.17,0.019,
0.049,0.032,0.12,-0.015,
0.055,0.057,0.099,0.011,
0.008,0.006,0.097,-0.103,
0.047,0.05,0.094,-0.011,
-0.026,-0.02,0,-0.074,
0.026,0.035,0.095,-0.019,
0.052,0.046,0.144,-0.038,
0.075,0.082,0.203,-0.014,
0.035,0.021,0.114,-0.027,
0,0,0,0,
0.065,0.065,0.139,0,
-0.056,-0.058,0,-0.118,
-0.009,-0.01,0.014,-0.026,
0.046,0.047,0.145,-0.069,
0.033,0.028,0.09,0.004,
0.019,0.013,0.074,-0.036,
0.036,0.037,0.093,-0.014,
-0.017,-0.007,0.014,-0.098,
0.044,0.029,0.21,-0.062,
0.031,0.021,0.119,-0.025,
0.004,-0.003,0.082,-0.076,
-0.009,0.002,0.055,-0.137,
0.005,-0.01,0.093,-0.041,
-0.007,-0.001,0.199,-0.147,
0.017,0.021,0.149,-0.08,
0.012,0.002,0.089,-0.031,
-0.034,-0.03,0.004,-0.087,
0.017,0.024,0.112,-0.092,
-0.041,-0.046,0.009,-0.08,
0.049,0.05,0.114,-0.032,
0.031,0.034,0.073,-0.026,
-0.063,-0.075,0.009,-0.152,
-0.064,-0.05,-0.011,-0.152,
0,0,0,0,
0.05,0.064,0.172,-0.055,
-0.042,-0.032,0.072,-0.155,
0.031,0.049,0.121,-0.086,
0.008,0.009,0.076,-0.051,
0.027,0.026,0.112,-0.075,
0.004,0.003,0.054,-0.066,
0.023,0.019,0.135,-0.05,
0.074,0.073,0.131,0,
-0,0,0.031,-0.016,
0.11,0.137,0.266,-0.024,
0.027,0.023,0.087,-0.029,
-0.027,-0.028,-0.015,-0.037,
0.012,-0.005,0.104,-0.021,
0,0,0,0,
-0.003,-0.005,0.038,-0.021,
-0.052,-0.05,0.042,-0.125,
0.059,0.057,0.128,-0.015,
-0.012,-0.009,0.074,-0.127,
0.07,0.079,0.108,0.002,
0.044,0.038,0.126,-0.012,
0.031,0.003,0.128,-0.001,
0.067,0.047,0.204,0,
0.022,0.021,0.088,-0.025,
0.073,0.074,0.168,-0.023,
-0.034,-0.028,0.067,-0.133,
0.037,0.019,0.126,-0.052,
0.034,0.046,0.101,-0.117,
0.09,0.103,0.147,0.012,
-0.032,-0.03,0.007,-0.083,
-0.022,-0.022,0.1,-0.08,
-0.048,-0.031,0.014,-0.156,
0.133,0.124,0.213,0.036,
0.101,0.107,0.168,-0.009,
0.016,0.016,0.092,-0.062,
-0.016,-0,0.021,-0.128,
0,0,0,0,
0.028,0.019,0.084,-0.014,
0.05,0.056,0.127,-0.101,
0.008,0.007,0.025,-0.009,
0.051,0.027,0.133,-0.037,
0.093,0.104,0.184,0,
0.061,0.09,0.126,-0.043,
0,0,0,0,
0.034,0.042,0.086,-0.082,
0.116,0.132,0.159,0.03,
0.071,0.077,0.126,-0.044,
0.019,0.004,0.127,-0.027,
-0.191,-0.161,0,-0.386,
0,0,0,0,
-0.076,-0.077,-0.003,-0.142,
0.03,0.023,0.09,-0.025,
0.038,0.03,0.183,-0.159,
0.017,0.004,0.095,-0.008,
0.02,0.02,0.091,-0.066,
0.076,0.091,0.137,-0.029,
0.098,0.114,0.214,-0.023,
0.047,0.038,0.114,-0.022,
0.062,0.065,0.125,-0.003,
0.011,0.015,0.063,-0.028,
0.013,0.007,0.068,-0.018,
0,0,0,0,
0.034,0.036,0.115,-0.004,
0.098,0.118,0.16,-0.005,
0.102,0.103,0.182,-0.007,
0.044,0.019,0.109,0,
0.069,0.075,0.128,-0.013,
0.04,0.037,0.151,-0.055,
0.077,0.078,0.128,0.029,
-0.002,-0.008,0.089,-0.045,
0,0,0,0,
0.07,0.075,0.116,0.01,
-0.009,-0.005,0.028,-0.072,
0.033,0.047,0.11,-0.053,
0.081,0.089,0.142,-0.005,
0.004,-0.002,0.08,-0.066,
0.062,0.044,0.179,0.004,
-0.021,-0.01,0.062,-0.076,
0,0,0,0,
0.016,0.018,0.082,-0.047,
-0.059,-0.049,-0.004,-0.125,
0.032,0.026,0.127,-0.038,
0.062,0.072,0.132,-0.098,
0.052,0.063,0.122,-0.011,
0.011,-0.002,0.13,-0.109,
0.04,0.053,0.076,-0.001,
0.017,0.033,0.082,-0.1,
0,0,0,0,
-0.058,-0.053,0.105,-0.177,
-0.04,-0.042,0.029,-0.086,
0.002,-0.011,0.164,-0.112,
0.018,0.028,0.079,-0.043,
0.018,0.011,0.097,-0.05,
-0.021,-0.017,0.027,-0.077,
0.06,0.062,0.106,-0.001,
0.076,0.079,0.143,-0.019,
0.037,0.045,0.112,-0.03,
0,0,0,0,
0.044,0.037,0.123,-0.001,
0.066,0.067,0.139,0.001,
0.018,0.015,0.085,-0.036,
0.006,-0.006,0.138,-0.069,
0.015,0.009,0.085,-0.066,
0.037,0.021,0.131,-0.01,
0.112,0.119,0.199,0.015,
0.073,0.058,0.224,-0.015,
0.063,0.062,0.18,-0.009,
0.02,-0.002,0.094,-0.041,
0.041,0.048,0.096,-0.007,
0.02,0.028,0.049,-0.067,
0.076,0.085,0.144,-0.002,
-0.008,0.003,0.078,-0.11,
0.075,0.083,0.135,-0.018,
0.056,0.056,0.124,-0.029,
0.059,0.056,0.147,-0.014,
-0.008,-0.005,0.064,-0.095,
0.031,0.039,0.129,-0.073,
0.07,0.071,0.112,-0.008,
0.004,-0.007,0.098,-0.1,
0.024,-0,0.16,-0.089,
0.026,0.014,0.118,-0.06,
0.015,0.013,0.074,-0.039,
0.009,0.005,0.054,-0.063,
0.029,0.042,0.149,-0.083,
0.039,0.041,0.145,-0.055,
-0.022,-0.027,0.057,-0.066,
0.111,0.127,0.18,-0.001,
0.011,0.028,0.063,-0.087,
0.07,0.091,0.148,-0.075,
0.04,0.038,0.149,-0.054,
0.033,0.025,0.118,-0.015,
-0.042,-0.058,0.026,-0.094,
0.032,0.031,0.103,-0.051,
0.039,0.055,0.098,-0.033,
0.055,0.055,0.13,0.004,
0,0,0,0,
-0.005,0.003,0.053,-0.117,
0.009,0.009,0.069,-0.064,
0.085,0.109,0.122,-0.009,
0,0,0.002,0,
0.067,0.083,0.173,-0.128,
0.006,0.011,0.193,-0.139,
0.072,0.083,0.127,-0.016,
0,0,0,0,
0.03,0.037,0.155,-0.132,
0.076,0.069,0.173,-0.029,
0,0,0,0,
0.045,0.045,0.153,-0.06,
-0.058,-0.029,0.007,-0.208,
-0.015,-0.001,0.046,-0.081,
-0.011,-0.015,0.03,-0.047,
0.063,0.075,0.132,-0.113,
-0.047,-0.054,0.054,-0.108,
0.009,0.007,0.048,-0.033,
0,0,0.011,-0.014,
0.049,0.001,0.221,-0.137,
0.011,-0.002,0.125,-0.048,
0.038,0.019,0.153,-0.035,
-0.009,-0.03,0.119,-0.133,
0.068,0.071,0.118,-0.011,
0.077,0.082,0.128,0.004,
-0.022,-0.009,0.015,-0.105,
0.083,0.068,0.229,0.006,
0.003,0.015,0.092,-0.106,
0.085,0.111,0.181,-0.007,
0.062,0.063,0.125,0.024,
0.041,0.041,0.088,-0.017,
0.06,0.059,0.175,-0.11,
-0.033,-0.017,0.037,-0.125,
0.032,0.029,0.085,-0.024,
-0.001,0.005,0.008,-0.045,
0.002,0,0.061,-0.048,
0.111,0.112,0.212,-0.042,
0.039,0.052,0.094,-0.032,
0.016,0.003,0.154,-0.055,
0.086,0.088,0.171,0,
-0.008,-0.009,0.069,-0.123,
0.029,0.024,0.085,-0.014,
0.013,0.006,0.09,-0.052,
-0.059,-0.065,0.101,-0.178,
0,0,0,0,
0,0,0,0,
0.038,0.04,0.124,-0.078,
0.083,0.074,0.174,0,
0.045,0.032,0.143,-0.045,
0.081,0.081,0.147,0.004,
0.026,0.03,0.073,-0.02,
-0.045,-0.039,0.083,-0.158,
-0.024,-0.015,0.043,-0.117,
0.041,0.051,0.093,-0.019,
-0.025,-0.026,0.056,-0.09,
0,0,0,0,
0.076,0.092,0.122,0.007,
-0.008,-0.005,0.032,-0.046,
-0.005,-0.004,0.044,-0.061,
0.009,0.002,0.084,-0.033,
-0.039,-0.045,0.056,-0.106,
0.023,0.021,0.059,-0.026,
0.025,0.018,0.141,-0.083,
0.029,0.034,0.064,-0.055,
0.006,0.007,0.043,-0.034,
0.047,0.045,0.112,0.002,
0.029,0.032,0.079,-0.025,
0.013,0.034,0.102,-0.118,
-0.014,-0.024,0.058,-0.061,
0.015,0.011,0.11,-0.059,
0.073,0.085,0.165,-0.019,
-0.033,-0.049,0.115,-0.095,
0.054,0.006,0.175,0,
-0.01,-0.009,0.019,-0.039,
0.02,0.018,0.073,-0.005,
0.061,0.051,0.125,0,
0.048,0.047,0.098,-0.021,
0.036,0.037,0.131,-0.051,
-0.068,-0.068,-0.037,-0.107,
0.113,0.113,0.206,-0.013,
0.059,0.06,0.169,-0.061,
-0.005,-0.004,0.056,-0.069,
0.022,0.014,0.081,-0.035,
0.067,0.068,0.17,-0.011,
0.011,0.029,0.09,-0.074,
0.001,-0.003,0.078,-0.058,
0.037,0.038,0.116,-0.017,
0.02,0.006,0.147,-0.152,
-0.004,0.004,0.091,-0.095,
0.02,0.027,0.079,-0.068,
0.043,0.064,0.131,-0.072,
0.01,0.013,0.13,-0.073,
0.056,0.057,0.125,-0.017,
0.034,0.014,0.218,-0.069,
-0.042,-0.052,0.072,-0.105,
0.04,0.031,0.119,-0.022,
0.07,0.05,0.2,-0.047,
0.015,0.01,0.088,-0.03,
0.031,0.029,0.123,-0.06,
0.04,0.037,0.086,-0.022,
0.044,0.043,0.125,-0.037,
0.029,0.011,0.171,-0.078,
0.016,0.011,0.105,-0.069,
0.028,0.025,0.112,-0.071,
-0.011,-0.007,0.125,-0.173,
-0.002,0.001,0.057,-0.062,
0.048,0.038,0.167,-0.002,
0.024,0.02,0.165,-0.107,
0.011,0.015,0.097,-0.083,
0.107,0.092,0.183,0.037,
0.084,0.093,0.132,-0.007,
0.043,0.041,0.094,-0.001,
0.011,0.007,0.062,-0.029,
0.005,0.003,0.013,0,
0.122,0.14,0.202,-0.047,
0.004,0.015,0.047,-0.056,
0.005,-0.013,0.064,-0.033,
0.065,0.076,0.154,-0.025,
0,0,0,0,
-0.002,-0.004,0.066,-0.08,
0.002,0.002,0.025,-0.019,
0.009,0.007,0.051,-0.02,
-0.066,-0.098,0.077,-0.149,
-0.029,-0.033,0.03,-0.15,
0.087,0.069,0.18,0.022,
0.071,0.079,0.233,-0.043,
0.057,0.036,0.191,-0.026,
-0.001,-0.002,0.015,-0.016,
-0.041,-0.041,0.042,-0.149,
0.055,0.075,0.13,-0.054,
0,0,0,0,
0.057,0.056,0.172,-0.066,
0.037,0.03,0.102,-0.009,
0.145,0.144,0.231,0.071,
-0.04,-0.048,0.018,-0.096,
0.01,0.013,0.044,-0.036,
0.127,0.148,0.207,0.035,
0.05,0.059,0.104,-0.018,
0.046,0.034,0.161,-0.062,
-0.112,-0.124,-0.052,-0.152,
-0.001,0,0,-0.006,
0.112,0.112,0.233,-0.014,
0.041,0.027,0.101,0.004,
0.026,0.044,0.061,-0.043,
-0.083,-0.093,0.012,-0.186,
-0.058,-0.066,0.009,-0.128,
0.017,0.019,0.047,-0.026,
0.031,0.009,0.198,-0.065,
0,0,0.029,-0.031,
-0.023,-0.047,0.183,-0.164,
0.081,0.088,0.174,-0.149,
0.001,0.013,0.062,-0.131,
0,0,0.003,0,
-0.022,-0.013,0.032,-0.097,
-0.085,-0.065,0.079,-0.247,
0.013,-0.013,0.188,-0.156,
0.04,0.051,0.151,-0.104,
0.012,0.011,0.048,-0.006,
-0.052,-0.022,0.088,-0.257,
0.007,0.015,0.052,-0.074,
0.041,0.025,0.155,-0.071,
0.035,0.025,0.229,-0.113,
0.029,0.019,0.284,-0.21,
-0.007,0.01,0.058,-0.1,
-0.012,-0.002,0.113,-0.131,
0.032,0.037,0.136,-0.059,
0.001,0,0.013,0,
0.042,0.042,0.133,-0.06,
0.014,0.003,0.157,-0.094,
0.079,0.068,0.182,0,
-0.001,0.013,0.069,-0.146,
0.087,0.098,0.158,-0.072,
0.022,0.022,0.131,-0.094,
-0.125,-0.144,0,-0.233,
0.037,0.046,0.182,-0.066,
0.016,0.01,0.112,-0.056,
0.011,-0.007,0.079,-0.015,
-0.038,-0.02,0.031,-0.123,
-0.017,-0.013,0.103,-0.087,
0,-0.016,0.095,-0.034,
0.009,0.004,0.082,-0.07,
0.009,0.013,0.136,-0.075,
0,0,0,0,
0.011,0.019,0.145,-0.092,
0.009,0.024,0.084,-0.095,
-0.014,-0.007,0.013,-0.068,
0.061,0.072,0.118,-0.052,
0.058,0.056,0.151,0.012,
0.093,0.09,0.138,0.045,
0.046,0.043,0.12,-0.014,
-0.021,-0.021,0.047,-0.075,
0.002,0.019,0.048,-0.146,
0.043,0.04,0.157,-0.03,
0.036,0.068,0.152,-0.122,
0.002,-0.011,0.084,-0.049,
0.014,0.015,0.05,-0.036,
0.008,-0.021,0.291,-0.095,
0.071,0.06,0.196,-0.043,
-0.001,0.008,0.038,-0.06,
0.043,0.019,0.19,-0.011,
0.04,0.025,0.17,-0.058,
-0.087,-0.083,-0.001,-0.203,
0.177,0.192,0.255,0,
-0.105,-0.107,0,-0.173,
-0.068,-0.066,0.068,-0.189,
-0.046,-0.023,0.127,-0.192,
-0.045,-0.046,0.136,-0.217,
0.204,0.23,0.297,-0.078,
-0.024,-0.028,0.103,-0.163,
0.08,0.092,0.18,-0.027,
0.044,0.041,0.111,0,
-0.003,-0.012,0.064,-0.055,
0.039,0.038,0.078,-0.016,
0.018,0.024,0.075,-0.061,
0.051,0.058,0.116,-0.015,
0.053,0.059,0.131,-0.038,
0.029,0.044,0.104,-0.083,
0.062,0.07,0.1,0.007,
0.023,0.021,0.108,-0.016,
0.09,0.111,0.181,-0.05,
-0.005,-0.015,0.118,-0.048,
0.001,0,0.061,-0.086,
0.109,0.114,0.185,0.031,
0.042,0.044,0.095,-0.049,
-0.089,-0.117,0.035,-0.182,




Further Data analysis of all test cases 
avg med max min 
AVGs,-0.301,-0.323,-0.063,-0.449,
MEDs,-0.329,-0.35,-0.052,-0.498,
MAXs,-0.053,-0.053,0.067,-0.118,
MINs,-0.382,-0.406,-0.133,-0.544,


AVGs,0.024,0.017,0.254,-0.191,
MEDs,0.025,0.014,0.301,-0.163,
MAXs,0.118,0.113,0.364,-0.118,
MINs,-0.076,-0.063,0.071,-0.429,



