

Data analysis for each instance 
AVG,MED,MAX,MIN
0.416,0.353,0.911,0.34,
0.471,0.417,0.966,0.378,
0.467,0.409,0.956,0.364,
0.458,0.39,0.947,0.363,
0.461,0.388,0.938,0.381,
0.441,0.37,0.955,0.37,
0.453,0.397,0.932,0.364,
0.451,0.387,0.939,0.375,
0.472,0.414,0.899,0.379,
0.433,0.359,0.942,0.359,
0.464,0.397,0.914,0.369,
0.44,0.363,0.949,0.361,
0.465,0.406,0.941,0.369,
0.413,0.345,0.936,0.345,
0.455,0.387,0.95,0.364,
0.458,0.389,0.961,0.371,
0.425,0.353,0.945,0.353,
0.438,0.367,0.962,0.364,
0.439,0.366,0.939,0.366,
0.477,0.416,0.965,0.373,
0.424,0.354,0.938,0.353,
0.419,0.35,0.933,0.35,
0.433,0.364,0.936,0.362,
0.443,0.371,0.948,0.371,
0.444,0.382,0.962,0.36,
0.458,0.399,0.95,0.378,
0.425,0.353,0.925,0.353,
0.441,0.363,0.929,0.347,
0.483,0.424,0.955,0.399,
0.45,0.393,0.899,0.362,
0.512,0.459,0.941,0.448,
0.461,0.383,0.926,0.38,
0.415,0.345,0.937,0.345,
0.448,0.394,0.952,0.354,
0.445,0.367,0.955,0.367,
0.471,0.393,0.933,0.384,
0.466,0.388,0.93,0.386,
0.435,0.36,0.94,0.36,
0.443,0.365,0.953,0.364,
0.438,0.368,0.945,0.368,
0.43,0.362,0.932,0.362,
0.458,0.387,0.963,0.379,
0.445,0.374,0.951,0.373,
0.462,0.407,0.926,0.382,
0.462,0.39,0.958,0.388,
0.469,0.398,0.954,0.371,
0.446,0.382,0.941,0.362,
0.438,0.356,0.935,0.356,
0.431,0.348,0.929,0.348,
0.424,0.355,0.947,0.355,
0.454,0.386,0.954,0.366,
0.435,0.368,0.938,0.352,
0.441,0.359,0.948,0.359,
0.415,0.338,0.919,0.337,
0.446,0.371,0.947,0.371,
0.432,0.361,0.943,0.36,
0.468,0.398,0.954,0.396,
0.397,0.339,0.872,0.323,
0.516,0.453,0.983,0.429,
0.41,0.344,0.926,0.344,
0.412,0.343,0.923,0.342,
0.459,0.392,0.961,0.391,
0.431,0.355,0.931,0.35,
0.429,0.358,0.951,0.358,
0.435,0.362,0.956,0.362,
0.454,0.382,0.932,0.381,
0.467,0.405,0.95,0.379,
0.439,0.373,0.945,0.364,
0.444,0.38,0.949,0.364,
0.425,0.351,0.935,0.351,
0.461,0.413,0.943,0.38,
0.494,0.441,0.935,0.401,
0.502,0.458,0.945,0.396,
0.448,0.376,0.948,0.374,
0.443,0.385,0.938,0.363,
0.431,0.364,0.927,0.354,
0.474,0.418,0.954,0.395,
0.435,0.364,0.953,0.364,
0.47,0.416,0.933,0.368,
0.486,0.433,0.951,0.377,
0.428,0.359,0.949,0.359,
0.489,0.442,0.944,0.409,
0.453,0.38,0.955,0.379,
0.481,0.427,0.925,0.384,
0.445,0.379,0.944,0.359,
0.423,0.348,0.942,0.348,
0.481,0.411,0.951,0.398,
0.477,0.418,0.935,0.393,
0.424,0.353,0.954,0.353,
0.422,0.356,0.897,0.345,
0.445,0.387,0.946,0.358,
0.451,0.374,0.934,0.37,
0.414,0.342,0.871,0.341,
0.442,0.371,0.969,0.371,
0.443,0.368,0.979,0.368,
0.535,0.478,0.953,0.43,
0.438,0.364,0.946,0.356,
0.425,0.357,0.952,0.356,
0.417,0.351,0.856,0.351,
0.443,0.382,0.954,0.358,
0.419,0.352,0.933,0.349,
0.438,0.364,0.949,0.364,
0.484,0.43,0.95,0.39,
0.452,0.387,0.925,0.385,
0.495,0.43,0.958,0.398,
0.452,0.386,0.938,0.352,
0.45,0.377,0.952,0.377,
0.435,0.368,0.927,0.356,
0.483,0.413,0.934,0.394,
0.484,0.428,0.932,0.38,
0.434,0.361,0.959,0.361,
0.468,0.396,0.952,0.395,
0.459,0.376,0.933,0.375,
0.474,0.412,0.939,0.391,
0.485,0.421,0.955,0.383,
0.438,0.374,0.874,0.372,
0.426,0.357,0.933,0.357,
0.438,0.365,0.96,0.365,
0.441,0.387,0.875,0.361,
0.42,0.352,0.933,0.352,
0.437,0.37,0.948,0.369,
0.452,0.384,0.946,0.37,
0.484,0.426,0.958,0.4,
0.456,0.395,0.947,0.361,
0.432,0.357,0.943,0.357,
0.449,0.381,0.946,0.364,
0.438,0.364,0.951,0.364,
0.494,0.438,0.955,0.418,
0.427,0.356,0.933,0.352,
0.443,0.385,0.944,0.359,
0.444,0.392,0.949,0.356,
0.43,0.36,0.95,0.356,
0.463,0.4,0.94,0.398,
0.46,0.401,0.942,0.381,
0.443,0.38,0.94,0.355,
0.429,0.355,0.95,0.355,
0.477,0.404,0.956,0.402,
0.439,0.367,0.941,0.366,
0.447,0.375,0.967,0.375,
0.43,0.36,0.943,0.36,
0.431,0.355,0.941,0.355,
0.501,0.458,0.923,0.398,
0.47,0.399,0.969,0.385,
0.421,0.352,0.948,0.352,
0.426,0.358,0.919,0.358,
0.453,0.392,0.957,0.371,
0.443,0.383,0.944,0.361,
0.447,0.374,0.939,0.365,
0.423,0.353,0.953,0.353,
0.429,0.363,0.941,0.351,
0.481,0.421,0.942,0.37,
0.426,0.35,0.917,0.345,
0.467,0.404,0.92,0.379,
0.437,0.366,0.968,0.366,
0.433,0.362,0.943,0.362,
0.437,0.366,0.952,0.366,
0.444,0.374,0.929,0.365,
0.441,0.368,0.948,0.362,
0.458,0.383,0.975,0.383,
0.458,0.39,0.949,0.368,
0.433,0.368,0.931,0.351,
0.443,0.363,0.925,0.363,
0.463,0.39,0.954,0.389,
0.462,0.385,0.933,0.384,
0.439,0.363,0.943,0.363,
0.467,0.401,0.953,0.381,
0.44,0.368,0.958,0.368,
0.438,0.366,0.946,0.365,
0.474,0.415,0.962,0.398,
0.419,0.35,0.933,0.35,
0.431,0.358,0.941,0.358,
0.447,0.373,0.965,0.372,
0.45,0.383,0.953,0.382,
0.463,0.408,0.918,0.381,
0.428,0.354,0.938,0.354,
0.437,0.366,0.95,0.366,
0.457,0.387,0.953,0.386,
0.432,0.371,0.909,0.347,
0.422,0.353,0.929,0.351,
0.438,0.36,0.937,0.354,
0.438,0.365,0.942,0.365,
0.458,0.385,0.95,0.383,
0.467,0.417,0.882,0.348,
0.433,0.373,0.876,0.364,
0.434,0.361,0.935,0.35,
0.43,0.356,0.933,0.356,
0.466,0.4,0.948,0.368,
0.476,0.403,0.938,0.398,
0.461,0.388,0.94,0.386,
0.474,0.428,0.955,0.385,
0.434,0.361,0.961,0.361,
0.451,0.38,0.96,0.379,
0.5,0.436,0.943,0.426,
0.431,0.358,0.946,0.358,
0.42,0.355,0.929,0.355,
0.437,0.357,0.94,0.355,
0.415,0.347,0.923,0.347,
0.429,0.358,0.932,0.355,
0.429,0.356,0.943,0.356,
0.429,0.357,0.953,0.357,
0.435,0.374,0.935,0.356,
0.453,0.378,0.947,0.377,
0.431,0.355,0.948,0.355,
0.452,0.382,0.975,0.382,
0.43,0.358,0.965,0.358,
0.451,0.373,0.95,0.372,
0.457,0.397,0.961,0.36,
0.467,0.397,0.945,0.396,
0.43,0.358,0.945,0.358,
0.449,0.391,0.935,0.361,
0.41,0.345,0.896,0.345,
0.478,0.424,0.943,0.383,
0.434,0.357,0.926,0.356,
0.435,0.362,0.949,0.36,
0.443,0.365,0.961,0.365,
0.454,0.403,0.947,0.359,
0.445,0.367,0.937,0.367,
0.44,0.367,0.953,0.367,
0.491,0.424,0.951,0.411,
0.438,0.366,0.944,0.364,
0.444,0.367,0.932,0.366,
0.415,0.348,0.874,0.344,
0.421,0.352,0.938,0.352,
0.424,0.356,0.938,0.35,
0.483,0.426,0.935,0.385,
0.436,0.364,0.952,0.364,
0.419,0.348,0.931,0.348,
0.449,0.384,0.932,0.371,
0.484,0.436,0.947,0.406,
0.45,0.373,0.933,0.369,
0.44,0.379,0.929,0.351,
0.429,0.363,0.944,0.359,
0.417,0.349,0.935,0.349,
0.426,0.358,0.924,0.358,
0.435,0.368,0.944,0.361,
0.438,0.384,0.934,0.353,
0.423,0.354,0.935,0.347,
0.412,0.364,0.824,0.332,
0.43,0.358,0.923,0.355,
0.472,0.416,0.946,0.393,
0.463,0.403,0.945,0.376,
0.451,0.384,0.96,0.383,
0.429,0.358,0.94,0.358,
0.51,0.458,0.94,0.421,
0.428,0.355,0.961,0.355,
0.501,0.465,0.949,0.379,
0.439,0.368,0.936,0.368,
0.444,0.367,0.941,0.367,
0.429,0.356,0.939,0.356,
0.479,0.413,0.94,0.412,
0.474,0.406,0.955,0.405,
0.471,0.412,0.948,0.384,
0.45,0.371,0.949,0.36,
0.438,0.366,0.955,0.366,
0.44,0.374,0.953,0.356,
0.494,0.429,0.959,0.396,
0.477,0.423,0.963,0.37,
0.429,0.356,0.937,0.355,
0.458,0.357,0.946,0.356,
0.451,0.392,0.919,0.366,
0.445,0.382,0.952,0.36,
0.441,0.363,0.942,0.361,
0.426,0.356,0.938,0.356,
0.457,0.379,0.968,0.374,
0.451,0.379,0.938,0.375,
0.451,0.391,0.945,0.357,
0.42,0.345,0.939,0.345,
0.465,0.412,0.96,0.369,
0.482,0.426,0.994,0.366,
0.473,0.417,0.957,0.382,
0.45,0.381,0.953,0.36,
0.458,0.396,0.935,0.357,
0.473,0.413,0.957,0.372,
0.452,0.392,0.954,0.371,
0.448,0.373,0.942,0.373,
0.434,0.359,0.939,0.359,
0.449,0.37,0.943,0.37,
0.472,0.403,0.97,0.385,
0.485,0.41,0.953,0.39,
0.427,0.355,0.962,0.355,
0.465,0.39,0.982,0.389,
0.444,0.363,0.948,0.363,
0.464,0.412,0.933,0.359,
0.436,0.366,0.931,0.366,
0.43,0.357,0.934,0.357,
0.45,0.379,0.941,0.378,
0.429,0.362,0.936,0.358,
0.436,0.363,0.941,0.363,
0.432,0.357,0.946,0.357,
0.443,0.374,0.928,0.373,
0.432,0.361,0.937,0.352,
0.448,0.385,0.945,0.369,
0.439,0.365,0.929,0.364,
0.427,0.368,0.933,0.347,
0.441,0.369,0.956,0.363,
0.471,0.393,0.933,0.392,
0.428,0.358,0.943,0.358,
0.424,0.351,0.939,0.351,
0.441,0.369,0.944,0.36,
0.457,0.392,0.929,0.37,
0.478,0.422,0.937,0.391,
0.443,0.387,0.934,0.365,
0.478,0.421,0.953,0.379,
0.488,0.41,0.913,0.402,
0.453,0.381,0.934,0.38,
0.418,0.362,0.862,0.356,
0.466,0.399,0.938,0.378,
0.442,0.386,0.953,0.356,
0.483,0.433,0.962,0.385,
0.404,0.331,0.873,0.329,
0.431,0.359,0.946,0.359,
0.461,0.403,0.95,0.367,
0.436,0.362,0.927,0.362,
0.423,0.353,0.934,0.353,
0.432,0.357,0.945,0.354,
0.441,0.395,0.855,0.356,
0.459,0.407,0.961,0.361,
0.442,0.366,0.949,0.366,
0.527,0.464,0.929,0.439,
0.448,0.381,0.956,0.36,
0.441,0.364,0.944,0.364,
0.422,0.35,0.934,0.35,
0.474,0.405,0.946,0.404,
0.439,0.368,0.93,0.366,
0.458,0.384,0.982,0.379,
0.457,0.376,0.947,0.371,
0.424,0.354,0.958,0.354,
0.51,0.479,0.914,0.425,
0.419,0.349,0.944,0.349,
0.436,0.364,0.948,0.363,
0.45,0.379,0.934,0.377,
0.459,0.408,0.892,0.366,
0.451,0.393,0.94,0.363,
0.435,0.363,0.947,0.363,
0.468,0.415,0.932,0.372,
0.44,0.367,0.935,0.367,
0.444,0.371,0.968,0.371,
0.484,0.429,0.951,0.397,
0.427,0.355,0.934,0.355,
0.423,0.354,0.939,0.354,
0.439,0.372,0.937,0.367,
0.437,0.365,0.96,0.365,
0.431,0.363,0.904,0.36,
0.436,0.363,0.944,0.363,
0.449,0.375,0.938,0.374,
0.451,0.387,0.949,0.367,
0.479,0.413,0.957,0.412,
0.425,0.354,0.938,0.354,
0.494,0.43,0.965,0.415,
0.47,0.417,0.899,0.392,
0.437,0.365,0.959,0.365,
0.458,0.391,0.946,0.39,
0.432,0.361,0.938,0.361,
0.441,0.383,0.885,0.343,
0.436,0.374,0.956,0.361,
0.445,0.372,0.943,0.372,
0.479,0.424,0.948,0.393,
0.451,0.382,0.897,0.373,
0.438,0.368,0.937,0.357,
0.46,0.4,0.942,0.368,
0.445,0.378,0.928,0.376,
0.431,0.357,0.957,0.357,
0.462,0.411,0.964,0.368,
0.495,0.426,1,0.401,
0.438,0.367,0.948,0.366,
0.454,0.377,0.94,0.373,
0.49,0.426,0.928,0.403,
0.475,0.424,0.941,0.389,
0.418,0.347,0.916,0.347,
0.416,0.347,0.933,0.347,
0.427,0.362,0.945,0.35,
0.425,0.357,0.928,0.356,
0.429,0.353,0.933,0.344,
0.464,0.407,0.942,0.386,
0.443,0.369,0.934,0.364,
0.444,0.393,0.954,0.355,
0.46,0.387,0.945,0.386,
0.443,0.387,0.874,0.368,
0.425,0.35,0.938,0.35,
0.441,0.372,0.965,0.372,
0.453,0.377,0.961,0.376,
0.456,0.39,0.952,0.389,
0.444,0.378,0.944,0.356,
0.441,0.367,0.949,0.367,
0.49,0.431,0.94,0.387,
0.484,0.417,0.945,0.393,
0.441,0.374,0.958,0.359,
0.456,0.39,0.934,0.372,
0.464,0.399,0.959,0.385,
0.435,0.362,0.94,0.361,
0.435,0.364,0.94,0.364,
0.439,0.37,0.951,0.369,
0.439,0.369,0.945,0.369,
0.46,0.407,0.951,0.364,
0.463,0.402,0.963,0.368,
0.432,0.362,0.935,0.351,
0.447,0.387,0.934,0.362,
0.437,0.363,0.945,0.363,
0.475,0.411,0.939,0.41,
0.463,0.41,0.955,0.377,
0.487,0.433,0.951,0.37,
0.454,0.402,0.931,0.361,
0.464,0.389,0.928,0.373,
0.463,0.39,0.93,0.389,
0.521,0.466,0.914,0.454,
0.457,0.4,0.956,0.376,
0.47,0.412,0.939,0.36,
0.437,0.364,0.927,0.364,
0.418,0.349,0.923,0.348,
0.436,0.365,0.934,0.361,
0.454,0.381,0.938,0.368,
0.457,0.406,0.935,0.367,
0.487,0.426,0.939,0.385,
0.441,0.365,0.951,0.363,
0.454,0.399,0.947,0.368,
0.486,0.436,0.961,0.383,
0.452,0.382,0.947,0.364,
0.441,0.364,0.956,0.364,
0.431,0.36,0.948,0.36,
0.454,0.384,0.955,0.367,
0.443,0.382,0.954,0.358,
0.458,0.387,0.949,0.386,
0.456,0.406,0.947,0.358,
0.456,0.394,0.957,0.365,
0.456,0.395,0.967,0.376,
0.512,0.452,0.941,0.431,
0.447,0.37,0.967,0.367,
0.454,0.394,0.93,0.37,
0.443,0.381,0.949,0.35,
0.412,0.344,0.934,0.343,
0.516,0.473,0.964,0.433,
0.506,0.449,0.952,0.411,
0.48,0.431,0.943,0.364,
0.476,0.423,0.936,0.372,
0.476,0.424,0.944,0.383,
0.446,0.378,0.947,0.367,
0.43,0.36,0.933,0.36,
0.453,0.396,0.938,0.361,
0.442,0.371,0.942,0.371,
0.457,0.389,0.947,0.371,
0.449,0.378,0.936,0.376,
0.436,0.366,0.931,0.366,
0.441,0.371,0.957,0.371,
0.428,0.363,0.924,0.349,
0.464,0.413,0.933,0.367,
0.502,0.43,0.934,0.409,
0.447,0.379,0.959,0.357,
0.478,0.416,0.955,0.381,
0.471,0.418,0.938,0.387,
0.439,0.367,0.949,0.367,
0.408,0.341,0.915,0.337,
0.478,0.41,0.958,0.399,
0.477,0.421,0.914,0.397,
0.433,0.361,0.955,0.36,
0.427,0.352,0.943,0.352,
0.454,0.381,0.955,0.379,
0.452,0.394,0.944,0.369,
0.424,0.355,0.882,0.354,
0.425,0.355,0.946,0.355,
0.446,0.386,0.933,0.354,
0.415,0.349,0.916,0.342,
0.429,0.364,0.926,0.356,
0.453,0.38,0.947,0.366,
0.462,0.402,0.969,0.368,
0.476,0.426,0.963,0.369,
0.491,0.434,0.948,0.376,
0.454,0.383,0.952,0.37,
0.439,0.381,0.942,0.356,
0.472,0.42,0.936,0.383,
0.472,0.416,0.964,0.391,
0.472,0.412,0.966,0.385,
0.441,0.366,0.932,0.366,
0.423,0.351,0.943,0.351,
0.47,0.418,0.936,0.381,
0.473,0.411,0.943,0.401,
0.472,0.419,0.944,0.377,
0.434,0.366,0.924,0.348,
0.447,0.382,0.965,0.365,
0.425,0.354,0.943,0.354,
0.439,0.368,0.942,0.368,
0.442,0.372,0.954,0.368,
0.436,0.371,0.944,0.36,
0.462,0.411,0.952,0.378,
0.443,0.377,0.926,0.376,
0.431,0.356,0.957,0.356,
0.458,0.406,0.944,0.367,
0.484,0.429,0.935,0.388,
0.436,0.363,0.93,0.362,
0.431,0.359,0.96,0.359,
0.467,0.414,0.95,0.369,
0.444,0.365,0.963,0.365,
0.456,0.387,0.948,0.385,
0.509,0.441,0.958,0.439,
0.451,0.395,0.948,0.373,
0.455,0.401,0.913,0.372,
0.439,0.364,0.959,0.363,
0.437,0.358,0.94,0.357,
0.458,0.391,0.96,0.376,
0.456,0.397,0.957,0.364,
0.491,0.434,0.956,0.399,
0.445,0.377,0.937,0.372,
0.436,0.356,0.935,0.351,
0.501,0.432,0.948,0.426,
0.441,0.375,0.96,0.364,
0.456,0.389,0.955,0.388,
0.444,0.381,0.937,0.365,
0.442,0.366,0.958,0.366,
0.438,0.37,0.949,0.354,
0.42,0.349,0.924,0.348,
0.465,0.397,0.966,0.396,
0.443,0.372,0.945,0.372,
0.471,0.406,0.955,0.399,
0.434,0.361,0.948,0.361,
0.429,0.363,0.924,0.362,
0.496,0.458,0.939,0.372,
0.432,0.358,0.945,0.358,
0.443,0.376,0.937,0.365,
0.445,0.379,0.937,0.358,
0.428,0.358,0.943,0.358,
0.433,0.351,0.936,0.349,
0.436,0.36,0.941,0.359,
0.485,0.419,0.98,0.394,
0.443,0.374,0.955,0.372,
0.442,0.384,0.958,0.359,
0.45,0.38,0.944,0.365,
0.45,0.374,0.942,0.374,
0.418,0.348,0.931,0.348,
0.466,0.419,0.933,0.381,
0.439,0.38,0.943,0.356,
0.433,0.358,0.949,0.358,
0.454,0.374,0.947,0.374,
0.465,0.39,0.977,0.379,
0.446,0.379,0.942,0.362,
0.42,0.348,0.888,0.348,
0.456,0.392,0.958,0.378,
0.431,0.357,0.929,0.35,
0.454,0.395,0.972,0.368,
0.415,0.345,0.965,0.345,
0.402,0.333,0.921,0.333,
0.409,0.34,0.945,0.34,
0.426,0.364,0.935,0.34,
0.436,0.374,0.951,0.348,
0.411,0.339,0.95,0.339,
0.43,0.353,0.949,0.349,
0.409,0.338,0.925,0.337,
0.412,0.336,0.944,0.335,
0.411,0.342,0.96,0.339,
0.413,0.343,0.95,0.343,
0.43,0.358,0.965,0.358,
0.428,0.377,0.951,0.338,
0.396,0.329,0.936,0.329,
0.416,0.348,0.943,0.335,
0.463,0.4,0.946,0.36,
0.398,0.328,0.94,0.328,
0.401,0.333,0.945,0.333,
0.44,0.375,0.965,0.361,
0.439,0.368,0.94,0.366,
0.414,0.343,0.957,0.341,
0.458,0.406,0.924,0.355,
0.419,0.347,0.949,0.347,
0.409,0.334,0.938,0.334,
0.429,0.351,0.954,0.351,
0.41,0.346,0.927,0.331,
0.418,0.341,0.954,0.341,
0.412,0.342,0.965,0.342,
0.431,0.385,0.919,0.338,
0.402,0.335,0.943,0.335,
0.447,0.382,0.941,0.364,
0.426,0.355,0.95,0.355,
0.404,0.335,0.929,0.334,
0.4,0.333,0.933,0.333,
0.403,0.334,0.938,0.332,
0.4,0.33,0.932,0.33,
0.427,0.366,0.926,0.349,
0.395,0.326,0.918,0.325,
0.412,0.342,0.965,0.342,
0.409,0.34,0.952,0.34,
0.421,0.353,0.935,0.343,
0.424,0.351,0.97,0.345,
0.426,0.357,0.955,0.341,
0.434,0.368,0.948,0.347,
0.399,0.332,0.941,0.332,
0.418,0.364,0.947,0.333,
0.428,0.368,0.936,0.338,
0.421,0.355,0.919,0.324,
0.397,0.329,0.928,0.329,
0.44,0.377,0.933,0.357,
0.417,0.34,0.952,0.339,
0.415,0.345,0.96,0.345,
0.405,0.337,0.958,0.337,
0.452,0.393,0.948,0.362,
0.407,0.338,0.961,0.338,
0.412,0.343,0.958,0.337,
0.41,0.345,0.942,0.333,
0.399,0.33,0.934,0.33,
0.445,0.381,0.934,0.361,
0.402,0.334,0.945,0.334,
0.394,0.327,0.922,0.327,
0.448,0.377,0.946,0.359,
0.422,0.351,0.964,0.351,
0.4,0.333,0.933,0.333,
0.409,0.34,0.958,0.34,
0.445,0.389,0.938,0.365,
0.421,0.355,0.957,0.339,
0.43,0.379,0.886,0.32,
0.422,0.352,0.949,0.348,
0.402,0.332,0.939,0.332,
0.449,0.389,0.966,0.363,
0.403,0.338,0.944,0.331,
0.402,0.334,0.935,0.333,
0.41,0.341,0.952,0.341,
0.404,0.336,0.948,0.336,
0.479,0.425,0.935,0.38,
0.407,0.34,0.95,0.339,
0.415,0.347,0.941,0.346,
0.411,0.341,0.937,0.341,
0.452,0.397,0.944,0.353,
0.399,0.331,0.946,0.331,
0.406,0.338,0.945,0.338,
0.418,0.361,0.929,0.34,
0.41,0.337,0.942,0.333,
0.408,0.334,0.941,0.334,
0.404,0.336,0.934,0.336,
0.43,0.345,0.946,0.345,
0.411,0.339,0.939,0.339,
0.405,0.337,0.947,0.337,
0.373,0.311,0.862,0.311,
0.408,0.339,0.939,0.338,
0.425,0.345,0.95,0.345,
0.402,0.333,0.933,0.333,
0.443,0.383,0.936,0.356,
0.44,0.385,0.967,0.349,
0.415,0.346,0.941,0.346,
0.405,0.339,0.945,0.338,
0.413,0.342,0.965,0.342,
0.427,0.366,0.943,0.335,
0.415,0.343,0.943,0.332,
0.381,0.315,0.901,0.315,
0.393,0.325,0.895,0.322,
0.395,0.327,0.93,0.327,
0.413,0.343,0.93,0.343,
0.395,0.332,0.913,0.325,
0.39,0.324,0.924,0.323,
0.42,0.354,0.936,0.349,
0.408,0.341,0.952,0.341,
0.403,0.335,0.944,0.335,
0.397,0.33,0.931,0.33,
0.411,0.339,0.954,0.339,
0.4,0.331,0.929,0.331,
0.494,0.449,0.942,0.398,
0.406,0.333,0.931,0.332,
0.402,0.337,0.923,0.327,
0.408,0.335,0.941,0.331,
0.408,0.338,0.938,0.337,
0.413,0.346,0.936,0.33,
0.398,0.332,0.934,0.331,
0.443,0.383,0.96,0.355,
0.408,0.339,0.959,0.339,
0.478,0.417,0.939,0.367,
0.4,0.326,0.938,0.325,
0.408,0.339,0.956,0.339,
0.415,0.355,0.934,0.341,
0.426,0.359,0.947,0.329,
0.451,0.394,0.943,0.335,
0.39,0.323,0.926,0.323,
0.414,0.342,0.947,0.342,
0.413,0.343,0.954,0.342,
0.406,0.339,0.949,0.339,
0.393,0.327,0.912,0.327,
0.448,0.388,0.959,0.352,
0.418,0.346,0.938,0.346,
0.463,0.411,0.939,0.355,
0.409,0.341,0.955,0.341,
0.411,0.342,0.956,0.342,
0.408,0.339,0.947,0.339,
0.412,0.342,0.963,0.342,
0.422,0.352,0.947,0.335,
0.392,0.332,0.904,0.32,
0.427,0.365,0.93,0.356,
0.415,0.338,0.928,0.337,
0.442,0.39,0.955,0.343,
0.447,0.389,0.931,0.366,
0.411,0.338,0.937,0.338,
0.41,0.338,0.963,0.338,
0.462,0.408,0.954,0.384,
0.418,0.354,0.913,0.321,
0.409,0.335,0.939,0.335,
0.414,0.343,0.966,0.343,
0.409,0.33,0.952,0.33,
0.402,0.334,0.949,0.334,
0.414,0.339,0.946,0.337,
0.411,0.342,0.951,0.342,
0.424,0.354,0.957,0.354,
0.401,0.333,0.941,0.333,
0.431,0.363,0.954,0.342,
0.467,0.41,0.933,0.373,
0.412,0.346,0.947,0.335,
0.445,0.385,0.948,0.341,
0.412,0.331,0.93,0.33,
0.422,0.352,0.952,0.352,
0.4,0.33,0.947,0.33,
0.428,0.361,0.963,0.341,
0.443,0.371,0.938,0.371,
0.4,0.332,0.942,0.332,
0.399,0.331,0.936,0.331,
0.456,0.404,0.94,0.36,
0.401,0.334,0.942,0.334,
0.414,0.345,0.935,0.343,
0.401,0.333,0.94,0.333,
0.413,0.34,0.937,0.34,
0.405,0.336,0.95,0.336,
0.415,0.337,0.953,0.334,
0.421,0.349,0.931,0.349,
0.466,0.432,0.944,0.341,
0.382,0.315,0.891,0.315,
0.396,0.328,0.938,0.328,
0.407,0.338,0.942,0.338,
0.405,0.335,0.929,0.335,
0.438,0.38,0.95,0.349,
0.404,0.349,0.876,0.314,
0.389,0.323,0.925,0.323,
0.409,0.342,0.923,0.341,
0.403,0.335,0.938,0.328,
0.403,0.336,0.936,0.335,
0.443,0.367,0.93,0.358,
0.402,0.334,0.942,0.334,
0.395,0.327,0.924,0.327,
0.416,0.349,0.95,0.344,
0.42,0.361,0.907,0.333,
0.425,0.363,0.881,0.332,
0.414,0.337,0.938,0.336,
0.43,0.354,0.96,0.353,
0.406,0.338,0.939,0.338,
0.398,0.329,0.93,0.328,
0.436,0.37,0.955,0.345,
0.403,0.335,0.934,0.335,
0.403,0.335,0.948,0.335,
0.4,0.332,0.93,0.332,
0.439,0.377,0.976,0.347,
0.399,0.332,0.925,0.332,
0.407,0.34,0.931,0.338,
0.415,0.342,0.954,0.341,
0.393,0.327,0.933,0.327,
0.452,0.403,0.948,0.349,
0.447,0.389,0.939,0.34,
0.445,0.396,0.933,0.341,
0.408,0.337,0.95,0.334,
0.418,0.35,0.951,0.345,
0.402,0.334,0.936,0.334,
0.403,0.335,0.943,0.335,
0.419,0.349,0.96,0.349,
0.404,0.347,0.924,0.325,
0.432,0.368,0.959,0.346,
0.459,0.403,0.95,0.356,
0.412,0.343,0.956,0.343,
0.413,0.343,0.969,0.341,
0.443,0.388,0.959,0.351,
0.413,0.346,0.939,0.342,
0.418,0.341,0.916,0.333,
0.41,0.335,0.906,0.331,
0.412,0.331,0.934,0.328,
0.407,0.338,0.941,0.336,
0.393,0.32,0.897,0.317,
0.424,0.351,0.947,0.342,
0.396,0.329,0.93,0.329,
0.413,0.336,0.93,0.336,
0.394,0.328,0.923,0.328,
0.412,0.342,0.942,0.335,
0.44,0.375,0.948,0.349,
0.407,0.332,0.938,0.332,
0.394,0.326,0.931,0.326,
0.412,0.342,0.95,0.337,
0.443,0.396,0.966,0.342,
0.404,0.333,0.938,0.332,
0.424,0.349,0.934,0.349,
0.411,0.341,0.96,0.341,
0.4,0.328,0.93,0.326,
0.4,0.333,0.933,0.333,
0.409,0.34,0.951,0.34,
0.423,0.351,0.945,0.351,
0.454,0.378,0.93,0.377,
0.402,0.336,0.942,0.332,
0.41,0.34,0.947,0.34,
0.411,0.338,0.953,0.338,
0.433,0.37,0.958,0.355,
0.411,0.338,0.944,0.338,
0.428,0.367,0.948,0.336,
0.42,0.351,0.946,0.351,
0.408,0.34,0.946,0.34,
0.425,0.368,0.929,0.336,
0.425,0.362,0.944,0.348,
0.396,0.329,0.935,0.329,
0.408,0.339,0.947,0.339,
0.399,0.331,0.93,0.33,
0.416,0.356,0.942,0.333,
0.398,0.33,0.938,0.33,
0.411,0.337,0.934,0.335,
0.412,0.343,0.957,0.343,
0.41,0.34,0.932,0.333,
0.423,0.353,0.947,0.348,
0.402,0.333,0.943,0.333,
0.405,0.337,0.939,0.333,
0.41,0.338,0.943,0.338,
0.405,0.34,0.939,0.338,
0.416,0.353,0.941,0.337,
0.415,0.345,0.978,0.345,
0.394,0.329,0.918,0.326,
0.403,0.334,0.927,0.334,
0.416,0.354,0.931,0.339,
0.396,0.328,0.933,0.327,
0.41,0.339,0.954,0.339,
0.425,0.367,0.943,0.342,
0.424,0.364,0.921,0.335,
0.397,0.33,0.939,0.33,
0.401,0.334,0.938,0.332,
0.445,0.371,0.957,0.366,
0.417,0.342,0.945,0.341,
0.415,0.346,0.964,0.346,
0.396,0.329,0.94,0.329,
0.403,0.333,0.937,0.332,
0.405,0.337,0.941,0.337,
0.446,0.383,0.948,0.338,
0.407,0.339,0.936,0.338,
0.402,0.334,0.932,0.334,
0.397,0.329,0.924,0.329,
0.415,0.342,0.955,0.341,
0.432,0.35,0.938,0.349,
0.395,0.338,0.848,0.317,
0.429,0.364,0.938,0.34,
0.374,0.311,0.866,0.311,
0.4,0.331,0.936,0.331,
0.421,0.349,0.937,0.349,
0.43,0.358,0.955,0.358,
0.396,0.337,0.894,0.32,
0.424,0.345,0.94,0.344,
0.401,0.331,0.896,0.328,
0.414,0.35,0.915,0.333,
0.39,0.323,0.901,0.321,
0.416,0.347,0.955,0.339,
0.403,0.335,0.935,0.335,
0.412,0.34,0.941,0.335,
0.449,0.391,0.95,0.351,
0.404,0.336,0.953,0.336,
0.397,0.327,0.91,0.322,
0.403,0.334,0.944,0.334,
0.435,0.387,0.941,0.335,
0.424,0.361,0.946,0.349,
0.417,0.347,0.932,0.347,
0.4,0.333,0.919,0.333,
0.424,0.366,0.955,0.341,
0.425,0.353,0.936,0.334,
0.421,0.341,0.979,0.338,
0.404,0.337,0.94,0.337,
0.374,0.311,0.859,0.311,
0.476,0.424,0.953,0.384,
0.424,0.349,0.909,0.34,
0.417,0.345,0.942,0.345,
0.429,0.357,0.946,0.345,
0.405,0.336,0.943,0.336,
0.397,0.337,0.881,0.318,
0.4,0.332,0.94,0.331,
0.417,0.352,0.941,0.346,
0.434,0.351,0.956,0.345,
0.401,0.333,0.938,0.333,
0.423,0.351,0.952,0.349,
0.421,0.358,0.902,0.332,
0.426,0.343,0.952,0.343,
0.417,0.342,0.944,0.341,
0.387,0.323,0.899,0.323,
0.413,0.343,0.946,0.342,
0.422,0.357,0.948,0.336,
0.395,0.327,0.923,0.327,
0.432,0.351,0.959,0.347,
0.412,0.348,0.944,0.339,
0.424,0.36,0.936,0.338,
0.396,0.329,0.937,0.328,
0.408,0.338,0.938,0.338,
0.425,0.369,0.934,0.357,
0.413,0.341,0.929,0.34,
0.415,0.346,0.957,0.346,
0.433,0.351,0.928,0.331,
0.405,0.335,0.951,0.335,
0.403,0.336,0.937,0.335,
0.374,0.312,0.875,0.312,
0.439,0.375,0.959,0.344,
0.401,0.333,0.925,0.333,
0.412,0.335,0.925,0.328,
0.444,0.388,0.956,0.361,
0.406,0.336,0.935,0.336,
0.471,0.42,0.9,0.387,
0.397,0.33,0.938,0.33,
0.39,0.324,0.913,0.323,
0.42,0.353,0.938,0.335,
0.408,0.339,0.949,0.339,
0.401,0.333,0.935,0.333,
0.407,0.338,0.954,0.338,
0.424,0.352,0.96,0.351,
0.409,0.341,0.954,0.34,
0.403,0.334,0.925,0.329,
0.412,0.341,0.966,0.34,
0.404,0.333,0.948,0.333,
0.426,0.352,0.965,0.352,
0.428,0.356,0.96,0.356,
0.395,0.329,0.94,0.329,
0.417,0.352,0.935,0.332,
0.403,0.334,0.938,0.334,
0.411,0.344,0.935,0.337,
0.458,0.399,0.949,0.372,
0.472,0.416,0.953,0.37,
0.378,0.314,0.891,0.314,
0.397,0.328,0.933,0.328,
0.413,0.342,0.958,0.339,
0.406,0.338,0.952,0.338,
0.39,0.323,0.924,0.323,
0.385,0.321,0.891,0.321,
0.405,0.336,0.956,0.336,
0.426,0.36,0.945,0.343,
0.446,0.403,0.966,0.344,
0.407,0.338,0.952,0.338,
0.404,0.335,0.942,0.335,
0.424,0.364,0.872,0.331,
0.426,0.355,0.943,0.355,
0.437,0.37,0.942,0.363,
0.437,0.364,0.948,0.364,
0.472,0.411,0.918,0.384,
0.447,0.377,0.954,0.356,
0.427,0.353,0.935,0.352,
0.447,0.382,0.928,0.374,
0.453,0.376,0.948,0.37,
0.434,0.364,0.961,0.364,
0.429,0.358,0.948,0.358,
0.444,0.372,0.935,0.363,
0.44,0.38,0.925,0.358,
0.452,0.378,0.961,0.377,
0.492,0.432,0.961,0.407,
0.504,0.465,0.951,0.383,
0.469,0.398,0.957,0.396,
0.454,0.388,0.963,0.369,
0.435,0.368,0.957,0.357,
0.477,0.421,0.954,0.384,
0.434,0.353,0.945,0.353,
0.496,0.436,0.944,0.435,
0.419,0.351,0.939,0.35,
0.448,0.389,0.939,0.367,
0.492,0.434,0.938,0.406,
0.437,0.356,0.947,0.356,
0.449,0.398,0.869,0.37,
0.447,0.371,0.941,0.37,
0.439,0.368,0.956,0.368,
0.449,0.391,0.948,0.368,
0.454,0.373,0.961,0.373,
0.469,0.422,0.941,0.386,
0.405,0.336,0.937,0.336,
0.4,0.332,0.944,0.332,
0.438,0.359,0.924,0.355,
0.415,0.346,0.948,0.346,
0.409,0.343,0.899,0.343,
0.405,0.336,0.948,0.336,
0.444,0.38,0.977,0.33,
0.408,0.341,0.947,0.341,
0.42,0.343,0.958,0.343,
0.42,0.35,0.947,0.349,
0.475,0.42,0.947,0.358,
0.435,0.379,0.943,0.345,
0.432,0.38,0.942,0.346,
0.398,0.328,0.929,0.328,
0.408,0.339,0.962,0.338,
0.416,0.354,0.928,0.333,
0.435,0.365,0.939,0.362,
0.454,0.382,0.952,0.381,
0.46,0.397,0.932,0.383,
0.458,0.382,0.949,0.381,
0.467,0.421,0.951,0.362,
0.486,0.432,0.928,0.376,
0.439,0.369,0.935,0.369,
0.458,0.393,0.939,0.382,
0.438,0.364,0.947,0.364,
0.473,0.406,0.925,0.39,
0.479,0.421,0.957,0.398,
0.435,0.361,0.939,0.361,
0.435,0.359,0.949,0.358,
0.422,0.352,0.93,0.352,
0.421,0.349,0.891,0.349,
0.431,0.36,0.952,0.36,
0.418,0.355,0.932,0.331,
0.406,0.337,0.946,0.337,
0.401,0.333,0.937,0.333,
0.437,0.379,0.951,0.343,
0.443,0.373,0.959,0.342,
0.412,0.351,0.935,0.33,
0.406,0.338,0.945,0.338,
0.443,0.388,0.953,0.368,
0.427,0.364,0.944,0.346,
0.406,0.338,0.939,0.337,
0.406,0.337,0.951,0.337,
0.411,0.337,0.942,0.337,
0.407,0.337,0.953,0.337,
0.461,0.403,0.957,0.36,
0.444,0.393,0.9,0.355,
0.397,0.329,0.945,0.329,


0.476,0.387,0.941,0.381,
0.54,0.479,1,0.441,
0.503,0.432,1,0.377,
0.539,0.467,1,0.42,
0.499,0.412,0.991,0.397,
0.483,0.392,1,0.39,
0.491,0.423,1,0.388,
0.496,0.419,0.98,0.38,
0.537,0.499,0.958,0.376,
0.497,0.405,1,0.401,
0.555,0.507,0.976,0.46,
0.513,0.459,1,0.4,
0.546,0.477,1,0.445,
0.451,0.368,1,0.368,
0.531,0.476,1,0.402,
0.494,0.43,0.995,0.387,
0.542,0.477,1,0.39,
0.493,0.416,1,0.399,
0.48,0.395,1,0.394,
0.559,0.505,1,0.414,
0.466,0.394,0.999,0.392,
0.497,0.395,0.98,0.38,
0.479,0.385,0.988,0.384,
0.483,0.401,1,0.392,
0.47,0.394,1,0.392,
0.526,0.471,0.998,0.456,
0.488,0.401,1,0.4,
0.556,0.512,0.988,0.439,
0.533,0.489,0.999,0.42,
0.516,0.464,0.953,0.419,
0.577,0.522,0.995,0.447,
0.536,0.482,1,0.403,
0.448,0.373,1,0.373,
0.526,0.474,0.999,0.436,
0.463,0.38,1,0.379,
0.573,0.499,0.993,0.437,
0.537,0.436,1,0.425,
0.473,0.386,1,0.385,
0.491,0.403,1,0.401,
0.481,0.411,0.995,0.405,
0.521,0.455,0.983,0.417,
0.466,0.392,1,0.383,
0.486,0.402,1,0.401,
0.471,0.405,1,0.379,
0.506,0.42,1,0.407,
0.558,0.501,0.999,0.46,
0.495,0.434,1,0.387,
0.486,0.391,1,0.39,
0.498,0.404,1,0.388,
0.459,0.382,0.985,0.371,
0.534,0.476,1,0.442,
0.498,0.417,1,0.414,
0.471,0.386,1,0.378,
0.482,0.391,1,0.385,
0.482,0.414,0.995,0.398,
0.482,0.414,1,0.392,
0.569,0.493,1,0.424,
0.448,0.383,0.918,0.363,
0.584,0.542,0.998,0.461,
0.46,0.381,0.976,0.379,
0.533,0.461,1,0.41,
0.492,0.416,1,0.416,
0.488,0.403,1,0.402,
0.472,0.39,1,0.389,
0.456,0.377,1,0.377,
0.532,0.448,1,0.435,
0.516,0.457,1,0.383,
0.467,0.379,0.996,0.378,
0.485,0.414,0.985,0.39,
0.589,0.531,1,0.513,
0.517,0.469,1,0.399,
0.582,0.528,1,0.461,
0.495,0.389,1,0.384,
0.486,0.407,1,0.4,
0.521,0.468,0.983,0.443,
0.472,0.382,0.982,0.38,
0.548,0.486,0.992,0.432,
0.459,0.379,1,0.378,
0.572,0.516,0.985,0.459,
0.565,0.52,0.981,0.461,
0.455,0.382,1,0.382,
0.55,0.496,1,0.438,
0.497,0.414,1,0.404,
0.564,0.532,0.97,0.466,
0.49,0.446,0.934,0.378,
0.467,0.389,1,0.388,
0.539,0.471,1,0.436,
0.545,0.461,1,0.396,
0.454,0.376,1,0.375,
0.459,0.402,0.908,0.359,
0.495,0.448,0.998,0.39,
0.543,0.467,1,0.399,
0.465,0.374,0.938,0.373,
0.47,0.39,1,0.386,
0.492,0.399,1,0.397,
0.619,0.569,1,0.493,
0.492,0.432,1,0.375,
0.473,0.388,1,0.37,
0.584,0.545,0.91,0.525,
0.484,0.41,1,0.382,
0.482,0.402,1,0.391,
0.501,0.412,1,0.407,
0.586,0.53,1,0.431,
0.507,0.432,1,0.431,
0.565,0.492,1,0.436,
0.546,0.489,0.998,0.441,
0.531,0.447,1,0.428,
0.475,0.379,0.996,0.376,
0.58,0.503,1,0.429,
0.544,0.475,0.99,0.405,
0.51,0.427,1,0.419,
0.534,0.494,1,0.389,
0.576,0.489,1,0.415,
0.534,0.47,0.987,0.39,
0.536,0.463,1,0.419,
0.561,0.488,0.943,0.436,
0.452,0.369,1,0.369,
0.472,0.395,1,0.393,
0.498,0.437,0.929,0.386,
0.47,0.386,0.989,0.385,
0.509,0.449,0.987,0.399,
0.471,0.387,1,0.381,
0.521,0.461,1,0.439,
0.52,0.465,1,0.398,
0.524,0.46,1,0.399,
0.526,0.435,1,0.392,
0.498,0.408,1,0.406,
0.559,0.508,1,0.473,
0.529,0.483,1,0.41,
0.487,0.4,1,0.391,
0.519,0.472,1,0.402,
0.474,0.394,1,0.393,
0.53,0.492,1,0.418,
0.496,0.391,1,0.381,
0.551,0.502,1,0.409,
0.487,0.399,1,0.398,
0.563,0.488,1,0.483,
0.468,0.385,0.993,0.38,
0.481,0.396,1,0.393,
0.475,0.393,1,0.392,
0.48,0.378,1,0.369,
0.61,0.538,1,0.536,
0.512,0.413,1,0.411,
0.466,0.382,1,0.378,
0.473,0.388,1,0.386,
0.503,0.429,1,0.414,
0.508,0.43,1,0.396,
0.511,0.415,1,0.41,
0.462,0.385,1,0.385,
0.52,0.461,1,0.423,
0.605,0.53,1,0.483,
0.474,0.411,0.965,0.374,
0.501,0.423,0.986,0.404,
0.453,0.378,1,0.378,
0.555,0.486,1,0.451,
0.524,0.476,0.992,0.411,
0.486,0.404,1,0.386,
0.497,0.436,1,0.412,
0.496,0.415,1,0.414,
0.493,0.425,0.985,0.389,
0.475,0.408,0.975,0.379,
0.464,0.371,0.965,0.368,
0.533,0.465,1,0.432,
0.492,0.395,0.981,0.387,
0.478,0.394,1,0.392,
0.499,0.439,1,0.387,
0.471,0.39,1,0.39,
0.485,0.399,1,0.396,
0.511,0.443,1,0.409,
0.468,0.384,1,0.382,
0.481,0.39,1,0.389,
0.505,0.439,1,0.398,
0.498,0.422,1,0.421,
0.551,0.503,0.964,0.427,
0.475,0.384,0.998,0.383,
0.473,0.389,0.983,0.387,
0.459,0.372,1,0.372,
0.525,0.461,0.959,0.434,
0.466,0.39,0.985,0.384,
0.495,0.415,1,0.388,
0.476,0.395,1,0.394,
0.515,0.429,1,0.406,
0.547,0.479,1,0.462,
0.5,0.429,0.944,0.385,
0.527,0.485,1,0.388,
0.511,0.471,0.998,0.401,
0.526,0.461,1,0.401,
0.62,0.579,1,0.509,
0.51,0.426,1,0.42,
0.55,0.497,0.992,0.448,
0.476,0.386,1,0.385,
0.489,0.401,1,0.4,
0.538,0.491,1,0.406,
0.477,0.385,1,0.384,
0.478,0.404,0.989,0.403,
0.491,0.416,1,0.385,
0.495,0.428,1,0.396,
0.547,0.496,0.981,0.41,
0.464,0.383,1,0.376,
0.473,0.385,1,0.383,
0.472,0.399,0.966,0.391,
0.496,0.408,1,0.407,
0.471,0.4,1,0.384,
0.483,0.399,1,0.388,
0.462,0.38,1,0.379,
0.509,0.422,0.999,0.396,
0.53,0.484,1,0.423,
0.522,0.447,0.988,0.42,
0.483,0.406,1,0.381,
0.564,0.499,1,0.432,
0.458,0.384,0.953,0.372,
0.568,0.512,1,0.472,
0.471,0.386,1,0.385,
0.475,0.395,0.995,0.389,
0.491,0.386,1,0.383,
0.525,0.451,1,0.436,
0.481,0.391,1,0.39,
0.466,0.382,1,0.381,
0.57,0.498,0.996,0.437,
0.479,0.395,1,0.393,
0.48,0.389,1,0.387,
0.466,0.387,0.932,0.378,
0.455,0.379,0.981,0.376,
0.49,0.406,1,0.383,
0.595,0.542,1,0.49,
0.496,0.402,1,0.395,
0.462,0.374,1,0.374,
0.522,0.461,1,0.4,
0.557,0.512,1,0.446,
0.528,0.457,0.992,0.413,
0.536,0.482,1,0.402,
0.47,0.383,1,0.381,
0.46,0.379,0.977,0.379,
0.465,0.383,1,0.382,
0.509,0.438,1,0.405,
0.48,0.413,1,0.386,
0.49,0.407,1,0.397,
0.459,0.401,0.888,0.366,
0.493,0.428,0.981,0.391,
0.529,0.469,1,0.432,
0.512,0.442,1,0.401,
0.472,0.391,1,0.39,
0.457,0.377,1,0.377,
0.632,0.588,0.99,0.525,
0.496,0.415,1,0.388,
0.601,0.558,1,0.506,
0.48,0.396,1,0.392,
0.533,0.448,1,0.437,
0.475,0.387,0.983,0.386,
0.519,0.465,1,0.405,
0.492,0.408,1,0.407,
0.527,0.461,0.997,0.431,
0.575,0.533,1,0.46,
0.457,0.375,1,0.375,
0.509,0.446,0.997,0.424,
0.553,0.48,1,0.4,
0.555,0.491,1,0.462,
0.478,0.392,1,0.39,
0.529,0.47,1,0.38,
0.5,0.44,0.968,0.423,
0.581,0.519,1,0.45,
0.498,0.435,1,0.392,
0.467,0.385,1,0.385,
0.509,0.443,1,0.405,
0.538,0.49,1,0.403,
0.547,0.473,1,0.443,
0.487,0.388,1,0.383,
0.522,0.462,1,0.431,
0.563,0.498,1,0.469,
0.507,0.402,1,0.398,
0.516,0.45,0.996,0.396,
0.54,0.464,1,0.389,
0.516,0.46,1,0.406,
0.513,0.467,1,0.394,
0.536,0.497,1,0.39,
0.475,0.394,1,0.382,
0.493,0.399,1,0.398,
0.502,0.43,1,0.417,
0.589,0.524,1,0.477,
0.481,0.389,1,0.388,
0.587,0.514,0.998,0.458,
0.483,0.397,1,0.396,
0.522,0.474,0.971,0.413,
0.454,0.374,1,0.374,
0.493,0.419,1,0.382,
0.51,0.447,1,0.396,
0.519,0.44,1,0.404,
0.482,0.411,1,0.385,
0.481,0.394,0.997,0.389,
0.477,0.391,1,0.389,
0.507,0.446,0.982,0.387,
0.503,0.449,1,0.391,
0.49,0.406,0.997,0.405,
0.497,0.44,1,0.389,
0.482,0.409,1,0.39,
0.522,0.424,1,0.421,
0.471,0.39,0.994,0.384,
0.499,0.419,1,0.384,
0.49,0.401,1,0.398,
0.506,0.44,1,0.397,
0.543,0.487,0.972,0.394,
0.479,0.395,1,0.394,
0.535,0.504,1,0.383,
0.609,0.543,1,0.521,
0.485,0.4,1,0.399,
0.447,0.375,0.911,0.366,
0.537,0.482,1,0.42,
0.478,0.404,1,0.384,
0.524,0.469,1,0.396,
0.454,0.403,0.928,0.353,
0.487,0.398,0.999,0.396,
0.546,0.475,1,0.418,
0.511,0.447,0.979,0.427,
0.483,0.4,1,0.397,
0.504,0.438,1,0.408,
0.491,0.455,0.903,0.363,
0.546,0.472,0.997,0.422,
0.514,0.458,0.989,0.418,
0.677,0.619,1,0.601,
0.474,0.39,1,0.385,
0.493,0.415,1,0.389,
0.457,0.38,1,0.379,
0.57,0.518,1,0.473,
0.471,0.388,1,0.387,
0.501,0.416,1,0.402,
0.503,0.418,1,0.405,
0.5,0.441,1,0.403,
0.601,0.554,1,0.51,
0.453,0.379,1,0.378,
0.49,0.398,1,0.387,
0.484,0.397,1,0.394,
0.5,0.444,0.941,0.394,
0.502,0.409,1,0.4,
0.473,0.385,1,0.384,
0.528,0.467,1,0.39,
0.49,0.402,1,0.4,
0.476,0.387,1,0.385,
0.511,0.457,1,0.39,
0.489,0.421,1,0.394,
0.481,0.417,0.991,0.373,
0.484,0.411,1,0.385,
0.467,0.387,1,0.386,
0.487,0.397,0.959,0.387,
0.485,0.393,0.998,0.389,
0.477,0.388,1,0.384,
0.513,0.453,1,0.424,
0.484,0.403,1,0.402,
0.5,0.445,1,0.382,
0.593,0.509,1,0.489,
0.531,0.476,0.957,0.415,
0.488,0.394,1,0.39,
0.498,0.421,1,0.42,
0.504,0.421,1,0.42,
0.479,0.415,0.937,0.368,
0.472,0.392,1,0.388,
0.486,0.402,1,0.4,
0.547,0.506,1,0.428,
0.529,0.458,0.948,0.404,
0.504,0.419,1,0.394,
0.519,0.444,1,0.422,
0.493,0.404,1,0.402,
0.498,0.447,1,0.395,
0.476,0.399,1,0.381,
0.671,0.623,0.957,0.578,
0.46,0.381,1,0.38,
0.516,0.416,1,0.414,
0.549,0.466,0.989,0.408,
0.503,0.434,1,0.391,
0.474,0.402,0.96,0.367,
0.457,0.381,1,0.38,
0.506,0.447,1,0.405,
0.501,0.428,0.977,0.401,
0.509,0.437,0.994,0.42,
0.537,0.475,1,0.399,
0.484,0.417,0.952,0.38,
0.512,0.449,1,0.425,
0.487,0.396,1,0.393,
0.51,0.47,0.936,0.411,
0.479,0.414,1,0.381,
0.462,0.391,1,0.387,
0.507,0.413,1,0.411,
0.501,0.406,1,0.397,
0.513,0.45,1,0.42,
0.499,0.43,1,0.375,
0.601,0.546,1,0.473,
0.53,0.453,0.993,0.389,
0.503,0.444,1,0.421,
0.499,0.413,0.986,0.395,
0.533,0.506,0.991,0.392,
0.526,0.454,1,0.403,
0.477,0.39,1,0.386,
0.523,0.457,1,0.426,
0.485,0.411,0.999,0.378,
0.524,0.465,1,0.44,
0.488,0.413,0.998,0.38,
0.48,0.394,1,0.393,
0.555,0.512,1,0.461,
0.476,0.389,1,0.383,
0.575,0.52,1,0.486,
0.529,0.471,1,0.428,
0.514,0.45,1,0.395,
0.495,0.415,1,0.402,
0.524,0.471,1,0.393,
0.533,0.479,1,0.399,
0.609,0.55,1,0.536,
0.491,0.436,1,0.383,
0.543,0.482,0.982,0.445,
0.485,0.402,1,0.401,
0.452,0.389,0.959,0.36,
0.484,0.417,1,0.393,
0.491,0.389,1,0.387,
0.544,0.472,1,0.464,
0.518,0.464,0.993,0.409,
0.501,0.44,1,0.393,
0.521,0.453,0.995,0.409,
0.51,0.433,0.987,0.382,
0.538,0.466,1,0.43,
0.491,0.396,1,0.392,
0.477,0.395,1,0.392,
0.493,0.408,1,0.384,
0.587,0.541,1,0.436,
0.473,0.389,1,0.388,
0.55,0.485,1,0.46,
0.531,0.48,1,0.433,
0.529,0.476,1,0.398,
0.586,0.52,1,0.431,
0.506,0.407,1,0.404,
0.503,0.433,0.981,0.391,
0.483,0.416,0.984,0.387,
0.448,0.372,1,0.372,
0.583,0.537,1,0.48,
0.575,0.524,1,0.409,
0.573,0.519,1,0.442,
0.547,0.485,0.985,0.438,
0.58,0.509,1,0.489,
0.457,0.381,1,0.38,
0.477,0.395,1,0.394,
0.531,0.464,1,0.418,
0.508,0.426,1,0.417,
0.537,0.478,0.995,0.437,
0.5,0.444,1,0.386,
0.484,0.399,1,0.398,
0.485,0.404,1,0.403,
0.482,0.42,0.965,0.375,
0.473,0.386,1,0.386,
0.57,0.505,0.985,0.453,
0.535,0.486,1,0.406,
0.545,0.474,1,0.414,
0.55,0.481,0.991,0.463,
0.483,0.4,1,0.397,
0.492,0.405,0.966,0.387,
0.523,0.455,1,0.414,
0.502,0.431,0.977,0.392,
0.479,0.389,1,0.388,
0.51,0.415,1,0.412,
0.595,0.536,1,0.531,
0.489,0.423,1,0.397,
0.447,0.365,0.947,0.364,
0.49,0.392,1,0.391,
0.48,0.401,0.975,0.381,
0.464,0.398,0.963,0.369,
0.473,0.407,0.985,0.373,
0.466,0.378,1,0.376,
0.515,0.453,1,0.407,
0.532,0.481,1,0.412,
0.587,0.523,0.985,0.476,
0.534,0.482,0.991,0.414,
0.467,0.383,1,0.382,
0.538,0.489,1,0.418,
0.53,0.468,1,0.404,
0.531,0.463,1,0.407,
0.503,0.436,1,0.402,
0.477,0.395,1,0.395,
0.518,0.456,1,0.41,
0.519,0.452,1,0.418,
0.522,0.473,0.986,0.418,
0.512,0.483,1,0.378,
0.464,0.388,1,0.382,
0.466,0.381,1,0.38,
0.477,0.398,1,0.397,
0.513,0.45,0.992,0.388,
0.493,0.42,1,0.387,
0.491,0.408,1,0.407,
0.486,0.403,1,0.399,
0.492,0.393,1,0.389,
0.514,0.45,1,0.414,
0.546,0.478,1,0.45,
0.55,0.51,1,0.417,
0.484,0.413,0.998,0.389,
0.5,0.424,0.996,0.409,
0.472,0.384,1,0.383,
0.543,0.481,1,0.481,
0.588,0.545,1,0.441,
0.511,0.454,0.996,0.417,
0.529,0.483,0.963,0.407,
0.477,0.406,1,0.383,
0.48,0.389,0.995,0.386,
0.498,0.41,1,0.395,
0.546,0.485,0.996,0.426,
0.548,0.485,1,0.44,
0.548,0.502,1,0.431,
0.513,0.444,1,0.382,
0.599,0.526,1,0.483,
0.505,0.406,1,0.405,
0.519,0.436,1,0.432,
0.499,0.435,0.995,0.396,
0.502,0.438,0.992,0.395,
0.485,0.422,1,0.385,
0.478,0.388,1,0.385,
0.502,0.409,1,0.397,
0.463,0.383,1,0.382,
0.485,0.398,1,0.383,
0.462,0.378,0.999,0.376,
0.478,0.402,1,0.401,
0.591,0.539,1,0.446,
0.468,0.388,0.993,0.387,
0.501,0.428,0.996,0.41,
0.495,0.408,0.995,0.391,
0.465,0.386,1,0.386,
0.468,0.385,1,0.384,
0.471,0.39,1,0.38,
0.516,0.423,1,0.41,
0.47,0.386,0.999,0.386,
0.485,0.407,1,0.386,
0.497,0.441,1,0.407,
0.497,0.401,1,0.4,
0.489,0.42,1,0.392,
0.538,0.495,0.999,0.416,
0.476,0.409,0.976,0.386,
0.468,0.384,1,0.383,
0.503,0.409,1,0.388,
0.494,0.408,1,0.407,
0.489,0.426,1,0.39,
0.461,0.383,0.949,0.371,
0.495,0.4,1,0.389,
0.543,0.474,1,0.41,
0.522,0.466,1,0.406,
0.433,0.36,1,0.36,
0.441,0.368,1,0.368,
0.443,0.373,1,0.372,
0.475,0.423,0.989,0.368,
0.424,0.353,1,0.353,
0.435,0.357,1,0.357,
0.44,0.363,1,0.363,
0.47,0.389,1,0.367,
0.431,0.367,0.975,0.351,
0.43,0.354,1,0.354,
0.438,0.362,1,0.362,
0.451,0.37,1,0.37,
0.527,0.468,1,0.409,
0.427,0.355,1,0.355,
0.49,0.441,1,0.399,
0.506,0.449,1,0.389,
0.434,0.356,1,0.356,
0.424,0.354,0.992,0.354,
0.514,0.454,1,0.406,
0.489,0.403,1,0.394,
0.415,0.345,0.991,0.345,
0.497,0.422,0.953,0.374,
0.45,0.371,1,0.371,
0.433,0.361,1,0.361,
0.479,0.398,1,0.372,
0.482,0.428,0.999,0.365,
0.425,0.354,0.996,0.354,
0.432,0.359,1,0.359,
0.491,0.44,0.984,0.365,
0.44,0.365,1,0.356,
0.484,0.42,1,0.385,
0.456,0.378,1,0.378,
0.442,0.365,1,0.364,
0.434,0.361,1,0.361,
0.45,0.377,1,0.373,
0.429,0.355,1,0.355,
0.494,0.45,0.947,0.365,
0.462,0.403,0.991,0.362,
0.429,0.357,1,0.357,
0.433,0.36,1,0.36,
0.468,0.404,0.989,0.361,
0.432,0.357,1,0.357,
0.444,0.376,1,0.356,
0.49,0.433,1,0.37,
0.428,0.357,1,0.357,
0.454,0.385,1,0.359,
0.452,0.401,1,0.357,
0.458,0.393,0.987,0.364,
0.476,0.382,1,0.381,
0.472,0.409,0.971,0.364,
0.482,0.417,1,0.362,
0.436,0.36,1,0.36,
0.418,0.349,0.977,0.349,
0.513,0.456,1,0.424,
0.426,0.355,1,0.355,
0.466,0.39,0.988,0.377,
0.448,0.389,1,0.355,
0.427,0.353,1,0.353,
0.473,0.406,0.988,0.363,
0.429,0.358,0.998,0.358,
0.436,0.362,1,0.356,
0.485,0.384,1,0.365,
0.435,0.36,1,0.36,
0.43,0.357,1,0.357,
0.434,0.362,1,0.362,
0.502,0.447,1,0.401,
0.433,0.359,1,0.359,
0.481,0.43,0.958,0.362,
0.455,0.376,1,0.369,
0.455,0.359,1,0.354,
0.477,0.415,1,0.374,
0.424,0.352,0.995,0.352,
0.435,0.362,0.999,0.361,
0.442,0.364,1,0.364,
0.43,0.359,1,0.359,
0.569,0.51,0.997,0.431,
0.436,0.365,1,0.365,
0.437,0.351,1,0.35,
0.446,0.369,1,0.368,
0.505,0.441,1,0.401,
0.436,0.363,1,0.363,
0.431,0.359,1,0.359,
0.437,0.36,0.979,0.349,
0.426,0.355,1,0.355,
0.459,0.392,1,0.361,
0.45,0.378,1,0.369,
0.457,0.363,1,0.363,
0.473,0.392,1,0.391,
0.467,0.398,1,0.36,
0.417,0.344,0.923,0.342,
0.434,0.361,1,0.361,
0.429,0.358,0.985,0.358,
0.435,0.361,1,0.361,
0.478,0.41,0.969,0.377,
0.446,0.374,1,0.374,
0.436,0.364,0.98,0.364,
0.447,0.369,1,0.367,
0.43,0.356,1,0.356,
0.514,0.464,1,0.365,
0.475,0.411,0.998,0.383,
0.429,0.374,0.933,0.34,
0.463,0.408,0.936,0.349,
0.429,0.356,1,0.356,
0.432,0.356,0.998,0.356,
0.425,0.358,0.943,0.343,
0.424,0.349,0.969,0.349,
0.468,0.379,1,0.375,
0.438,0.368,0.991,0.368,
0.434,0.351,1,0.351,
0.427,0.355,1,0.355,
0.438,0.359,1,0.359,
0.436,0.361,1,0.361,
0.572,0.526,1,0.413,
0.474,0.396,0.971,0.364,
0.421,0.348,0.97,0.344,
0.445,0.36,1,0.359,
0.45,0.368,1,0.367,
0.442,0.358,1,0.357,
0.429,0.357,0.998,0.357,
0.501,0.432,1,0.377,
0.431,0.359,1,0.359,
0.557,0.532,1,0.444,
0.435,0.351,1,0.349,
0.43,0.358,1,0.358,
0.454,0.381,1,0.36,
0.432,0.358,0.996,0.35,
0.447,0.357,1,0.357,
0.436,0.361,1,0.361,
0.433,0.357,1,0.357,
0.44,0.357,0.999,0.357,
0.466,0.414,1,0.362,
0.438,0.36,0.974,0.359,
0.429,0.355,1,0.355,
0.455,0.375,1,0.375,
0.535,0.475,1,0.419,
0.436,0.358,1,0.358,
0.431,0.359,1,0.359,
0.442,0.363,1,0.363,
0.425,0.352,1,0.352,
0.495,0.442,1,0.39,
0.427,0.364,0.951,0.34,
0.453,0.376,1,0.363,
0.453,0.371,1,0.37,
0.488,0.431,1,0.397,
0.528,0.46,0.983,0.397,
0.445,0.366,1,0.366,
0.427,0.353,1,0.353,
0.512,0.483,1,0.388,
0.521,0.475,0.972,0.438,
0.431,0.361,1,0.361,
0.431,0.357,1,0.357,
0.442,0.353,1,0.352,
0.449,0.377,1,0.358,
0.472,0.416,1,0.363,
0.432,0.36,0.996,0.36,
0.427,0.355,1,0.355,
0.43,0.357,1,0.357,
0.549,0.511,1,0.41,
0.546,0.511,1,0.426,
0.45,0.395,0.976,0.353,
0.509,0.477,0.997,0.357,
0.419,0.349,0.981,0.349,
0.447,0.374,1,0.374,
0.426,0.352,1,0.352,
0.497,0.448,1,0.386,
0.535,0.475,0.995,0.409,
0.425,0.355,1,0.355,
0.424,0.351,1,0.351,
0.506,0.437,0.993,0.385,
0.442,0.359,0.987,0.359,
0.511,0.484,1,0.366,
0.44,0.358,0.989,0.358,
0.449,0.367,1,0.367,
0.443,0.364,1,0.36,
0.45,0.372,1,0.361,
0.446,0.366,1,0.366,
0.499,0.471,1,0.363,
0.414,0.344,0.937,0.341,
0.426,0.354,1,0.354,
0.45,0.364,1,0.364,
0.431,0.358,1,0.358,
0.501,0.442,0.985,0.358,
0.466,0.409,0.941,0.344,
0.426,0.355,1,0.355,
0.488,0.431,1,0.363,
0.46,0.384,1,0.359,
0.436,0.364,1,0.363,
0.438,0.366,1,0.366,
0.43,0.359,1,0.35,
0.433,0.359,1,0.359,
0.434,0.363,1,0.363,
0.456,0.386,0.961,0.348,
0.464,0.397,0.93,0.354,
0.447,0.367,1,0.365,
0.528,0.461,0.991,0.377,
0.433,0.361,1,0.361,
0.424,0.35,0.978,0.348,
0.504,0.441,0.988,0.406,
0.431,0.359,0.987,0.359,
0.429,0.358,1,0.358,
0.434,0.361,1,0.361,
0.471,0.391,1,0.358,
0.456,0.363,1,0.356,
0.448,0.379,0.973,0.364,
0.429,0.357,1,0.357,
0.467,0.408,1,0.374,
0.502,0.451,1,0.375,
0.515,0.485,1,0.371,
0.477,0.384,0.995,0.363,
0.434,0.358,1,0.358,
0.493,0.416,0.996,0.37,
0.45,0.372,1,0.371,
0.43,0.358,0.998,0.358,
0.44,0.367,1,0.367,
0.483,0.443,0.982,0.373,
0.474,0.42,1,0.358,
0.47,0.399,1,0.363,
0.434,0.362,1,0.362,
0.478,0.406,1,0.355,
0.491,0.442,0.992,0.38,
0.429,0.352,1,0.352,
0.5,0.435,0.979,0.36,
0.44,0.364,0.95,0.348,
0.428,0.356,1,0.356,
0.448,0.366,1,0.365,
0.412,0.338,0.962,0.338,
0.463,0.405,0.999,0.367,
0.438,0.361,1,0.361,
0.509,0.449,0.999,0.368,
0.436,0.36,0.977,0.353,
0.454,0.374,1,0.358,
0.507,0.453,1,0.412,
0.453,0.362,0.991,0.36,
0.436,0.363,1,0.363,
0.426,0.354,1,0.354,
0.437,0.355,1,0.355,
0.464,0.412,1,0.359,
0.451,0.374,1,0.374,
0.433,0.359,1,0.359,
0.441,0.36,1,0.354,
0.431,0.36,0.993,0.36,
0.434,0.362,1,0.362,
0.45,0.368,1,0.36,
0.502,0.41,1,0.408,
0.464,0.395,1,0.372,
0.438,0.364,1,0.364,
0.447,0.369,1,0.362,
0.493,0.434,1,0.394,
0.443,0.363,1,0.363,
0.512,0.478,1,0.385,
0.442,0.354,1,0.354,
0.435,0.363,1,0.363,
0.433,0.363,1,0.363,
0.468,0.4,1,0.372,
0.457,0.392,1,0.359,
0.448,0.368,1,0.368,
0.435,0.361,1,0.361,
0.43,0.359,1,0.359,
0.447,0.36,1,0.356,
0.488,0.401,1,0.358,
0.433,0.361,1,0.361,
0.467,0.396,0.992,0.367,
0.489,0.423,1,0.376,
0.427,0.356,0.998,0.356,
0.431,0.363,0.997,0.354,
0.443,0.363,1,0.363,
0.423,0.351,0.989,0.351,
0.46,0.401,1,0.362,
0.427,0.355,1,0.355,
0.423,0.361,0.958,0.344,
0.457,0.369,1,0.369,
0.462,0.402,0.998,0.354,
0.433,0.359,1,0.359,
0.439,0.365,1,0.365,
0.449,0.367,1,0.364,
0.49,0.423,0.967,0.407,
0.428,0.356,1,0.356,
0.435,0.363,0.996,0.353,
0.462,0.379,1,0.378,
0.453,0.373,0.99,0.372,
0.435,0.354,1,0.354,
0.418,0.349,0.975,0.349,
0.429,0.354,1,0.354,
0.458,0.374,1,0.373,
0.531,0.475,0.995,0.417,
0.439,0.366,1,0.366,
0.44,0.363,1,0.363,
0.436,0.366,1,0.355,
0.448,0.364,1,0.364,
0.473,0.392,1,0.391,
0.409,0.359,0.883,0.329,
0.493,0.432,0.973,0.395,
0.407,0.34,0.939,0.34,
0.435,0.362,1,0.362,
0.485,0.391,1,0.389,
0.449,0.363,1,0.362,
0.414,0.343,0.939,0.337,
0.453,0.379,1,0.377,
0.455,0.382,0.952,0.354,
0.466,0.406,0.975,0.35,
0.429,0.356,0.965,0.348,
0.445,0.366,1,0.363,
0.435,0.362,1,0.362,
0.439,0.371,1,0.355,
0.504,0.442,0.987,0.415,
0.434,0.363,1,0.363,
0.428,0.368,0.957,0.345,
0.44,0.361,1,0.361,
0.494,0.445,0.985,0.381,
0.479,0.402,1,0.372,
0.468,0.386,1,0.385,
0.447,0.368,1,0.368,
0.452,0.395,0.999,0.359,
0.44,0.361,1,0.36,
0.478,0.416,1,0.372,
0.449,0.372,1,0.363,
0.396,0.335,0.893,0.328,
0.536,0.494,0.987,0.409,
0.501,0.44,0.957,0.352,
0.446,0.367,1,0.367,
0.499,0.436,1,0.386,
0.433,0.36,1,0.36,
0.434,0.368,0.926,0.348,
0.429,0.356,1,0.352,
0.473,0.425,0.977,0.361,
0.444,0.357,1,0.355,
0.432,0.359,1,0.359,
0.484,0.378,1,0.371,
0.461,0.412,0.934,0.38,
0.471,0.4,1,0.359,
0.452,0.386,1,0.354,
0.463,0.417,0.97,0.353,
0.441,0.365,1,0.365,
0.464,0.393,1,0.358,
0.432,0.359,1,0.359,
0.502,0.451,0.998,0.377,
0.442,0.365,0.985,0.36,
0.46,0.401,0.987,0.364,
0.426,0.354,1,0.354,
0.448,0.358,1,0.357,
0.447,0.371,0.983,0.367,
0.492,0.435,1,0.365,
0.436,0.364,1,0.364,
0.509,0.432,1,0.371,
0.428,0.355,1,0.355,
0.437,0.359,0.987,0.355,
0.437,0.39,0.911,0.342,
0.505,0.451,1,0.414,
0.43,0.356,0.991,0.356,
0.465,0.396,1,0.358,
0.476,0.416,1,0.373,
0.441,0.366,1,0.366,
0.521,0.457,0.953,0.403,
0.426,0.345,0.98,0.342,
0.453,0.388,0.995,0.367,
0.478,0.413,1,0.375,
0.433,0.36,1,0.36,
0.433,0.349,0.989,0.349,
0.43,0.357,1,0.357,
0.433,0.36,1,0.36,
0.433,0.36,1,0.36,
0.44,0.401,0.964,0.35,
0.425,0.354,1,0.354,
0.43,0.359,1,0.359,
0.45,0.368,1,0.368,
0.459,0.382,1,0.382,
0.42,0.35,0.983,0.35,
0.44,0.364,0.991,0.36,
0.434,0.361,1,0.361,
0.435,0.358,1,0.357,
0.545,0.496,1,0.445,
0.532,0.476,1,0.383,
0.429,0.349,0.97,0.348,
0.429,0.355,1,0.355,
0.476,0.4,1,0.389,
0.457,0.393,0.998,0.36,
0.428,0.356,1,0.355,
0.414,0.346,0.947,0.346,
0.427,0.355,1,0.355,
0.474,0.432,1,0.356,
0.477,0.417,1,0.362,
0.436,0.361,1,0.361,
0.434,0.36,1,0.36,
0.499,0.429,0.926,0.41,
0.509,0.425,1,0.397,
0.474,0.396,1,0.381,
0.5,0.39,0.997,0.387,
0.55,0.478,1,0.436,
0.524,0.47,1,0.416,
0.518,0.445,1,0.406,
0.504,0.431,1,0.394,
0.498,0.402,1,0.4,
0.468,0.39,0.981,0.389,
0.47,0.381,1,0.38,
0.525,0.458,1,0.423,
0.563,0.505,1,0.474,
0.505,0.422,1,0.421,
0.573,0.52,1,0.464,
0.601,0.532,1,0.464,
0.514,0.428,1,0.421,
0.515,0.44,1,0.421,
0.473,0.386,1,0.385,
0.555,0.476,0.982,0.431,
0.485,0.433,1,0.381,
0.56,0.483,1,0.48,
0.509,0.44,1,0.417,
0.51,0.44,1,0.399,
0.518,0.439,1,0.421,
0.469,0.386,1,0.385,
0.533,0.481,0.926,0.452,
0.533,0.444,1,0.439,
0.453,0.373,1,0.373,
0.49,0.419,1,0.382,
0.494,0.394,1,0.392,
0.553,0.507,0.98,0.424,
0.455,0.377,1,0.377,
0.427,0.354,1,0.354,
0.515,0.432,0.975,0.423,
0.443,0.37,1,0.37,
0.442,0.353,0.973,0.353,
0.436,0.362,1,0.362,
0.489,0.434,0.911,0.376,
0.44,0.369,1,0.364,
0.425,0.353,1,0.353,
0.433,0.362,1,0.36,
0.514,0.465,1,0.407,
0.481,0.417,1,0.368,
0.469,0.407,0.986,0.378,
0.422,0.352,0.985,0.352,
0.427,0.355,1,0.354,
0.46,0.385,0.989,0.354,
0.478,0.396,0.993,0.389,
0.478,0.393,1,0.391,
0.533,0.469,0.992,0.431,
0.493,0.409,1,0.408,
0.505,0.457,1,0.38,
0.56,0.498,1,0.447,
0.498,0.398,1,0.396,
0.504,0.457,1,0.397,
0.549,0.514,1,0.416,
0.502,0.437,1,0.409,
0.508,0.409,1,0.405,
0.476,0.391,1,0.39,
0.477,0.399,1,0.382,
0.458,0.371,0.977,0.369,
0.448,0.368,0.954,0.367,
0.467,0.388,1,0.387,
0.471,0.402,1,0.375,
0.431,0.358,1,0.358,
0.432,0.359,1,0.359,
0.447,0.366,1,0.358,
0.463,0.405,1,0.35,
0.45,0.367,0.985,0.351,
0.431,0.358,1,0.358,
0.467,0.399,1,0.37,
0.492,0.433,1,0.385,
0.435,0.359,1,0.359,
0.431,0.358,1,0.358,
0.438,0.364,1,0.364,
0.432,0.358,1,0.358,
0.524,0.46,1,0.41,
0.488,0.444,0.95,0.366,
0.423,0.351,1,0.351,


0.474,0.393,1,0.392,
0.457,0.382,0.969,0.381,
0.455,0.383,0.967,0.379,
0.465,0.383,1,0.382,
0.478,0.386,1,0.385,
0.478,0.396,1,0.395,
0.458,0.376,0.988,0.376,
0.459,0.383,1,0.382,
0.472,0.385,1,0.383,
0.474,0.387,1,0.386,
0.468,0.388,1,0.387,
0.455,0.377,0.982,0.377,
0.469,0.389,0.963,0.388,
0.451,0.368,1,0.368,
0.473,0.388,0.99,0.383,
0.465,0.387,1,0.387,
0.469,0.386,0.998,0.386,
0.456,0.379,0.998,0.378,
0.48,0.395,1,0.394,
0.445,0.361,0.909,0.36,
0.46,0.386,1,0.382,
0.468,0.39,1,0.39,
0.481,0.404,1,0.402,
0.475,0.397,1,0.396,
0.449,0.378,1,0.377,
0.467,0.389,1,0.389,
0.488,0.401,1,0.4,
0.467,0.392,1,0.386,
0.464,0.381,1,0.379,
0.492,0.412,1,0.411,
0.469,0.388,1,0.387,
0.526,0.431,1,0.404,
0.448,0.373,1,0.373,
0.467,0.383,1,0.382,
0.463,0.38,1,0.379,
0.512,0.421,1,0.419,
0.537,0.436,1,0.425,
0.473,0.386,1,0.385,
0.486,0.397,1,0.397,
0.461,0.382,1,0.381,
0.461,0.374,1,0.374,
0.468,0.389,0.996,0.389,
0.489,0.405,1,0.403,
0.481,0.398,0.986,0.397,
0.528,0.465,1,0.416,
0.476,0.387,1,0.386,
0.465,0.385,0.997,0.378,
0.484,0.39,1,0.389,
0.462,0.37,0.995,0.369,
0.473,0.396,1,0.395,
0.466,0.39,0.997,0.387,
0.461,0.382,0.98,0.381,
0.475,0.389,0.987,0.389,
0.475,0.395,1,0.394,
0.46,0.381,1,0.381,
0.468,0.387,1,0.386,
0.483,0.397,1,0.388,
0.467,0.385,1,0.374,
0.513,0.433,1,0.431,
0.467,0.39,1,0.386,
0.533,0.461,1,0.41,
0.488,0.413,1,0.413,
0.464,0.385,1,0.384,
0.472,0.39,1,0.389,
0.456,0.377,1,0.377,
0.532,0.448,1,0.435,
0.454,0.371,0.982,0.368,
0.471,0.39,1,0.389,
0.469,0.387,1,0.385,
0.589,0.531,1,0.513,
0.428,0.356,0.946,0.355,
0.485,0.41,0.963,0.375,
0.463,0.387,0.964,0.387,
0.487,0.408,1,0.405,
0.46,0.387,1,0.386,
0.47,0.386,1,0.384,
0.474,0.391,1,0.39,
0.459,0.379,1,0.378,
0.457,0.378,1,0.377,
0.479,0.398,1,0.389,
0.455,0.381,1,0.381,
0.454,0.373,0.975,0.373,
0.47,0.383,1,0.382,
0.467,0.399,1,0.391,
0.438,0.352,1,0.352,
0.458,0.38,1,0.379,
0.511,0.428,0.998,0.428,
0.489,0.403,1,0.398,
0.454,0.376,1,0.375,
0.456,0.372,1,0.367,
0.463,0.383,1,0.383,
0.474,0.386,0.997,0.384,
0.476,0.389,1,0.388,
0.467,0.387,1,0.386,
0.491,0.405,1,0.404,
0.514,0.435,0.981,0.413,
0.453,0.385,0.997,0.38,
0.472,0.391,1,0.391,
0.484,0.404,1,0.403,
0.451,0.376,1,0.375,
0.471,0.396,0.987,0.395,
0.474,0.39,0.993,0.387,
0.46,0.379,1,0.379,
0.507,0.432,1,0.431,
0.47,0.394,0.996,0.392,
0.463,0.381,1,0.381,
0.522,0.439,1,0.434,
0.46,0.384,1,0.383,
0.48,0.411,0.935,0.382,
0.493,0.426,1,0.406,
0.494,0.409,1,0.408,
0.475,0.39,1,0.389,
0.545,0.439,1,0.412,
0.463,0.39,1,0.385,
0.482,0.399,0.967,0.398,
0.472,0.388,1,0.387,
0.452,0.369,1,0.369,
0.47,0.395,1,0.393,
0.478,0.397,1,0.396,
0.468,0.383,1,0.382,
0.465,0.386,1,0.385,
0.444,0.367,0.971,0.367,
0.452,0.371,0.975,0.371,
0.451,0.377,0.994,0.376,
0.463,0.382,0.984,0.381,
0.476,0.389,1,0.388,
0.469,0.384,0.988,0.382,
0.467,0.387,0.996,0.387,
0.451,0.377,1,0.377,
0.483,0.398,0.999,0.397,
0.458,0.378,1,0.377,
0.476,0.399,1,0.398,
0.53,0.492,1,0.418,
0.481,0.391,1,0.39,
0.461,0.381,1,0.381,
0.486,0.399,1,0.398,
0.563,0.488,1,0.483,
0.46,0.378,1,0.378,
0.474,0.391,1,0.391,
0.469,0.387,1,0.386,
0.481,0.398,1,0.398,
0.61,0.538,1,0.536,
0.473,0.398,1,0.397,
0.459,0.379,0.998,0.378,
0.467,0.392,0.972,0.392,
0.449,0.372,0.982,0.37,
0.473,0.396,0.989,0.395,
0.457,0.384,0.983,0.383,
0.46,0.386,1,0.385,
0.465,0.387,0.999,0.386,
0.524,0.459,1,0.394,
0.46,0.384,1,0.384,
0.476,0.387,1,0.379,
0.453,0.378,1,0.378,
0.471,0.392,0.981,0.39,
0.464,0.386,1,0.386,
0.445,0.363,1,0.363,
0.454,0.379,0.969,0.365,
0.459,0.373,0.965,0.371,
0.458,0.378,1,0.377,
0.458,0.373,1,0.373,
0.476,0.393,1,0.392,
0.536,0.481,1,0.428,
0.491,0.399,1,0.399,
0.478,0.394,1,0.392,
0.454,0.38,0.984,0.38,
0.452,0.374,1,0.374,
0.474,0.392,0.996,0.391,
0.461,0.383,0.991,0.383,
0.476,0.391,0.998,0.39,
0.456,0.373,0.976,0.373,
0.475,0.398,1,0.397,
0.498,0.422,1,0.421,
0.463,0.388,1,0.387,
0.458,0.378,1,0.377,
0.503,0.431,1,0.399,
0.459,0.372,1,0.372,
0.458,0.385,1,0.382,
0.466,0.383,1,0.379,
0.482,0.399,0.989,0.398,
0.476,0.395,1,0.394,
0.512,0.428,1,0.423,
0.429,0.355,0.946,0.353,
0.484,0.406,1,0.406,
0.461,0.382,0.988,0.382,
0.488,0.405,1,0.403,
0.457,0.378,0.997,0.377,
0.553,0.483,1,0.481,
0.51,0.426,1,0.42,
0.467,0.391,1,0.38,
0.476,0.386,1,0.385,
0.488,0.4,1,0.399,
0.477,0.399,0.999,0.397,
0.477,0.385,1,0.384,
0.473,0.397,1,0.397,
0.468,0.387,0.996,0.386,
0.442,0.378,0.958,0.341,
0.466,0.387,1,0.374,
0.46,0.38,0.988,0.38,
0.466,0.379,1,0.378,
0.46,0.381,1,0.381,
0.496,0.408,1,0.407,
0.446,0.372,0.966,0.372,
0.475,0.393,1,0.393,
0.463,0.385,1,0.384,
0.497,0.4,1,0.398,
0.457,0.376,0.985,0.376,
0.483,0.388,1,0.386,
0.459,0.372,1,0.372,
0.458,0.39,0.993,0.356,
0.478,0.391,1,0.389,
0.457,0.38,0.969,0.38,
0.465,0.379,0.988,0.378,
0.47,0.383,1,0.382,
0.488,0.393,1,0.388,
0.433,0.357,0.929,0.357,
0.475,0.385,1,0.384,
0.466,0.382,1,0.381,
0.469,0.392,1,0.391,
0.479,0.398,1,0.397,
0.48,0.389,1,0.387,
0.463,0.385,1,0.385,
0.453,0.379,1,0.377,
0.467,0.378,0.998,0.377,
0.466,0.385,0.982,0.385,
0.478,0.39,1,0.389,
0.475,0.392,1,0.391,
0.466,0.381,0.992,0.381,
0.479,0.401,1,0.397,
0.502,0.417,1,0.416,
0.461,0.374,1,0.368,
0.462,0.384,0.975,0.383,
0.462,0.382,1,0.381,
0.465,0.383,1,0.382,
0.468,0.388,0.994,0.387,
0.46,0.386,1,0.385,
0.409,0.339,0.893,0.339,
0.459,0.383,1,0.382,
0.45,0.374,1,0.374,
0.44,0.366,0.927,0.366,
0.457,0.376,0.976,0.376,
0.472,0.391,1,0.39,
0.457,0.377,1,0.377,
0.479,0.399,1,0.39,
0.463,0.376,1,0.375,
0.478,0.389,0.994,0.385,
0.479,0.394,1,0.392,
0.49,0.398,1,0.393,
0.464,0.382,1,0.382,
0.499,0.409,0.998,0.409,
0.492,0.408,1,0.407,
0.47,0.391,1,0.39,
0.474,0.389,0.984,0.387,
0.457,0.375,1,0.375,
0.467,0.391,1,0.383,
0.455,0.373,0.982,0.371,
0.463,0.376,1,0.374,
0.449,0.372,0.964,0.372,
0.47,0.384,1,0.383,
0.472,0.393,1,0.391,
0.449,0.377,0.974,0.376,
0.476,0.403,1,0.403,
0.467,0.385,1,0.385,
0.469,0.389,1,0.389,
0.467,0.387,0.999,0.386,
0.467,0.383,1,0.382,
0.46,0.379,1,0.378,
0.451,0.374,0.975,0.374,
0.461,0.382,0.998,0.378,
0.453,0.367,0.961,0.367,
0.482,0.396,1,0.392,
0.47,0.394,0.997,0.394,
0.46,0.38,0.964,0.379,
0.451,0.376,0.984,0.376,
0.487,0.406,0.99,0.405,
0.467,0.381,1,0.38,
0.493,0.399,1,0.398,
0.472,0.392,0.996,0.389,
0.462,0.37,1,0.367,
0.497,0.426,1,0.426,
0.531,0.472,1,0.417,
0.466,0.387,0.999,0.386,
0.465,0.39,1,0.388,
0.454,0.376,1,0.375,
0.471,0.396,0.986,0.395,
0.477,0.392,0.988,0.391,
0.464,0.387,1,0.383,
0.465,0.388,0.994,0.388,
0.461,0.38,1,0.38,
0.477,0.391,1,0.389,
0.47,0.38,1,0.379,
0.456,0.381,0.994,0.38,
0.49,0.403,1,0.4,
0.431,0.359,0.928,0.359,
0.474,0.393,0.98,0.392,
0.504,0.41,1,0.409,
0.469,0.383,1,0.382,
0.479,0.387,1,0.386,
0.49,0.401,1,0.398,
0.46,0.373,0.963,0.367,
0.483,0.41,1,0.41,
0.465,0.388,1,0.387,
0.473,0.386,1,0.386,
0.609,0.543,1,0.521,
0.485,0.4,1,0.399,
0.493,0.402,1,0.39,
0.479,0.394,1,0.392,
0.457,0.379,0.987,0.379,
0.457,0.38,0.979,0.379,
0.467,0.39,1,0.389,
0.472,0.383,1,0.382,
0.484,0.396,1,0.385,
0.477,0.399,1,0.398,
0.476,0.383,0.993,0.38,
0.474,0.396,0.998,0.395,
0.454,0.382,1,0.381,
0.479,0.398,1,0.398,
0.471,0.392,1,0.388,
0.677,0.619,1,0.6,
0.462,0.384,0.993,0.383,
0.469,0.387,1,0.386,
0.457,0.379,1,0.379,
0.57,0.518,1,0.473,
0.48,0.402,1,0.401,
0.468,0.388,1,0.388,
0.481,0.391,0.989,0.39,
0.458,0.382,1,0.382,
0.601,0.554,1,0.51,
0.45,0.373,1,0.373,
0.458,0.391,0.975,0.375,
0.468,0.381,0.987,0.38,
0.46,0.388,1,0.362,
0.456,0.381,1,0.38,
0.473,0.385,1,0.384,
0.465,0.386,0.991,0.386,
0.49,0.402,1,0.4,
0.469,0.39,1,0.389,
0.443,0.367,0.953,0.366,
0.502,0.416,0.997,0.415,
0.455,0.378,1,0.372,
0.432,0.364,0.953,0.364,
0.467,0.387,1,0.386,
0.461,0.385,1,0.385,
0.471,0.388,1,0.384,
0.44,0.365,0.946,0.363,
0.447,0.368,0.968,0.365,
0.474,0.393,1,0.392,
0.461,0.379,1,0.379,
0.463,0.378,0.978,0.376,
0.474,0.396,1,0.389,
0.486,0.387,1,0.386,
0.498,0.421,1,0.42,
0.495,0.412,1,0.412,
0.465,0.382,1,0.382,
0.463,0.385,0.998,0.385,
0.525,0.48,1,0.411,
0.466,0.39,1,0.383,
0.513,0.412,1,0.41,
0.476,0.394,0.96,0.393,
0.467,0.388,0.989,0.386,
0.476,0.388,1,0.386,
0.454,0.379,0.98,0.377,
0.445,0.371,0.989,0.371,
0.474,0.385,0.999,0.384,
0.447,0.373,1,0.373,
0.508,0.406,0.997,0.405,
0.504,0.405,1,0.404,
0.456,0.372,0.984,0.367,
0.468,0.384,1,0.383,
0.457,0.381,1,0.38,
0.464,0.391,1,0.39,
0.463,0.383,1,0.382,
0.462,0.383,1,0.383,
0.468,0.389,1,0.382,
0.49,0.4,1,0.398,
0.472,0.39,0.997,0.39,
0.487,0.396,1,0.393,
0.463,0.382,1,0.378,
0.452,0.371,0.999,0.371,
0.46,0.385,1,0.384,
0.507,0.413,1,0.411,
0.501,0.406,1,0.397,
0.443,0.366,0.934,0.366,
0.441,0.36,0.947,0.36,
0.45,0.364,0.927,0.356,
0.464,0.38,1,0.379,
0.444,0.371,0.987,0.371,
0.468,0.383,1,0.382,
0.49,0.418,1,0.418,
0.479,0.394,1,0.394,
0.477,0.39,1,0.386,
0.459,0.383,0.998,0.382,
0.458,0.376,1,0.375,
0.458,0.384,0.985,0.383,
0.453,0.379,1,0.379,
0.488,0.4,0.998,0.398,
0.489,0.408,0.977,0.407,
0.46,0.378,1,0.378,
0.523,0.434,1,0.423,
0.449,0.366,0.964,0.365,
0.468,0.387,0.987,0.385,
0.453,0.374,0.998,0.373,
0.486,0.396,0.987,0.394,
0.533,0.479,1,0.399,
0.609,0.55,1,0.536,
0.459,0.381,0.987,0.38,
0.468,0.389,1,0.388,
0.48,0.396,1,0.395,
0.449,0.374,1,0.374,
0.466,0.383,1,0.383,
0.474,0.383,0.956,0.381,
0.544,0.472,1,0.464,
0.496,0.417,1,0.417,
0.458,0.382,0.989,0.381,
0.487,0.412,1,0.411,
0.457,0.371,1,0.371,
0.489,0.409,0.997,0.408,
0.484,0.392,1,0.391,
0.464,0.387,1,0.387,
0.463,0.381,1,0.381,
0.448,0.36,0.946,0.36,
0.473,0.389,1,0.388,
0.468,0.384,0.963,0.383,
0.462,0.385,0.996,0.384,
0.456,0.381,0.994,0.381,
0.481,0.418,0.978,0.369,
0.451,0.372,0.976,0.372,
0.469,0.39,1,0.389,
0.476,0.404,1,0.404,
0.448,0.372,1,0.372,
0.471,0.386,0.998,0.385,
0.509,0.453,0.988,0.392,
0.452,0.37,0.965,0.37,
0.47,0.394,1,0.394,
0.467,0.388,0.953,0.385,
0.448,0.373,0.991,0.373,
0.477,0.395,1,0.394,
0.45,0.376,0.998,0.376,
0.508,0.426,1,0.417,
0.481,0.4,1,0.399,
0.463,0.381,0.994,0.377,
0.484,0.399,1,0.398,
0.467,0.39,1,0.389,
0.46,0.383,1,0.383,
0.509,0.414,1,0.412,
0.476,0.388,1,0.384,
0.441,0.368,0.957,0.367,
0.473,0.4,0.954,0.393,
0.476,0.39,1,0.389,
0.478,0.399,1,0.398,
0.491,0.393,1,0.391,
0.459,0.386,0.984,0.383,
0.469,0.383,1,0.382,
0.493,0.411,1,0.408,
0.51,0.415,1,0.412,
0.595,0.536,1,0.531,
0.48,0.399,1,0.394,
0.478,0.389,1,0.388,
0.463,0.38,0.986,0.379,
0.458,0.379,1,0.378,
0.465,0.379,1,0.374,
0.471,0.388,1,0.383,
0.476,0.382,1,0.381,
0.453,0.371,0.996,0.371,
0.444,0.371,0.961,0.371,
0.49,0.402,1,0.393,
0.48,0.393,1,0.392,
0.472,0.397,0.996,0.396,
0.494,0.41,1,0.409,
0.464,0.381,0.981,0.38,
0.475,0.394,0.996,0.394,
0.475,0.385,0.977,0.384,
0.477,0.395,1,0.395,
0.472,0.389,0.997,0.388,
0.477,0.39,0.997,0.388,
0.492,0.413,1,0.413,
0.444,0.368,0.969,0.368,
0.485,0.406,1,0.406,
0.466,0.381,1,0.38,
0.477,0.398,1,0.397,
0.459,0.377,1,0.375,
0.465,0.387,0.995,0.387,
0.483,0.398,1,0.397,
0.486,0.403,1,0.399,
0.492,0.393,1,0.389,
0.451,0.377,0.973,0.365,
0.474,0.396,0.987,0.395,
0.473,0.391,1,0.39,
0.457,0.38,1,0.38,
0.471,0.386,1,0.383,
0.469,0.383,1,0.383,
0.543,0.481,1,0.481,
0.633,0.589,1,0.528,
0.461,0.387,1,0.385,
0.454,0.375,1,0.37,
0.481,0.396,1,0.395,
0.466,0.385,1,0.384,
0.482,0.394,1,0.393,
0.475,0.39,1,0.388,
0.438,0.363,0.939,0.363,
0.533,0.433,1,0.424,
0.474,0.387,1,0.38,
0.497,0.407,0.999,0.396,
0.505,0.406,1,0.405,
0.48,0.398,0.978,0.396,
0.46,0.384,1,0.383,
0.481,0.405,1,0.401,
0.468,0.388,1,0.388,
0.471,0.383,1,0.382,
0.484,0.404,1,0.398,
0.463,0.383,1,0.382,
0.517,0.425,0.988,0.424,
0.47,0.387,1,0.386,
0.457,0.377,1,0.377,
0.485,0.392,0.993,0.386,
0.464,0.381,1,0.381,
0.479,0.401,1,0.4,
0.467,0.384,1,0.383,
0.465,0.386,1,0.386,
0.462,0.382,1,0.382,
0.51,0.452,1,0.4,
0.496,0.403,1,0.402,
0.474,0.39,1,0.389,
0.462,0.39,0.995,0.385,
0.466,0.403,0.983,0.386,
0.493,0.4,1,0.399,
0.464,0.387,0.993,0.386,
0.459,0.384,1,0.383,
0.456,0.373,1,0.372,
0.468,0.384,1,0.383,
0.479,0.401,1,0.4,
0.484,0.404,1,0.395,
0.457,0.381,0.963,0.376,
0.477,0.395,1,0.394,
0.467,0.385,1,0.385,
0.464,0.384,0.983,0.383,
0.404,0.336,0.94,0.336,
0.433,0.36,1,0.36,
0.43,0.358,1,0.358,
0.421,0.353,0.972,0.349,
0.426,0.355,1,0.355,
0.424,0.355,1,0.351,
0.428,0.357,1,0.357,
0.443,0.37,1,0.37,
0.434,0.364,0.981,0.364,
0.43,0.359,1,0.359,
0.43,0.357,1,0.357,
0.438,0.362,1,0.362,
0.449,0.368,1,0.368,
0.427,0.357,0.996,0.357,
0.427,0.355,1,0.355,
0.424,0.353,0.989,0.353,
0.425,0.351,0.986,0.351,
0.434,0.356,1,0.356,
0.423,0.351,1,0.351,
0.43,0.359,0.997,0.359,
0.463,0.385,0.994,0.385,
0.425,0.354,1,0.354,
0.433,0.362,1,0.362,
0.443,0.37,1,0.369,
0.418,0.347,0.977,0.347,
0.445,0.372,1,0.372,
0.428,0.357,1,0.357,
0.427,0.356,1,0.356,
0.432,0.359,1,0.359,
0.439,0.367,1,0.367,
0.426,0.355,1,0.355,
0.398,0.332,0.934,0.332,
0.456,0.378,1,0.378,
0.445,0.369,0.997,0.369,
0.434,0.361,1,0.361,
0.43,0.357,1,0.357,
0.429,0.355,1,0.355,
0.433,0.363,1,0.361,
0.427,0.356,1,0.356,
0.429,0.357,1,0.357,
0.433,0.36,1,0.36,
0.435,0.355,1,0.355,
0.436,0.377,0.994,0.353,
0.415,0.346,0.969,0.346,
0.409,0.342,0.93,0.335,
0.428,0.356,0.994,0.356,
0.421,0.35,0.992,0.35,
0.407,0.339,0.952,0.339,
0.439,0.366,1,0.366,
0.435,0.354,1,0.354,
0.423,0.352,1,0.352,
0.427,0.355,1,0.355,
0.435,0.36,1,0.36,
0.429,0.358,1,0.358,
0.409,0.342,0.958,0.339,
0.426,0.355,1,0.355,
0.433,0.363,1,0.363,
0.428,0.355,1,0.355,
0.427,0.353,1,0.353,
0.432,0.362,1,0.362,
0.426,0.357,1,0.352,
0.428,0.353,0.994,0.353,
0.435,0.359,0.944,0.355,
0.435,0.36,1,0.36,
0.43,0.357,1,0.357,
0.433,0.362,1,0.362,
0.422,0.352,0.987,0.35,
0.431,0.359,0.995,0.359,
0.428,0.358,1,0.358,
0.428,0.357,0.981,0.357,
0.43,0.359,0.998,0.359,
0.42,0.351,0.981,0.351,
0.427,0.355,1,0.355,
0.441,0.362,1,0.362,
0.438,0.362,1,0.362,
0.43,0.359,1,0.359,
0.427,0.358,1,0.354,
0.43,0.359,0.993,0.359,
0.426,0.356,1,0.356,
0.437,0.362,1,0.362,
0.429,0.357,1,0.357,
0.436,0.363,1,0.363,
0.431,0.359,1,0.359,
0.431,0.364,1,0.354,
0.415,0.346,0.972,0.346,
0.43,0.359,1,0.359,
0.426,0.355,0.994,0.355,
0.442,0.369,1,0.369,
0.473,0.392,1,0.391,
0.426,0.355,0.999,0.355,
0.435,0.359,1,0.359,
0.435,0.362,1,0.362,
0.432,0.36,1,0.36,
0.435,0.361,1,0.361,
0.43,0.356,1,0.356,
0.431,0.358,1,0.358,
0.442,0.368,1,0.368,
0.428,0.356,1,0.356,
0.431,0.357,1,0.357,
0.423,0.351,0.996,0.351,
0.429,0.358,1,0.357,
0.431,0.36,1,0.36,
0.439,0.36,1,0.36,
0.429,0.356,1,0.356,
0.431,0.357,1,0.357,
0.43,0.361,1,0.361,
0.428,0.357,1,0.357,
0.452,0.374,1,0.374,
0.439,0.369,1,0.369,
0.429,0.357,1,0.357,
0.427,0.355,1,0.355,
0.43,0.358,1,0.358,
0.436,0.361,1,0.361,
0.428,0.357,0.988,0.357,
0.436,0.362,1,0.359,
0.429,0.356,1,0.356,
0.424,0.353,0.992,0.353,
0.45,0.368,1,0.367,
0.428,0.356,1,0.356,
0.43,0.358,1,0.358,
0.443,0.377,0.989,0.361,
0.431,0.359,1,0.359,
0.433,0.355,0.995,0.355,
0.421,0.352,0.984,0.352,
0.43,0.358,1,0.358,
0.433,0.358,1,0.358,
0.425,0.354,1,0.354,
0.408,0.339,0.96,0.339,
0.418,0.347,0.986,0.347,
0.432,0.36,1,0.36,
0.426,0.354,1,0.354,
0.427,0.356,0.988,0.356,
0.433,0.362,1,0.362,
0.427,0.355,0.998,0.355,
0.455,0.375,1,0.375,
0.416,0.346,0.979,0.346,
0.43,0.358,1,0.358,
0.431,0.359,1,0.359,
0.431,0.358,1,0.358,
0.425,0.352,1,0.352,
0.419,0.348,0.984,0.348,
0.426,0.355,1,0.355,
0.436,0.362,1,0.362,
0.445,0.37,1,0.37,
0.421,0.349,0.989,0.349,
0.424,0.354,1,0.354,
0.445,0.366,1,0.366,
0.426,0.351,1,0.351,
0.414,0.344,0.974,0.344,
0.424,0.353,1,0.353,
0.43,0.359,0.999,0.359,
0.431,0.357,1,0.357,
0.442,0.353,1,0.352,
0.425,0.354,0.998,0.354,
0.429,0.358,0.999,0.358,
0.431,0.359,1,0.359,
0.427,0.355,1,0.355,
0.424,0.352,0.992,0.352,
0.43,0.358,0.986,0.358,
0.416,0.345,0.972,0.345,
0.426,0.355,1,0.355,
0.427,0.356,1,0.356,
0.428,0.357,1,0.357,
0.447,0.374,1,0.374,
0.426,0.352,1,0.352,
0.428,0.357,0.995,0.357,
0.453,0.373,1,0.373,
0.425,0.355,1,0.355,
0.424,0.351,1,0.351,
0.435,0.359,1,0.359,
0.433,0.362,1,0.362,
0.418,0.355,0.941,0.342,
0.432,0.36,1,0.36,
0.449,0.367,1,0.367,
0.418,0.348,0.98,0.348,
0.43,0.359,0.991,0.359,
0.438,0.365,1,0.365,
0.434,0.363,0.99,0.362,
0.427,0.356,1,0.356,
0.438,0.37,0.993,0.36,
0.442,0.369,1,0.369,
0.431,0.358,1,0.358,
0.429,0.357,1,0.357,
0.433,0.362,1,0.362,
0.382,0.318,0.897,0.318,
0.427,0.355,1,0.355,
0.424,0.354,0.99,0.353,
0.43,0.373,1,0.338,
0.433,0.361,0.999,0.361,
0.436,0.359,0.994,0.359,
0.433,0.359,1,0.359,
0.434,0.363,1,0.363,
0.428,0.357,1,0.357,
0.433,0.362,1,0.362,
0.421,0.351,0.984,0.351,
0.443,0.371,1,0.371,
0.433,0.361,1,0.361,
0.424,0.353,1,0.353,
0.422,0.354,1,0.347,
0.429,0.357,1,0.357,
0.429,0.357,1,0.357,
0.434,0.361,1,0.361,
0.428,0.357,0.998,0.355,
0.43,0.36,0.997,0.356,
0.429,0.356,1,0.356,
0.43,0.36,0.994,0.36,
0.423,0.355,0.993,0.351,
0.418,0.349,0.973,0.349,
0.42,0.347,0.984,0.347,
0.431,0.358,1,0.358,
0.426,0.355,1,0.355,
0.43,0.359,1,0.359,
0.422,0.353,0.989,0.353,
0.431,0.358,1,0.358,
0.44,0.367,1,0.367,
0.426,0.355,1,0.354,
0.42,0.35,0.985,0.35,
0.416,0.348,0.97,0.343,
0.434,0.362,1,0.362,
0.426,0.354,1,0.354,
0.442,0.366,1,0.366,
0.428,0.356,1,0.356,
0.443,0.364,1,0.364,
0.437,0.366,1,0.365,
0.433,0.357,1,0.357,
0.438,0.36,0.993,0.36,
0.425,0.353,1,0.353,
0.426,0.355,1,0.355,
0.431,0.358,1,0.358,
0.432,0.358,1,0.358,
0.434,0.363,1,0.363,
0.427,0.356,0.994,0.356,
0.433,0.361,1,0.361,
0.432,0.361,1,0.361,
0.433,0.361,1,0.361,
0.418,0.348,0.98,0.348,
0.419,0.349,0.987,0.349,
0.434,0.357,0.99,0.357,
0.451,0.374,1,0.374,
0.432,0.359,1,0.359,
0.426,0.354,1,0.354,
0.433,0.362,1,0.362,
0.434,0.362,1,0.362,
0.43,0.357,1,0.357,
0.502,0.41,1,0.408,
0.422,0.359,0.97,0.346,
0.438,0.364,1,0.364,
0.433,0.362,1,0.362,
0.421,0.351,0.993,0.351,
0.443,0.363,1,0.363,
0.425,0.358,0.992,0.354,
0.425,0.354,1,0.354,
0.435,0.363,1,0.363,
0.42,0.351,0.975,0.351,
0.425,0.354,0.99,0.354,
0.427,0.356,1,0.356,
0.448,0.368,1,0.368,
0.435,0.361,1,0.361,
0.427,0.357,0.996,0.357,
0.407,0.339,0.945,0.339,
0.426,0.356,0.962,0.356,
0.433,0.361,1,0.361,
0.434,0.363,1,0.363,
0.421,0.351,0.984,0.35,
0.427,0.356,1,0.356,
0.43,0.355,1,0.355,
0.435,0.362,1,0.362,
0.424,0.353,1,0.353,
0.419,0.348,0.976,0.348,
0.428,0.356,1,0.356,
0.426,0.355,1,0.354,
0.453,0.368,1,0.368,
0.445,0.372,1,0.372,
0.433,0.359,1,0.359,
0.435,0.36,1,0.36,
0.406,0.342,0.946,0.339,
0.434,0.352,1,0.35,
0.421,0.35,0.989,0.35,
0.432,0.361,1,0.361,
0.462,0.38,1,0.379,
0.453,0.373,1,0.373,
0.432,0.361,1,0.361,
0.434,0.363,1,0.363,
0.429,0.354,1,0.354,
0.443,0.364,1,0.364,
0.433,0.359,1,0.356,
0.439,0.366,1,0.366,
0.421,0.35,0.987,0.35,
0.407,0.339,0.949,0.339,
0.43,0.358,1,0.357,
0.477,0.386,1,0.385,
0.427,0.357,1,0.357,
0.433,0.362,1,0.362,
0.433,0.367,1,0.356,
0.435,0.362,1,0.362,
0.457,0.376,0.993,0.375,
0.453,0.371,1,0.371,
0.431,0.358,1,0.358,
0.451,0.376,1,0.376,
0.429,0.358,1,0.358,
0.428,0.358,1,0.358,
0.427,0.356,1,0.356,
0.421,0.348,0.987,0.348,
0.432,0.359,1,0.359,
0.433,0.356,0.996,0.356,
0.429,0.362,1,0.353,
0.431,0.36,0.998,0.36,
0.429,0.359,1,0.359,
0.427,0.356,1,0.356,
0.425,0.354,1,0.354,
0.447,0.369,1,0.369,
0.468,0.386,1,0.385,
0.422,0.351,0.978,0.351,
0.427,0.356,1,0.356,
0.432,0.359,1,0.359,
0.428,0.357,0.996,0.357,
0.408,0.339,0.954,0.339,
0.431,0.353,1,0.353,
0.425,0.354,1,0.354,
0.429,0.356,1,0.356,
0.446,0.367,1,0.367,
0.421,0.349,0.994,0.347,
0.433,0.36,1,0.36,
0.429,0.359,1,0.359,
0.414,0.342,0.993,0.341,
0.434,0.364,1,0.364,
0.43,0.356,1,0.356,
0.432,0.359,1,0.359,
0.451,0.369,1,0.369,
0.428,0.358,1,0.358,
0.45,0.374,1,0.374,
0.432,0.36,0.996,0.36,
0.431,0.359,1,0.359,
0.435,0.362,1,0.362,
0.417,0.347,0.984,0.347,
0.432,0.359,1,0.359,
0.427,0.354,1,0.354,
0.428,0.357,1,0.357,
0.427,0.357,1,0.357,
0.426,0.354,1,0.354,
0.43,0.357,1,0.357,
0.426,0.356,1,0.355,
0.409,0.34,0.959,0.34,
0.44,0.375,0.985,0.362,
0.429,0.357,0.974,0.353,
0.428,0.355,1,0.355,
0.436,0.366,1,0.366,
0.43,0.352,1,0.352,
0.4,0.334,0.941,0.334,
0.44,0.363,1,0.363,
0.433,0.356,0.989,0.356,
0.428,0.357,0.995,0.357,
0.441,0.366,1,0.366,
0.424,0.352,1,0.345,
0.428,0.357,1,0.357,
0.446,0.372,1,0.372,
0.426,0.351,0.999,0.351,
0.433,0.36,1,0.36,
0.427,0.355,1,0.355,
0.43,0.357,1,0.357,
0.441,0.366,1,0.366,
0.431,0.36,1,0.36,
0.425,0.353,1,0.353,
0.397,0.331,0.933,0.329,
0.418,0.347,0.995,0.347,
0.441,0.368,1,0.368,
0.459,0.382,1,0.382,
0.424,0.353,1,0.353,
0.427,0.355,1,0.355,
0.434,0.361,1,0.361,
0.426,0.356,0.99,0.356,
0.435,0.362,0.999,0.362,
0.409,0.338,0.916,0.337,
0.429,0.358,1,0.358,
0.428,0.355,1,0.355,
0.419,0.349,0.97,0.349,
0.429,0.358,1,0.358,
0.419,0.348,0.98,0.348,
0.433,0.357,1,0.357,
0.427,0.355,1,0.355,
0.392,0.327,0.909,0.327,
0.422,0.352,0.988,0.352,
0.432,0.359,1,0.359,
0.434,0.36,1,0.36,
0.461,0.38,1,0.379,
0.467,0.388,1,0.387,
0.485,0.406,0.994,0.406,
0.471,0.388,1,0.387,
0.473,0.394,0.993,0.392,
0.456,0.378,0.972,0.377,
0.461,0.373,1,0.373,
0.46,0.38,1,0.379,
0.496,0.399,1,0.398,
0.47,0.39,1,0.389,
0.471,0.386,1,0.385,
0.46,0.378,0.996,0.377,
0.477,0.391,0.99,0.391,
0.483,0.402,1,0.401,
0.506,0.432,0.992,0.383,
0.445,0.367,0.981,0.364,
0.513,0.425,1,0.423,
0.467,0.385,1,0.384,
0.464,0.382,0.998,0.38,
0.475,0.397,1,0.396,
0.456,0.382,0.968,0.381,
0.56,0.483,1,0.48,
0.491,0.406,1,0.406,
0.459,0.372,0.995,0.368,
0.47,0.382,0.998,0.379,
0.453,0.377,1,0.376,
0.459,0.386,1,0.386,
0.524,0.442,1,0.439,
0.452,0.378,1,0.377,
0.465,0.387,0.998,0.387,
0.491,0.398,1,0.396,
0.482,0.403,1,0.399,
0.432,0.358,1,0.358,
0.426,0.354,1,0.354,
0.485,0.396,1,0.394,
0.443,0.37,1,0.37,
0.453,0.377,1,0.377,
0.436,0.362,1,0.362,
0.429,0.356,1,0.356,
0.43,0.36,0.996,0.36,
0.425,0.354,0.998,0.354,
0.433,0.363,0.974,0.363,
0.432,0.363,0.985,0.363,
0.416,0.349,0.955,0.348,
0.431,0.357,1,0.357,
0.428,0.357,1,0.357,
0.425,0.353,1,0.353,
0.431,0.36,1,0.36,
0.457,0.376,1,0.376,
0.471,0.389,1,0.388,
0.471,0.395,1,0.394,
0.493,0.409,1,0.408,
0.487,0.414,0.996,0.413,
0.484,0.392,0.987,0.39,
0.451,0.372,0.969,0.372,
0.454,0.372,1,0.372,
0.459,0.376,0.998,0.376,
0.471,0.393,1,0.392,
0.499,0.405,1,0.404,
0.476,0.391,1,0.39,
0.477,0.403,1,0.401,
0.466,0.388,1,0.388,
0.474,0.392,1,0.392,
0.467,0.388,1,0.387,
0.423,0.351,0.993,0.351,
0.431,0.358,1,0.358,
0.432,0.359,1,0.359,
0.42,0.351,0.985,0.351,
0.412,0.343,0.961,0.343,
0.429,0.358,1,0.358,
0.431,0.358,1,0.358,
0.421,0.363,0.943,0.345,
0.434,0.356,0.993,0.356,
0.423,0.355,0.975,0.354,
0.429,0.357,0.989,0.357,
0.434,0.36,1,0.359,
0.432,0.358,1,0.358,
0.418,0.345,0.967,0.345,
0.431,0.361,1,0.36,
0.423,0.351,1,0.351,




Further Data analysis of all test cases 
avg med max min 
AVGs,0.435,0.434,0.535,0.373,
MEDs,0.369,0.364,0.479,0.311,
MAXs,0.941,0.943,1,0.824,
MINs,0.357,0.356,0.454,0.311,


AVGs,0.485,0.481,0.677,0.396,
MEDs,0.414,0.402,0.623,0.335,
MAXs,0.993,1,1,0.883,
MINs,0.389,0.385,0.601,0.328,


AVGs,0.456,0.457,0.677,0.382,
MEDs,0.379,0.377,0.619,0.318,
MAXs,0.994,1,1,0.893,
MINs,0.376,0.376,0.6,0.318,



