

Data analysis for each instance 
AVG,MED,MAX,MIN
-0.073,-0.045,-0.032,-0.281,
-0.064,-0.042,0.011,-0.17,
-0.068,-0.064,-0.044,-0.133,
-0.048,-0.044,0.118,-0.285,
-0.042,-0.063,0.118,-0.063,
-0.037,-0.036,-0.036,-0.045,
-0.106,-0.074,-0.055,-0.276,
-0.061,-0.048,-0.034,-0.137,
-0.147,-0.093,-0.031,-0.434,
-0.045,-0.062,0.018,-0.062,
-0.171,-0.161,-0.058,-0.377,
-0.082,-0.065,-0.052,-0.172,
-0.133,-0.123,0.033,-0.356,
-0.041,-0.042,-0.035,-0.042,
-0.091,-0.054,-0.048,-0.303,
-0.047,-0.042,-0.039,-0.068,
-0.005,-0.022,0.096,-0.055,
-0.068,-0.051,-0.031,-0.17,
-0.069,-0.07,-0.061,-0.072,
-0.119,-0.111,0.042,-0.28,
-0.067,-0.066,-0.061,-0.074,
-0.164,-0.1,-0.061,-0.345,
-0.093,-0.091,-0.054,-0.159,
-0.053,-0.054,-0.045,-0.054,
-0.056,-0.052,0,-0.155,
-0.082,-0.073,-0.048,-0.127,
-0.083,-0.083,-0.075,-0.091,
-0.073,-0.067,0.114,-0.278,
-0.099,-0.114,-0.019,-0.152,
-0.157,-0.14,-0.057,-0.294,
-0.169,-0.196,0.104,-0.29,
-0.125,-0.096,-0.07,-0.352,
-0.072,-0.072,-0.065,-0.08,
-0.086,-0.058,-0.025,-0.247,
-0.074,-0.074,-0.059,-0.082,
-0.084,-0.066,-0.005,-0.277,
-0.08,-0.08,-0.07,-0.086,
-0.062,-0.063,-0.054,-0.063,
-0.019,-0.033,0.061,-0.058,
-0.106,-0.093,-0.053,-0.22,
-0.061,-0.063,-0.047,-0.071,
-0.057,-0.054,-0.015,-0.136,
-0.067,-0.067,-0.06,-0.074,
-0.057,-0.052,-0.002,-0.127,
-0.07,-0.053,-0.042,-0.188,
-0.076,-0.066,0.076,-0.183,
-0.048,-0.04,0.066,-0.142,
-0.048,-0.074,0.091,-0.074,
-0.061,-0.06,-0.06,-0.064,
-0.055,-0.04,-0.04,-0.17,
-0.056,-0.045,-0.024,-0.171,
-0.087,-0.07,-0.05,-0.248,
-0.076,-0.075,-0.062,-0.084,
-0.116,-0.086,-0.068,-0.303,
-0.072,-0.074,-0.053,-0.084,
-0.098,-0.097,-0.045,-0.207,
-0.071,-0.048,0.042,-0.241,
-0.075,-0.061,0,-0.198,
0.01,-0.016,0.108,-0.017,
-0.063,-0.064,-0.057,-0.064,
-0.078,-0.078,-0.071,-0.086,
-0.074,-0.074,-0.067,-0.082,
-0.038,-0.048,0.064,-0.074,
-0.058,-0.057,-0.049,-0.068,
-0.082,-0.068,-0.051,-0.219,
-0.082,-0.082,-0.068,-0.093,
-0.032,-0.039,0.009,-0.053,
-0.072,-0.061,-0.057,-0.171,
-0.063,-0.045,-0.022,-0.203,
-0.069,-0.071,-0.056,-0.073,
-0.028,-0.042,0.047,-0.104,
-0.177,-0.166,-0.065,-0.344,
-0.057,-0.056,-0.055,-0.063,
-0.059,-0.059,-0.052,-0.066,
-0.123,-0.098,-0.021,-0.326,
-0.064,-0.063,-0.056,-0.069,
-0.125,-0.123,0.022,-0.251,
-0.082,-0.094,0.01,-0.097,
-0.15,-0.091,-0.052,-0.344,
-0.141,-0.136,-0.024,-0.325,
-0.056,-0.057,-0.051,-0.059,
-0.054,-0.051,0.024,-0.161,
-0.052,-0.065,-0.012,-0.066,
-0.134,-0.156,0.047,-0.302,
-0.072,-0.073,0.084,-0.193,
-0.052,-0.06,0.016,-0.06,
0.015,0.006,0.171,-0.049,
-0.075,-0.058,-0.057,-0.144,
-0.051,-0.051,-0.046,-0.054,
-0.082,-0.054,-0.003,-0.21,
-0.057,-0.051,0.003,-0.109,
-0.13,-0.071,0.054,-0.449,
-0.119,-0.114,-0.072,-0.184,
-0.036,-0.036,-0.031,-0.044,
-0.008,-0.009,0.005,-0.021,
-0.146,-0.126,-0.04,-0.35,
-0.075,-0.077,0.052,-0.245,
-0.051,-0.051,-0.044,-0.056,
-0.072,-0.072,-0.059,-0.079,
-0.068,-0.076,0.017,-0.157,
-0.059,-0.067,-0.013,-0.068,
0.004,-0.027,0.119,-0.051,
-0.127,-0.116,0.003,-0.299,
-0.082,-0.082,-0.075,-0.091,
0.029,0.044,0.112,-0.043,
-0.154,-0.15,-0.061,-0.275,
-0.053,-0.053,-0.048,-0.059,
-0.072,-0.072,-0.062,-0.086,
-0.088,-0.068,0.071,-0.299,
-0.153,-0.129,-0.06,-0.291,
-0.045,-0.045,-0.041,-0.049,
-0.056,-0.047,-0.047,-0.127,
-0.078,-0.078,-0.068,-0.088,
-0.005,-0.021,0.073,-0.04,
-0.005,0,0.156,-0.166,
-0.21,-0.211,-0.066,-0.38,
-0.058,-0.057,-0.053,-0.071,
-0.066,-0.065,-0.06,-0.072,
-0.126,-0.096,0.008,-0.293,
-0.065,-0.066,-0.057,-0.069,
-0.045,-0.045,-0.039,-0.051,
-0.073,-0.053,-0.047,-0.145,
-0.091,-0.083,0.035,-0.259,
-0.051,-0.046,0.088,-0.212,
-0.125,-0.087,-0.037,-0.305,
-0.056,-0.059,0.032,-0.124,
-0.094,-0.082,-0.064,-0.181,
-0.13,-0.097,-0.045,-0.262,
-0.173,-0.178,-0.056,-0.285,
-0.06,-0.079,0.065,-0.079,
-0.118,-0.109,-0.047,-0.25,
-0.064,-0.064,-0.05,-0.073,
-0.068,-0.068,-0.061,-0.077,
-0.086,-0.077,-0.064,-0.184,
-0.138,-0.135,0.018,-0.257,
-0.053,-0.053,-0.047,-0.057,
-0.051,-0.051,-0.044,-0.057,
-0.058,-0.066,-0.008,-0.066,
-0.062,-0.062,-0.045,-0.079,
-0.047,-0.053,0.008,-0.057,
-0.045,-0.045,-0.04,-0.051,
-0.089,-0.09,-0.077,-0.097,
-0.036,-0.036,-0.031,-0.04,
-0.045,-0.045,-0.038,-0.053,
-0.07,-0.068,-0.068,-0.086,
-0.096,-0.103,-0.006,-0.167,
-0.163,-0.172,-0.064,-0.27,
-0.071,-0.071,-0.061,-0.084,
-0.052,-0.051,-0.047,-0.056,
-0.086,-0.064,0.02,-0.204,
-0.08,-0.064,0.217,-0.404,
-0.099,-0.058,-0.049,-0.252,
-0.116,-0.104,0.014,-0.347,
-0.038,-0.039,-0.032,-0.042,
-0.077,-0.058,-0.053,-0.201,
-0.092,-0.078,-0.048,-0.177,
-0.123,-0.091,-0.076,-0.305,
-0.092,-0.087,-0.052,-0.175,
-0.052,-0.065,0.022,-0.065,
-0.045,-0.054,0.137,-0.158,
-0.043,-0.043,-0.037,-0.049,
-0.076,-0.06,-0.041,-0.167,
-0.056,-0.055,-0.046,-0.067,
-0.081,-0.074,-0.049,-0.167,
-0.065,-0.065,-0.057,-0.073,
-0.089,-0.084,-0.014,-0.176,
-0.043,-0.042,-0.039,-0.05,
-0.06,-0.055,-0.05,-0.1,
-0.092,-0.085,-0.003,-0.187,
-0.078,-0.078,-0.071,-0.086,
-0.079,-0.06,0.101,-0.327,
-0.054,-0.053,-0.048,-0.06,
-0.053,-0.053,-0.047,-0.057,
-0.122,-0.084,-0.048,-0.318,
-0.068,-0.068,-0.06,-0.075,
-0.038,-0.039,-0.034,-0.042,
-0.045,-0.045,-0.042,-0.048,
-0.065,-0.071,0.021,-0.202,
-0.079,-0.071,-0.061,-0.158,
-0.13,-0.137,0.034,-0.271,
-0.067,-0.067,-0.058,-0.073,
-0.058,-0.058,-0.05,-0.063,
-0.12,-0.11,0.084,-0.362,
-0.139,-0.135,0.104,-0.325,
-0.069,-0.051,-0.039,-0.145,
-0.092,-0.068,-0.053,-0.217,
-0.146,-0.12,-0.051,-0.366,
-0.073,-0.073,-0.062,-0.083,
-0.067,-0.066,-0.06,-0.076,
-0.028,-0.024,0.092,-0.117,
-0.047,-0.045,-0.039,-0.063,
-0.044,-0.044,-0.04,-0.051,
-0.043,-0.051,0.129,-0.258,
-0.061,-0.06,-0.056,-0.068,
-0.078,-0.073,-0.06,-0.127,
-0.069,-0.06,-0.056,-0.15,
-0.134,-0.101,-0.078,-0.255,
-0.077,-0.073,0.012,-0.133,
-0.07,-0.065,-0.042,-0.114,
-0.053,-0.053,-0.047,-0.06,
-0.1,-0.087,-0.016,-0.284,
-0.064,-0.064,-0.056,-0.071,
-0.049,-0.048,-0.003,-0.116,
-0.029,-0.029,-0.027,-0.032,
-0.031,-0.042,0.047,-0.042,
-0.072,-0.073,-0.064,-0.075,
-0.046,-0.056,0.084,-0.124,
-0.059,-0.048,-0.044,-0.132,
-0.06,-0.06,-0.055,-0.064,
-0.079,-0.067,0.038,-0.247,
-0.074,-0.068,-0.06,-0.102,
-0.125,-0.141,0.139,-0.27,
-0.086,-0.085,-0.063,-0.111,
-0.032,-0.042,0.018,-0.042,
-0.045,-0.045,-0.039,-0.049,
-0.069,-0.055,-0.043,-0.159,
-0.071,-0.071,-0.063,-0.083,
-0.074,-0.074,-0.066,-0.079,
-0.127,-0.13,-0.005,-0.248,
-0.079,-0.08,-0.068,-0.083,
-0.077,-0.076,-0.068,-0.086,
-0.093,-0.088,-0.062,-0.146,
-0.064,-0.064,-0.055,-0.07,
-0.054,-0.065,0.01,-0.066,
-0.175,-0.164,-0.017,-0.333,
-0.061,-0.062,-0.052,-0.073,
-0.103,-0.093,-0.069,-0.188,
-0.105,-0.083,-0.044,-0.193,
-0.057,-0.066,0.079,-0.201,
-0.003,-0.034,0.134,-0.062,
-0.111,-0.106,0.066,-0.227,
-0.074,-0.065,-0.029,-0.191,
-0.063,-0.066,-0.043,-0.069,
-0.099,-0.085,-0.076,-0.207,
-0.08,-0.055,-0.048,-0.172,
-0.093,-0.078,-0.058,-0.156,
-0.088,-0.088,-0.078,-0.094,
-0.02,-0.05,0.102,-0.093,
-0.062,-0.053,0.038,-0.141,
-0.157,-0.166,0.014,-0.29,
-0.065,-0.07,-0.012,-0.11,
-0.055,-0.05,-0.04,-0.11,
-0.074,-0.065,-0.06,-0.158,
-0.068,-0.065,0.072,-0.214,
-0.045,-0.045,-0.039,-0.05,
-0.113,-0.091,0.061,-0.298,
-0.072,-0.071,-0.064,-0.081,
-0.071,-0.064,-0.058,-0.106,
-0.061,-0.06,-0.046,-0.088,
-0.054,-0.048,-0.045,-0.104,
-0.052,-0.052,-0.045,-0.056,
-0.059,-0.06,0.066,-0.134,
-0.099,-0.074,0,-0.315,
-0.051,-0.051,-0.045,-0.056,
-0.081,-0.07,-0.019,-0.168,
0.009,-0.021,0.158,-0.054,
-0.104,-0.082,0.116,-0.275,
-0.071,-0.071,-0.063,-0.076,
-0.083,-0.068,-0.054,-0.227,
-0.111,-0.092,-0.031,-0.246,
-0.023,-0.017,0.073,-0.159,
-0.126,-0.137,0.021,-0.246,
-0.072,-0.073,-0.062,-0.076,
-0.09,-0.078,-0.044,-0.196,
-0.077,-0.035,-0.003,-0.303,
-0.191,-0.172,-0.045,-0.365,
-0.08,-0.082,-0.071,-0.082,
-0.025,-0.04,0.139,-0.212,
-0.09,-0.121,0.076,-0.266,
-0.095,-0.06,-0.005,-0.273,
-0.018,-0.046,0.128,-0.049,
-0.059,-0.052,0.056,-0.23,
-0.027,-0.04,0.163,-0.152,
-0.086,-0.054,-0.039,-0.207,
-0.083,-0.053,-0.047,-0.188,
-0.053,-0.053,-0.043,-0.063,
-0.065,-0.065,-0.057,-0.071,
-0.035,-0.049,0.036,-0.056,
-0.138,-0.146,-0.047,-0.222,
-0.046,-0.042,-0.038,-0.083,
-0.046,-0.04,-0.033,-0.1,
-0.057,-0.057,-0.053,-0.06,
-0.038,-0.022,0.057,-0.186,
-0.058,-0.063,-0.012,-0.071,
-0.109,-0.089,-0.066,-0.281,
-0.072,-0.053,0.014,-0.173,
-0.095,-0.081,-0.064,-0.238,
-0.074,-0.066,-0.051,-0.152,
-0.06,-0.058,-0.015,-0.123,
-0.019,-0.036,0.142,-0.072,
-0.062,-0.065,0.119,-0.188,
0.019,0,0.184,-0.055,
-0.053,-0.059,-0.005,-0.063,
-0.056,-0.071,0.003,-0.071,
-0.086,-0.061,-0.044,-0.254,
-0.077,-0.076,-0.067,-0.084,
-0.07,-0.068,-0.06,-0.082,
-0.095,-0.084,-0.061,-0.193,
-0.057,-0.056,-0.056,-0.059,
-0.138,-0.128,-0.022,-0.33,
-0.069,-0.043,-0.025,-0.158,
-0.075,-0.066,-0.066,-0.151,
-0.041,-0.039,-0.039,-0.047,
-0.101,-0.101,-0.087,-0.114,
-0.074,-0.074,-0.066,-0.082,
-0.05,-0.049,-0.044,-0.057,
-0.102,-0.069,0.002,-0.275,
-0.109,-0.081,-0.06,-0.245,
-0.095,-0.074,-0.018,-0.215,
-0.036,-0.032,0.068,-0.117,
-0.061,-0.06,-0.053,-0.075,
-0.125,-0.089,-0.023,-0.306,
-0.133,-0.138,-0.053,-0.23,
-0.083,-0.065,-0.06,-0.175,
-0.07,-0.073,-0.016,-0.112,
0.025,0.037,0.182,-0.062,
-0.013,-0.045,0.226,-0.045,
-0.065,-0.054,-0.045,-0.155,
-0.089,-0.083,-0.071,-0.142,
-0.016,-0.042,0.065,-0.044,
-0.066,-0.062,-0.056,-0.083,
-0.087,-0.08,-0.068,-0.155,
-0.061,-0.06,-0.054,-0.069,
-0.031,-0.049,0.043,-0.058,
-0.076,-0.045,-0.031,-0.217,
-0.04,-0.06,0.042,-0.068,
-0.06,-0.06,-0.054,-0.066,
-0.088,-0.089,-0.078,-0.096,
-0.051,-0.051,-0.044,-0.057,
-0.08,-0.069,-0.053,-0.123,
-0.06,-0.06,-0.053,-0.069,
-0.063,-0.071,0.198,-0.209,
-0.061,-0.072,-0.007,-0.073,
-0.065,-0.065,-0.058,-0.069,
0.059,0.081,0.198,-0.073,
-0.072,-0.071,-0.065,-0.081,
-0.039,-0.038,-0.032,-0.049,
-0.015,-0.05,0.224,-0.205,
-0.104,-0.08,-0.063,-0.225,
-0.053,-0.06,-0.021,-0.06,
-0.06,-0.065,0.005,-0.09,
-0.054,-0.048,-0.04,-0.116,
-0.072,-0.056,-0.041,-0.213,
-0.042,-0.06,0.096,-0.06,
-0.072,-0.053,-0.053,-0.195,
-0.071,-0.056,0.053,-0.158,
-0.047,-0.047,-0.043,-0.053,
-0.069,-0.068,-0.062,-0.077,
-0.059,-0.044,0.011,-0.13,
-0.125,-0.13,0.027,-0.3,
-0.095,-0.052,-0.04,-0.2,
-0.06,-0.059,-0.056,-0.069,
-0.08,-0.08,-0.071,-0.088,
-0.126,-0.103,-0.051,-0.257,
-0.077,-0.056,-0.047,-0.163,
-0.065,-0.064,-0.057,-0.079,
-0.119,-0.107,0.146,-0.372,
-0.107,-0.101,-0.053,-0.197,
-0.046,-0.061,0.158,-0.156,
-0.139,-0.123,-0.024,-0.249,
-0.066,-0.059,-0.048,-0.137,
-0.102,-0.121,0.044,-0.229,
-0.058,-0.043,0.12,-0.248,
-0.07,-0.08,0.043,-0.237,
-0.056,-0.056,-0.047,-0.063,
-0.065,-0.064,-0.06,-0.072,
-0.132,-0.101,-0.062,-0.292,
-0.022,-0.042,0.106,-0.103,
-0.067,-0.062,-0.047,-0.105,
-0.062,-0.063,-0.056,-0.065,
-0.06,-0.06,-0.055,-0.063,
-0.062,-0.043,-0.034,-0.121,
-0.05,-0.059,0.029,-0.104,
-0.081,-0.056,-0.042,-0.308,
-0.043,-0.043,-0.02,-0.068,
-0.124,-0.142,-0.038,-0.223,
-0.061,-0.061,-0.055,-0.068,
-0.101,-0.094,-0.048,-0.161,
-0.057,-0.057,-0.052,-0.058,
-0.038,-0.032,-0.024,-0.099,
-0.044,-0.044,-0.039,-0.047,
-0.062,-0.062,-0.049,-0.072,
-0.054,-0.048,0.035,-0.192,
-0.041,-0.039,-0.038,-0.057,
-0.13,-0.131,0.04,-0.362,
-0.084,-0.059,-0.036,-0.23,
-0.05,-0.05,-0.042,-0.056,
-0.096,-0.075,-0.053,-0.234,
-0.101,-0.056,0.012,-0.289,
-0.071,-0.065,-0.06,-0.121,
-0.068,-0.068,-0.06,-0.073,
-0.083,-0.057,-0.049,-0.188,
-0.048,-0.048,0.02,-0.152,
-0.057,-0.051,-0.048,-0.11,
-0.077,-0.057,-0.024,-0.228,
-0.045,-0.054,0.032,-0.063,
-0.075,-0.077,-0.023,-0.11,
-0.067,-0.067,-0.055,-0.072,
-0.069,-0.069,-0.061,-0.077,
-0.068,-0.04,0.019,-0.229,
-0.117,-0.086,-0.028,-0.312,
-0.064,-0.074,-0.003,-0.077,
-0.08,-0.067,-0.028,-0.191,
-0.082,-0.081,-0.07,-0.09,
-0.095,-0.09,-0.086,-0.121,
-0.068,-0.059,-0.027,-0.127,
-0.159,-0.137,-0.026,-0.32,
-0.08,-0.08,-0.073,-0.088,
-0.053,-0.051,-0.051,-0.065,
-0.075,-0.062,-0.054,-0.188,
-0.125,-0.091,-0.062,-0.253,
-0.076,-0.076,-0.065,-0.085,
-0.006,-0.001,0.073,-0.136,
-0.048,-0.049,0,-0.124,
-0.103,-0.082,0.025,-0.297,
-0.022,-0.039,0.09,-0.057,
-0.08,-0.067,0.04,-0.226,
-0.072,-0.073,-0.059,-0.084,
-0.071,-0.068,-0.052,-0.108,
-0.061,-0.063,-0.046,-0.065,
-0.079,-0.062,-0.053,-0.162,
-0.059,-0.058,-0.051,-0.066,
-0.078,-0.053,-0.008,-0.284,
-0.072,-0.057,-0.041,-0.124,
-0.057,-0.05,0.006,-0.124,
-0.161,-0.159,0.014,-0.388,
-0.057,-0.039,-0.033,-0.211,
-0.137,-0.126,-0.051,-0.285,
-0.043,-0.036,0.014,-0.16,
-0.072,-0.072,-0.066,-0.077,
-0.132,-0.127,-0.029,-0.275,
-0.122,-0.117,-0.003,-0.326,
-0.039,-0.04,0.074,-0.202,
-0.148,-0.159,0.026,-0.313,
-0.098,-0.085,0.266,-0.411,
-0.038,-0.054,0.054,-0.054,
-0.07,-0.073,-0.057,-0.073,
-0.067,-0.068,-0.06,-0.073,
-0.064,-0.063,-0.058,-0.072,
-0.031,-0.048,0.106,-0.049,
-0.073,-0.074,-0.066,-0.078,
-0.064,-0.062,-0.062,-0.071,
-0.05,-0.05,-0.043,-0.053,
-0.061,-0.049,-0.042,-0.143,
-0.003,-0.033,0.184,-0.056,
-0.116,-0.129,-0.023,-0.204,
-0.086,-0.077,-0.051,-0.154,
-0.068,-0.04,0.06,-0.265,
-0.043,-0.056,0.089,-0.088,
-0.045,-0.045,-0.043,-0.05,
-0.079,-0.057,-0.053,-0.204,
-0.057,-0.051,0.139,-0.2,
-0.094,-0.074,-0.065,-0.175,
-0.027,-0.051,0.074,-0.051,
-0.066,-0.066,-0.057,-0.071,
-0.052,-0.052,-0.045,-0.058,
-0.04,-0.053,0.108,-0.214,
-0.082,-0.082,-0.069,-0.09,
-0.066,-0.076,-0.008,-0.076,
-0.042,-0.054,0.129,-0.166,
-0.072,-0.064,-0.049,-0.149,
-0.083,-0.077,-0.071,-0.136,
-0.092,-0.085,0.063,-0.23,
-0.097,-0.045,0.014,-0.241,
-0.042,-0.042,-0.037,-0.048,
-0.109,-0.053,0.08,-0.32,
-0.045,-0.045,-0.039,-0.054,
-0.065,-0.065,-0.058,-0.07,
-0.074,-0.069,-0.065,-0.117,
-0.089,-0.064,0.095,-0.294,
-0.109,-0.091,-0.029,-0.277,
-0.106,-0.078,-0.06,-0.182,
-0.066,-0.065,-0.057,-0.084,
-0.025,-0.035,0.145,-0.142,
-0.075,-0.074,-0.073,-0.081,
-0.121,-0.121,0.036,-0.259,
-0.113,-0.071,-0.055,-0.255,
-0.064,-0.061,-0.039,-0.136,
-0.061,-0.062,-0.052,-0.065,
-0.053,-0.053,-0.049,-0.059,
-0.143,-0.14,-0.042,-0.273,
-0.067,-0.063,-0.053,-0.115,
-0.054,-0.053,-0.048,-0.062,
-0.064,-0.064,-0.055,-0.069,
-0.052,-0.045,-0.043,-0.11,
-0.029,-0.053,0.079,-0.133,
-0.066,-0.05,0.11,-0.245,
-0.06,-0.059,-0.056,-0.08,
-0.047,-0.045,-0.034,-0.072,
0.006,-0.009,0.125,-0.086,
-0.096,-0.07,-0.037,-0.275,
-0.058,-0.056,-0.052,-0.078,
-0.047,-0.047,-0.042,-0.054,
-0.041,-0.036,0.015,-0.142,
-0.114,-0.056,0.016,-0.347,
-0.044,-0.045,-0.037,-0.047,
-0.065,-0.065,-0.055,-0.075,
-0.052,-0.047,-0.04,-0.102,
-0.058,-0.053,0.015,-0.177,
-0.005,-0.011,0.149,-0.117,
-0.071,-0.071,-0.062,-0.081,
-0.041,-0.06,0.096,-0.062,
-0.084,-0.088,0.135,-0.295,
-0.073,-0.074,-0.066,-0.077,
-0.066,-0.052,-0.045,-0.178,
-0.14,-0.154,0.041,-0.284,
0.034,0.029,0.14,-0.034,
-0.051,-0.045,0.043,-0.14,
-0.084,-0.083,-0.076,-0.095,
-0.114,-0.058,-0.038,-0.346,
-0.068,-0.068,-0.059,-0.075,
-0.033,-0.033,-0.021,-0.046,
-0.071,-0.07,-0.063,-0.078,
-0.085,-0.087,-0.056,-0.107,
-0.049,-0.058,0.065,-0.17,
-0.041,-0.071,0.143,-0.071,
-0.068,-0.071,-0.056,-0.076,
-0.06,-0.05,0.091,-0.179,
-0.068,-0.068,-0.056,-0.082,
-0.057,-0.057,-0.05,-0.064,
-0.04,-0.05,0.042,-0.05,
-0.021,-0.021,-0.02,-0.023,
-0.036,-0.048,0.064,-0.048,
-0.061,-0.056,-0.026,-0.13,
-0.102,-0.071,-0.056,-0.274,
-0.066,-0.067,-0.058,-0.072,
-0.085,-0.072,-0.07,-0.19,
-0.172,-0.135,-0.066,-0.323,
-0.081,-0.05,-0.034,-0.248,
-0.038,-0.038,-0.032,-0.041,
-0.08,-0.079,-0.053,-0.103,
-0.009,-0.024,0.115,-0.027,
-0.079,-0.08,0.045,-0.237,
-0.08,-0.073,-0.065,-0.119,
-0.067,-0.061,0.138,-0.315,
-0.089,-0.076,0.17,-0.389,
-0.089,-0.076,0.003,-0.233,
-0.039,-0.04,-0.035,-0.04,
-0.069,-0.086,0.064,-0.086,
-0.087,-0.066,-0.055,-0.23,
-0.022,-0.036,0.058,-0.084,
-0.045,-0.053,0.054,-0.175,
-0.044,-0.055,0.051,-0.055,
-0.049,-0.049,-0.046,-0.049,
-0.059,-0.047,0.055,-0.226,
-0.042,-0.04,-0.027,-0.073,
-0.049,-0.043,-0.04,-0.085,
-0.055,-0.055,-0.05,-0.059,
-0.033,-0.033,-0.032,-0.035,
-0.068,-0.059,0.128,-0.318,
-0.071,-0.071,-0.064,-0.075,
-0.107,-0.076,-0.021,-0.255,
-0.127,-0.115,0.057,-0.321,
-0.065,-0.064,-0.06,-0.072,
-0.05,-0.052,-0.025,-0.056,
-0.095,-0.093,0.023,-0.218,
-0.077,-0.07,-0.06,-0.139,
-0.106,-0.067,-0.039,-0.329,
-0.098,-0.073,0.054,-0.248,
-0.062,-0.057,-0.051,-0.114,
-0.001,0.006,0.047,-0.062,
-0.037,-0.048,0.088,-0.163,
-0.063,-0.072,0.113,-0.186,
-0.055,-0.055,-0.048,-0.061,
-0.037,-0.04,-0.022,-0.04,
-0.073,-0.077,0.012,-0.244,
-0.061,-0.076,0.055,-0.076,
-0.098,-0.088,0.096,-0.276,
-0.055,-0.055,-0.05,-0.057,
-0.078,-0.077,-0.071,-0.087,
-0.073,-0.073,-0.067,-0.079,
-0.062,-0.055,0.021,-0.169,
-0.07,-0.07,-0.065,-0.075,
-0.081,-0.051,0.124,-0.318,
-0.12,-0.103,-0.074,-0.272,
-0.037,-0.037,-0.035,-0.041,
-0.052,-0.052,-0.048,-0.057,
-0.068,-0.052,-0.039,-0.134,
-0.037,-0.04,-0.023,-0.04,
-0.093,-0.051,-0.034,-0.201,
-0.097,-0.066,0.102,-0.355,
-0.06,-0.061,-0.053,-0.064,
0.005,0.009,0.067,-0.057,
-0.06,-0.061,-0.055,-0.064,
-0.059,-0.08,0.065,-0.089,
-0.077,-0.076,-0.072,-0.084,
0.04,0.048,0.167,-0.044,
-0.036,-0.052,0.105,-0.052,
-0.055,-0.043,-0.043,-0.16,
-0.032,-0.031,-0.026,-0.05,
-0.077,-0.052,0.04,-0.249,
-0.023,-0.031,0.041,-0.039,
-0.069,-0.04,-0.031,-0.277,
-0.051,-0.061,-0.012,-0.061,
-0.07,-0.071,-0.066,-0.071,
-0.044,-0.049,0.089,-0.205,
-0.067,-0.067,-0.057,-0.08,
-0.083,-0.083,-0.078,-0.086,
-0.019,-0.033,0.08,-0.044,
-0.04,-0.039,-0.036,-0.045,
-0.075,-0.076,-0.067,-0.079,
-0.054,-0.055,-0.042,-0.06,
-0.16,-0.152,-0.063,-0.284,
-0.04,-0.046,0.042,-0.096,
-0.132,-0.141,-0.015,-0.261,
-0.059,-0.056,-0.024,-0.124,
-0.084,-0.049,0.13,-0.297,
-0.031,-0.048,0.06,-0.071,
-0.068,-0.057,-0.05,-0.182,
-0.063,-0.07,-0.009,-0.076,
-0.069,-0.064,-0.048,-0.13,
-0.042,-0.043,-0.04,-0.043,
-0.119,-0.118,0.121,-0.418,
-0.058,-0.058,-0.05,-0.067,
-0.055,-0.064,-0.003,-0.064,
-0.087,-0.079,-0.063,-0.161,
-0.158,-0.12,-0.056,-0.362,
-0.057,-0.056,-0.054,-0.064,
-0.058,-0.058,-0.055,-0.058,
-0.009,-0.014,0.066,-0.077,
-0.045,-0.061,0.038,-0.061,
-0.046,-0.064,0.077,-0.064,
-0.083,-0.082,-0.067,-0.1,
0.022,-0.003,0.256,-0.054,
-0.068,-0.07,-0.054,-0.075,
-0.103,-0.064,-0.052,-0.25,
-0.064,-0.063,-0.058,-0.071,
-0.062,-0.064,-0.054,-0.064,
0.008,-0.031,0.224,-0.036,
-0.073,-0.073,-0.067,-0.081,
-0.017,-0.021,0.148,-0.15,
-0.047,-0.065,0.066,-0.073,
-0.048,-0.043,-0.04,-0.09,
-0.081,-0.056,-0.052,-0.238,
-0.031,-0.034,-0.015,-0.035,
-0.028,-0.037,0.09,-0.094,
-0.038,-0.063,0.059,-0.07,
-0.027,-0.03,0.007,-0.052,
-0.025,-0.03,-0.003,-0.037,
-0.077,-0.077,-0.071,-0.082,
-0.052,-0.061,0.032,-0.07,
-0.083,-0.051,0.019,-0.29,
-0.053,-0.048,-0.042,-0.101,
-0.057,-0.069,0.005,-0.069,
-0.035,-0.08,0.159,-0.088,
-0.056,-0.043,-0.043,-0.161,
-0.067,-0.067,-0.064,-0.07,
-0.079,-0.058,-0.046,-0.255,
-0.077,-0.076,-0.071,-0.085,
-0.124,-0.111,0.108,-0.371,
-0.122,-0.082,-0.041,-0.335,
-0.058,-0.058,-0.038,-0.104,
-0.083,-0.059,-0.059,-0.252,
-0.068,-0.067,-0.062,-0.078,
-0.08,-0.076,-0.064,-0.115,
-0.091,-0.07,-0.064,-0.232,
-0.056,-0.044,0.009,-0.18,
-0.082,-0.082,-0.07,-0.095,
-0.119,-0.099,0.003,-0.318,
-0.049,-0.052,-0.014,-0.055,
-0.049,-0.049,-0.044,-0.052,
-0.055,-0.061,-0.006,-0.147,
-0.015,-0.043,0.184,-0.046,
-0.098,-0.06,-0.023,-0.29,
-0.097,-0.091,-0.074,-0.164,
-0.049,-0.049,-0.047,-0.049,
-0.091,-0.058,-0.055,-0.248,
-0.101,-0.069,-0.051,-0.273,
-0.083,-0.066,-0.064,-0.231,
-0.035,-0.044,0.021,-0.046,
-0.069,-0.069,-0.062,-0.078,
-0.049,-0.064,0.252,-0.324,
-0.06,-0.058,-0.049,-0.097,
-0.022,-0.045,0.097,-0.046,
-0.056,-0.055,-0.051,-0.059,
-0.036,-0.037,-0.031,-0.037,
-0.011,-0.055,0.123,-0.058,
-0.045,-0.051,-0.006,-0.054,
-0.071,-0.075,-0.03,-0.103,
-0.081,-0.081,-0.072,-0.088,
-0.095,-0.088,0.088,-0.28,
0.023,0.004,0.26,-0.109,
-0.067,-0.067,-0.063,-0.073,
-0.032,-0.04,0.04,-0.043,
-0.153,-0.151,-0.041,-0.292,
-0.185,-0.165,-0.061,-0.367,
-0.055,-0.064,0.022,-0.064,
-0.038,-0.037,-0.034,-0.041,
-0.052,-0.052,-0.049,-0.057,
-0.056,-0.064,0.006,-0.064,
-0.116,-0.102,-0.046,-0.26,
-0.055,-0.055,-0.05,-0.06,
-0.016,-0.025,0.063,-0.043,
-0.065,-0.064,-0.059,-0.071,
-0.117,-0.092,0.071,-0.265,
-0.181,-0.162,-0.051,-0.44,
-0.059,-0.052,-0.036,-0.118,
-0.066,-0.049,0.062,-0.347,
-0.036,-0.062,0.167,-0.062,
-0.053,-0.051,-0.048,-0.061,
-0.057,-0.056,-0.053,-0.063,
-0.068,-0.049,-0.037,-0.214,
-0.083,-0.063,-0.057,-0.252,
-0.061,-0.061,-0.055,-0.065,
-0.07,-0.07,-0.064,-0.076,
-0.103,-0.149,0.146,-0.282,
-0.06,-0.064,0.028,-0.189,
-0.134,-0.097,-0.065,-0.428,
-0.081,-0.064,-0.052,-0.221,
-0.072,-0.073,-0.064,-0.079,
-0.107,-0.062,-0.05,-0.258,
-0.068,-0.078,-0.034,-0.081,
-0.059,-0.061,-0.041,-0.07,
-0.117,-0.094,-0.056,-0.208,
-0.046,-0.052,-0.003,-0.052,
-0.066,-0.067,-0.057,-0.07,
-0.064,-0.064,-0.058,-0.07,
-0.084,-0.084,-0.071,-0.095,
-0.058,-0.042,0.037,-0.177,
-0.118,-0.1,-0.052,-0.326,
-0.071,-0.071,-0.068,-0.073,
-0.05,-0.055,0.105,-0.176,
-0.135,-0.13,-0.062,-0.194,
-0.07,-0.07,-0.062,-0.077,
-0.079,-0.079,-0.07,-0.084,
-0.052,-0.045,-0.044,-0.068,
-0.083,-0.083,-0.076,-0.089,
-0.051,-0.061,0.003,-0.061,
-0.104,-0.079,0.021,-0.225,
-0.039,-0.054,0.187,-0.253,
-0.008,-0.041,0.159,-0.06,
-0.116,-0.088,-0.043,-0.345,
-0.061,-0.061,-0.057,-0.061,
-0.068,-0.062,-0.051,-0.107,
-0.034,-0.053,0.087,-0.082,
-0.062,-0.062,-0.054,-0.069,
-0.076,-0.067,-0.063,-0.158,
-0.076,-0.076,-0.07,-0.082,
-0.046,-0.04,-0.006,-0.154,
-0.07,-0.05,-0.05,-0.186,
-0.036,-0.041,0,-0.043,
-0.064,-0.052,-0.047,-0.184,
-0.124,-0.116,0.035,-0.267,
-0.078,-0.058,0.044,-0.213,
-0.19,-0.193,-0.061,-0.373,
-0.051,-0.062,0.044,-0.247,
-0.043,-0.043,-0.039,-0.047,
-0.095,-0.049,-0.042,-0.233,
-0.031,-0.062,0.084,-0.074,
-0.037,-0.061,0.076,-0.061,
-0.046,-0.045,-0.04,-0.056,
-0.048,-0.068,0.099,-0.068,
-0.087,-0.069,-0.034,-0.199,
-0.074,-0.06,-0.059,-0.158,
-0.059,-0.058,-0.046,-0.073,
-0.079,-0.034,-0.031,-0.24,
-0.11,-0.04,-0.033,-0.42,
-0.067,-0.067,-0.061,-0.075,
-0.07,-0.082,0.245,-0.257,
-0.054,-0.052,-0.049,-0.072,
-0.071,-0.071,-0.066,-0.078,
-0.072,-0.067,-0.059,-0.13,
-0.045,-0.076,0.203,-0.076,
-0.061,-0.064,-0.028,-0.082,
-0.07,-0.071,-0.062,-0.073,
-0.082,-0.078,-0.021,-0.181,
-0.094,-0.052,-0.048,-0.287,
-0.09,-0.085,-0.034,-0.178,
-0.095,-0.066,0.209,-0.273,
-0.071,-0.073,-0.053,-0.082,
-0.084,-0.085,-0.069,-0.1,
-0.076,-0.062,-0.052,-0.174,
-0.14,-0.145,-0.038,-0.222,
-0.074,-0.064,-0.057,-0.159,
-0.073,-0.073,-0.067,-0.079,
-0.046,-0.046,-0.04,-0.049,
-0.079,-0.074,-0.07,-0.12,
-0.075,-0.076,-0.067,-0.08,
-0.053,-0.052,-0.049,-0.057,
-0.087,-0.075,-0.055,-0.196,
-0.087,-0.088,-0.07,-0.092,
-0.081,-0.057,-0.05,-0.211,
-0.058,-0.058,-0.053,-0.067,
-0.06,-0.052,-0.045,-0.109,
-0.104,-0.064,-0.027,-0.346,
-0.064,-0.064,-0.056,-0.071,
-0.048,-0.057,0.065,-0.113,
-0.072,-0.058,-0.054,-0.19,
-0.06,-0.061,-0.055,-0.063,
-0.079,-0.08,-0.072,-0.081,
-0.083,-0.082,-0.017,-0.162,
-0.099,-0.079,-0.07,-0.243,
-0.054,-0.055,-0.052,-0.055,
-0.076,-0.076,-0.07,-0.083,
-0.067,-0.049,-0.021,-0.2,
-0.086,-0.07,-0.062,-0.171,
-0.07,-0.061,0.064,-0.238,
-0.061,-0.061,-0.054,-0.065,
-0.08,-0.062,-0.053,-0.207,
-0.104,-0.105,0.092,-0.344,
-0.059,-0.058,-0.055,-0.064,
-0.087,-0.072,-0.059,-0.157,
-0.061,-0.055,-0.055,-0.107,
-0.069,-0.056,-0.054,-0.169,
-0.062,-0.072,0.021,-0.118,
-0.028,-0.028,-0.023,-0.033,
-0.054,-0.06,-0.017,-0.06,
-0.088,-0.077,-0.073,-0.183,
-0.094,-0.076,-0.068,-0.24,
-0.076,-0.076,-0.067,-0.087,
-0.056,-0.055,-0.046,-0.072,
-0.044,-0.055,0.006,-0.073,
-0.189,-0.176,-0.049,-0.315,
-0.054,-0.058,-0.017,-0.061,
-0.07,-0.064,-0.062,-0.097,
-0.048,-0.048,-0.043,-0.052,
-0.063,-0.063,-0.046,-0.077,
-0.037,-0.037,-0.036,-0.037,
-0.044,-0.044,-0.036,-0.052,
-0.049,-0.052,-0.019,-0.063,
-0.064,-0.064,-0.059,-0.07,
-0.111,-0.053,-0.038,-0.253,
-0.07,-0.07,-0.064,-0.075,
-0.078,-0.079,-0.068,-0.083,
-0.065,-0.049,-0.039,-0.167,
-0.034,-0.048,0.054,-0.048,
-0.07,-0.069,-0.062,-0.074,
-0.145,-0.164,-0.04,-0.296,
-0.066,-0.059,-0.047,-0.116,
-0.087,-0.087,-0.078,-0.092,
-0.064,-0.064,-0.063,-0.066,
-0.106,-0.08,-0.063,-0.271,
-0.051,-0.051,-0.045,-0.055,
-0.067,-0.071,-0.048,-0.071,
-0.127,-0.12,-0.06,-0.212,
-0.063,-0.061,0.209,-0.355,
-0.141,-0.081,-0.062,-0.333,
-0.065,-0.067,-0.013,-0.099,
-0.06,-0.055,-0.044,-0.098,
-0.091,-0.091,-0.077,-0.101,
-0.084,-0.071,-0.06,-0.129,
-0.017,-0.038,0.145,-0.097,
-0.06,-0.061,-0.054,-0.064,
-0.059,-0.057,-0.003,-0.129,
-0.09,-0.073,-0.056,-0.245,
-0.074,-0.04,0.033,-0.212,
-0.067,-0.058,0.015,-0.176,
-0.075,-0.075,-0.068,-0.079,
-0.043,-0.079,0.169,-0.088,
-0.04,-0.043,-0.019,-0.045,
-0.055,-0.067,0.032,-0.067,
-0.102,-0.111,-0.012,-0.206,
-0.057,-0.049,-0.042,-0.129,
-0.044,-0.044,-0.038,-0.048,
-0.164,-0.17,-0.035,-0.426,
-0.115,-0.093,-0.003,-0.362,
-0.063,-0.063,-0.058,-0.07,
-0.098,-0.101,-0.048,-0.147,
-0.064,-0.064,-0.057,-0.068,
-0.097,-0.09,-0.048,-0.203,
-0.07,-0.071,-0.065,-0.076,
-0.111,-0.073,-0.003,-0.292,
-0.038,-0.034,-0.034,-0.062,
-0.067,-0.067,-0.062,-0.073,
-0.104,-0.071,-0.048,-0.347,
-0.08,-0.061,-0.008,-0.195,
-0.047,-0.046,-0.046,-0.049,
-0.069,-0.061,-0.055,-0.146,
-0.072,-0.072,-0.068,-0.075,
-0.077,-0.061,-0.054,-0.225,
-0.047,-0.047,0.161,-0.309,
-0.085,-0.085,-0.077,-0.089,
-0.101,-0.07,-0.04,-0.222,
-0.034,-0.038,0.015,-0.077,
-0.071,-0.055,0.044,-0.31,
-0.062,-0.062,-0.057,-0.067,
-0.067,-0.067,-0.062,-0.07,
-0.106,-0.071,-0.05,-0.263,
-0.021,-0.036,0.038,-0.071,
-0.048,-0.048,-0.043,-0.052,
-0.202,-0.174,-0.072,-0.418,
-0.055,-0.055,-0.049,-0.059,
-0.065,-0.055,-0.003,-0.231,
-0.082,-0.059,-0.042,-0.222,
-0.036,-0.042,0.02,-0.126,
-0.057,-0.058,-0.045,-0.066,
-0.068,-0.068,-0.065,-0.078,
-0.123,-0.115,-0.003,-0.331,
-0.071,-0.07,-0.065,-0.077,
-0.109,-0.081,0.097,-0.343,
-0.058,-0.053,-0.042,-0.129,
-0.089,-0.086,-0.081,-0.113,
-0.078,-0.052,-0.052,-0.239,
-0.057,-0.058,-0.051,-0.06,
-0.05,-0.056,-0.008,-0.056,
-0.05,-0.049,-0.047,-0.055,
-0.028,-0.037,0.057,-0.047,
-0.035,-0.037,-0.022,-0.037,
-0.052,-0.047,-0.031,-0.098,
-0.02,-0.037,0.119,-0.037,
-0.038,-0.046,0,-0.046,
-0.031,-0.036,0.016,-0.036,
-0.043,-0.043,-0.04,-0.048,
-0.04,-0.038,-0.034,-0.06,
-0.055,-0.059,0.08,-0.174,
-0.066,-0.067,-0.063,-0.067,
-0.064,-0.065,-0.024,-0.104,
-0.131,-0.077,-0.028,-0.335,
-0.064,-0.066,0.241,-0.307,
-0.088,-0.071,-0.071,-0.232,
-0.074,-0.074,-0.067,-0.079,
-0.003,-0.012,0.089,-0.052,
-0.063,-0.049,-0.04,-0.185,
-0.079,-0.08,-0.073,-0.084,
-0.064,-0.064,-0.059,-0.072,
-0.043,-0.043,-0.039,-0.044,
-0.05,-0.071,0.083,-0.102,
-0.093,-0.045,-0.034,-0.3,
-0.054,-0.058,-0.022,-0.058,
-0.062,-0.061,-0.058,-0.07,
-0.095,-0.101,-0.043,-0.177,
-0.079,-0.084,-0.04,-0.103,
-0.078,-0.078,-0.046,-0.105,
-0.059,-0.059,-0.05,-0.065,
-0.137,-0.115,-0.082,-0.285,
-0.097,-0.109,0.02,-0.182,
-0.048,-0.049,-0.04,-0.053,
-0.057,-0.081,0.15,-0.108,
-0.028,-0.035,0.037,-0.052,
-0.026,-0.024,-0.021,-0.042,
-0.078,-0.077,-0.065,-0.096,
-0.12,-0.112,-0.043,-0.199,
-0.117,-0.088,-0.075,-0.267,
-0.042,-0.04,-0.035,-0.062,
-0.107,-0.109,0.09,-0.201,
-0.113,-0.082,0.05,-0.315,
-0.055,-0.055,-0.049,-0.065,
-0.023,-0.039,0.047,-0.044,
-0.07,-0.036,-0.033,-0.269,
-0.103,-0.066,0.051,-0.356,
-0.085,-0.075,0.045,-0.209,
-0.075,-0.066,-0.056,-0.14,
-0.067,-0.066,-0.061,-0.073,
-0.026,-0.038,0.057,-0.085,
-0.078,-0.06,0.057,-0.287,
-0.07,-0.071,-0.054,-0.079,
-0.09,-0.087,0.015,-0.172,
-0.098,-0.066,-0.059,-0.371,
-0.06,-0.06,-0.054,-0.068,
-0.07,-0.067,-0.026,-0.143,
-0.044,-0.044,-0.039,-0.05,
-0.08,-0.068,0.019,-0.198,
-0.07,-0.07,-0.063,-0.077,
-0.072,-0.058,-0.056,-0.192,
-0.025,-0.034,0.059,-0.054,
-0.06,-0.06,-0.052,-0.064,
-0.067,-0.06,-0.06,-0.093,
-0.062,-0.061,-0.052,-0.078,
0.078,0.065,0.145,0.065,
-0.073,-0.057,-0.053,-0.123,
-0.052,-0.052,-0.049,-0.056,
-0.051,-0.052,-0.042,-0.053,
-0.073,-0.062,0.146,-0.305,
-0.07,-0.061,0.037,-0.26,
-0.035,-0.046,0.068,-0.13,
-0.056,-0.062,-0.008,-0.062,
-0.075,-0.048,-0.038,-0.298,
-0.122,-0.108,-0.062,-0.279,
-0.058,-0.05,-0.027,-0.112,
-0.044,-0.045,-0.038,-0.049,
-0.127,-0.125,-0.06,-0.224,
-0.059,-0.059,-0.053,-0.065,
0.04,0.016,0.178,-0.049,
-0.101,-0.089,-0.071,-0.147,
-0.071,-0.071,-0.065,-0.078,
-0.15,-0.18,-0.057,-0.208,
-0.097,-0.067,-0.048,-0.304,
-0.072,-0.069,0.072,-0.187,
-0.048,-0.047,-0.043,-0.067,
-0.075,-0.074,-0.061,-0.087,
-0.059,-0.059,-0.051,-0.065,
-0.059,-0.063,-0.038,-0.082,
-0.09,-0.09,-0.08,-0.098,
-0.053,-0.053,-0.048,-0.057,
-0.065,-0.072,0.058,-0.19,
-0.059,-0.058,-0.056,-0.068,
-0.087,-0.088,-0.079,-0.092,
-0.069,-0.052,-0.044,-0.158,
-0.061,-0.053,0.146,-0.276,
-0.075,-0.047,-0.046,-0.204,
-0.047,-0.061,0.076,-0.068,
-0.063,-0.058,-0.047,-0.092,
-0.09,-0.081,0.123,-0.316,
-0.072,-0.055,-0.055,-0.208,
-0.055,-0.055,-0.049,-0.058,
-0.047,-0.061,0.063,-0.061,
-0.055,-0.055,-0.047,-0.06,
-0.083,-0.049,0.016,-0.308,
-0.161,-0.161,0.075,-0.32,
-0.065,-0.064,-0.055,-0.08,


-0.017,-0.059,0.209,-0.075,
0.083,0.057,0.173,0.045,
0.052,0.046,0.106,0.041,
0.08,0.017,0.307,-0.006,
-0.02,-0.023,-0.008,-0.023,
0,0,0,0,
0.037,0.003,0.221,-0.011,
0.018,-0.005,0.111,-0.011,
0.117,0.088,0.398,-0.042,
0,0,0,0,
0.165,0.182,0.329,-0.024,
0.049,0.024,0.194,0.018,
0.141,0.135,0.373,0.038,
0,0,0,0,
0.038,-0.003,0.261,-0.009,
0.034,0.014,0.133,0.012,
0.02,0.012,0.073,0.012,
0.043,0.026,0.141,0.002,
0,0,0,0,
0.202,0.19,0.382,0.094,
-0.011,-0.012,-0.008,-0.012,
0.088,0.012,0.282,-0.02,
0.02,0.003,0.204,-0.012,
0,0,0,0,
0.027,0.006,0.172,0,
0.056,0.036,0.178,-0.01,
0,0,0,0,
0.049,0.007,0.226,-0.01,
0.112,0.104,0.205,-0.01,
0.087,0.085,0.215,-0.047,
0.193,0.165,0.391,-0.005,
0.057,0.026,0.294,0,
0,0,0,0,
0.102,0.09,0.271,-0.001,
0.003,0.003,0.009,0,
0.059,0.015,0.262,-0.009,
0,0,0,0,
0,0,0,0,
0,0,0,0,
0.033,0.02,0.13,-0.014,
-0.004,-0.003,0.006,-0.022,
0.039,0.015,0.138,0,
-0,0,0,-0.002,
0.045,0.023,0.169,0,
0.021,0.004,0.135,-0.006,
0.064,0.045,0.211,-0.003,
0.031,0.003,0.15,-0.003,
0,0,0,0,
-0.003,-0.003,0.005,-0.006,
-0.002,-0.015,0.11,-0.023,
0.045,0.034,0.148,0.003,
0.071,0.029,0.269,0.008,
0.017,0.018,0.021,0.013,
0.045,0.012,0.253,0,
0.011,0.012,0.024,-0.005,
0.044,0.045,0.151,-0.018,
0.046,-0.019,0.305,-0.039,
-0.01,-0.025,0.128,-0.066,
-0.003,-0.003,-0.002,-0.003,
-0.035,-0.038,-0.017,-0.041,
0,0,0,0,
0,0,0,0,
0.003,0,0.031,0,
0,0,0,0,
0.028,0.012,0.169,0,
0,0,0,0,
0.013,0.014,0.068,-0.006,
0.008,0,0.107,-0.009,
0.039,-0.001,0.169,-0.003,
0,0,0,0,
0.059,0.054,0.113,0.044,
0.17,0.152,0.28,0.037,
0.04,0.039,0.05,0.01,
0,0,0,0,
0.115,0.1,0.311,-0.002,
-0.007,-0.006,0,-0.018,
0.141,0.154,0.257,-0.008,
0.016,0.018,0.029,0,
0.122,0.092,0.309,-0.004,
0.143,0.135,0.372,-0.019,
0,0,0,0,
0.126,0.126,0.229,0.025,
0,0,0,0,
0.186,0.209,0.331,-0.03,
0.042,0.061,0.193,-0.075,
0,0,0,0,
-0.064,-0.07,0.002,-0.076,
0.034,-0.013,0.278,-0.015,
0,0,0,0,
0.036,-0.001,0.25,-0.091,
0.042,0.032,0.174,-0.003,
0.093,0.025,0.429,-0.007,
0.002,-0.003,0.073,-0.053,
0.001,0,0.005,0,
0,0,0,0,
0.247,0.248,0.407,0.019,
0.102,0.1,0.249,-0.018,
0.001,0,0.003,0,
-0.069,-0.07,-0.055,-0.09,
0.06,0.052,0.134,0.01,
0.003,0.003,0.008,0.001,
-0,0,0.007,-0.008,
0.127,0.132,0.306,0,
0,0,0,0,
0.069,0.044,0.175,0.004,
0.086,0.082,0.215,-0.009,
-0.011,-0.012,0.001,-0.014,
0.01,0.012,0.016,-0.004,
0.072,0.074,0.317,-0.067,
0.081,0.054,0.23,-0.01,
0,0,0,0,
0.011,0,0.092,0,
-0.001,0.003,0.003,-0.028,
-0.015,-0.012,-0.009,-0.03,
0.062,0.038,0.196,0.024,
0.142,0.136,0.296,-0.056,
0,0,0,0,
-0.002,-0.003,0,-0.005,
0.061,0.035,0.248,-0.071,
-0.01,-0.009,-0.009,-0.018,
0.002,0.003,0.003,-0.011,
0.075,0.038,0.238,0.023,
0.146,0.155,0.303,0.025,
0.056,0.021,0.208,-0.015,
0.104,0.073,0.332,0.016,
0.067,0.019,0.282,0,
0.075,0.032,0.3,0.027,
0.193,0.219,0.301,0.004,
0.131,0.149,0.244,0.001,
-0.003,0.003,0.003,-0.025,
0.068,0.058,0.203,0,
0.001,0,0.009,0,
0,0,0,0,
0.024,0.006,0.145,0,
0.157,0.163,0.324,0.011,
0,0,0,0,
-0,0,0,-0.003,
-0.003,-0.003,0,-0.009,
0,0,0,0,
0,0,0,0,
0,0,0,0,
0,0,0,0,
0,0,0,0,
-0.009,-0.009,-0.008,-0.011,
0.008,0.009,0.029,-0.008,
0.103,0.091,0.254,0.018,
0.123,0.133,0.233,0.023,
0.032,0.032,0.046,0.017,
0,0,0,0,
0.043,0.012,0.17,0.001,
0.07,0.026,0.379,-0.156,
0.019,-0.024,0.185,-0.028,
0.082,0.066,0.307,-0.014,
0,0,0,0,
0.038,0.018,0.167,0.009,
0.05,0.035,0.134,0.008,
0.059,0.021,0.286,0.009,
0.076,0.063,0.17,0.026,
0.064,0.065,0.079,0.035,
0.047,0.006,0.215,-0.001,
-0.024,-0.024,-0.021,-0.029,
0.02,-0.003,0.111,-0.026,
0.01,0.009,0.022,0,
0.057,0.031,0.287,0,
0,0,0,0,
0.124,0.12,0.231,0.012,
0,0,0,0,
0.034,0.023,0.139,0,
0.12,0.123,0.244,0.013,
-0.004,-0.003,-0.003,-0.01,
0.086,0.052,0.329,0.024,
0,0,0,0,
0,0,0,0,
0.042,-0.006,0.303,-0.039,
0.007,0.006,0.009,0.006,
-0.045,-0.042,-0.017,-0.075,
0,0,0,0,
0.007,-0.026,0.155,-0.044,
0.003,-0.007,0.09,-0.012,
0.089,0.082,0.227,0.011,
0,0,0,0,
0,0,0,0,
0.189,0.172,0.387,0.036,
0.029,-0.003,0.237,-0.061,
0.014,-0.006,0.094,-0.01,
0.027,-0.007,0.215,-0.021,
0.106,0.076,0.369,0,
0,0,0,0,
0,0,0,0,
0.031,0.02,0.181,-0.009,
0,0,0,0,
0,0,0,0,
0.094,0.089,0.26,-0.005,
0,0,0,0,
-0.013,-0.018,0.042,-0.032,
0.019,0.009,0.107,0.006,
0.129,0.141,0.282,0.012,
0.043,0.024,0.162,-0.019,
0.017,0.012,0.055,-0.003,
0,0,0,0,
0.072,0.058,0.232,-0.034,
0,0,0,0,
0.045,0.033,0.164,0.029,
0,0,0,0,
0,0,0,0,
-0,0,0,-0.003,
0.085,0.068,0.169,0.015,
-0.003,-0.015,0.078,-0.018,
0,0,0,0,
0.055,0.062,0.156,-0.003,
-0.043,-0.049,-0.018,-0.05,
0.174,0.199,0.317,0.013,
-0.002,-0.003,0.003,-0.005,
-0.021,-0.021,-0.014,-0.026,
0,0,0,0,
0.077,0.067,0.167,0.059,
0,0,0,0,
0,0,0,0,
0.117,0.143,0.284,-0.004,
-0.001,0,0.003,-0.023,
0,0,0,0,
-0.045,-0.05,0,-0.068,
-0.017,-0.018,-0.011,-0.021,
0,0,0.003,0,
0.15,0.118,0.296,0.018,
0,0,0,0,
0.044,0.035,0.128,0,
0.11,0.133,0.215,0.008,
0.115,0.112,0.252,0.006,
0.012,0.015,0.015,0.002,
0.105,0.085,0.312,0,
0.039,0.026,0.161,0.018,
-0.009,-0.007,0,-0.023,
-0.007,-0.023,0.085,-0.023,
0.036,-0.002,0.136,-0.005,
0.021,0.005,0.089,-0.009,
0.144,0.144,0.153,0.133,
-0.082,-0.099,-0.003,-0.131,
0.018,-0.016,0.166,-0.018,
0.202,0.197,0.316,0.073,
0.033,0.024,0.115,0.018,
0.007,0,0.071,0,
0.01,0,0.092,0,
0.15,0.173,0.301,-0.01,
0,0,0,0,
0.149,0.194,0.31,0.003,
0,0,0,0,
0.017,0.003,0.089,0,
-0.011,-0.012,0.01,-0.018,
-0.025,-0.043,0.083,-0.043,
0,0,0,0,
0.023,0.006,0.139,-0.008,
0.079,0.057,0.29,-0.006,
0,0,0,0,
0.032,0.012,0.118,-0.007,
0.036,0.036,0.047,0.029,
0.125,0.091,0.358,0,
0.036,0.036,0.039,0.035,
0.026,0.009,0.181,0,
0.068,0.065,0.195,-0.026,
0.075,0.029,0.298,0.009,
0.123,0.124,0.27,0,
0,0,0,0,
0.042,0.029,0.149,0,
0.069,0.015,0.301,0.001,
0.152,0.122,0.327,-0.01,
0,0,0,0,
0.064,0.033,0.204,0.028,
0.162,0.159,0.31,0.002,
0.133,0.075,0.311,0.034,
-0.043,-0.032,-0.02,-0.119,
0.07,0.032,0.241,0.002,
0.078,0.048,0.193,0.036,
0.084,0.078,0.2,0.027,
0.034,0.002,0.173,-0.009,
0.002,0,0.012,0,
0.021,0.023,0.026,0,
0.033,0.026,0.097,0.017,
0.088,0.095,0.176,0,
0.008,0.003,0.05,0,
0.057,0.05,0.109,-0.001,
-0,0,0.001,-0.003,
0.06,0.014,0.197,-0.028,
0.01,0,0.097,-0.003,
0.034,0.014,0.215,0.006,
0.06,0.02,0.242,0.012,
0.039,0.019,0.225,0,
0.031,0.009,0.159,0.009,
0.013,0.003,0.074,-0.006,
0,0,0,0,
0.053,0.005,0.236,-0.018,
0.002,0,0.013,0,
-0.017,-0.017,-0.009,-0.02,
0.077,0.077,0.087,0.072,
0.058,0.032,0.225,0.02,
0.018,0.017,0.031,0,
-0.004,-0.006,0.006,-0.006,
0.035,0.023,0.146,0,
0,0,0,0,
0.122,0.113,0.304,0.037,
0.043,-0.009,0.255,-0.028,
0.01,0,0.096,0,
-0.009,-0.009,0,-0.018,
0,0,0,0,
0,0,0,0,
-0.089,-0.092,-0.074,-0.098,
0.11,0.074,0.317,0,
0.063,0.034,0.199,0.019,
0.16,0.162,0.24,0.016,
-0.066,-0.073,-0.031,-0.073,
-0.009,-0.009,-0.001,-0.013,
0.072,0.038,0.22,-0.028,
0.083,0.105,0.207,-0.021,
0.03,0,0.166,0,
0.021,0.018,0.059,0.002,
-0.087,-0.089,-0.078,-0.089,
0.011,0.009,0.026,0.002,
0.007,-0.006,0.101,-0.006,
0,0,0.002,0,
-0.005,-0.006,0.003,-0.006,
0.003,0,0.017,0,
0.016,0.009,0.084,0,
0,0,0,0,
0,0,0,0,
0.047,0.013,0.21,0,
0.04,0.033,0.124,0.011,
0.014,0.015,0.015,0.008,
0,0,0,0,
0,0,0,0,
0.074,0.057,0.198,0.027,
-0.013,-0.012,0,-0.027,
0.002,-0.022,0.183,-0.085,
0.044,0.035,0.13,0.004,
0,0,0,0,
0.001,0,0.009,0,
0,0,0,0,
0,0,0,0,
0.083,0.056,0.262,0.047,
0.045,0.016,0.196,-0.003,
-0.004,-0.003,-0.003,-0.011,
0.044,0.039,0.069,0.033,
0.015,0.003,0.128,0,
-0.02,-0.052,0.24,-0.071,
0.004,0.003,0.013,0,
0.099,0.063,0.373,0.053,
0.067,0.026,0.199,0.009,
0,0,0,0,
0.001,0,0.013,0,
0.13,0.1,0.248,0.022,
0.094,0.095,0.288,-0.057,
0.057,0.007,0.157,-0.006,
0,0,0,0,
0,0,0,0,
0.031,-0.002,0.17,-0.061,
0.026,0.003,0.116,-0.004,
0,0,0.01,-0.003,
0.172,0.17,0.34,0,
0.037,0.031,0.129,-0.032,
0.069,0.053,0.147,0.021,
0.111,0.085,0.26,0.007,
0.012,0.003,0.083,0,
0.1,0.108,0.198,0.024,
0.037,-0.001,0.227,-0.006,
0.041,0.035,0.228,-0.042,
0,0,0,0,
0.002,0,0.009,0,
0.061,0.024,0.229,-0.012,
0.029,0.024,0.075,0.016,
0.019,0,0.111,-0.017,
0,0,0,0,
0.001,0,0.003,0,
-0.011,-0.037,0.069,-0.048,
0.041,0.034,0.104,-0.001,
0.033,0.009,0.265,-0.006,
-0.029,-0.03,-0.013,-0.048,
0.105,0.106,0.218,-0.017,
0,0,0,0,
0.081,0.069,0.219,-0.06,
-0,0,0,-0.003,
0.017,0.003,0.135,0,
0,0,0,0,
0,0,0,0,
0.089,0.055,0.216,0.041,
0.041,0.039,0.057,0.038,
0.258,0.244,0.474,0.067,
0.057,0.014,0.276,0.009,
0.012,0.012,0.016,0.009,
0.056,0.019,0.246,-0.014,
0.082,0.034,0.267,0.011,
0.006,0,0.059,0,
0,0,0,0,
0.045,0.013,0.152,0.002,
0.017,-0.012,0.183,-0.012,
0.022,0.009,0.122,0.006,
0.06,0.037,0.212,-0.004,
-0.017,-0.018,-0.006,-0.023,
0.126,0.09,0.273,0.023,
0,0,0,0,
0,0,0,0,
0.104,0.087,0.243,0.033,
0.103,0.059,0.314,0.013,
0.024,0.015,0.092,0.002,
0.059,0.021,0.168,0,
0,0,0,0,
0,0,0,0,
0.061,0.03,0.221,0.003,
0.117,0.121,0.272,-0.036,
0,0,0,0,
-0.061,-0.063,-0.053,-0.063,
0.017,-0.006,0.215,-0.013,
0.115,0.057,0.279,0.038,
0,0,0,0,
0.057,0.009,0.2,-0.007,
0.033,0.021,0.113,0.013,
0.094,0.071,0.321,-0.005,
0.027,-0.006,0.145,-0.013,
0.063,0.037,0.26,0.003,
-0.001,0,0,-0.013,
0.011,0.006,0.045,0,
0.013,0.015,0.018,-0.008,
0.113,0.068,0.351,0.06,
0,0,0,0,
0.075,0.047,0.27,0.03,
0.052,0.026,0.15,0.003,
0.044,0.032,0.118,0.006,
0.17,0.169,0.42,0.022,
0.012,-0.006,0.155,-0.006,
0.058,0.043,0.22,-0.038,
0.01,-0.013,0.115,-0.016,
0,0,0,0,
0.201,0.199,0.343,0.003,
0.219,0.203,0.4,0.021,
0.091,0.037,0.24,0.033,
0.182,0.168,0.321,-0.015,
0.143,0.09,0.492,0.047,
-0.003,-0.003,0,-0.008,
0,0,0,0,
0.004,0.006,0.006,-0.001,
0,0,0,0,
-0.008,-0.009,-0.003,-0.009,
0.018,0.018,0.021,0.011,
0,0,0,0,
0,0,0,0,
-0.007,-0.018,0.08,-0.035,
0,0,0,0,
0.173,0.167,0.312,-0.015,
0.091,0.056,0.23,0.036,
0.109,0.047,0.289,0.041,
0.025,0.012,0.124,-0.003,
0,0,0,0,
-0.014,-0.036,0.119,-0.042,
0.101,0.083,0.228,0.015,
0.015,-0.01,0.138,-0.024,
0.008,0.009,0.013,0,
0,0,0,0,
0,0,0,0,
0.022,0.003,0.187,0,
-0.025,-0.024,-0.015,-0.054,
0.019,0.021,0.021,0.005,
0.035,0.019,0.126,-0.024,
-0.022,-0.035,0.083,-0.044,
-0,-0.007,0.056,-0.013,
0.079,0.047,0.215,0,
0.088,0.032,0.274,0.005,
0.033,0.033,0.039,0.027,
0.136,0.091,0.34,-0.015,
-0.009,-0.009,-0.008,-0.009,
0,0,0,0,
-0.016,-0.023,0.019,-0.023,
0.123,0.076,0.288,0.028,
0.118,0.12,0.264,0.004,
0.049,0.019,0.13,0,
0,0,0,0,
0.038,0.027,0.112,0.003,
0.02,0.021,0.026,0.012,
0.158,0.163,0.331,-0.014,
0.065,0.015,0.261,-0.002,
0.027,0.023,0.1,0.004,
0,0,0,0,
0,0,0,0,
0.107,0.105,0.243,-0.004,
0.004,-0.003,0.056,-0.003,
-0.002,-0.003,0,-0.003,
0,0,0,0,
0.023,0.003,0.185,0,
0.046,0.024,0.177,0.021,
0.124,0.1,0.275,-0.002,
0,0,0.005,0,
0.006,-0.003,0.075,-0.003,
0.034,0.006,0.148,0,
0.053,0.026,0.238,0,
0,0,0,0,
0.003,0.003,0.01,0,
0.031,0.019,0.168,-0.006,
0.083,0.085,0.29,-0.065,
0,0,0,0,
-0.003,-0.003,0.003,-0.005,
0.017,0.009,0.095,0,
0.02,0.006,0.144,-0.004,
0.092,0.061,0.247,0.047,
0.007,0.006,0.017,0,
-0.009,-0.01,0.003,-0.023,
0.145,0.12,0.414,0.001,
0.002,0.003,0.003,0,
0.06,0.026,0.321,0,
0.077,0.078,0.222,-0.035,
0.008,0,0.079,-0.008,
0.026,0,0.108,-0.006,
0,0,0,0,
0.072,0.015,0.312,0,
0,0,0,0,
0.005,0.004,0.015,-0.006,
-0.016,-0.018,-0.001,-0.021,
0.02,0.017,0.042,0,
0.063,0.023,0.243,0.007,
0,0,0,0,
-0.004,-0.003,0.006,-0.018,
0.05,0.026,0.188,0,
0,0,0,0,
0,0,0,0,
-0.08,-0.075,0,-0.161,
-0.004,-0.003,0,-0.01,
-0.004,-0.006,0.016,-0.009,
0.029,0.016,0.092,0.005,
0.074,0.028,0.242,0.017,
0,0,0,0,
0.023,-0.003,0.227,-0.003,
0.099,0.053,0.29,-0.018,
0.041,0.015,0.215,-0.024,
0,0,0,0,
0.015,0.015,0.03,-0.007,
0.002,-0.006,0.057,-0.006,
0.066,0.037,0.203,0.03,
-0.043,-0.052,0,-0.054,
0.057,0.032,0.267,0,
0.07,0.018,0.364,-0.007,
0.184,0.207,0.26,0.055,
0,0,0,0,
0,0,0,0,
0.067,0.036,0.217,0.028,
0.01,-0.009,0.132,-0.015,
0.023,0,0.133,-0.005,
-0,0,0,-0.003,
0,0,0,0,
0.031,0,0.201,0,
0.004,-0.009,0.098,-0.012,
0.005,0.002,0.049,-0.003,
0,0,0,0,
0,0,0,0,
0.072,0.032,0.305,0.001,
0,0,0,0,
0.077,0.048,0.233,0.002,
0.155,0.152,0.315,0.014,
0,0,0,0,
0.009,0.009,0.012,-0.002,
0.098,0.082,0.255,0.003,
0.048,0.034,0.15,0.006,
0.061,0.02,0.291,-0.009,
0.093,0.087,0.343,-0.047,
0.014,0,0.128,0,
0.026,0.027,0.027,0.016,
0.028,0,0.14,-0.003,
0.019,0,0.157,-0.024,
0.003,0.003,0.003,0,
0,0,0,0,
0.027,-0.012,0.217,-0.018,
0,0,0,0,
0.189,0.186,0.323,0.067,
0,0,0,0,
-0.012,-0.015,0.003,-0.015,
0,0,0,0,
0.014,0.003,0.103,0,
0,0,0,0,
0.045,-0.024,0.283,-0.053,
0.042,0.019,0.245,-0.009,
0,0,0,0,
-0,0,0,-0.003,
0.026,-0.002,0.177,-0.014,
0.009,0.015,0.015,-0.043,
0.105,0.102,0.201,0.031,
0.121,0.061,0.353,0.016,
0.003,0.003,0.003,0,
0.02,0.013,0.113,-0.003,
0.049,0.049,0.052,0.049,
-0.001,-0.014,0.074,-0.021,
0,0,0,0,
-0.026,-0.028,-0.008,-0.03,
0.006,0.006,0.008,0.006,
0.013,0,0.124,0,
-0.012,-0.012,-0.009,-0.014,
0.126,0.079,0.353,0.042,
0,0,0,0,
0.027,-0.003,0.239,-0.012,
0.003,0.003,0.006,0,
0,0,0,0,
0.042,0.006,0.15,-0.017,
0,0,0.019,-0.009,
0.007,0.006,0.014,0.006,
0.093,0.058,0.27,0.044,
0,0,0,0,
0,0,0,0,
0.001,0,0.014,0,
0.127,0.134,0.247,0.013,
0.017,0.003,0.099,0.003,
0.107,0.102,0.264,-0.048,
0.047,0.03,0.178,0.019,
0.073,-0.008,0.291,-0.015,
0.071,0.059,0.181,0.012,
-0.013,-0.028,0.118,-0.036,
0.003,0.006,0.006,-0.013,
0.009,0.003,0.061,0,
0,0,0,0,
0.185,0.196,0.459,0.017,
0.003,0.003,0.007,-0.003,
-0.002,0,0.003,-0.02,
0.017,0.009,0.09,0,
0.115,0.098,0.323,0,
0,0,0,0,
0,0,0,0,
-0.019,-0.033,0.079,-0.034,
0.028,0.028,0.028,0.027,
0,0,0,0,
0.013,0.012,0.027,0.006,
-0.013,-0.012,0,-0.029,
0,0,0,0,
0.054,0.012,0.21,0.003,
-0.085,-0.085,-0.084,-0.089,
-0.003,-0.003,0.003,-0.011,
-0.012,-0.012,-0.005,-0.015,
0,0,0,0,
0.033,-0.025,0.162,-0.034,
0.025,0.03,0.03,0,
-0.007,-0.012,0.038,-0.021,
0.033,0.003,0.199,0,
0.003,0,0.027,0,
0.02,0.002,0.16,-0.018,
0.007,0.003,0.035,-0.002,
-0.072,-0.073,-0.067,-0.077,
-0.074,-0.076,-0.066,-0.076,
0,0,0,0,
0.003,0.003,0.003,0,
-0.016,-0.061,0.199,-0.07,
-0.043,-0.049,0.016,-0.053,
-0.003,0,0.003,-0.033,
0.025,0.03,0.047,0.002,
0.009,-0.006,0.122,-0.006,
0,0,0,0,
0.025,0.003,0.204,0,
0,0,0,0,
0.234,0.208,0.451,0.017,
0.058,0.012,0.305,-0.029,
-0.007,-0.028,0.084,-0.03,
0.025,0,0.196,0,
0,0,0,0,
0.039,0.012,0.181,0,
0.022,0,0.174,-0.003,
0.041,0.004,0.201,-0.003,
0.033,0.033,0.035,0.03,
0.144,0.127,0.324,0.005,
-0.009,-0.009,-0.003,-0.022,
0,0,0,0,
0.034,0.015,0.128,0.007,
-0.005,-0.006,-0.003,-0.008,
0.123,0.081,0.31,0.056,
0.034,0.027,0.1,0.014,
0,0,0,0,
0.043,0.009,0.198,0.009,
0.061,0.027,0.237,0.012,
0.009,-0.015,0.214,-0.026,
0.002,0.003,0.003,0,
0,0,0,0,
0.104,0.085,0.302,-0.003,
-0.001,-0.006,0.04,-0.006,
-0.006,-0.006,0,-0.008,
0.005,0.003,0.016,0,
0,0,0,0,
0.022,0.024,0.024,0.009,
-0.042,-0.041,-0.04,-0.049,
0.028,0.003,0.147,0,
0,0,0,0,
0.123,0.122,0.259,0.009,
0,-0.031,0.133,-0.055,
0,0,0,0,
0.001,0,0.003,0,
0.207,0.195,0.321,0.031,
0.177,0.178,0.324,-0.031,
0.001,0.003,0.003,-0.008,
0,0,0,0,
0,0,0,0,
0.024,0.024,0.03,0.017,
0.078,0.06,0.232,0,
0.006,0.006,0.016,0,
0,0,0,0,
0.012,0.012,0.014,0.008,
0.114,0.08,0.281,0.014,
0.172,0.19,0.378,-0.052,
-0.003,-0.012,0.058,-0.025,
0.082,0.04,0.345,-0.003,
-0.014,-0.012,-0.012,-0.022,
0,0,0,0,
0,0,0,0,
0.036,0.012,0.217,0.004,
0.016,-0.006,0.198,-0.013,
0,0,0,0,
0,0,0,0,
0.136,0.129,0.327,-0.012,
0.037,0.009,0.153,0,
0.119,0.072,0.428,0.03,
0.015,-0.003,0.163,-0.008,
0,0,0,0,
0.071,0.026,0.229,0.02,
0.033,0.022,0.086,0.009,
0.017,0,0.143,0,
0.103,0.041,0.376,0.01,
-0.051,-0.055,-0.009,-0.061,
-0.021,-0.018,0.001,-0.075,
-0.008,-0.009,0,-0.011,
0,0,0,0,
0.07,0.056,0.183,-0.015,
0.023,-0.036,0.261,-0.07,
0.087,0.086,0.089,0.086,
0.011,0,0.128,-0.012,
0.081,0.073,0.143,0.01,
-0.001,-0.009,0.063,-0.012,
0.006,0.006,0.009,0.001,
-0.016,-0.022,0.006,-0.024,
0,0,0,0,
0,0,0,0,
0.042,-0.004,0.256,-0.043,
0.016,-0.059,0.255,-0.07,
-0.003,0,0.006,-0.009,
0.14,0.147,0.324,-0.033,
0,0,0,0,
0.008,-0.01,0.115,-0.018,
0.047,0.04,0.166,-0.013,
-0.005,-0.006,0,-0.013,
0.012,0.003,0.098,0,
0,0,0,0,
0.027,0.012,0.13,0.006,
-0.003,-0.024,0.126,-0.024,
-0.027,-0.028,-0.024,-0.028,
0.019,0,0.193,0,
0.076,0.066,0.209,-0.003,
0.148,0.137,0.269,0.017,
0.182,0.157,0.362,0.016,
0.054,0.026,0.2,-0.013,
0,0,0.003,0,
0.046,-0.003,0.194,-0.007,
0.003,-0.006,0.073,-0.006,
-0.003,-0.003,-0.002,-0.005,
0,0,0,0,
-0.005,-0.015,0.079,-0.018,
0.068,0.042,0.161,0,
0.032,0.037,0.083,0,
-0.013,-0.015,0,-0.015,
0.049,0.003,0.214,0,
0.071,-0.003,0.397,-0.008,
0.007,0.009,0.009,0,
0.062,0.013,0.352,-0.021,
-0.038,-0.04,-0.003,-0.06,
-0.005,-0.006,0,-0.011,
-0.001,-0.006,0.036,-0.009,
-0.029,-0.034,0.024,-0.04,
0.022,0.009,0.124,0.009,
0,0,0.006,-0.003,
0.032,0.024,0.118,-0.001,
0.006,-0.037,0.213,-0.042,
0.057,0.033,0.141,0.006,
0.115,0.071,0.247,0,
0.015,-0.006,0.196,-0.009,
0.003,0.003,0.003,0,
0.03,0.027,0.126,-0.064,
0.131,0.129,0.254,0.016,
0.022,0.007,0.125,0.006,
0,0,0,0,
0,0,0,0,
0.012,0,0.107,0,
-0.006,-0.006,-0.006,-0.008,
0,0,0,0,
0.03,0.018,0.138,0,
0,0,0,0,
0.014,-0.005,0.117,-0.018,
0,0,0,0,
0.023,0,0.178,0,
0.1,0.053,0.354,0.005,
0,0,0,0,
0.033,0.015,0.145,-0.007,
0.036,0.012,0.235,0,
0,0,0,0,
0.028,0.028,0.03,0.024,
0.113,0.096,0.236,0.01,
0.027,0.006,0.181,0,
0,0,0,0,
0,0,0,0,
0.019,-0.009,0.131,-0.009,
0.073,0.058,0.151,0.055,
0.057,0.038,0.214,0.03,
0,0,0,0,
0.023,0,0.2,-0.012,
0.132,0.107,0.321,0.002,
0.001,0,0.006,-0.002,
0.015,-0.001,0.091,-0.006,
0.014,0,0.136,0,
0.005,-0.012,0.133,-0.012,
0.049,0.032,0.158,0.015,
0,0,0,0,
-0.025,-0.025,-0.021,-0.035,
0.004,-0.006,0.093,-0.012,
0.034,0.012,0.203,-0.002,
0,0,0,0,
0.004,0.003,0.013,0,
0.047,0.047,0.055,0.04,
0.14,0.135,0.309,-0.033,
0.001,0,0.011,0,
0.015,0.006,0.066,0,
0,0,0,0,
0.008,0.009,0.016,-0.01,
0,0,0,0,
-0.033,-0.033,-0.025,-0.044,
0,0,0,0,
0,0,0,0,
0.108,0.105,0.288,-0.006,
0,0,0,0,
0.027,0.027,0.043,0.013,
0.039,0.021,0.137,0.015,
0,0,0,0,
0.001,0,0.006,0,
0.012,0.035,0.182,-0.117,
0.004,-0.024,0.188,-0.033,
-0.055,-0.052,-0.052,-0.077,
0,0,0,0,
0.043,0.015,0.22,0.007,
0,0,0,0,
-0.017,-0.012,-0.009,-0.061,
0.061,0.051,0.155,0,
0.003,-0.037,0.266,-0.055,
0.057,-0.009,0.268,-0.026,
-0.033,-0.043,0.032,-0.043,
0.003,-0.003,0.037,-0.004,
0,0,0.009,-0.008,
0.043,0.021,0.175,0.004,
0.008,-0.009,0.205,-0.03,
-0.001,0,0,-0.014,
-0.028,-0.04,0.06,-0.044,
0.03,0.012,0.188,0,
0.06,-0.001,0.237,-0.011,
0.029,0.01,0.129,0,
0,0,0,0,
0.033,0.033,0.043,0.022,
0.001,-0.006,0.048,-0.009,
0.001,0,0.005,0,
0.095,0.099,0.204,-0.003,
0.054,0.049,0.104,0.038,
-0.112,-0.114,-0.1,-0.114,
0.121,0.128,0.394,-0.013,
0.104,0.033,0.379,-0.043,
0,0,0,0,
0.095,0.116,0.177,0.008,
0,0,0,0,
-0.032,-0.047,0.101,-0.082,
0.017,0.015,0.025,0.011,
0.082,0.059,0.245,-0.012,
0,0,0,0,
0,0,0,0,
0.053,0.018,0.304,0,
0.022,0.012,0.18,-0.066,
-0.03,-0.012,0,-0.198,
0.006,-0.003,0.078,-0.003,
-0.019,-0.018,-0.015,-0.03,
0.021,0.003,0.178,0,
0.073,0.024,0.291,0.009,
0,0,0,0,
0.1,0.036,0.357,-0.002,
0.008,0.006,0.028,-0.007,
0.043,0,0.301,-0.028,
0,0,0,0,
0.003,0.003,0.006,0,
0.027,-0.012,0.197,-0.025,
0.046,0.046,0.047,0.041,
-0,0,0.015,-0.016,
0.149,0.124,0.376,0.026,
0,0,0,0,
0.023,0.002,0.186,-0.01,
-0.067,-0.073,0.052,-0.12,
0.1,0.064,0.332,0.06,
-0.012,-0.018,0.013,-0.018,
-0.012,-0.015,0.015,-0.015,
0.135,0.128,0.325,0.009,
0,0,0,0,
0.173,0.163,0.347,-0.047,
-0.008,-0.018,0.08,-0.018,
0.005,-0.003,0.071,-0.006,
0.03,-0.003,0.246,-0.003,
0,0,0,0,
-0.009,-0.009,-0.003,-0.018,
0,0,0,0,
0.004,0,0.03,0,
0,0,0,0,
-0.001,-0.012,0.098,-0.036,
0.066,0.064,0.084,0.059,
-0.004,-0.003,-0.002,-0.008,
0,0,0,0,
0,0,0,0,
-0.03,-0.031,-0.017,-0.031,
0.027,0.009,0.123,-0.009,
0,0,0,0,
0.035,0.021,0.141,0.006,
0.148,0.139,0.343,0.001,
0.23,0.222,0.458,0.084,
-0.039,-0.061,0.139,-0.061,
0,0,0,0,
0.038,0.028,0.084,0.028,
0.003,-0.012,0.127,-0.013,
0.003,0.003,0.006,0.001,
-0.06,-0.06,-0.053,-0.065,
0,0,0,0,
0.084,0.083,0.089,0.082,
0.087,0.027,0.287,0.015,
0,0,0,0,
0,0,0,0,
-0.003,-0.013,0.064,-0.074,
0.044,0.032,0.164,0,
0.015,0.015,0.03,-0.006,
0.005,0.006,0.013,-0.003,
0.086,0.061,0.269,0.007,
0.108,0.093,0.249,0.033,
-0.018,-0.018,-0.013,-0.021,
0.009,0.003,0.061,0,
0.004,0.006,0.014,-0.02,
0,0,0,0,
0,0,0,0,
0.062,0.056,0.146,-0.031,
0.091,0.018,0.3,0.006,
0.002,0.001,0.023,-0.006,
0.141,0.138,0.264,0.016,
0.186,0.194,0.358,-0.001,
0.001,0,0.007,-0.003,
0.004,0.004,0.012,-0.002,
0.036,-0.003,0.271,-0.006,
0.12,0.099,0.328,-0.018,
0.112,0.102,0.239,0.032,
0,0,0,0,
0,0,0,0,
0.018,0.003,0.092,0.003,
0.102,0.064,0.295,0,
0,0,0,0,
0.08,0.104,0.176,-0.069,
0.032,-0.003,0.32,-0.003,
0.001,0,0.006,0,
0.04,0.026,0.1,0.002,
0,0,0.003,0,
0.132,0.137,0.248,-0.02,
0,0,0,0,
0.013,-0.003,0.138,-0.003,
-0.031,-0.05,0.095,-0.05,
0,0,0,0,
-0.029,-0.036,-0.003,-0.036,
0,0,0,0,
-0.064,-0.077,0.06,-0.084,
0.033,0.008,0.144,-0.001,
0.013,0.012,0.017,0.011,
-0,0,0.026,-0.022,
0.187,0.22,0.329,0.001,
0.059,0.036,0.263,0.03,
0.017,-0.012,0.191,-0.017,
-0.011,-0.012,-0.009,-0.012,
0.036,0.006,0.267,0,
0.055,0.022,0.23,-0.017,
0.033,0.009,0.227,-0.015,
0,0,0,0,
0.076,0.072,0.165,-0.008,
0,0,0,0,
-0.017,-0.015,0.004,-0.036,
0.083,0.041,0.325,-0.012,
0.023,0.024,0.029,0.013,
0.086,0.111,0.141,-0.016,
0.05,0.015,0.293,0,
0.064,0.022,0.277,0,
0.009,0.006,0.032,0,
0,0,0,0,
0,0,0,0,
-0,-0.009,0.077,-0.023,
-0.013,-0.011,-0.009,-0.032,
0,0,0,0,
0.035,0.005,0.198,-0.003,
0,0,0,0,
0,0,0,0,
0.038,0.012,0.177,0.009,
0.131,0.1,0.344,0.037,
0.014,-0.021,0.144,-0.024,
0,0,0,0,
0.017,-0.003,0.136,-0.029,
0.106,0.081,0.286,0.011,
0.03,0.012,0.171,0.009,
0.009,0.009,0.011,0.003,
-0.013,-0.015,0,-0.018,
0,0,0,0,
0.131,0.116,0.34,0.033,
0.105,0.115,0.238,-0.05,
0,0,0,0,




Further Data analysis of all test cases 
avg med max min 
AVGs,-0.071,-0.067,0.078,-0.21,
MEDs,-0.066,-0.062,0.081,-0.211,
MAXs,-0.011,-0.041,0.266,-0.087,
MINs,-0.145,-0.104,0.065,-0.449,


AVGs,0.033,0.013,0.258,-0.112,
MEDs,0.022,0,0.248,-0.114,
MAXs,0.115,0.084,0.492,-0.1,
MINs,-0.005,0,0.133,-0.198,



