

Data analysis for each instance 
AVG,MED,MAX,MIN
0.541,0.543,0.552,0.524,
0.533,0.538,0.549,0.506,
0.416,0.416,0.439,0.408,
0.533,0.534,0.564,0.516,
0.416,0.412,0.453,0.403,
0.502,0.498,0.546,0.491,
0.496,0.498,0.522,0.452,
0.494,0.481,0.543,0.444,
0.376,0.372,0.408,0.363,
0.532,0.526,0.577,0.52,
0.483,0.48,0.51,0.477,
0.512,0.516,0.544,0.462,
0.436,0.432,0.47,0.427,
0.589,0.587,0.607,0.57,
0.452,0.447,0.49,0.446,
0.497,0.503,0.51,0.463,
0.462,0.465,0.466,0.443,
0.531,0.532,0.558,0.501,
0.536,0.532,0.584,0.518,
0.532,0.532,0.56,0.512,
0.443,0.445,0.472,0.408,
0.388,0.383,0.418,0.38,
0.482,0.485,0.491,0.459,
0.482,0.478,0.524,0.47,
0.471,0.471,0.494,0.439,
0.423,0.423,0.461,0.391,
0.512,0.512,0.52,0.505,
0.452,0.448,0.49,0.446,
0.464,0.461,0.498,0.458,
0.383,0.379,0.415,0.377,
0.493,0.489,0.531,0.485,
0.605,0.609,0.672,0.558,
0.587,0.587,0.644,0.561,
0.432,0.428,0.48,0.424,
0.495,0.487,0.534,0.483,
0.465,0.463,0.501,0.453,
0.49,0.485,0.525,0.473,
0.584,0.584,0.641,0.546,
0.489,0.49,0.538,0.448,
0.433,0.431,0.472,0.413,
0.528,0.525,0.576,0.509,
0.471,0.47,0.488,0.461,
0.566,0.569,0.591,0.518,
0.449,0.446,0.488,0.434,
0.43,0.434,0.477,0.397,
0.475,0.471,0.517,0.464,
0.505,0.506,0.537,0.47,
0.515,0.51,0.557,0.505,
0.396,0.393,0.429,0.391,
0.478,0.476,0.522,0.447,
0.501,0.501,0.515,0.487,
0.497,0.504,0.507,0.455,
0.479,0.478,0.512,0.463,
0.51,0.502,0.582,0.439,
0.542,0.545,0.547,0.51,
0.455,0.457,0.48,0.416,
0.466,0.465,0.505,0.44,
0.395,0.393,0.431,0.383,
0.554,0.561,0.581,0.471,
0.445,0.441,0.464,0.43,
0.604,0.605,0.666,0.572,
0.468,0.464,0.507,0.456,
0.551,0.549,0.603,0.52,
0.477,0.474,0.522,0.45,
0.501,0.498,0.538,0.478,
0.584,0.583,0.639,0.559,
0.49,0.49,0.498,0.48,
0.495,0.492,0.539,0.481,
0.493,0.493,0.526,0.462,
0.541,0.546,0.6,0.494,
0.425,0.423,0.453,0.415,
0.416,0.412,0.447,0.405,
0.439,0.435,0.466,0.43,
0.567,0.57,0.627,0.527,
0.461,0.459,0.472,0.454,
0.513,0.512,0.563,0.462,
0.506,0.5,0.545,0.494,
0.512,0.508,0.558,0.499,
0.474,0.472,0.5,0.464,
0.431,0.428,0.464,0.42,
0.545,0.542,0.591,0.531,
0.478,0.483,0.5,0.41,
0.465,0.462,0.507,0.449,
0.439,0.434,0.472,0.433,
0.506,0.515,0.517,0.473,
0.519,0.517,0.567,0.487,
0.476,0.474,0.52,0.455,
0.484,0.481,0.528,0.462,
0.587,0.599,0.649,0.509,
0.388,0.385,0.421,0.383,
0.518,0.517,0.553,0.489,
0.485,0.48,0.525,0.473,
0.486,0.49,0.491,0.467,
0.47,0.466,0.514,0.443,
0.536,0.536,0.588,0.508,
0.39,0.388,0.425,0.382,
0.445,0.444,0.473,0.424,
0.493,0.492,0.523,0.469,
0.519,0.526,0.536,0.476,
0.468,0.467,0.503,0.403,
0.46,0.469,0.486,0.408,
0.526,0.531,0.533,0.5,
0.492,0.489,0.518,0.486,
0.548,0.546,0.597,0.519,
0.462,0.459,0.483,0.445,
0.422,0.419,0.454,0.415,
0.544,0.56,0.607,0.464,
0.484,0.482,0.528,0.465,
0.458,0.454,0.525,0.422,
0.493,0.489,0.515,0.474,
0.462,0.458,0.497,0.452,
0.53,0.534,0.543,0.505,
0.471,0.474,0.482,0.455,
0.515,0.513,0.571,0.487,
0.458,0.454,0.493,0.452,
0.462,0.458,0.5,0.455,
0.545,0.543,0.595,0.522,
0.486,0.488,0.537,0.436,
0.466,0.462,0.492,0.459,
0.483,0.479,0.527,0.469,
0.461,0.457,0.49,0.454,
0.436,0.436,0.466,0.409,
0.472,0.475,0.48,0.446,
0.49,0.487,0.521,0.481,
0.475,0.472,0.512,0.458,
0.471,0.467,0.511,0.463,
0.471,0.464,0.497,0.46,
0.427,0.424,0.454,0.416,
0.493,0.482,0.523,0.475,
0.494,0.489,0.537,0.486,
0.455,0.453,0.48,0.45,
0.506,0.504,0.569,0.481,
0.569,0.573,0.631,0.515,
0.527,0.529,0.546,0.504,
0.42,0.419,0.447,0.406,
0.532,0.53,0.58,0.504,
0.586,0.591,0.66,0.526,
0.481,0.478,0.505,0.475,
0.46,0.458,0.502,0.436,
0.524,0.527,0.579,0.489,
0.475,0.478,0.481,0.451,
0.496,0.516,0.571,0.398,
0.527,0.528,0.578,0.495,
0.568,0.567,0.623,0.529,
0.562,0.563,0.591,0.53,
0.481,0.486,0.488,0.442,
0.454,0.456,0.469,0.43,
0.437,0.432,0.468,0.421,
0.514,0.516,0.565,0.477,
0.542,0.53,0.612,0.486,
0.388,0.387,0.422,0.37,
0.523,0.529,0.53,0.49,
0.494,0.49,0.534,0.477,
0.504,0.499,0.547,0.478,
0.457,0.456,0.479,0.444,
0.478,0.482,0.493,0.43,
0.404,0.399,0.436,0.398,
0.455,0.452,0.482,0.449,
0.49,0.485,0.534,0.478,
0.468,0.466,0.498,0.454,
0.501,0.502,0.505,0.489,
0.49,0.488,0.535,0.468,
0.522,0.516,0.557,0.499,
0.49,0.487,0.534,0.469,
0.555,0.551,0.606,0.528,
0.542,0.544,0.557,0.517,
0.557,0.553,0.606,0.539,
0.533,0.533,0.567,0.491,
0.442,0.442,0.473,0.416,
0.409,0.41,0.444,0.388,
0.473,0.469,0.512,0.458,
0.505,0.504,0.553,0.469,
0.567,0.567,0.625,0.504,
0.415,0.411,0.451,0.409,
0.477,0.472,0.519,0.466,
0.514,0.524,0.542,0.457,
0.614,0.62,0.68,0.53,
0.485,0.485,0.491,0.481,
0.428,0.428,0.47,0.398,
0.471,0.467,0.512,0.464,
0.539,0.538,0.592,0.486,
0.528,0.528,0.561,0.511,
0.44,0.441,0.446,0.432,
0.465,0.465,0.47,0.459,
0.459,0.454,0.498,0.454,
0.464,0.458,0.502,0.456,
0.54,0.546,0.555,0.501,
0.596,0.6,0.661,0.532,
0.58,0.59,0.656,0.495,
0.445,0.448,0.456,0.413,
0.503,0.504,0.554,0.47,
0.572,0.577,0.636,0.498,
0.44,0.438,0.47,0.432,
0.578,0.575,0.641,0.55,
0.521,0.519,0.565,0.489,
0.512,0.509,0.543,0.492,
0.487,0.488,0.5,0.469,
0.467,0.464,0.497,0.458,
0.579,0.582,0.602,0.53,
0.483,0.48,0.527,0.468,
0.389,0.384,0.437,0.383,
0.556,0.554,0.608,0.526,
0.469,0.468,0.491,0.455,
0.506,0.508,0.56,0.478,
0.542,0.54,0.592,0.511,
0.553,0.55,0.589,0.533,
0.533,0.533,0.554,0.515,
0.518,0.516,0.552,0.493,
0.523,0.524,0.574,0.473,
0.517,0.516,0.559,0.496,
0.483,0.48,0.528,0.458,
0.496,0.491,0.521,0.484,
0.457,0.455,0.5,0.437,
0.51,0.51,0.559,0.464,
0.52,0.516,0.565,0.504,
0.489,0.491,0.492,0.477,
0.475,0.47,0.509,0.456,
0.506,0.502,0.549,0.495,
0.547,0.545,0.572,0.528,
0.519,0.517,0.567,0.49,
0.602,0.613,0.703,0.5,
0.462,0.459,0.504,0.449,
0.496,0.497,0.536,0.46,
0.528,0.524,0.574,0.516,
0.394,0.388,0.425,0.386,
0.42,0.418,0.461,0.402,
0.525,0.523,0.573,0.496,
0.43,0.425,0.466,0.423,
0.446,0.443,0.476,0.441,
0.522,0.521,0.554,0.491,
0.434,0.43,0.472,0.416,
0.5,0.498,0.529,0.484,
0.476,0.48,0.486,0.443,
0.524,0.519,0.56,0.494,
0.489,0.488,0.519,0.464,
0.499,0.499,0.51,0.485,
0.478,0.483,0.556,0.397,
0.46,0.466,0.477,0.42,
0.467,0.468,0.502,0.449,
0.541,0.538,0.575,0.527,
0.465,0.467,0.488,0.429,
0.496,0.493,0.553,0.471,
0.559,0.557,0.613,0.526,
0.466,0.462,0.506,0.461,
0.491,0.489,0.529,0.462,
0.429,0.425,0.46,0.422,
0.543,0.542,0.596,0.513,
0.508,0.506,0.555,0.475,
0.555,0.56,0.583,0.503,
0.401,0.402,0.44,0.378,
0.576,0.578,0.634,0.535,
0.408,0.411,0.43,0.379,
0.465,0.464,0.483,0.454,
0.522,0.522,0.534,0.511,
0.511,0.511,0.525,0.491,
0.484,0.483,0.497,0.453,
0.527,0.522,0.57,0.518,
0.525,0.531,0.533,0.508,
0.483,0.479,0.525,0.475,
0.517,0.508,0.564,0.486,
0.511,0.512,0.562,0.483,
0.477,0.478,0.498,0.448,
0.467,0.467,0.513,0.435,
0.512,0.509,0.559,0.492,
0.416,0.412,0.442,0.41,
0.428,0.425,0.449,0.42,
0.495,0.49,0.53,0.484,
0.495,0.494,0.515,0.488,
0.434,0.433,0.457,0.426,
0.533,0.535,0.552,0.499,
0.422,0.418,0.457,0.413,
0.462,0.459,0.488,0.446,
0.495,0.492,0.54,0.476,
0.52,0.522,0.539,0.485,
0.426,0.422,0.463,0.418,
0.524,0.522,0.574,0.498,
0.519,0.526,0.532,0.459,
0.481,0.485,0.492,0.452,
0.503,0.502,0.538,0.486,
0.48,0.478,0.505,0.46,
0.552,0.556,0.568,0.527,
0.53,0.536,0.538,0.493,
0.488,0.478,0.537,0.471,
0.555,0.556,0.61,0.512,
0.482,0.481,0.515,0.467,
0.52,0.519,0.569,0.492,
0.428,0.428,0.454,0.4,
0.488,0.487,0.498,0.482,
0.502,0.51,0.519,0.451,
0.446,0.442,0.489,0.42,
0.434,0.431,0.47,0.418,
0.446,0.446,0.481,0.409,
0.511,0.512,0.532,0.491,
0.521,0.518,0.568,0.496,
0.459,0.456,0.493,0.449,
0.441,0.438,0.478,0.432,
0.453,0.449,0.487,0.426,
0.552,0.55,0.574,0.535,
0.53,0.528,0.58,0.504,
0.463,0.462,0.491,0.441,
0.496,0.497,0.508,0.472,
0.507,0.506,0.555,0.481,
0.481,0.481,0.499,0.468,
0.574,0.574,0.647,0.506,
0.538,0.54,0.596,0.497,
0.466,0.467,0.486,0.439,
0.467,0.464,0.497,0.453,
0.532,0.536,0.548,0.49,
0.481,0.479,0.509,0.469,
0.451,0.448,0.491,0.436,
0.521,0.52,0.567,0.487,
0.462,0.458,0.502,0.445,
0.471,0.467,0.508,0.455,
0.501,0.499,0.547,0.479,
0.454,0.455,0.472,0.437,
0.385,0.388,0.409,0.355,
0.375,0.372,0.406,0.367,
0.518,0.518,0.55,0.489,
0.621,0.645,0.715,0.45,
0.554,0.556,0.569,0.54,
0.44,0.436,0.479,0.431,
0.555,0.554,0.592,0.531,
0.552,0.551,0.615,0.511,
0.523,0.518,0.601,0.496,
0.528,0.53,0.532,0.507,
0.506,0.506,0.552,0.484,
0.467,0.465,0.505,0.435,
0.524,0.522,0.577,0.487,
0.537,0.539,0.547,0.525,
0.493,0.492,0.527,0.468,
0.542,0.542,0.595,0.496,
0.435,0.431,0.449,0.428,
0.536,0.536,0.568,0.504,
0.537,0.534,0.585,0.514,
0.406,0.404,0.427,0.399,
0.517,0.518,0.568,0.485,
0.487,0.491,0.54,0.416,
0.432,0.43,0.442,0.429,
0.499,0.494,0.542,0.489,
0.497,0.494,0.532,0.477,
0.461,0.458,0.492,0.445,
0.483,0.483,0.531,0.456,
0.468,0.464,0.509,0.461,
0.431,0.427,0.469,0.421,
0.52,0.522,0.542,0.479,
0.466,0.466,0.487,0.434,
0.502,0.502,0.551,0.471,
0.453,0.45,0.493,0.435,
0.439,0.436,0.476,0.427,
0.387,0.384,0.406,0.382,
0.489,0.485,0.533,0.47,
0.503,0.504,0.551,0.453,
0.53,0.526,0.559,0.518,
0.453,0.457,0.458,0.434,
0.521,0.516,0.567,0.506,
0.516,0.518,0.569,0.444,
0.404,0.398,0.434,0.391,
0.547,0.551,0.594,0.475,
0.489,0.485,0.531,0.475,
0.474,0.471,0.515,0.449,
0.558,0.557,0.61,0.516,
0.455,0.45,0.485,0.447,
0.44,0.439,0.462,0.43,
0.493,0.49,0.541,0.458,
0.504,0.502,0.551,0.489,
0.485,0.491,0.538,0.429,
0.404,0.4,0.434,0.399,
0.446,0.445,0.465,0.428,
0.489,0.49,0.495,0.48,
0.579,0.577,0.633,0.553,
0.477,0.477,0.481,0.474,
0.45,0.447,0.483,0.44,
0.439,0.44,0.458,0.408,
0.464,0.469,0.51,0.436,
0.494,0.491,0.539,0.463,
0.428,0.437,0.439,0.386,
0.643,0.649,0.713,0.555,
0.417,0.414,0.439,0.413,
0.467,0.463,0.498,0.461,
0.503,0.499,0.542,0.495,
0.558,0.561,0.626,0.508,
0.498,0.498,0.546,0.458,
0.481,0.482,0.501,0.456,
0.546,0.545,0.568,0.533,
0.542,0.54,0.566,0.535,
0.507,0.506,0.531,0.49,
0.506,0.51,0.515,0.471,
0.524,0.526,0.542,0.496,
0.459,0.457,0.496,0.441,
0.482,0.479,0.517,0.474,
0.506,0.504,0.554,0.475,
0.445,0.444,0.484,0.418,
0.485,0.482,0.496,0.477,
0.51,0.508,0.536,0.494,
0.511,0.511,0.536,0.493,
0.52,0.516,0.567,0.503,
0.466,0.461,0.505,0.459,
0.491,0.494,0.499,0.462,
0.546,0.549,0.603,0.489,
0.443,0.443,0.467,0.424,
0.405,0.406,0.427,0.376,
0.491,0.497,0.5,0.44,
0.515,0.51,0.56,0.502,
0.614,0.626,0.697,0.537,
0.619,0.611,0.71,0.571,
0.521,0.521,0.549,0.5,
0.475,0.474,0.498,0.454,
0.539,0.544,0.597,0.48,
0.511,0.517,0.519,0.477,
0.447,0.443,0.485,0.433,
0.382,0.381,0.417,0.37,
0.503,0.508,0.56,0.452,
0.549,0.548,0.581,0.523,
0.458,0.463,0.47,0.411,
0.453,0.453,0.482,0.429,
0.475,0.475,0.49,0.464,
0.505,0.502,0.541,0.49,
0.441,0.44,0.482,0.419,
0.529,0.526,0.575,0.506,
0.453,0.45,0.494,0.433,
0.516,0.516,0.522,0.504,
0.562,0.565,0.621,0.501,
0.471,0.47,0.5,0.448,
0.521,0.522,0.532,0.504,
0.475,0.473,0.518,0.453,
0.514,0.509,0.554,0.5,
0.472,0.472,0.495,0.458,
0.47,0.469,0.494,0.452,
0.453,0.445,0.527,0.442,
0.582,0.583,0.641,0.551,
0.409,0.407,0.442,0.399,
0.419,0.415,0.454,0.413,
0.531,0.528,0.581,0.514,
0.429,0.425,0.465,0.421,
0.411,0.41,0.442,0.397,
0.499,0.5,0.531,0.447,
0.59,0.592,0.653,0.555,
0.4,0.397,0.434,0.395,
0.579,0.582,0.643,0.531,
0.478,0.476,0.488,0.469,
0.461,0.462,0.471,0.454,
0.498,0.496,0.529,0.468,
0.522,0.526,0.546,0.468,
0.495,0.494,0.54,0.468,
0.548,0.55,0.559,0.518,
0.487,0.483,0.529,0.479,
0.517,0.52,0.533,0.472,
0.429,0.426,0.467,0.42,
0.475,0.471,0.508,0.466,
0.496,0.489,0.536,0.479,
0.451,0.45,0.493,0.431,
0.443,0.444,0.455,0.42,
0.431,0.428,0.47,0.417,
0.537,0.532,0.583,0.53,
0.503,0.498,0.551,0.478,
0.63,0.635,0.702,0.56,
0.497,0.496,0.526,0.475,
0.445,0.449,0.452,0.427,
0.478,0.475,0.522,0.456,
0.444,0.44,0.482,0.437,
0.496,0.495,0.544,0.461,
0.491,0.495,0.542,0.43,
0.491,0.489,0.519,0.476,
0.531,0.528,0.55,0.511,
0.509,0.506,0.546,0.483,
0.574,0.577,0.598,0.552,
0.477,0.473,0.519,0.469,
0.527,0.524,0.575,0.503,
0.534,0.532,0.576,0.516,
0.468,0.466,0.484,0.463,
0.501,0.502,0.537,0.464,
0.499,0.496,0.533,0.487,
0.488,0.48,0.538,0.47,
0.478,0.474,0.51,0.471,
0.486,0.487,0.506,0.463,
0.441,0.437,0.479,0.435,
0.475,0.469,0.51,0.467,
0.471,0.469,0.487,0.466,
0.609,0.611,0.67,0.552,
0.544,0.542,0.595,0.508,
0.487,0.491,0.511,0.43,
0.52,0.526,0.536,0.471,
0.479,0.483,0.53,0.432,
0.58,0.594,0.654,0.492,
0.436,0.432,0.468,0.422,
0.52,0.543,0.549,0.463,
0.509,0.506,0.537,0.503,
0.469,0.465,0.509,0.462,
0.461,0.463,0.484,0.426,
0.451,0.454,0.458,0.421,
0.516,0.514,0.563,0.491,
0.586,0.585,0.653,0.54,
0.597,0.607,0.67,0.518,
0.433,0.433,0.454,0.406,
0.452,0.449,0.489,0.436,
0.463,0.457,0.501,0.456,
0.552,0.549,0.603,0.526,
0.527,0.528,0.58,0.489,
0.483,0.477,0.522,0.469,
0.478,0.475,0.511,0.471,
0.511,0.511,0.56,0.467,
0.397,0.392,0.437,0.389,
0.376,0.372,0.409,0.37,
0.522,0.522,0.572,0.493,
0.558,0.563,0.62,0.512,
0.521,0.525,0.527,0.492,
0.451,0.448,0.491,0.435,
0.477,0.475,0.513,0.444,
0.532,0.528,0.567,0.517,
0.498,0.493,0.541,0.488,
0.547,0.546,0.595,0.505,
0.523,0.526,0.577,0.463,
0.463,0.461,0.507,0.439,
0.569,0.569,0.625,0.538,
0.448,0.446,0.475,0.437,
0.526,0.527,0.546,0.507,
0.495,0.495,0.543,0.45,
0.476,0.471,0.579,0.43,
0.538,0.541,0.587,0.478,
0.415,0.413,0.43,0.409,
0.478,0.487,0.489,0.44,
0.458,0.459,0.49,0.435,
0.498,0.502,0.512,0.474,
0.495,0.494,0.533,0.467,
0.57,0.57,0.618,0.54,
0.574,0.571,0.627,0.548,
0.522,0.526,0.539,0.489,
0.435,0.432,0.464,0.425,
0.421,0.417,0.458,0.413,
0.555,0.56,0.615,0.5,
0.45,0.447,0.488,0.44,
0.503,0.497,0.546,0.496,
0.558,0.565,0.57,0.496,
0.43,0.426,0.467,0.422,
0.46,0.463,0.471,0.439,
0.494,0.493,0.525,0.473,
0.5,0.482,0.597,0.47,
0.509,0.496,0.63,0.459,
0.487,0.465,0.607,0.446,
0.479,0.47,0.58,0.44,
0.495,0.489,0.571,0.46,
0.428,0.414,0.52,0.404,
0.448,0.438,0.514,0.415,
0.482,0.469,0.584,0.438,
0.458,0.452,0.553,0.42,
0.444,0.429,0.537,0.405,
0.503,0.496,0.617,0.456,
0.485,0.467,0.615,0.439,
0.512,0.495,0.621,0.477,
0.51,0.536,0.556,0.46,
0.44,0.42,0.524,0.411,
0.468,0.458,0.565,0.446,
0.351,0.336,0.428,0.332,
0.51,0.502,0.638,0.427,
0.449,0.438,0.58,0.396,
0.429,0.414,0.516,0.404,
0.435,0.437,0.483,0.409,
0.471,0.469,0.54,0.415,
0.408,0.402,0.488,0.376,
0.414,0.408,0.483,0.388,
0.531,0.513,0.665,0.494,
0.41,0.396,0.499,0.391,
0.459,0.441,0.557,0.427,
0.512,0.492,0.619,0.465,
0.47,0.448,0.579,0.439,
0.491,0.482,0.597,0.461,
0.492,0.474,0.581,0.437,
0.474,0.463,0.578,0.447,
0.487,0.473,0.591,0.457,
0.48,0.469,0.554,0.447,
0.478,0.458,0.591,0.448,
0.435,0.43,0.529,0.392,
0.49,0.478,0.604,0.442,
0.487,0.468,0.59,0.46,
0.434,0.412,0.529,0.403,
0.545,0.534,0.668,0.472,
0.483,0.465,0.599,0.447,
0.459,0.454,0.535,0.414,
0.425,0.423,0.496,0.364,
0.475,0.463,0.561,0.444,
0.48,0.473,0.574,0.451,
0.474,0.472,0.524,0.433,
0.408,0.4,0.498,0.38,
0.48,0.461,0.586,0.428,
0.474,0.462,0.567,0.439,
0.484,0.469,0.593,0.443,
0.436,0.426,0.535,0.412,
0.506,0.486,0.624,0.472,
0.518,0.514,0.61,0.482,
0.459,0.444,0.559,0.408,
0.528,0.514,0.638,0.503,
0.528,0.523,0.629,0.489,
0.426,0.417,0.496,0.404,
0.458,0.442,0.557,0.418,
0.432,0.419,0.515,0.401,
0.409,0.395,0.504,0.387,
0.509,0.497,0.595,0.479,
0.48,0.463,0.595,0.441,
0.466,0.449,0.548,0.438,
0.525,0.516,0.644,0.439,
0.528,0.52,0.641,0.483,
0.467,0.448,0.574,0.436,
0.431,0.421,0.501,0.405,
0.464,0.455,0.554,0.432,
0.496,0.481,0.584,0.451,
0.388,0.373,0.469,0.365,
0.375,0.358,0.438,0.342,
0.446,0.436,0.527,0.416,
0.504,0.495,0.574,0.478,
0.398,0.385,0.487,0.371,
0.473,0.457,0.581,0.446,
0.392,0.382,0.479,0.363,
0.46,0.454,0.541,0.431,
0.404,0.403,0.497,0.361,
0.467,0.459,0.534,0.43,
0.434,0.425,0.532,0.401,
0.406,0.394,0.485,0.376,
0.529,0.525,0.659,0.452,
0.524,0.508,0.646,0.487,
0.482,0.473,0.594,0.437,
0.433,0.417,0.509,0.389,
0.517,0.504,0.631,0.489,
0.463,0.452,0.561,0.423,
0.536,0.526,0.624,0.51,
0.552,0.546,0.663,0.506,
0.495,0.479,0.601,0.467,
0.45,0.44,0.494,0.425,
0.469,0.457,0.582,0.435,
0.469,0.447,0.577,0.431,
0.42,0.417,0.522,0.354,
0.516,0.498,0.62,0.48,
0.472,0.465,0.58,0.441,
0.356,0.359,0.432,0.307,
0.481,0.473,0.574,0.441,
0.457,0.445,0.561,0.429,
0.398,0.389,0.479,0.367,
0.5,0.484,0.612,0.465,
0.487,0.481,0.614,0.452,
0.424,0.401,0.503,0.378,
0.479,0.469,0.601,0.426,
0.529,0.506,0.649,0.484,
0.42,0.405,0.51,0.396,
0.457,0.456,0.552,0.413,
0.483,0.474,0.588,0.454,
0.427,0.42,0.498,0.408,
0.48,0.474,0.582,0.449,
0.543,0.538,0.628,0.453,
0.436,0.425,0.528,0.408,
0.472,0.461,0.568,0.416,
0.522,0.51,0.611,0.49,
0.388,0.376,0.477,0.359,
0.434,0.407,0.512,0.401,
0.465,0.456,0.573,0.433,
0.632,0.629,0.743,0.539,
0.504,0.488,0.616,0.469,
0.399,0.377,0.482,0.361,
0.454,0.445,0.543,0.424,
0.471,0.464,0.568,0.437,
0.428,0.422,0.502,0.386,
0.446,0.429,0.548,0.403,
0.493,0.475,0.622,0.446,
0.422,0.411,0.498,0.382,
0.408,0.39,0.491,0.383,
0.381,0.374,0.46,0.357,
0.469,0.471,0.522,0.399,
0.497,0.488,0.62,0.461,
0.447,0.433,0.553,0.413,
0.462,0.44,0.566,0.436,
0.391,0.38,0.476,0.361,
0.473,0.463,0.572,0.442,
0.456,0.453,0.562,0.42,
0.483,0.463,0.588,0.448,
0.495,0.501,0.551,0.451,
0.496,0.48,0.615,0.456,
0.476,0.471,0.607,0.42,
0.474,0.458,0.557,0.429,
0.41,0.391,0.502,0.38,
0.46,0.444,0.555,0.431,
0.458,0.451,0.553,0.418,
0.402,0.385,0.479,0.365,
0.39,0.376,0.463,0.361,
0.352,0.344,0.422,0.327,
0.57,0.567,0.691,0.475,
0.403,0.398,0.486,0.375,
0.472,0.459,0.569,0.444,
0.468,0.454,0.569,0.437,
0.517,0.5,0.58,0.477,
0.576,0.569,0.679,0.519,
0.473,0.456,0.628,0.424,
0.538,0.54,0.581,0.496,
0.424,0.408,0.501,0.388,
0.514,0.505,0.643,0.47,
0.458,0.445,0.54,0.429,
0.476,0.464,0.569,0.44,
0.411,0.408,0.494,0.378,
0.456,0.444,0.539,0.43,
0.471,0.458,0.57,0.412,
0.503,0.486,0.599,0.461,
0.414,0.398,0.497,0.386,
0.517,0.52,0.616,0.439,
0.415,0.395,0.524,0.38,
0.515,0.495,0.636,0.485,
0.471,0.463,0.55,0.45,
0.465,0.463,0.551,0.393,
0.477,0.464,0.593,0.429,
0.493,0.479,0.601,0.467,
0.474,0.473,0.566,0.427,
0.462,0.452,0.537,0.428,
0.427,0.412,0.497,0.377,
0.525,0.512,0.655,0.487,
0.497,0.487,0.596,0.468,
0.449,0.44,0.531,0.409,
0.441,0.429,0.53,0.392,
0.476,0.465,0.574,0.441,
0.384,0.377,0.475,0.353,
0.495,0.488,0.544,0.462,
0.453,0.452,0.533,0.417,
0.537,0.51,0.698,0.49,
0.523,0.502,0.632,0.491,
0.466,0.454,0.546,0.436,
0.459,0.443,0.584,0.424,
0.496,0.488,0.608,0.466,
0.45,0.438,0.55,0.421,
0.462,0.45,0.564,0.433,
0.486,0.469,0.58,0.455,
0.488,0.474,0.602,0.457,
0.436,0.417,0.53,0.411,
0.443,0.426,0.554,0.412,
0.439,0.422,0.534,0.405,
0.463,0.453,0.553,0.438,
0.429,0.419,0.512,0.391,
0.466,0.447,0.568,0.427,
0.551,0.544,0.671,0.49,
0.447,0.435,0.534,0.415,
0.525,0.523,0.603,0.476,
0.479,0.47,0.561,0.443,
0.467,0.453,0.561,0.426,
0.496,0.478,0.617,0.463,
0.46,0.441,0.551,0.432,
0.507,0.5,0.604,0.47,
0.458,0.455,0.558,0.417,
0.444,0.425,0.553,0.403,
0.489,0.476,0.579,0.459,
0.499,0.482,0.6,0.46,
0.485,0.472,0.589,0.453,
0.546,0.534,0.652,0.528,
0.492,0.482,0.598,0.457,
0.421,0.411,0.504,0.385,
0.454,0.446,0.534,0.427,
0.476,0.464,0.573,0.444,
0.467,0.459,0.571,0.414,
0.471,0.452,0.543,0.444,
0.429,0.412,0.504,0.393,
0.364,0.348,0.441,0.339,
0.554,0.538,0.693,0.505,
0.437,0.432,0.52,0.397,
0.43,0.422,0.493,0.399,
0.498,0.484,0.61,0.447,
0.368,0.353,0.452,0.347,
0.383,0.373,0.465,0.361,
0.46,0.447,0.516,0.434,
0.463,0.448,0.562,0.431,
0.356,0.347,0.419,0.34,
0.459,0.436,0.629,0.426,
0.5,0.495,0.621,0.449,
0.535,0.528,0.622,0.499,
0.43,0.413,0.529,0.403,
0.483,0.477,0.567,0.453,
0.385,0.376,0.465,0.367,
0.41,0.395,0.505,0.385,
0.476,0.472,0.586,0.429,
0.459,0.456,0.541,0.412,
0.421,0.411,0.517,0.395,
0.457,0.445,0.56,0.417,
0.455,0.445,0.554,0.417,
0.523,0.507,0.634,0.453,
0.447,0.43,0.527,0.392,
0.489,0.484,0.573,0.452,
0.507,0.508,0.627,0.435,
0.491,0.483,0.595,0.452,
0.459,0.448,0.542,0.401,
0.419,0.409,0.51,0.388,
0.437,0.423,0.549,0.419,
0.499,0.49,0.58,0.471,
0.463,0.444,0.554,0.425,
0.473,0.473,0.577,0.401,
0.437,0.421,0.527,0.409,
0.492,0.482,0.599,0.44,
0.499,0.488,0.619,0.472,
0.437,0.423,0.525,0.409,
0.518,0.52,0.597,0.468,
0.532,0.518,0.664,0.491,
0.502,0.482,0.617,0.469,
0.524,0.516,0.657,0.444,
0.502,0.485,0.599,0.479,
0.459,0.444,0.57,0.426,
0.399,0.385,0.489,0.376,
0.515,0.502,0.643,0.472,
0.383,0.377,0.462,0.36,
0.468,0.46,0.536,0.416,
0.409,0.398,0.459,0.378,
0.418,0.41,0.501,0.388,
0.477,0.458,0.602,0.443,
0.419,0.4,0.509,0.381,
0.406,0.394,0.501,0.381,
0.449,0.437,0.541,0.41,
0.47,0.471,0.542,0.41,
0.459,0.457,0.565,0.398,
0.451,0.441,0.539,0.42,
0.478,0.47,0.577,0.437,
0.477,0.466,0.594,0.438,
0.463,0.452,0.536,0.416,
0.37,0.358,0.448,0.35,
0.492,0.483,0.577,0.432,
0.408,0.394,0.501,0.384,
0.535,0.522,0.671,0.493,
0.471,0.456,0.566,0.437,
0.45,0.438,0.575,0.401,
0.461,0.455,0.536,0.405,
0.434,0.42,0.536,0.399,
0.443,0.431,0.531,0.407,
0.404,0.393,0.487,0.378,
0.462,0.451,0.575,0.419,
0.457,0.442,0.561,0.419,
0.44,0.428,0.548,0.406,
0.455,0.441,0.546,0.42,
0.566,0.555,0.688,0.486,
0.382,0.369,0.464,0.361,
0.379,0.37,0.458,0.347,
0.428,0.421,0.465,0.397,
0.523,0.51,0.65,0.477,
0.353,0.336,0.423,0.327,
0.512,0.51,0.592,0.468,
0.434,0.421,0.489,0.382,
0.44,0.432,0.507,0.398,
0.349,0.336,0.422,0.325,
0.459,0.446,0.547,0.422,
0.464,0.448,0.553,0.44,
0.469,0.453,0.581,0.446,
0.521,0.506,0.658,0.487,
0.45,0.438,0.53,0.418,
0.481,0.463,0.582,0.455,
0.485,0.461,0.595,0.453,
0.429,0.413,0.532,0.403,
0.516,0.5,0.629,0.451,
0.435,0.43,0.527,0.41,
0.399,0.384,0.492,0.371,
0.464,0.464,0.557,0.409,
0.49,0.471,0.583,0.463,
0.42,0.403,0.506,0.392,
0.487,0.48,0.579,0.453,
0.434,0.422,0.534,0.4,
0.55,0.551,0.629,0.506,
0.532,0.526,0.595,0.492,
0.431,0.417,0.505,0.403,
0.452,0.442,0.532,0.421,
0.483,0.473,0.557,0.455,
0.441,0.43,0.533,0.41,
0.515,0.506,0.62,0.475,
0.446,0.431,0.537,0.402,
0.512,0.498,0.585,0.46,
0.574,0.56,0.676,0.545,
0.482,0.467,0.603,0.456,
0.503,0.48,0.625,0.472,
0.51,0.502,0.611,0.428,
0.427,0.419,0.48,0.41,
0.432,0.417,0.521,0.414,
0.429,0.41,0.533,0.403,
0.452,0.448,0.519,0.412,
0.448,0.456,0.55,0.382,
0.555,0.534,0.674,0.527,
0.528,0.513,0.665,0.478,
0.488,0.47,0.596,0.455,
0.473,0.46,0.563,0.434,
0.446,0.435,0.542,0.404,
0.508,0.496,0.65,0.465,
0.483,0.474,0.582,0.424,
0.544,0.532,0.67,0.492,
0.482,0.47,0.575,0.449,
0.512,0.506,0.609,0.457,
0.453,0.443,0.552,0.423,
0.522,0.512,0.641,0.488,
0.423,0.408,0.507,0.397,
0.405,0.394,0.514,0.379,
0.509,0.499,0.588,0.462,
0.503,0.491,0.621,0.442,
0.442,0.434,0.528,0.421,
0.426,0.413,0.513,0.395,
0.505,0.503,0.632,0.451,
0.448,0.444,0.515,0.418,
0.395,0.383,0.457,0.354,
0.503,0.496,0.56,0.478,
0.509,0.488,0.612,0.473,
0.515,0.52,0.601,0.438,
0.542,0.532,0.626,0.48,
0.476,0.452,0.625,0.446,
0.518,0.502,0.638,0.495,
0.465,0.45,0.583,0.425,
0.445,0.427,0.521,0.415,
0.479,0.46,0.567,0.437,
0.505,0.502,0.568,0.456,
0.42,0.407,0.503,0.396,
0.51,0.493,0.647,0.474,
0.459,0.448,0.564,0.413,
0.478,0.477,0.536,0.446,
0.484,0.471,0.596,0.438,
0.443,0.433,0.544,0.419,
0.486,0.472,0.581,0.454,
0.41,0.405,0.481,0.383,
0.482,0.474,0.527,0.445,
0.442,0.435,0.526,0.407,
0.455,0.441,0.536,0.417,
0.547,0.528,0.606,0.505,
0.49,0.47,0.645,0.46,
0.491,0.484,0.557,0.439,
0.513,0.514,0.634,0.45,
0.47,0.459,0.61,0.442,
0.425,0.419,0.515,0.392,
0.486,0.47,0.614,0.409,
0.509,0.497,0.63,0.48,
0.487,0.49,0.497,0.464,
0.483,0.481,0.512,0.471,
0.467,0.466,0.508,0.445,
0.533,0.534,0.539,0.527,
0.476,0.476,0.508,0.444,
0.511,0.498,0.556,0.463,
0.456,0.457,0.46,0.448,
0.484,0.482,0.529,0.452,
0.538,0.532,0.586,0.528,
0.413,0.409,0.448,0.401,
0.535,0.526,0.561,0.506,
0.424,0.42,0.459,0.408,
0.464,0.461,0.486,0.457,
0.479,0.485,0.539,0.433,
0.48,0.476,0.521,0.469,
0.506,0.502,0.548,0.495,
0.464,0.462,0.507,0.442,
0.5,0.493,0.537,0.482,
0.499,0.502,0.504,0.485,
0.469,0.47,0.508,0.429,
0.498,0.497,0.526,0.474,
0.619,0.615,0.717,0.529,
0.517,0.512,0.561,0.509,
0.482,0.484,0.559,0.412,
0.411,0.408,0.444,0.405,
0.489,0.488,0.5,0.482,
0.39,0.388,0.408,0.379,
0.425,0.423,0.464,0.41,
0.495,0.491,0.539,0.475,
0.498,0.501,0.539,0.446,
0.486,0.483,0.531,0.455,
0.383,0.38,0.416,0.379,
0.529,0.527,0.633,0.481,
0.495,0.49,0.547,0.466,
0.415,0.411,0.45,0.408,
0.475,0.461,0.584,0.448,
0.483,0.474,0.539,0.448,
0.468,0.455,0.566,0.426,
0.439,0.427,0.529,0.375,
0.427,0.412,0.534,0.406,
0.437,0.417,0.54,0.406,
0.496,0.487,0.607,0.458,
0.479,0.463,0.586,0.452,
0.421,0.407,0.51,0.393,
0.491,0.48,0.587,0.456,
0.507,0.494,0.626,0.46,
0.411,0.404,0.506,0.365,
0.432,0.43,0.503,0.388,
0.5,0.502,0.516,0.462,
0.516,0.516,0.565,0.49,
0.495,0.493,0.519,0.477,
0.52,0.523,0.583,0.47,
0.427,0.423,0.466,0.414,
0.397,0.394,0.431,0.386,
0.509,0.51,0.559,0.475,
0.451,0.447,0.489,0.443,
0.457,0.453,0.495,0.451,
0.482,0.481,0.5,0.469,
0.541,0.54,0.594,0.506,
0.561,0.558,0.622,0.525,
0.503,0.51,0.561,0.432,
0.492,0.495,0.515,0.445,
0.548,0.555,0.557,0.508,
0.477,0.476,0.523,0.454,
0.561,0.554,0.65,0.507,
0.502,0.496,0.6,0.435,
0.423,0.401,0.519,0.388,
0.428,0.416,0.519,0.4,
0.387,0.376,0.464,0.365,
0.488,0.476,0.565,0.439,
0.444,0.425,0.55,0.407,
0.411,0.394,0.512,0.389,
0.439,0.436,0.514,0.4,
0.466,0.455,0.558,0.438,
0.461,0.45,0.557,0.42,
0.448,0.425,0.553,0.391,
0.469,0.458,0.582,0.428,
0.43,0.421,0.513,0.405,
0.405,0.399,0.477,0.367,
0.507,0.487,0.621,0.476,


0.8,0.831,0.901,0.546,
0.727,0.722,0.829,0.556,
0.686,0.712,0.81,0.459,
0.767,0.765,0.977,0.598,
0.726,0.744,0.928,0.486,
0.778,0.809,0.848,0.565,
0.707,0.727,0.789,0.556,
0.672,0.7,0.738,0.516,
0.568,0.592,0.605,0.435,
0.775,0.775,0.881,0.616,
0.72,0.754,0.76,0.545,
0.721,0.748,0.779,0.573,
0.682,0.679,0.892,0.502,
0.767,0.779,0.853,0.617,
0.735,0.764,0.844,0.524,
0.728,0.728,0.838,0.497,
0.725,0.758,0.774,0.489,
0.792,0.823,0.848,0.578,
0.759,0.762,0.844,0.62,
0.794,0.809,0.862,0.581,
0.647,0.622,0.819,0.496,
0.657,0.675,0.754,0.439,
0.706,0.747,0.765,0.502,
0.775,0.798,0.889,0.551,
0.679,0.686,0.784,0.538,
0.616,0.647,0.655,0.483,
0.726,0.705,1,0.546,
0.743,0.79,0.833,0.518,
0.706,0.682,0.917,0.524,
0.604,0.589,0.819,0.44,
0.726,0.74,0.791,0.562,
0.792,0.791,0.911,0.726,
0.777,0.804,0.846,0.691,
0.701,0.747,0.77,0.46,
0.76,0.758,0.923,0.564,
0.702,0.684,0.889,0.533,
0.713,0.708,0.842,0.565,
0.851,0.879,0.894,0.681,
0.766,0.793,0.848,0.564,
0.639,0.657,0.678,0.498,
0.753,0.763,0.818,0.613,
0.725,0.757,0.787,0.514,
0.815,0.811,0.924,0.632,
0.637,0.653,0.665,0.527,
0.605,0.565,0.723,0.498,
0.719,0.712,0.986,0.541,
0.744,0.761,0.844,0.574,
0.803,0.823,0.922,0.595,
0.713,0.767,0.816,0.457,
0.704,0.7,0.805,0.543,
0.726,0.738,0.914,0.541,
0.69,0.706,0.753,0.51,
0.719,0.75,0.765,0.541,
0.748,0.722,1,0.563,
0.792,0.837,0.865,0.571,
0.706,0.74,0.759,0.509,
0.66,0.677,0.701,0.53,
0.58,0.564,0.816,0.454,
0.82,0.846,0.919,0.589,
0.753,0.781,0.844,0.491,
0.795,0.796,0.855,0.722,
0.757,0.779,0.825,0.543,
0.8,0.806,0.916,0.638,
0.671,0.689,0.714,0.549,
0.758,0.781,0.847,0.564,
0.817,0.789,0.982,0.685,
0.738,0.74,0.843,0.523,
0.711,0.707,0.852,0.565,
0.725,0.724,0.878,0.553,
0.81,0.826,0.905,0.641,
0.665,0.695,0.742,0.482,
0.636,0.612,0.811,0.478,
0.725,0.772,0.795,0.495,
0.821,0.827,0.902,0.662,
0.685,0.721,0.725,0.497,
0.736,0.73,0.94,0.596,
0.766,0.75,0.955,0.575,
0.774,0.77,0.921,0.6,
0.72,0.715,0.983,0.534,
0.601,0.619,0.626,0.478,
0.781,0.786,0.856,0.619,
0.674,0.702,0.735,0.534,
0.794,0.822,0.944,0.531,
0.647,0.67,0.685,0.494,
0.704,0.719,0.761,0.515,
0.735,0.742,0.881,0.603,
0.677,0.675,0.795,0.546,
0.741,0.698,1,0.565,
0.829,0.851,0.92,0.672,
0.629,0.659,0.733,0.426,
0.757,0.775,0.843,0.584,
0.732,0.73,1,0.563,
0.685,0.688,0.806,0.5,
0.668,0.671,0.853,0.53,
0.831,0.847,0.967,0.606,
0.627,0.55,0.926,0.446,
0.72,0.748,0.794,0.5,
0.67,0.68,0.743,0.549,
0.74,0.768,0.812,0.529,
0.678,0.692,0.74,0.534,
0.647,0.667,0.696,0.514,
0.788,0.821,0.894,0.541,
0.758,0.8,0.833,0.532,
0.819,0.822,0.992,0.646,
0.701,0.728,0.757,0.504,
0.617,0.641,0.648,0.483,
0.789,0.786,0.972,0.648,
0.714,0.71,0.826,0.567,
0.669,0.632,0.856,0.555,
0.704,0.73,0.79,0.52,
0.709,0.722,0.833,0.521,
0.803,0.834,0.896,0.561,
0.702,0.71,0.847,0.512,
0.745,0.756,0.825,0.595,
0.692,0.665,0.883,0.516,
0.698,0.663,0.956,0.54,
0.798,0.808,0.869,0.638,
0.724,0.712,0.849,0.572,
0.717,0.748,0.774,0.522,
0.731,0.768,0.778,0.558,
0.721,0.745,0.811,0.51,
0.719,0.753,0.848,0.488,
0.671,0.699,0.721,0.499,
0.7,0.696,0.877,0.543,
0.704,0.706,0.834,0.543,
0.753,0.772,0.842,0.548,
0.74,0.766,0.863,0.531,
0.722,0.75,0.824,0.475,
0.733,0.766,0.803,0.511,
0.712,0.732,0.767,0.568,
0.713,0.744,0.78,0.514,
0.734,0.731,0.923,0.634,
0.789,0.772,0.929,0.671,
0.771,0.753,0.905,0.583,
0.65,0.68,0.712,0.476,
0.775,0.788,0.858,0.613,
0.861,0.897,0.983,0.595,
0.779,0.815,0.856,0.537,
0.698,0.702,0.822,0.53,
0.729,0.708,0.877,0.613,
0.747,0.772,0.847,0.489,
0.672,0.651,0.88,0.55,
0.756,0.772,0.835,0.597,
0.777,0.796,0.825,0.646,
0.86,0.883,0.976,0.61,
0.699,0.725,0.763,0.539,
0.69,0.716,0.757,0.502,
0.652,0.637,0.812,0.499,
0.724,0.741,0.79,0.594,
0.762,0.796,0.815,0.589,
0.714,0.76,0.799,0.448,
0.75,0.775,0.847,0.514,
0.75,0.716,0.909,0.572,
0.808,0.829,0.91,0.578,
0.667,0.657,0.892,0.508,
0.672,0.697,0.731,0.525,
0.618,0.623,0.703,0.472,
0.689,0.714,0.744,0.511,
0.818,0.865,0.903,0.548,
0.694,0.685,0.927,0.541,
0.746,0.744,0.879,0.521,
0.737,0.732,0.889,0.563,
0.751,0.744,0.934,0.584,
0.724,0.682,0.91,0.562,
0.831,0.849,0.993,0.643,
0.798,0.826,0.878,0.584,
0.841,0.859,0.969,0.631,
0.794,0.815,0.863,0.6,
0.621,0.647,0.655,0.494,
0.623,0.619,0.759,0.479,
0.713,0.689,0.842,0.544,
0.795,0.821,0.873,0.581,
0.822,0.841,0.865,0.671,
0.64,0.66,0.713,0.473,
0.694,0.684,0.778,0.552,
0.794,0.832,0.879,0.542,
0.882,0.913,0.943,0.714,
0.709,0.717,0.882,0.51,
0.599,0.615,0.627,0.499,
0.717,0.674,0.971,0.546,
0.786,0.832,0.869,0.628,
0.78,0.779,0.93,0.591,
0.685,0.716,0.74,0.49,
0.689,0.68,0.849,0.501,
0.701,0.728,0.789,0.52,
0.766,0.802,0.867,0.534,
0.767,0.784,0.846,0.564,
0.863,0.885,0.914,0.705,
0.856,0.885,0.913,0.698,
0.652,0.661,0.716,0.495,
0.735,0.73,0.881,0.577,
0.809,0.83,0.873,0.663,
0.65,0.673,0.682,0.496,
0.816,0.826,0.884,0.678,
0.789,0.803,0.859,0.606,
0.772,0.8,0.828,0.595,
0.773,0.762,0.974,0.542,
0.675,0.694,0.722,0.527,
0.805,0.812,0.947,0.641,
0.741,0.754,0.936,0.553,
0.598,0.603,0.71,0.464,
0.835,0.862,0.892,0.644,
0.716,0.756,0.772,0.518,
0.719,0.742,0.769,0.575,
0.763,0.775,0.873,0.614,
0.765,0.77,0.857,0.619,
0.788,0.817,0.887,0.581,
0.728,0.758,0.789,0.515,
0.755,0.77,0.825,0.606,
0.771,0.778,0.865,0.598,
0.694,0.7,0.743,0.562,
0.716,0.745,0.763,0.542,
0.707,0.702,0.939,0.533,
0.75,0.744,0.996,0.586,
0.803,0.819,0.895,0.588,
0.677,0.694,0.734,0.517,
0.775,0.803,0.89,0.535,
0.745,0.754,0.849,0.577,
0.79,0.812,0.856,0.598,
0.744,0.758,0.774,0.601,
0.816,0.792,0.938,0.703,
0.655,0.649,0.871,0.537,
0.706,0.73,0.769,0.567,
0.762,0.748,0.923,0.611,
0.66,0.7,0.724,0.45,
0.637,0.637,0.8,0.484,
0.777,0.794,0.896,0.599,
0.724,0.766,0.794,0.491,
0.702,0.738,0.773,0.503,
0.723,0.726,0.853,0.591,
0.691,0.716,0.762,0.508,
0.72,0.699,0.883,0.561,
0.71,0.733,0.79,0.508,
0.833,0.855,0.948,0.592,
0.722,0.722,0.963,0.55,
0.739,0.748,0.883,0.542,
0.735,0.756,0.789,0.594,
0.73,0.796,0.808,0.451,
0.686,0.695,0.766,0.535,
0.791,0.821,0.834,0.608,
0.674,0.657,0.867,0.516,
0.74,0.752,0.897,0.576,
0.812,0.831,0.867,0.65,
0.694,0.682,0.982,0.533,
0.743,0.762,0.824,0.57,
0.647,0.677,0.683,0.484,
0.743,0.738,0.879,0.641,
0.716,0.714,0.806,0.59,
0.754,0.772,0.792,0.621,
0.629,0.62,0.792,0.461,
0.84,0.869,0.888,0.663,
0.59,0.617,0.634,0.452,
0.709,0.74,0.793,0.508,
0.717,0.718,0.8,0.559,
0.713,0.739,0.748,0.547,
0.73,0.736,0.869,0.512,
0.799,0.838,0.851,0.592,
0.77,0.8,0.826,0.557,
0.784,0.807,0.864,0.551,
0.725,0.752,0.774,0.542,
0.77,0.798,0.825,0.59,
0.687,0.704,0.778,0.526,
0.741,0.789,0.81,0.547,
0.748,0.783,0.823,0.584,
0.609,0.624,0.66,0.471,
0.665,0.669,0.868,0.475,
0.742,0.731,1,0.572,
0.748,0.75,0.961,0.536,
0.615,0.637,0.67,0.46,
0.788,0.812,0.915,0.574,
0.656,0.679,0.729,0.478,
0.811,0.849,0.892,0.521,
0.735,0.732,0.984,0.565,
0.761,0.776,0.851,0.605,
0.658,0.685,0.71,0.492,
0.725,0.722,0.795,0.611,
0.787,0.798,0.995,0.536,
0.69,0.726,0.756,0.516,
0.759,0.808,0.827,0.565,
0.749,0.768,0.939,0.535,
0.823,0.863,0.895,0.56,
0.741,0.735,0.906,0.512,
0.729,0.751,0.806,0.575,
0.841,0.854,0.938,0.644,
0.73,0.712,0.929,0.549,
0.762,0.762,0.85,0.605,
0.634,0.619,0.82,0.485,
0.733,0.759,0.793,0.525,
0.697,0.723,0.771,0.549,
0.672,0.641,0.857,0.527,
0.664,0.678,0.756,0.492,
0.688,0.711,0.799,0.509,
0.774,0.8,0.85,0.571,
0.79,0.806,0.854,0.609,
0.734,0.761,0.814,0.516,
0.685,0.638,0.856,0.513,
0.625,0.633,0.685,0.513,
0.8,0.778,1,0.611,
0.74,0.742,0.807,0.615,
0.703,0.677,0.858,0.53,
0.717,0.723,0.85,0.527,
0.705,0.716,0.75,0.591,
0.704,0.694,0.872,0.516,
0.828,0.855,0.867,0.708,
0.764,0.788,0.833,0.638,
0.689,0.702,0.757,0.513,
0.685,0.669,0.894,0.529,
0.759,0.764,0.855,0.603,
0.748,0.784,0.823,0.529,
0.668,0.69,0.717,0.522,
0.742,0.764,0.792,0.599,
0.679,0.644,0.858,0.531,
0.752,0.756,0.971,0.543,
0.714,0.726,0.833,0.581,
0.713,0.736,0.871,0.506,
0.649,0.672,0.76,0.432,
0.654,0.688,0.741,0.42,
0.792,0.816,0.98,0.575,
0.793,0.758,0.955,0.715,
0.794,0.83,0.878,0.57,
0.699,0.688,0.9,0.502,
0.815,0.805,0.91,0.639,
0.774,0.795,0.829,0.644,
0.823,0.855,0.936,0.598,
0.813,0.857,0.889,0.543,
0.788,0.807,0.921,0.583,
0.669,0.688,0.715,0.527,
0.681,0.674,0.742,0.625,
0.794,0.806,0.945,0.572,
0.745,0.756,0.828,0.642,
0.725,0.728,0.793,0.628,
0.632,0.647,0.69,0.476,
0.775,0.78,0.873,0.604,
0.816,0.847,0.881,0.621,
0.654,0.668,0.742,0.455,
0.688,0.661,0.776,0.608,
0.696,0.724,0.752,0.557,
0.65,0.681,0.692,0.465,
0.73,0.712,0.871,0.575,
0.764,0.756,0.948,0.564,
0.735,0.748,0.974,0.52,
0.675,0.685,0.715,0.553,
0.664,0.676,0.707,0.536,
0.636,0.634,0.745,0.497,
0.741,0.769,0.778,0.589,
0.691,0.728,0.748,0.511,
0.724,0.726,0.877,0.576,
0.693,0.682,0.867,0.526,
0.633,0.649,0.664,0.498,
0.616,0.634,0.679,0.431,
0.735,0.728,0.951,0.556,
0.732,0.742,0.842,0.582,
0.814,0.804,0.934,0.593,
0.632,0.653,0.688,0.471,
0.793,0.803,0.902,0.587,
0.774,0.802,0.817,0.603,
0.588,0.605,0.629,0.458,
0.757,0.784,0.814,0.589,
0.746,0.728,0.958,0.567,
0.712,0.7,0.893,0.547,
0.804,0.827,0.862,0.64,
0.738,0.767,0.829,0.501,
0.721,0.75,0.817,0.486,
0.737,0.772,0.784,0.517,
0.746,0.764,0.807,0.576,
0.726,0.706,0.956,0.572,
0.63,0.578,0.826,0.463,
0.712,0.746,0.771,0.489,
0.718,0.732,0.822,0.516,
0.778,0.793,0.841,0.678,
0.717,0.732,0.887,0.506,
0.702,0.734,0.755,0.514,
0.641,0.663,0.681,0.488,
0.669,0.679,0.739,0.552,
0.785,0.788,0.954,0.55,
0.588,0.613,0.632,0.409,
0.891,0.913,0.958,0.755,
0.601,0.615,0.666,0.47,
0.765,0.77,0.994,0.529,
0.771,0.764,0.996,0.573,
0.828,0.85,0.94,0.645,
0.804,0.822,0.93,0.574,
0.755,0.796,0.832,0.525,
0.787,0.817,0.856,0.591,
0.809,0.846,0.855,0.597,
0.737,0.736,0.981,0.564,
0.736,0.77,0.834,0.536,
0.745,0.741,0.841,0.566,
0.707,0.713,0.82,0.519,
0.707,0.681,0.916,0.545,
0.773,0.776,1,0.589,
0.659,0.673,0.762,0.512,
0.78,0.816,0.884,0.516,
0.74,0.774,0.785,0.572,
0.721,0.732,0.779,0.558,
0.736,0.747,0.806,0.614,
0.694,0.683,0.973,0.541,
0.758,0.816,0.831,0.535,
0.769,0.766,0.935,0.642,
0.629,0.639,0.689,0.498,
0.602,0.621,0.68,0.452,
0.691,0.706,0.748,0.534,
0.761,0.764,0.983,0.595,
0.89,0.911,0.953,0.747,
0.877,0.86,0.958,0.777,
0.757,0.794,0.81,0.57,
0.721,0.745,0.785,0.515,
0.805,0.768,1,0.644,
0.703,0.704,0.776,0.525,
0.663,0.684,0.703,0.512,
0.596,0.55,0.8,0.445,
0.708,0.708,0.84,0.599,
0.805,0.829,0.882,0.614,
0.7,0.739,0.792,0.496,
0.716,0.728,0.908,0.51,
0.731,0.76,0.798,0.511,
0.755,0.742,0.974,0.571,
0.7,0.69,0.889,0.512,
0.808,0.831,0.893,0.608,
0.657,0.662,0.723,0.515,
0.771,0.803,0.857,0.54,
0.801,0.81,0.985,0.654,
0.694,0.687,0.876,0.527,
0.731,0.734,0.896,0.574,
0.734,0.762,0.792,0.535,
0.767,0.756,0.948,0.585,
0.723,0.749,0.797,0.503,
0.716,0.695,0.924,0.521,
0.686,0.687,0.94,0.513,
0.829,0.857,0.921,0.686,
0.649,0.68,0.71,0.458,
0.596,0.611,0.62,0.482,
0.772,0.766,0.988,0.615,
0.675,0.7,0.756,0.49,
0.634,0.651,0.687,0.469,
0.694,0.714,0.75,0.549,
0.861,0.874,0.958,0.7,
0.698,0.744,0.786,0.466,
0.795,0.8,0.951,0.682,
0.695,0.725,0.763,0.513,
0.74,0.72,0.871,0.503,
0.737,0.735,0.854,0.561,
0.794,0.825,0.893,0.583,
0.705,0.703,0.855,0.564,
0.81,0.815,0.942,0.604,
0.719,0.715,0.995,0.557,
0.777,0.807,0.848,0.561,
0.673,0.639,0.903,0.489,
0.747,0.764,0.922,0.527,
0.781,0.75,0.954,0.575,
0.713,0.693,0.952,0.521,
0.642,0.667,0.693,0.476,
0.675,0.647,0.889,0.502,
0.766,0.76,0.953,0.611,
0.739,0.706,0.896,0.586,
0.853,0.875,0.927,0.738,
0.733,0.75,0.806,0.558,
0.657,0.64,0.867,0.464,
0.669,0.681,0.716,0.542,
0.658,0.679,0.717,0.504,
0.736,0.75,0.806,0.577,
0.739,0.75,0.825,0.584,
0.805,0.843,0.925,0.548,
0.792,0.827,0.875,0.555,
0.788,0.816,0.852,0.567,
0.842,0.859,0.904,0.621,
0.658,0.661,0.764,0.541,
0.771,0.758,0.95,0.608,
0.808,0.828,0.877,0.615,
0.743,0.758,0.859,0.506,
0.785,0.826,0.869,0.555,
0.727,0.72,0.881,0.57,
0.818,0.853,0.896,0.571,
0.7,0.722,0.729,0.544,
0.702,0.708,0.77,0.546,
0.7,0.735,0.807,0.5,
0.766,0.798,0.834,0.553,
0.745,0.762,0.884,0.505,
0.848,0.865,0.914,0.713,
0.797,0.815,0.852,0.631,
0.692,0.722,0.74,0.533,
0.755,0.756,0.857,0.593,
0.712,0.712,0.882,0.557,
0.824,0.827,0.89,0.692,
0.661,0.682,0.707,0.489,
0.748,0.762,0.964,0.515,
0.769,0.753,0.95,0.566,
0.794,0.828,0.919,0.539,
0.693,0.731,0.748,0.501,
0.668,0.65,0.946,0.499,
0.841,0.871,0.934,0.583,
0.78,0.79,0.831,0.682,
0.849,0.887,0.931,0.683,
0.683,0.714,0.769,0.476,
0.723,0.76,0.826,0.513,
0.714,0.71,0.9,0.522,
0.814,0.839,0.863,0.64,
0.767,0.762,0.899,0.6,
0.735,0.694,0.929,0.551,
0.677,0.704,0.718,0.534,
0.745,0.736,0.916,0.597,
0.649,0.653,0.825,0.462,
0.625,0.657,0.69,0.432,
0.752,0.752,0.979,0.596,
0.816,0.835,0.883,0.634,
0.773,0.791,0.847,0.558,
0.757,0.785,0.855,0.512,
0.736,0.769,0.785,0.545,
0.796,0.776,0.934,0.614,
0.726,0.728,0.916,0.562,
0.802,0.825,0.851,0.633,
0.831,0.867,0.923,0.604,
0.653,0.647,0.755,0.557,
0.791,0.825,0.839,0.676,
0.681,0.628,0.895,0.506,
0.736,0.72,0.886,0.584,
0.77,0.757,0.967,0.582,
0.699,0.702,0.873,0.544,
0.734,0.747,0.787,0.626,
0.69,0.744,0.767,0.459,
0.713,0.73,0.793,0.486,
0.707,0.743,0.771,0.5,
0.725,0.736,0.785,0.551,
0.716,0.75,0.772,0.563,
0.815,0.845,0.869,0.654,
0.845,0.847,0.956,0.666,
0.796,0.829,0.865,0.602,
0.666,0.694,0.704,0.492,
0.696,0.731,0.782,0.481,
0.846,0.861,0.925,0.635,
0.704,0.705,0.816,0.517,
0.83,0.888,0.974,0.559,
0.767,0.792,0.827,0.621,
0.67,0.617,0.895,0.501,
0.675,0.704,0.753,0.498,
0.78,0.802,0.864,0.552,
0.746,0.766,0.777,0.612,
0.774,0.805,0.837,0.652,
0.775,0.779,0.847,0.647,
0.737,0.76,0.783,0.614,
0.801,0.815,0.862,0.607,
0.689,0.704,0.738,0.547,
0.734,0.768,0.796,0.541,
0.811,0.819,0.907,0.616,
0.735,0.74,0.917,0.598,
0.671,0.671,0.792,0.572,
0.801,0.815,0.872,0.643,
0.731,0.739,0.815,0.647,
0.862,0.89,0.958,0.645,
0.785,0.8,0.884,0.601,
0.723,0.74,0.785,0.556,
0.732,0.749,0.774,0.626,
0.552,0.542,0.756,0.453,
0.804,0.822,0.902,0.679,
0.747,0.794,0.806,0.599,
0.695,0.711,0.779,0.542,
0.683,0.706,0.774,0.514,
0.699,0.719,0.814,0.566,
0.628,0.639,0.665,0.503,
0.645,0.659,0.721,0.509,
0.845,0.862,0.896,0.712,
0.681,0.679,0.776,0.523,
0.771,0.787,0.842,0.61,
0.82,0.837,0.905,0.646,
0.794,0.843,0.86,0.6,
0.747,0.764,0.772,0.646,
0.784,0.794,0.866,0.617,
0.757,0.775,0.787,0.614,
0.779,0.778,0.939,0.622,
0.778,0.768,0.915,0.586,
0.755,0.77,0.796,0.634,
0.685,0.689,0.784,0.564,
0.738,0.75,0.797,0.645,
0.812,0.833,0.943,0.611,
0.709,0.734,0.755,0.572,
0.82,0.846,0.862,0.698,
0.744,0.761,0.776,0.629,
0.748,0.756,0.906,0.564,
0.669,0.667,0.782,0.55,
0.807,0.844,0.905,0.58,
0.765,0.782,0.803,0.605,
0.719,0.746,0.838,0.538,
0.714,0.741,0.77,0.529,
0.829,0.831,1,0.613,
0.756,0.726,0.989,0.604,
0.813,0.811,0.986,0.639,
0.711,0.746,0.753,0.556,
0.803,0.819,0.869,0.65,
0.776,0.779,0.882,0.635,
0.782,0.801,0.865,0.574,
0.866,0.891,0.924,0.672,
0.832,0.845,0.935,0.665,
0.723,0.74,0.828,0.524,
0.783,0.78,0.936,0.594,
0.728,0.722,0.934,0.551,
0.665,0.647,0.812,0.533,
0.785,0.805,0.833,0.628,
0.736,0.73,0.91,0.645,
0.757,0.776,0.83,0.572,
0.787,0.817,0.853,0.677,
0.775,0.79,0.812,0.687,
0.759,0.756,0.851,0.611,
0.64,0.652,0.679,0.54,
0.725,0.752,0.767,0.58,
0.722,0.736,0.761,0.66,
0.629,0.602,0.846,0.495,
0.712,0.762,0.808,0.467,
0.721,0.75,0.797,0.545,
0.752,0.766,0.875,0.604,
0.61,0.619,0.698,0.521,
0.752,0.768,0.8,0.611,
0.694,0.714,0.763,0.51,
0.739,0.77,0.791,0.578,
0.615,0.624,0.657,0.524,
0.754,0.784,0.828,0.568,
0.694,0.702,0.769,0.568,
0.716,0.736,0.818,0.514,
0.824,0.853,0.915,0.662,
0.801,0.821,0.851,0.683,
0.787,0.809,0.845,0.626,
0.752,0.784,0.833,0.525,
0.807,0.825,0.855,0.67,
0.707,0.714,0.8,0.6,
0.839,0.865,0.875,0.66,
0.843,0.86,0.891,0.706,
0.76,0.788,0.823,0.63,
0.686,0.701,0.735,0.534,
0.751,0.747,0.866,0.62,
0.754,0.784,0.803,0.607,
0.704,0.7,0.891,0.559,
0.798,0.821,0.84,0.642,
0.766,0.764,0.931,0.621,
0.656,0.66,0.788,0.45,
0.81,0.841,0.882,0.614,
0.724,0.746,0.763,0.581,
0.656,0.678,0.703,0.508,
0.82,0.82,0.895,0.651,
0.741,0.759,0.782,0.636,
0.725,0.758,0.793,0.511,
0.724,0.712,0.807,0.635,
0.855,0.87,0.908,0.696,
0.69,0.718,0.754,0.527,
0.669,0.676,0.721,0.578,
0.765,0.767,0.927,0.629,
0.707,0.72,0.971,0.528,
0.775,0.783,0.882,0.608,
0.825,0.855,0.87,0.68,
0.745,0.777,0.821,0.553,
0.727,0.73,0.789,0.611,
0.825,0.854,0.913,0.649,
0.632,0.658,0.663,0.498,
0.758,0.774,0.905,0.539,
0.763,0.782,0.824,0.608,
0.844,0.865,1,0.607,
0.776,0.77,0.933,0.65,
0.586,0.6,0.615,0.509,
0.701,0.724,0.744,0.566,
0.767,0.784,0.839,0.6,
0.687,0.714,0.752,0.534,
0.773,0.787,0.845,0.595,
0.777,0.796,0.831,0.647,
0.73,0.732,0.992,0.533,
0.707,0.744,0.752,0.51,
0.677,0.711,0.741,0.479,
0.759,0.792,0.832,0.557,
0.779,0.796,0.823,0.644,
0.703,0.702,0.904,0.579,
0.759,0.782,0.812,0.6,
0.619,0.62,0.71,0.51,
0.754,0.755,0.878,0.596,
0.714,0.73,0.786,0.586,
0.793,0.795,0.891,0.626,
0.776,0.803,0.857,0.58,
0.815,0.823,0.92,0.646,
0.742,0.756,0.825,0.642,
0.8,0.83,0.891,0.588,
0.703,0.726,0.779,0.53,
0.723,0.741,0.776,0.584,
0.698,0.711,0.726,0.594,
0.703,0.716,0.833,0.516,
0.65,0.684,0.701,0.485,
0.641,0.673,0.793,0.436,
0.852,0.856,0.971,0.737,
0.652,0.641,0.807,0.504,
0.744,0.766,0.774,0.6,
0.797,0.822,0.874,0.603,
0.778,0.801,0.851,0.618,
0.841,0.866,0.916,0.712,
0.784,0.794,0.904,0.66,
0.826,0.871,0.896,0.615,
0.708,0.741,0.754,0.526,
0.797,0.811,0.85,0.674,
0.837,0.872,0.942,0.565,
0.786,0.808,0.871,0.597,
0.669,0.635,0.903,0.517,
0.722,0.751,0.756,0.579,
0.765,0.794,0.812,0.591,
0.835,0.867,0.928,0.63,
0.695,0.719,0.762,0.524,
0.816,0.825,0.918,0.647,
0.737,0.716,0.914,0.553,
0.873,0.92,0.952,0.66,
0.756,0.73,0.94,0.584,
0.699,0.706,0.783,0.593,
0.758,0.77,0.841,0.624,
0.783,0.792,0.877,0.631,
0.769,0.794,0.868,0.585,
0.729,0.747,0.791,0.574,
0.738,0.756,0.812,0.528,
0.76,0.781,0.956,0.608,
0.797,0.816,0.864,0.624,
0.752,0.768,0.859,0.568,
0.747,0.774,0.838,0.569,
0.734,0.748,0.764,0.608,
0.597,0.605,0.625,0.496,
0.781,0.814,0.871,0.58,
0.715,0.694,0.899,0.567,
0.788,0.802,0.909,0.639,
0.808,0.833,0.841,0.655,
0.786,0.814,0.865,0.557,
0.785,0.79,0.897,0.634,
0.778,0.801,0.85,0.637,
0.738,0.744,0.872,0.58,
0.76,0.778,0.864,0.609,
0.787,0.805,0.842,0.623,
0.753,0.744,0.873,0.638,
0.741,0.772,0.812,0.554,
0.687,0.703,0.728,0.583,
0.748,0.748,0.819,0.569,
0.711,0.713,0.795,0.584,
0.722,0.721,0.842,0.582,
0.739,0.746,0.81,0.595,
0.827,0.842,0.892,0.714,
0.714,0.742,0.757,0.562,
0.8,0.831,0.852,0.619,
0.75,0.753,0.883,0.626,
0.856,0.908,0.938,0.591,
0.761,0.764,0.824,0.651,
0.781,0.806,0.841,0.572,
0.821,0.84,0.875,0.653,
0.727,0.72,0.892,0.583,
0.802,0.817,0.918,0.577,
0.783,0.805,0.985,0.563,
0.857,0.895,0.922,0.631,
0.814,0.849,0.884,0.627,
0.865,0.869,0.939,0.695,
0.774,0.796,0.832,0.63,
0.695,0.727,0.737,0.53,
0.728,0.722,0.843,0.577,
0.766,0.73,0.999,0.606,
0.717,0.734,0.775,0.595,
0.753,0.76,0.964,0.576,
0.789,0.825,0.867,0.525,
0.624,0.657,0.685,0.464,
0.874,0.917,0.939,0.737,
0.657,0.681,0.692,0.536,
0.694,0.706,0.786,0.509,
0.788,0.807,0.847,0.64,
0.686,0.688,0.878,0.483,
0.631,0.645,0.698,0.484,
0.752,0.779,0.834,0.536,
0.72,0.71,0.841,0.597,
0.568,0.589,0.608,0.449,
0.8,0.803,0.898,0.653,
0.769,0.776,0.846,0.661,
0.838,0.849,0.908,0.668,
0.724,0.748,0.784,0.56,
0.756,0.779,0.792,0.592,
0.665,0.653,0.846,0.49,
0.633,0.649,0.669,0.534,
0.732,0.748,0.756,0.63,
0.75,0.744,0.92,0.602,
0.724,0.724,0.885,0.542,
0.725,0.722,0.819,0.597,
0.737,0.723,0.875,0.594,
0.808,0.829,0.842,0.679,
0.695,0.716,0.738,0.56,
0.803,0.851,0.888,0.621,
0.698,0.717,0.817,0.573,
0.806,0.831,0.897,0.629,
0.771,0.814,0.831,0.566,
0.73,0.721,0.916,0.54,
0.709,0.714,0.809,0.58,
0.743,0.772,0.796,0.609,
0.78,0.805,0.867,0.581,
0.744,0.764,0.816,0.612,
0.718,0.746,0.773,0.549,
0.745,0.756,0.775,0.633,
0.816,0.825,0.909,0.655,
0.68,0.69,0.738,0.565,
0.772,0.812,0.818,0.632,
0.801,0.829,0.853,0.696,
0.842,0.867,0.932,0.657,
0.807,0.835,0.851,0.7,
0.801,0.825,0.874,0.635,
0.789,0.832,0.842,0.594,
0.644,0.669,0.686,0.514,
0.813,0.826,0.888,0.679,
0.593,0.602,0.635,0.498,
0.808,0.841,0.877,0.566,
0.781,0.837,0.873,0.486,
0.706,0.722,0.852,0.535,
0.726,0.74,0.766,0.638,
0.69,0.692,0.798,0.538,
0.644,0.667,0.673,0.532,
0.774,0.81,0.844,0.561,
0.744,0.764,0.832,0.567,
0.752,0.75,0.844,0.601,
0.734,0.724,0.876,0.578,
0.696,0.724,0.777,0.605,
0.732,0.736,0.785,0.608,
0.69,0.699,0.773,0.561,
0.596,0.593,0.772,0.47,
0.82,0.851,0.887,0.614,
0.648,0.655,0.704,0.534,
0.861,0.887,0.978,0.7,
0.765,0.775,0.893,0.593,
0.742,0.75,0.821,0.594,
0.797,0.807,0.891,0.557,
0.723,0.724,0.876,0.552,
0.739,0.734,0.931,0.564,
0.615,0.63,0.638,0.511,
0.737,0.73,0.813,0.614,
0.734,0.755,0.779,0.592,
0.751,0.766,0.843,0.576,
0.73,0.726,0.826,0.569,
0.856,0.883,0.906,0.733,
0.654,0.673,0.713,0.484,
0.647,0.661,0.712,0.483,
0.664,0.691,0.714,0.504,
0.803,0.822,0.845,0.696,
0.603,0.576,0.758,0.451,
0.86,0.879,1,0.62,
0.677,0.689,0.797,0.487,
0.718,0.726,0.878,0.54,
0.57,0.583,0.596,0.448,
0.746,0.751,0.829,0.603,
0.718,0.74,0.759,0.593,
0.714,0.728,0.746,0.608,
0.805,0.827,0.89,0.704,
0.747,0.783,0.81,0.562,
0.832,0.876,0.915,0.605,
0.751,0.754,0.804,0.626,
0.647,0.659,0.698,0.557,
0.78,0.806,0.839,0.668,
0.696,0.723,0.724,0.552,
0.617,0.616,0.679,0.52,
0.755,0.746,0.873,0.597,
0.793,0.798,0.883,0.634,
0.729,0.768,0.784,0.529,
0.741,0.764,0.788,0.618,
0.678,0.698,0.754,0.55,
0.835,0.854,0.942,0.668,
0.83,0.853,0.918,0.585,
0.662,0.681,0.704,0.523,
0.734,0.696,0.999,0.56,
0.744,0.744,0.877,0.591,
0.722,0.746,0.759,0.564,
0.787,0.796,0.848,0.658,
0.737,0.772,0.799,0.543,
0.77,0.794,0.839,0.621,
0.868,0.886,0.942,0.702,
0.749,0.766,0.804,0.631,
0.818,0.833,0.875,0.666,
0.728,0.744,0.792,0.641,
0.672,0.693,0.716,0.494,
0.721,0.723,0.837,0.547,
0.672,0.662,0.8,0.561,
0.714,0.734,0.764,0.56,
0.679,0.675,0.773,0.581,
0.845,0.873,0.899,0.712,
0.808,0.831,0.847,0.708,
0.808,0.844,0.861,0.63,
0.802,0.841,0.869,0.587,
0.737,0.761,0.818,0.565,
0.812,0.839,0.893,0.682,
0.72,0.733,0.776,0.621,
0.869,0.891,0.925,0.719,
0.829,0.861,0.912,0.618,
0.817,0.824,0.901,0.637,
0.716,0.72,0.804,0.593,
0.769,0.821,0.924,0.604,
0.667,0.671,0.721,0.534,
0.621,0.631,0.639,0.537,
0.814,0.849,0.871,0.613,
0.787,0.797,0.936,0.617,
0.684,0.71,0.784,0.571,
0.746,0.756,0.848,0.538,
0.818,0.812,0.969,0.686,
0.672,0.645,0.956,0.545,
0.746,0.775,0.823,0.476,
0.75,0.762,0.816,0.61,
0.861,0.884,0.932,0.653,
0.7,0.686,0.792,0.54,
0.797,0.814,0.872,0.667,
0.77,0.766,0.882,0.678,
0.797,0.817,0.838,0.67,
0.8,0.821,0.887,0.626,
0.741,0.756,0.853,0.543,
0.743,0.768,0.783,0.587,
0.75,0.744,0.912,0.585,
0.675,0.656,0.863,0.521,
0.804,0.803,0.895,0.674,
0.79,0.8,0.889,0.6,
0.776,0.797,0.87,0.56,
0.786,0.8,0.926,0.617,
0.667,0.669,0.717,0.574,
0.755,0.772,0.784,0.612,
0.653,0.611,0.877,0.504,
0.79,0.815,0.882,0.574,
0.694,0.682,0.825,0.553,
0.72,0.744,0.761,0.583,
0.834,0.865,0.92,0.656,
0.814,0.811,1,0.675,
0.81,0.861,0.875,0.555,
0.791,0.827,0.931,0.651,
0.739,0.748,0.816,0.659,
0.739,0.753,0.842,0.539,
0.742,0.74,0.9,0.559,
0.765,0.776,0.821,0.669,
0.732,0.755,0.902,0.494,
0.743,0.765,0.802,0.535,
0.695,0.717,0.725,0.539,
0.767,0.778,0.993,0.555,
0.727,0.722,0.914,0.554,
0.739,0.753,0.791,0.593,
0.737,0.789,0.814,0.466,
0.769,0.8,0.864,0.569,
0.778,0.776,0.929,0.618,
0.682,0.73,0.758,0.465,
0.754,0.769,0.826,0.559,
0.649,0.631,0.826,0.49,
0.74,0.787,0.803,0.526,
0.756,0.78,0.832,0.561,
0.691,0.695,0.757,0.552,
0.795,0.835,0.879,0.564,
0.687,0.662,0.817,0.534,
0.73,0.719,0.883,0.558,
0.754,0.794,0.798,0.523,
0.695,0.733,0.75,0.523,
0.736,0.762,0.807,0.562,
0.856,0.856,0.941,0.76,
0.741,0.746,0.805,0.61,
0.7,0.638,0.939,0.546,
0.636,0.585,0.799,0.479,
0.792,0.849,0.864,0.528,
0.588,0.613,0.616,0.436,
0.632,0.63,0.729,0.486,
0.712,0.732,0.767,0.568,
0.723,0.748,0.835,0.562,
0.753,0.733,0.943,0.553,
0.597,0.625,0.637,0.431,
0.775,0.79,0.933,0.61,
0.732,0.74,0.934,0.509,
0.617,0.631,0.649,0.473,
0.788,0.801,0.884,0.616,
0.783,0.791,0.923,0.583,
0.713,0.712,0.796,0.597,
0.758,0.741,1,0.502,
0.767,0.783,0.899,0.564,
0.766,0.804,0.82,0.57,
0.817,0.846,0.868,0.641,
0.823,0.812,0.933,0.624,
0.691,0.677,0.868,0.542,
0.743,0.758,0.779,0.629,
0.755,0.778,0.81,0.673,
0.695,0.71,0.784,0.526,
0.657,0.68,0.698,0.536,
0.699,0.706,0.782,0.534,
0.744,0.738,0.858,0.599,
0.737,0.718,0.924,0.553,
0.706,0.714,0.815,0.606,
0.632,0.633,0.826,0.49,
0.649,0.631,0.852,0.454,
0.746,0.774,0.794,0.578,
0.644,0.655,0.684,0.51,
0.78,0.821,0.856,0.523,
0.708,0.714,0.885,0.541,
0.762,0.8,0.887,0.62,
0.84,0.868,0.918,0.638,
0.713,0.714,0.949,0.591,
0.734,0.697,0.911,0.552,
0.781,0.796,0.921,0.577,
0.749,0.788,0.825,0.546,
0.848,0.871,0.898,0.69,
0.721,0.75,0.782,0.592,
0.709,0.694,0.902,0.554,
0.67,0.683,0.718,0.547,
0.693,0.73,0.74,0.484,
0.771,0.804,0.885,0.6,
0.661,0.682,0.741,0.513,
0.683,0.714,0.723,0.537,
0.667,0.692,0.702,0.547,
0.738,0.738,0.863,0.594,
0.784,0.812,0.861,0.59,
0.728,0.758,0.793,0.589,
0.731,0.754,0.795,0.611,
0.667,0.623,0.906,0.536,
0.633,0.625,0.72,0.504,
0.773,0.779,0.854,0.665,


0.815,0.779,1,0.581,
0.837,0.851,0.991,0.543,
0.798,0.875,0.994,0.481,
0.773,0.78,0.895,0.639,
0.721,0.71,0.963,0.603,
0.817,0.841,0.936,0.576,
0.787,0.77,0.997,0.588,
0.829,0.887,1,0.537,
0.699,0.672,0.981,0.568,
0.858,0.899,1,0.665,
0.869,0.901,0.988,0.716,
0.837,0.882,0.991,0.562,
0.821,0.808,0.984,0.598,
0.871,0.915,0.996,0.673,
0.789,0.841,0.928,0.515,
0.789,0.847,1,0.574,
0.796,0.818,0.979,0.532,
0.807,0.797,0.958,0.667,
0.78,0.759,0.892,0.62,
0.805,0.811,0.987,0.527,
0.723,0.716,0.987,0.505,
0.782,0.78,0.994,0.527,
0.786,0.703,0.995,0.57,
0.865,0.891,0.99,0.597,
0.758,0.754,0.95,0.561,
0.783,0.71,1,0.468,
0.723,0.717,0.945,0.546,
0.802,0.794,1,0.55,
0.785,0.783,0.963,0.457,
0.755,0.803,0.962,0.524,
0.868,0.896,0.947,0.698,
0.865,0.889,0.98,0.728,
0.826,0.842,0.977,0.691,
0.826,0.879,1,0.56,
0.778,0.796,0.897,0.564,
0.76,0.762,0.914,0.537,
0.758,0.76,1,0.588,
0.875,0.883,0.991,0.681,
0.8,0.766,0.997,0.657,
0.751,0.756,0.957,0.511,
0.877,0.927,0.986,0.621,
0.854,0.909,1,0.612,
0.792,0.8,0.907,0.653,
0.806,0.787,0.971,0.601,
0.703,0.71,0.928,0.498,
0.804,0.877,0.93,0.542,
0.801,0.825,0.999,0.513,
0.816,0.838,0.953,0.617,
0.733,0.742,0.962,0.455,
0.901,0.954,0.988,0.693,
0.794,0.787,0.963,0.617,
0.803,0.821,0.973,0.584,
0.834,0.889,0.96,0.551,
0.814,0.851,0.925,0.637,
0.83,0.886,0.955,0.603,
0.834,0.893,0.995,0.554,
0.798,0.806,0.996,0.546,
0.778,0.74,0.957,0.569,
0.842,0.885,1,0.591,
0.802,0.821,0.995,0.555,
0.804,0.802,0.939,0.644,
0.85,0.922,0.982,0.627,
0.805,0.811,0.892,0.64,
0.79,0.837,0.905,0.63,
0.791,0.775,0.956,0.564,
0.819,0.816,0.897,0.742,
0.832,0.855,1,0.565,
0.837,0.885,0.996,0.578,
0.777,0.804,0.974,0.558,
0.846,0.873,1,0.641,
0.825,0.897,1,0.51,
0.732,0.764,0.992,0.46,
0.786,0.803,1,0.578,
0.856,0.879,0.948,0.662,
0.829,0.897,0.969,0.52,
0.801,0.859,0.94,0.556,
0.79,0.8,0.913,0.628,
0.761,0.732,0.896,0.6,
0.814,0.875,0.922,0.528,
0.749,0.762,0.998,0.493,
0.868,0.929,0.997,0.623,
0.854,0.919,1,0.555,
0.761,0.784,0.863,0.531,
0.804,0.782,0.999,0.616,
0.834,0.871,1,0.587,
0.855,0.899,0.955,0.665,
0.774,0.73,0.993,0.65,
0.752,0.757,0.879,0.565,
0.861,0.884,0.989,0.672,
0.841,0.921,0.959,0.586,
0.831,0.873,0.961,0.586,
0.813,0.819,0.897,0.691,
0.741,0.732,0.906,0.607,
0.811,0.746,0.999,0.685,
0.853,0.856,1,0.695,
0.725,0.742,0.932,0.437,
0.833,0.907,0.993,0.552,
0.809,0.823,0.953,0.562,
0.773,0.728,1,0.629,
0.77,0.771,1,0.493,
0.74,0.792,1,0.444,
0.866,0.935,0.972,0.541,
0.851,0.909,0.99,0.538,
0.833,0.832,0.952,0.69,
0.75,0.761,1,0.586,
0.805,0.835,0.985,0.591,
0.82,0.857,0.918,0.689,
0.854,0.915,0.964,0.654,
0.779,0.762,0.952,0.519,
0.808,0.841,0.973,0.557,
0.753,0.782,0.974,0.521,
0.862,0.917,0.974,0.561,
0.704,0.708,0.869,0.607,
0.859,0.916,0.997,0.665,
0.745,0.786,0.825,0.499,
0.773,0.78,0.893,0.694,
0.866,0.904,0.975,0.66,
0.748,0.761,0.874,0.572,
0.809,0.807,0.985,0.656,
0.823,0.903,1,0.596,
0.817,0.84,0.971,0.609,
0.794,0.82,1,0.478,
0.805,0.838,0.989,0.531,
0.856,0.911,0.985,0.64,
0.775,0.787,0.978,0.537,
0.802,0.813,0.929,0.6,
0.764,0.751,1,0.614,
0.854,0.931,0.983,0.549,
0.818,0.827,0.981,0.599,
0.886,0.925,0.988,0.671,
0.817,0.857,0.997,0.587,
0.767,0.748,0.924,0.593,
0.802,0.803,0.928,0.652,
0.758,0.732,1,0.572,
0.76,0.738,1,0.575,
0.851,0.881,0.961,0.643,
0.889,0.927,0.981,0.69,
0.846,0.891,0.983,0.583,
0.844,0.925,1,0.53,
0.796,0.84,0.957,0.613,
0.789,0.775,1,0.553,
0.715,0.688,0.934,0.61,
0.871,0.935,0.977,0.618,
0.823,0.851,0.986,0.646,
0.855,0.893,0.975,0.584,
0.782,0.817,0.991,0.58,
0.79,0.826,0.973,0.588,
0.743,0.741,0.944,0.596,
0.804,0.815,1,0.57,
0.858,0.897,0.996,0.599,
0.711,0.677,1,0.595,
0.866,0.916,1,0.611,
0.774,0.756,0.886,0.689,
0.839,0.907,0.988,0.622,
0.799,0.847,0.948,0.534,
0.768,0.82,1,0.457,
0.748,0.77,0.916,0.574,
0.799,0.857,0.967,0.566,
0.804,0.845,0.888,0.528,
0.798,0.778,0.974,0.562,
0.816,0.832,0.962,0.585,
0.842,0.861,0.97,0.616,
0.728,0.679,1,0.597,
0.774,0.774,0.922,0.595,
0.861,0.898,0.959,0.643,
0.837,0.859,1,0.603,
0.85,0.86,1,0.642,
0.884,0.94,0.978,0.667,
0.785,0.766,0.99,0.542,
0.752,0.77,0.933,0.511,
0.75,0.752,0.926,0.635,
0.814,0.835,1,0.587,
0.871,0.897,0.94,0.68,
0.795,0.774,0.983,0.583,
0.843,0.866,1,0.568,
0.844,0.886,1,0.551,
0.919,0.944,1,0.714,
0.798,0.832,0.932,0.56,
0.795,0.839,0.999,0.478,
0.796,0.823,0.857,0.588,
0.824,0.867,0.979,0.649,
0.763,0.738,0.968,0.633,
0.81,0.845,0.982,0.542,
0.77,0.762,0.959,0.597,
0.83,0.909,0.966,0.553,
0.812,0.811,0.977,0.552,
0.859,0.925,0.983,0.624,
0.847,0.871,0.915,0.705,
0.882,0.901,1,0.698,
0.78,0.804,0.995,0.568,
0.755,0.754,0.88,0.577,
0.878,0.935,0.998,0.628,
0.837,0.917,0.986,0.571,
0.853,0.861,0.959,0.678,
0.847,0.885,0.984,0.63,
0.835,0.845,0.967,0.654,
0.803,0.764,0.988,0.592,
0.841,0.9,0.998,0.511,
0.861,0.871,1,0.642,
0.843,0.871,0.986,0.555,
0.82,0.855,1,0.586,
0.882,0.903,0.945,0.644,
0.792,0.826,0.952,0.6,
0.836,0.85,1,0.623,
0.833,0.838,1,0.614,
0.748,0.754,0.921,0.574,
0.854,0.858,1,0.622,
0.784,0.832,0.918,0.537,
0.8,0.789,1,0.628,
0.76,0.766,0.844,0.655,
0.881,0.95,1,0.623,
0.811,0.877,0.955,0.553,
0.756,0.728,0.954,0.596,
0.823,0.833,0.948,0.646,
0.792,0.809,0.934,0.588,
0.802,0.889,0.953,0.592,
0.821,0.848,1,0.535,
0.833,0.877,0.939,0.577,
0.884,0.911,0.987,0.688,
0.823,0.859,0.9,0.623,
0.831,0.817,0.971,0.703,
0.834,0.886,1,0.592,
0.86,0.889,0.985,0.601,
0.86,0.901,0.959,0.623,
0.811,0.881,0.961,0.521,
0.707,0.734,0.931,0.484,
0.779,0.794,0.894,0.611,
0.805,0.793,0.973,0.571,
0.807,0.873,1,0.572,
0.79,0.788,0.945,0.659,
0.814,0.875,0.989,0.566,
0.79,0.767,0.945,0.624,
0.755,0.762,0.993,0.548,
0.848,0.876,0.942,0.592,
0.886,0.955,0.982,0.513,
0.808,0.829,0.962,0.562,
0.821,0.844,0.997,0.542,
0.787,0.703,0.995,0.602,
0.837,0.891,0.991,0.617,
0.853,0.887,0.948,0.589,
0.768,0.777,0.968,0.514,
0.815,0.897,0.958,0.576,
0.815,0.775,0.983,0.65,
0.823,0.878,0.942,0.538,
0.845,0.885,0.945,0.573,
0.827,0.913,0.969,0.552,
0.824,0.825,0.991,0.706,
0.815,0.86,0.894,0.59,
0.812,0.829,0.996,0.62,
0.717,0.693,0.934,0.587,
0.855,0.883,0.914,0.663,
0.682,0.746,1,0.484,
0.78,0.787,0.981,0.56,
0.861,0.907,1,0.59,
0.822,0.859,0.973,0.633,
0.791,0.831,0.972,0.58,
0.843,0.829,0.985,0.694,
0.854,0.895,0.997,0.605,
0.875,0.931,0.979,0.616,
0.84,0.889,0.991,0.65,
0.805,0.818,0.906,0.625,
0.784,0.808,0.983,0.549,
0.86,0.94,0.981,0.615,
0.826,0.859,0.975,0.56,
0.692,0.69,0.991,0.471,
0.766,0.79,0.955,0.518,
0.812,0.827,0.951,0.601,
0.805,0.869,0.891,0.603,
0.848,0.946,1,0.535,
0.816,0.851,0.984,0.595,
0.803,0.823,1,0.611,
0.825,0.813,0.999,0.608,
0.778,0.796,0.917,0.582,
0.823,0.857,0.989,0.603,
0.789,0.796,0.973,0.608,
0.779,0.782,0.922,0.611,
0.755,0.758,0.969,0.592,
0.817,0.861,1,0.522,
0.819,0.843,0.959,0.565,
0.799,0.857,0.888,0.635,
0.873,0.937,1,0.711,
0.831,0.878,0.949,0.567,
0.85,0.901,0.996,0.575,
0.869,0.919,0.956,0.652,
0.799,0.853,0.98,0.556,
0.841,0.869,0.981,0.597,
0.742,0.761,0.992,0.452,
0.778,0.754,0.974,0.625,
0.749,0.739,0.952,0.549,
0.75,0.712,0.901,0.596,
0.778,0.77,0.986,0.592,
0.789,0.833,1,0.534,
0.796,0.815,0.944,0.626,
0.863,0.899,0.948,0.695,
0.823,0.85,1,0.593,
0.722,0.758,0.792,0.514,
0.771,0.783,0.911,0.589,
0.815,0.851,0.888,0.611,
0.775,0.776,0.906,0.626,
0.737,0.736,0.89,0.586,
0.767,0.794,0.945,0.591,
0.863,0.924,1,0.557,
0.777,0.776,0.949,0.559,
0.803,0.814,0.932,0.708,
0.769,0.774,0.909,0.567,
0.867,0.922,1,0.628,
0.714,0.746,0.775,0.529,
0.859,0.923,0.949,0.599,
0.822,0.804,0.997,0.57,
0.876,0.923,0.971,0.624,
0.895,0.959,1,0.6,
0.703,0.697,0.905,0.515,
0.842,0.838,0.977,0.639,
0.822,0.814,0.957,0.611,
0.798,0.847,0.991,0.569,
0.85,0.914,0.993,0.555,
0.753,0.76,0.969,0.543,
0.819,0.881,0.916,0.604,
0.825,0.802,1,0.647,
0.863,0.893,0.99,0.638,
0.758,0.788,0.845,0.595,
0.848,0.863,0.992,0.652,
0.762,0.738,0.935,0.598,
0.812,0.839,0.972,0.598,
0.862,0.929,0.955,0.605,
0.787,0.841,0.89,0.593,
0.848,0.834,0.984,0.595,
0.793,0.819,0.939,0.631,
0.819,0.841,0.923,0.582,
0.843,0.869,0.987,0.561,
0.782,0.797,0.935,0.637,
0.787,0.826,0.975,0.567,
0.89,0.945,1,0.637,
0.864,0.912,1,0.656,
0.81,0.91,0.975,0.518,
0.79,0.782,0.924,0.61,
0.782,0.796,1,0.557,
0.794,0.833,1,0.505,
0.794,0.795,0.984,0.63,
0.795,0.772,0.985,0.629,
0.812,0.828,0.95,0.617,
0.878,0.931,0.99,0.595,
0.789,0.796,0.942,0.609,
0.828,0.855,0.961,0.605,
0.869,0.935,0.98,0.544,
0.757,0.743,0.978,0.546,
0.744,0.742,0.899,0.593,
0.792,0.766,0.957,0.599,
0.769,0.763,0.994,0.588,
0.789,0.857,0.954,0.544,
0.834,0.831,0.975,0.615,
0.814,0.881,0.981,0.582,
0.808,0.813,0.912,0.593,
0.813,0.855,0.973,0.58,
0.862,0.872,0.976,0.69,
0.809,0.796,1,0.606,
0.714,0.702,0.987,0.527,
0.718,0.736,0.91,0.556,
0.84,0.944,0.979,0.544,
0.821,0.86,0.914,0.603,
0.868,0.899,0.956,0.668,
0.812,0.845,0.94,0.572,
0.845,0.875,1,0.563,
0.816,0.804,0.893,0.76,
0.888,0.952,0.985,0.604,
0.76,0.785,0.825,0.58,
0.661,0.693,0.862,0.468,
0.791,0.814,0.966,0.548,
0.77,0.748,1,0.628,
0.873,0.9,0.953,0.67,
0.806,0.828,0.916,0.595,
0.834,0.862,0.99,0.581,
0.776,0.789,0.946,0.573,
0.657,0.653,0.783,0.512,
0.745,0.731,0.881,0.619,
0.707,0.732,0.985,0.458,
0.904,0.936,0.973,0.762,
0.843,0.869,0.985,0.559,
0.806,0.825,0.917,0.609,
0.784,0.796,0.976,0.575,
0.843,0.845,1,0.657,
0.859,0.92,0.983,0.574,
0.841,0.884,1,0.549,
0.812,0.833,0.976,0.594,
0.842,0.897,0.935,0.558,
0.762,0.77,0.989,0.537,
0.795,0.784,0.994,0.563,
0.832,0.824,0.996,0.621,
0.794,0.841,1,0.517,
0.828,0.861,0.97,0.545,
0.775,0.773,0.887,0.589,
0.763,0.818,0.973,0.458,
0.837,0.847,0.97,0.619,
0.786,0.823,0.999,0.587,
0.843,0.896,0.992,0.569,
0.768,0.743,0.9,0.628,
0.82,0.885,0.936,0.529,
0.849,0.916,0.955,0.587,
0.792,0.815,0.953,0.642,
0.768,0.806,0.975,0.492,
0.783,0.767,1,0.53,
0.825,0.852,1,0.631,
0.823,0.836,0.955,0.66,
0.886,0.905,0.984,0.727,
0.9,0.917,0.991,0.777,
0.824,0.843,0.98,0.608,
0.87,0.956,1,0.587,
0.781,0.792,0.907,0.622,
0.845,0.887,0.98,0.596,
0.784,0.802,0.985,0.571,
0.658,0.643,0.961,0.426,
0.707,0.69,0.916,0.599,
0.824,0.806,0.993,0.638,
0.775,0.783,1,0.527,
0.782,0.809,0.962,0.58,
0.826,0.867,0.97,0.601,
0.846,0.921,0.971,0.573,
0.812,0.884,0.986,0.547,
0.83,0.823,1,0.634,
0.818,0.782,0.995,0.604,
0.785,0.76,0.96,0.56,
0.83,0.866,0.951,0.618,
0.77,0.801,0.939,0.529,
0.812,0.843,0.994,0.63,
0.76,0.695,1,0.54,
0.796,0.853,0.888,0.587,
0.76,0.769,1,0.531,
0.846,0.885,0.98,0.626,
0.835,0.871,0.963,0.559,
0.886,0.907,0.998,0.686,
0.752,0.74,1,0.578,
0.744,0.726,0.971,0.471,
0.785,0.825,0.84,0.592,
0.769,0.758,1,0.58,
0.73,0.649,1,0.567,
0.799,0.81,0.981,0.61,
0.868,0.889,1,0.7,
0.79,0.789,0.97,0.569,
0.806,0.816,1,0.666,
0.824,0.879,0.997,0.516,
0.813,0.835,1,0.563,
0.812,0.827,1,0.561,
0.814,0.821,0.984,0.592,
0.871,0.954,0.979,0.567,
0.844,0.887,0.961,0.623,
0.831,0.863,0.928,0.566,
0.777,0.801,1,0.532,
0.801,0.83,0.967,0.579,
0.769,0.766,0.964,0.613,
0.821,0.843,0.926,0.58,
0.761,0.754,0.924,0.621,
0.744,0.778,0.984,0.521,
0.8,0.803,0.953,0.555,
0.842,0.847,0.969,0.683,
0.8,0.806,0.9,0.586,
0.833,0.842,1,0.701,
0.811,0.823,1,0.565,
0.728,0.744,0.944,0.491,
0.751,0.76,0.9,0.556,
0.759,0.738,0.998,0.535,
0.825,0.836,0.999,0.619,
0.807,0.821,1,0.563,
0.79,0.788,0.972,0.61,
0.845,0.883,0.986,0.584,
0.872,0.917,0.996,0.626,
0.822,0.816,0.94,0.704,
0.779,0.8,0.894,0.579,
0.832,0.858,0.922,0.673,
0.829,0.817,0.976,0.615,
0.839,0.911,0.98,0.56,
0.837,0.879,1,0.616,
0.812,0.8,0.942,0.62,
0.827,0.805,0.987,0.571,
0.787,0.79,0.937,0.609,
0.817,0.842,0.936,0.587,
0.769,0.762,0.94,0.595,
0.86,0.931,0.996,0.598,
0.816,0.88,0.987,0.55,
0.846,0.879,0.923,0.713,
0.861,0.886,0.99,0.64,
0.816,0.842,0.981,0.545,
0.818,0.834,1,0.55,
0.775,0.735,0.981,0.63,
0.854,0.89,0.921,0.696,
0.852,0.899,0.975,0.577,
0.83,0.873,0.968,0.604,
0.807,0.821,0.889,0.671,
0.783,0.819,0.864,0.572,
0.799,0.767,1,0.591,
0.799,0.861,0.962,0.548,
0.819,0.796,0.954,0.637,
0.805,0.816,0.927,0.682,
0.86,0.883,0.996,0.683,
0.758,0.756,1,0.482,
0.876,0.915,0.968,0.678,
0.75,0.73,0.975,0.542,
0.892,0.905,0.993,0.752,
0.839,0.889,0.996,0.6,
0.756,0.776,0.831,0.591,
0.833,0.871,0.99,0.552,
0.801,0.831,0.925,0.593,
0.714,0.692,0.957,0.571,
0.785,0.776,1,0.577,
0.861,0.887,0.952,0.649,
0.886,0.922,1,0.704,
0.849,0.857,0.999,0.629,
0.772,0.779,0.991,0.594,
0.768,0.766,0.953,0.542,
0.806,0.808,0.931,0.689,
0.817,0.861,0.965,0.562,
0.792,0.807,0.925,0.633,
0.873,0.901,1,0.597,
0.758,0.736,0.897,0.598,
0.827,0.828,0.942,0.676,
0.751,0.774,0.982,0.609,
0.801,0.832,0.891,0.614,
0.793,0.837,0.942,0.611,
0.767,0.75,0.893,0.626,
0.805,0.823,0.97,0.619,
0.806,0.869,1,0.509,
0.769,0.783,1,0.542,
0.817,0.851,1,0.597,
0.826,0.857,0.992,0.626,
0.805,0.807,0.977,0.578,
0.866,0.899,1,0.645,
0.879,0.881,0.994,0.691,
0.867,0.922,1,0.599,
0.721,0.72,1,0.572,
0.821,0.853,1,0.575,
0.846,0.873,0.989,0.674,
0.743,0.744,0.97,0.591,
0.847,0.872,0.961,0.559,
0.842,0.874,1,0.621,
0.777,0.814,0.846,0.579,
0.822,0.899,1,0.525,
0.826,0.83,1,0.592,
0.822,0.868,0.93,0.611,
0.81,0.766,1,0.641,
0.817,0.817,0.966,0.65,
0.834,0.891,0.962,0.615,
0.892,0.975,1,0.648,
0.743,0.736,0.968,0.609,
0.837,0.91,0.977,0.541,
0.831,0.829,0.994,0.612,
0.76,0.769,0.905,0.626,
0.811,0.83,1,0.61,
0.845,0.844,0.991,0.666,
0.769,0.75,0.876,0.647,
0.872,0.941,1,0.645,
0.888,0.95,0.998,0.65,
0.834,0.856,0.984,0.588,
0.81,0.788,1,0.66,
0.635,0.591,0.955,0.553,
0.809,0.806,0.943,0.679,
0.818,0.869,1,0.538,
0.779,0.776,1,0.545,
0.682,0.693,0.857,0.515,
0.83,0.829,0.989,0.549,
0.752,0.776,1,0.599,
0.722,0.748,0.893,0.485,
0.88,0.889,0.962,0.716,
0.683,0.74,0.826,0.523,
0.804,0.815,1,0.648,
0.863,0.855,0.98,0.677,
0.855,0.887,1,0.6,
0.88,0.913,0.987,0.656,
0.84,0.833,0.994,0.661,
0.886,0.946,0.991,0.573,
0.783,0.778,0.919,0.639,
0.837,0.903,0.983,0.601,
0.788,0.762,0.973,0.659,
0.736,0.692,0.924,0.585,
0.757,0.746,0.951,0.621,
0.907,0.958,1,0.709,
0.819,0.79,0.985,0.58,
0.877,0.926,1,0.698,
0.821,0.867,0.941,0.629,
0.758,0.702,1,0.638,
0.756,0.735,1,0.529,
0.887,0.968,1,0.639,
0.83,0.871,0.986,0.562,
0.784,0.799,1,0.574,
0.872,0.954,1,0.586,
0.846,0.867,0.919,0.628,
0.774,0.839,0.876,0.617,
0.785,0.764,0.977,0.639,
0.79,0.793,0.982,0.564,
0.861,0.896,0.998,0.684,
0.805,0.849,0.981,0.635,
0.853,0.857,1,0.626,
0.918,0.967,1,0.671,
0.891,0.966,1,0.682,
0.741,0.716,1,0.589,
0.805,0.829,0.866,0.643,
0.749,0.75,0.902,0.551,
0.745,0.73,0.97,0.56,
0.844,0.901,1,0.598,
0.87,0.951,0.987,0.662,
0.791,0.764,1,0.586,
0.854,0.859,1,0.668,
0.848,0.855,1,0.687,
0.793,0.72,1,0.655,
0.826,0.856,1,0.577,
0.827,0.872,0.995,0.632,
0.905,0.944,0.991,0.678,
0.691,0.719,0.778,0.485,
0.826,0.925,1,0.554,
0.865,0.904,1,0.568,
0.809,0.837,0.958,0.588,
0.763,0.764,0.912,0.57,
0.771,0.716,0.998,0.653,
0.796,0.837,1,0.537,
0.925,0.958,1,0.732,
0.778,0.821,1,0.519,
0.793,0.747,1,0.618,
0.665,0.656,0.785,0.528,
0.753,0.736,0.997,0.544,
0.884,0.892,1,0.698,
0.829,0.808,0.992,0.643,
0.84,0.899,0.99,0.62,
0.817,0.861,1,0.55,
0.866,0.888,0.967,0.67,
0.845,0.864,1,0.621,
0.867,0.885,0.99,0.66,
0.869,0.881,0.958,0.757,
0.823,0.815,0.974,0.707,
0.735,0.766,0.974,0.529,
0.756,0.78,0.89,0.601,
0.824,0.843,1,0.661,
0.712,0.679,0.86,0.561,
0.881,0.939,1,0.663,
0.774,0.763,0.934,0.636,
0.725,0.657,1,0.615,
0.85,0.861,0.999,0.638,
0.762,0.76,0.978,0.638,
0.744,0.748,1,0.574,
0.882,0.925,0.969,0.706,
0.877,0.925,0.983,0.681,
0.782,0.836,1,0.56,
0.778,0.792,0.935,0.663,
0.889,0.916,0.959,0.692,
0.794,0.792,1,0.599,
0.769,0.679,1,0.535,
0.821,0.816,0.935,0.726,
0.763,0.781,0.976,0.586,
0.847,0.847,1,0.657,
0.871,0.893,0.984,0.728,
0.858,0.923,1,0.553,
0.767,0.721,0.924,0.654,
0.919,0.96,1,0.638,
0.751,0.716,1,0.599,
0.781,0.794,0.988,0.558,
0.838,0.836,0.985,0.662,
0.835,0.829,0.993,0.607,
0.846,0.873,0.903,0.698,
0.71,0.733,1,0.519,
0.778,0.765,0.949,0.584,
0.819,0.873,1,0.599,
0.755,0.8,0.858,0.618,
0.859,0.911,1,0.616,
0.818,0.828,1,0.622,
0.78,0.772,1,0.531,
0.833,0.853,1,0.574,
0.801,0.8,1,0.535,
0.762,0.754,0.958,0.585,
0.862,0.878,0.958,0.705,
0.851,0.892,1,0.609,
0.825,0.853,0.983,0.593,
0.733,0.758,0.991,0.505,
0.861,0.905,0.975,0.725,
0.742,0.712,0.882,0.615,
0.853,0.821,0.978,0.691,
0.828,0.822,1,0.562,
0.869,0.937,0.979,0.646,
0.823,0.825,0.994,0.641,
0.819,0.816,0.997,0.588,
0.761,0.756,0.998,0.591,
0.887,0.96,0.991,0.625,
0.844,0.847,0.987,0.594,
0.658,0.643,0.857,0.553,
0.821,0.852,1,0.545,
0.705,0.725,0.994,0.503,
0.872,0.865,0.972,0.737,
0.703,0.675,0.932,0.594,
0.854,0.911,0.977,0.582,
0.885,0.927,0.972,0.672,
0.846,0.917,0.996,0.588,
0.859,0.872,0.972,0.712,
0.784,0.768,0.975,0.66,
0.832,0.853,0.989,0.631,
0.801,0.76,1,0.577,
0.834,0.878,0.934,0.674,
0.82,0.8,0.991,0.565,
0.81,0.821,0.951,0.615,
0.729,0.717,0.953,0.634,
0.809,0.792,1,0.563,
0.857,0.877,0.989,0.656,
0.825,0.808,0.967,0.688,
0.744,0.748,1,0.574,
0.786,0.756,1,0.603,
0.764,0.76,0.971,0.553,
0.916,0.96,1,0.734,
0.774,0.814,0.912,0.587,
0.773,0.773,1,0.566,
0.794,0.816,0.932,0.624,
0.826,0.835,0.946,0.634,
0.823,0.847,1,0.585,
0.814,0.771,1,0.579,
0.762,0.748,0.966,0.555,
0.778,0.79,0.985,0.605,
0.871,0.921,1,0.602,
0.814,0.854,0.925,0.628,
0.713,0.703,0.954,0.578,
0.811,0.825,0.98,0.601,
0.797,0.878,1,0.508,
0.798,0.793,0.951,0.581,
0.694,0.699,0.805,0.573,
0.838,0.808,0.976,0.71,
0.921,0.952,0.998,0.766,
0.883,0.928,1,0.665,
0.76,0.735,0.97,0.601,
0.892,0.96,1,0.596,
0.784,0.743,1,0.576,
0.784,0.78,0.893,0.602,
0.853,0.875,0.981,0.626,
0.835,0.865,0.934,0.634,
0.76,0.755,0.958,0.554,
0.791,0.738,1,0.625,
0.791,0.77,0.995,0.672,
0.851,0.893,0.92,0.653,
0.797,0.765,0.946,0.613,
0.88,0.946,1,0.688,
0.864,0.907,0.978,0.67,
0.826,0.85,0.995,0.598,
0.884,0.966,0.99,0.657,
0.839,0.897,0.978,0.593,
0.876,0.909,0.98,0.634,
0.797,0.77,0.967,0.664,
0.824,0.801,0.986,0.602,
0.879,0.913,1,0.651,
0.802,0.829,0.976,0.561,
0.805,0.788,1,0.622,
0.871,0.874,1,0.659,
0.906,0.941,0.996,0.72,
0.904,0.93,1,0.737,
0.885,0.906,0.967,0.748,
0.875,0.938,0.99,0.674,
0.819,0.846,1,0.59,
0.78,0.768,0.991,0.603,
0.815,0.849,0.881,0.654,
0.789,0.805,0.955,0.594,
0.839,0.884,0.968,0.622,
0.832,0.839,1,0.605,
0.688,0.692,1,0.498,
0.866,0.855,0.991,0.737,
0.809,0.869,1,0.547,
0.69,0.693,0.829,0.531,
0.838,0.867,0.995,0.694,
0.71,0.686,0.951,0.567,
0.731,0.738,1,0.544,
0.748,0.747,0.974,0.581,
0.752,0.749,0.89,0.634,
0.739,0.711,0.986,0.546,
0.875,0.92,0.99,0.676,
0.826,0.79,1,0.708,
0.88,0.891,0.988,0.746,
0.856,0.916,1,0.6,
0.805,0.847,0.95,0.618,
0.707,0.71,0.956,0.49,
0.741,0.743,0.98,0.549,
0.825,0.803,0.999,0.63,
0.804,0.831,0.966,0.597,
0.764,0.712,0.981,0.588,
0.78,0.794,0.953,0.602,
0.751,0.77,0.864,0.594,
0.791,0.808,0.967,0.668,
0.782,0.804,0.986,0.557,
0.827,0.884,0.969,0.636,
0.755,0.742,0.936,0.585,
0.909,0.942,1,0.739,
0.76,0.79,0.83,0.566,
0.765,0.763,0.985,0.576,
0.746,0.747,0.929,0.562,
0.885,0.943,0.984,0.698,
0.869,0.93,1,0.622,
0.74,0.724,0.857,0.624,
0.823,0.792,1,0.632,
0.808,0.802,0.97,0.633,
0.871,0.895,0.956,0.667,
0.761,0.778,0.959,0.596,
0.798,0.73,1,0.646,
0.885,0.905,0.995,0.698,
0.886,0.905,1,0.657,
0.824,0.794,0.959,0.7,
0.774,0.713,0.993,0.54,
0.777,0.807,0.99,0.595,
0.711,0.716,0.989,0.55,
0.901,0.967,1,0.684,
0.69,0.698,0.992,0.457,
0.873,0.96,1,0.601,
0.756,0.74,0.98,0.545,
0.797,0.77,0.967,0.506,
0.76,0.704,0.977,0.638,
0.819,0.857,0.982,0.58,
0.769,0.738,0.949,0.559,
0.844,0.911,1,0.637,
0.821,0.841,1,0.648,
0.781,0.792,0.891,0.62,
0.839,0.891,0.994,0.624,
0.759,0.805,0.924,0.615,
0.783,0.812,0.857,0.625,
0.761,0.774,1,0.487,
0.697,0.694,0.908,0.57,
0.824,0.816,0.977,0.631,
0.818,0.858,0.967,0.533,
0.88,0.887,1,0.733,
0.72,0.705,0.925,0.599,
0.843,0.861,1,0.629,
0.876,0.95,1,0.627,
0.751,0.712,1,0.552,
0.815,0.871,1,0.564,
0.737,0.728,0.993,0.578,
0.783,0.815,0.975,0.618,
0.846,0.893,0.971,0.638,
0.788,0.768,1,0.606,
0.753,0.729,1,0.586,
0.908,0.917,1,0.804,
0.77,0.752,1,0.511,
0.725,0.72,1,0.525,
0.794,0.788,0.992,0.564,
0.858,0.885,1,0.618,
0.661,0.611,0.865,0.512,
0.86,0.913,0.968,0.62,
0.731,0.694,0.952,0.611,
0.688,0.689,0.825,0.57,
0.742,0.712,1,0.46,
0.839,0.861,0.969,0.639,
0.808,0.825,0.998,0.578,
0.819,0.84,0.927,0.61,
0.842,0.887,0.933,0.672,
0.846,0.893,1,0.541,
0.882,0.912,1,0.68,
0.831,0.886,1,0.525,
0.825,0.863,0.982,0.615,
0.878,0.929,0.979,0.687,
0.781,0.792,0.982,0.559,
0.724,0.738,0.845,0.574,
0.771,0.744,0.932,0.597,
0.843,0.85,0.964,0.628,
0.848,0.933,1,0.586,
0.788,0.818,0.954,0.64,
0.803,0.784,0.989,0.556,
0.873,0.891,1,0.687,
0.881,0.892,0.998,0.719,
0.758,0.756,1,0.584,
0.816,0.843,0.884,0.677,
0.742,0.739,0.9,0.591,
0.814,0.796,0.973,0.638,
0.871,0.883,0.97,0.728,
0.858,0.957,1,0.528,
0.851,0.885,0.993,0.647,
0.92,0.94,1,0.756,
0.907,0.958,1,0.631,
0.872,0.895,0.973,0.702,
0.744,0.762,0.877,0.616,
0.793,0.732,1,0.546,
0.788,0.813,0.964,0.555,
0.802,0.792,1,0.576,
0.83,0.847,1,0.577,
0.72,0.73,0.935,0.567,
0.904,0.956,0.985,0.739,
0.887,0.89,0.991,0.738,
0.854,0.865,0.994,0.742,
0.82,0.855,0.986,0.661,
0.874,0.96,1,0.545,
0.828,0.885,0.968,0.62,
0.823,0.806,0.956,0.662,
0.892,0.899,0.971,0.775,
0.872,0.895,0.996,0.654,
0.876,0.978,1,0.604,
0.758,0.755,0.862,0.689,
0.879,0.933,0.992,0.609,
0.733,0.76,1,0.478,
0.801,0.855,0.97,0.602,
0.796,0.77,1,0.573,
0.812,0.843,0.936,0.583,
0.738,0.751,0.834,0.565,
0.847,0.897,1,0.559,
0.828,0.823,0.95,0.692,
0.798,0.809,0.892,0.647,
0.76,0.757,1,0.508,
0.786,0.741,1,0.621,
0.891,0.933,0.996,0.718,
0.765,0.754,0.919,0.571,
0.847,0.867,0.942,0.674,
0.845,0.897,0.94,0.618,
0.881,0.893,1,0.659,
0.862,0.868,1,0.646,
0.857,0.922,1,0.614,
0.86,0.905,0.958,0.638,
0.84,0.889,1,0.658,
0.75,0.766,0.993,0.521,
0.807,0.837,1,0.559,
0.821,0.806,1,0.613,
0.737,0.768,0.954,0.566,
0.848,0.865,1,0.617,
0.822,0.831,1,0.594,
0.842,0.829,1,0.712,
0.635,0.649,0.697,0.462,
0.839,0.885,1,0.605,
0.739,0.719,0.886,0.601,
0.777,0.686,1,0.536,
0.846,0.881,1,0.612,
0.851,0.891,0.959,0.681,
0.863,0.924,0.999,0.578,
0.802,0.845,0.892,0.664,
0.795,0.773,0.917,0.683,
0.809,0.865,1,0.564,
0.785,0.802,0.971,0.641,
0.798,0.798,0.922,0.665,
0.768,0.778,0.91,0.606,
0.799,0.79,0.954,0.567,
0.791,0.787,0.949,0.647,
0.77,0.77,0.884,0.557,
0.787,0.845,0.882,0.55,
0.851,0.899,0.989,0.575,
0.812,0.889,0.911,0.527,
0.819,0.834,0.995,0.569,
0.833,0.849,0.907,0.673,
0.822,0.899,0.96,0.465,
0.822,0.844,0.932,0.579,
0.747,0.726,0.946,0.554,
0.79,0.806,0.907,0.52,
0.775,0.81,0.852,0.617,
0.814,0.837,0.931,0.541,
0.834,0.855,0.978,0.553,
0.729,0.712,0.874,0.603,
0.805,0.823,0.991,0.587,
0.862,0.899,1,0.568,
0.697,0.72,1,0.555,
0.82,0.861,0.953,0.637,
0.894,0.899,1,0.76,
0.787,0.809,0.906,0.61,
0.788,0.8,0.948,0.598,
0.675,0.681,0.88,0.474,
0.752,0.72,0.93,0.639,
0.831,0.913,0.968,0.509,
0.769,0.762,0.977,0.522,
0.826,0.84,0.986,0.655,
0.763,0.758,0.965,0.532,
0.775,0.792,0.873,0.631,
0.751,0.726,0.984,0.515,
0.871,0.96,1,0.675,
0.794,0.752,1,0.616,
0.811,0.821,0.974,0.584,
0.834,0.824,1,0.716,
0.74,0.757,0.854,0.582,
0.713,0.69,0.849,0.607,
0.697,0.7,0.817,0.59,
0.856,0.929,1,0.604,
0.823,0.854,1,0.649,
0.921,0.948,1,0.746,
0.865,0.894,0.973,0.61,
0.787,0.846,0.948,0.487,
0.813,0.832,0.98,0.652,
0.843,0.895,1,0.651,
0.818,0.822,1,0.628,
0.762,0.774,0.997,0.577,
0.752,0.751,0.987,0.567,
0.819,0.841,0.97,0.603,
0.823,0.824,0.972,0.618,
0.804,0.831,0.947,0.623,
0.715,0.752,0.768,0.553,
0.765,0.758,0.967,0.542,
0.805,0.793,0.996,0.634,
0.806,0.795,0.985,0.588,
0.804,0.814,0.937,0.603,
0.843,0.929,1,0.565,
0.848,0.885,0.928,0.683,
0.875,0.903,0.976,0.684,
0.758,0.778,0.863,0.615,
0.836,0.872,0.981,0.62,
0.807,0.843,0.908,0.653,
0.815,0.836,1,0.546,
0.881,0.933,1,0.719,
0.796,0.79,0.986,0.57,
0.749,0.774,0.863,0.603,
0.797,0.851,1,0.512,
0.847,0.948,1,0.55,
0.891,0.935,1,0.628,
0.815,0.844,0.966,0.613,
0.76,0.74,1,0.571,
0.782,0.74,1,0.566,
0.764,0.716,0.951,0.619,
0.796,0.817,1,0.629,
0.748,0.679,0.994,0.587,
0.749,0.737,0.89,0.569,
0.706,0.718,0.785,0.572,
0.743,0.731,0.949,0.504,
0.878,0.903,0.942,0.662,




Further Data analysis of all test cases 
avg med max min 
AVGs,0.481,0.48,0.643,0.349,
MEDs,0.475,0.474,0.649,0.336,
MAXs,0.541,0.538,0.743,0.406,
MINs,0.45,0.451,0.572,0.307,


AVGs,0.737,0.738,0.891,0.552,
MEDs,0.751,0.75,0.92,0.542,
MAXs,0.838,0.844,1,0.596,
MINs,0.569,0.565,0.777,0.409,


AVGs,0.808,0.812,0.925,0.635,
MEDs,0.827,0.83,0.978,0.591,
MAXs,0.965,0.98,1,0.697,
MINs,0.602,0.599,0.804,0.426,



