

Data analysis for each instance 
AVG,MED,MAX,MIN
0.628,0.595,0.911,0.582,
0.651,0.621,0.945,0.598,
0.668,0.652,0.956,0.591,
0.619,0.579,0.944,0.556,
0.639,0.593,0.938,0.586,
0.629,0.584,0.955,0.579,
0.633,0.592,0.947,0.562,
0.633,0.597,0.947,0.564,
0.619,0.584,0.9,0.542,
0.643,0.601,0.923,0.584,
0.644,0.611,0.914,0.589,
0.573,0.53,0.864,0.514,
0.635,0.597,0.946,0.575,
0.615,0.581,0.96,0.538,
0.66,0.626,0.947,0.611,
0.628,0.589,0.957,0.553,
0.609,0.569,0.945,0.539,
0.605,0.578,0.962,0.507,
0.617,0.571,0.902,0.56,
0.681,0.649,0.966,0.617,
0.611,0.577,0.928,0.541,
0.632,0.595,0.933,0.572,
0.628,0.589,0.936,0.551,
0.656,0.609,0.95,0.604,
0.625,0.584,0.947,0.565,
0.634,0.605,0.952,0.548,
0.633,0.593,0.939,0.591,
0.642,0.603,0.926,0.571,
0.654,0.609,0.95,0.598,
0.615,0.581,0.895,0.569,
0.675,0.652,0.942,0.602,
0.585,0.546,0.93,0.514,
0.61,0.556,0.935,0.544,
0.651,0.619,0.952,0.596,
0.643,0.601,0.953,0.587,
0.668,0.64,0.933,0.616,
0.653,0.612,0.93,0.599,
0.627,0.594,0.94,0.575,
0.633,0.587,0.953,0.565,
0.635,0.601,0.936,0.578,
0.638,0.599,0.939,0.581,
0.655,0.62,0.958,0.601,
0.669,0.629,0.951,0.622,
0.618,0.579,0.926,0.555,
0.645,0.619,0.958,0.563,
0.685,0.657,0.954,0.624,
0.601,0.555,0.938,0.527,
0.613,0.579,0.935,0.53,
0.642,0.604,0.934,0.595,
0.619,0.572,0.945,0.547,
0.641,0.605,0.95,0.582,
0.632,0.593,0.949,0.538,
0.629,0.586,0.948,0.562,
0.623,0.598,0.928,0.526,
0.622,0.581,0.939,0.562,
0.596,0.569,0.943,0.507,
0.641,0.6,0.948,0.592,
0.597,0.562,0.872,0.552,
0.657,0.608,0.983,0.57,
0.611,0.569,0.916,0.54,
0.604,0.556,0.93,0.539,
0.656,0.619,0.929,0.598,
0.613,0.578,0.943,0.543,
0.616,0.571,0.951,0.563,
0.606,0.554,0.941,0.547,
0.583,0.559,0.86,0.5,
0.629,0.585,0.953,0.564,
0.613,0.567,0.942,0.541,
0.625,0.578,0.951,0.558,
0.597,0.537,0.935,0.526,
0.645,0.611,0.943,0.595,
0.672,0.63,0.935,0.613,
0.653,0.616,0.942,0.602,
0.632,0.601,0.946,0.552,
0.65,0.617,0.937,0.593,
0.625,0.589,0.927,0.562,
0.671,0.641,0.954,0.613,
0.601,0.542,0.953,0.529,
0.657,0.618,0.933,0.599,
0.677,0.657,0.951,0.597,
0.622,0.576,0.963,0.562,
0.665,0.64,0.943,0.596,
0.655,0.609,0.955,0.592,
0.661,0.634,0.925,0.604,
0.607,0.571,0.937,0.538,
0.61,0.562,0.942,0.535,
0.657,0.629,0.951,0.57,
0.643,0.609,0.935,0.58,
0.608,0.573,0.964,0.536,
0.616,0.573,0.91,0.563,
0.599,0.55,0.946,0.532,
0.643,0.603,0.934,0.558,
0.574,0.543,0.871,0.507,
0.666,0.633,0.969,0.611,
0.643,0.617,0.979,0.562,
0.705,0.675,0.953,0.656,
0.619,0.586,0.946,0.541,
0.617,0.579,0.946,0.531,
0.584,0.547,0.856,0.547,
0.612,0.568,0.938,0.542,
0.535,0.486,0.846,0.462,
0.635,0.589,0.955,0.577,
0.669,0.633,0.963,0.606,
0.605,0.552,0.925,0.54,
0.649,0.615,0.947,0.582,
0.64,0.595,0.938,0.581,
0.627,0.573,0.952,0.565,
0.629,0.597,0.939,0.549,
0.653,0.635,0.946,0.54,
0.651,0.608,0.936,0.594,
0.59,0.548,0.937,0.519,
0.639,0.589,0.952,0.58,
0.653,0.616,0.923,0.591,
0.645,0.609,0.943,0.582,
0.68,0.655,0.955,0.624,
0.599,0.567,0.874,0.547,
0.638,0.594,0.949,0.568,
0.637,0.589,0.94,0.579,
0.619,0.579,0.876,0.566,
0.641,0.602,0.933,0.591,
0.623,0.582,0.951,0.561,
0.62,0.583,0.952,0.542,
0.669,0.637,0.958,0.601,
0.658,0.626,0.957,0.584,
0.613,0.583,0.943,0.524,
0.651,0.619,0.931,0.593,
0.64,0.609,0.936,0.548,
0.664,0.636,0.955,0.606,
0.627,0.611,0.934,0.547,
0.591,0.532,0.935,0.529,
0.624,0.577,0.939,0.555,
0.634,0.603,0.955,0.545,
0.629,0.578,0.94,0.566,
0.605,0.57,0.937,0.516,
0.654,0.619,0.94,0.576,
0.64,0.617,0.951,0.557,
0.621,0.584,0.956,0.555,
0.622,0.585,0.939,0.558,
0.625,0.571,0.947,0.567,
0.599,0.567,0.82,0.554,
0.63,0.587,0.941,0.56,
0.614,0.587,0.825,0.533,
0.666,0.627,0.969,0.62,
0.586,0.52,0.964,0.51,
0.656,0.621,0.919,0.607,
0.625,0.577,0.953,0.563,
0.616,0.578,0.939,0.543,
0.612,0.569,0.939,0.539,
0.554,0.486,0.953,0.483,
0.625,0.592,0.941,0.562,
0.599,0.573,0.871,0.523,
0.614,0.579,0.92,0.542,
0.648,0.633,0.92,0.575,
0.654,0.606,0.961,0.603,
0.682,0.655,0.943,0.618,
0.613,0.573,0.953,0.529,
0.627,0.597,0.945,0.538,
0.631,0.591,0.945,0.549,
0.655,0.618,0.975,0.578,
0.618,0.575,0.948,0.54,
0.593,0.559,0.938,0.514,
0.628,0.591,0.934,0.568,
0.617,0.557,0.954,0.554,
0.636,0.6,0.951,0.545,
0.599,0.553,0.943,0.542,
0.639,0.609,0.953,0.567,
0.608,0.558,0.958,0.556,
0.629,0.59,0.946,0.568,
0.665,0.631,0.959,0.602,
0.625,0.583,0.929,0.578,
0.621,0.58,0.941,0.55,
0.639,0.599,0.9,0.592,
0.6,0.55,0.951,0.547,
0.656,0.627,0.918,0.599,
0.669,0.636,0.94,0.62,
0.642,0.605,0.95,0.589,
0.604,0.546,0.953,0.543,
0.611,0.579,0.904,0.546,
0.64,0.605,0.929,0.586,
0.63,0.593,0.931,0.577,
0.626,0.582,0.942,0.571,
0.627,0.577,0.95,0.551,
0.653,0.635,0.882,0.575,
0.588,0.553,0.876,0.524,
0.621,0.577,0.94,0.563,
0.634,0.603,0.939,0.571,
0.634,0.581,0.948,0.57,
0.655,0.619,0.928,0.59,
0.61,0.569,0.94,0.54,
0.657,0.635,0.955,0.566,
0.597,0.533,0.961,0.523,
0.654,0.615,0.96,0.6,
0.659,0.631,0.938,0.589,
0.624,0.575,0.946,0.562,
0.607,0.57,0.91,0.523,
0.621,0.568,0.949,0.538,
0.607,0.565,0.922,0.537,
0.647,0.612,0.932,0.56,
0.58,0.526,0.955,0.508,
0.59,0.539,0.953,0.532,
0.64,0.611,0.936,0.555,
0.648,0.603,0.964,0.599,
0.621,0.58,0.954,0.547,
0.594,0.534,0.973,0.531,
0.611,0.569,0.948,0.55,
0.649,0.613,0.936,0.604,
0.633,0.598,0.967,0.561,
0.625,0.605,0.903,0.553,
0.616,0.576,0.947,0.538,
0.621,0.571,0.932,0.563,
0.609,0.574,0.896,0.556,
0.662,0.633,0.953,0.577,
0.613,0.569,0.925,0.557,
0.651,0.622,0.941,0.582,
0.642,0.597,0.961,0.581,
0.641,0.597,0.957,0.582,
0.597,0.548,0.929,0.548,
0.595,0.55,0.93,0.539,
0.673,0.641,0.952,0.618,
0.619,0.58,0.93,0.53,
0.629,0.591,0.932,0.584,
0.612,0.579,0.874,0.568,
0.63,0.601,0.937,0.56,
0.647,0.611,0.94,0.596,
0.651,0.61,0.943,0.58,
0.624,0.572,0.948,0.556,
0.646,0.604,0.931,0.59,
0.627,0.598,0.932,0.556,
0.662,0.629,0.941,0.614,
0.611,0.566,0.932,0.545,
0.571,0.534,0.929,0.484,
0.62,0.577,0.944,0.561,
0.618,0.581,0.947,0.552,
0.597,0.54,0.94,0.531,
0.612,0.57,0.933,0.539,
0.578,0.524,0.935,0.498,
0.623,0.589,0.935,0.564,
0.566,0.524,0.822,0.516,
0.592,0.55,0.934,0.515,
0.666,0.631,0.946,0.621,
0.65,0.619,0.945,0.585,
0.603,0.558,0.96,0.517,
0.594,0.544,0.94,0.544,
0.686,0.661,0.94,0.622,
0.656,0.613,0.955,0.601,
0.651,0.607,0.949,0.583,
0.651,0.609,0.936,0.598,
0.667,0.633,0.941,0.616,
0.612,0.564,0.926,0.557,
0.649,0.619,0.907,0.592,
0.583,0.522,0.955,0.518,
0.631,0.589,0.949,0.578,
0.641,0.609,0.952,0.559,
0.586,0.528,0.953,0.524,
0.645,0.623,0.949,0.552,
0.648,0.613,0.951,0.582,
0.668,0.642,0.963,0.606,
0.635,0.594,0.937,0.554,
0.674,0.639,0.959,0.615,
0.612,0.583,0.919,0.541,
0.666,0.627,0.968,0.597,
0.641,0.604,0.947,0.574,
0.638,0.603,0.938,0.594,
0.607,0.566,0.956,0.517,
0.639,0.61,0.938,0.574,
0.655,0.624,0.936,0.605,
0.618,0.587,0.94,0.54,
0.648,0.605,0.957,0.592,
0.705,0.677,0.994,0.639,
0.638,0.599,0.956,0.58,
0.677,0.645,0.957,0.634,
0.631,0.595,0.935,0.576,
0.641,0.613,0.957,0.58,
0.627,0.584,0.957,0.56,
0.649,0.609,0.942,0.589,
0.623,0.599,0.815,0.575,
0.675,0.641,0.943,0.628,
0.621,0.583,0.953,0.545,
0.68,0.65,0.953,0.581,
0.612,0.575,0.947,0.522,
0.649,0.625,0.966,0.558,
0.625,0.597,0.946,0.537,
0.638,0.603,0.933,0.573,
0.65,0.625,0.941,0.585,
0.601,0.558,0.934,0.545,
0.637,0.601,0.942,0.568,
0.65,0.621,0.936,0.584,
0.646,0.612,0.948,0.563,
0.603,0.549,0.954,0.543,
0.674,0.638,0.925,0.629,
0.636,0.591,0.938,0.554,
0.629,0.59,0.951,0.568,
0.629,0.595,0.929,0.574,
0.643,0.611,0.933,0.591,
0.606,0.56,0.956,0.543,
0.67,0.632,0.933,0.623,
0.627,0.595,0.934,0.559,
0.604,0.552,0.939,0.543,
0.625,0.589,0.944,0.56,
0.627,0.585,0.929,0.563,
0.647,0.612,0.937,0.56,
0.629,0.593,0.932,0.569,
0.633,0.601,0.953,0.544,
0.606,0.579,0.913,0.535,
0.659,0.634,0.932,0.604,
0.584,0.562,0.87,0.498,
0.632,0.587,0.939,0.575,
0.617,0.571,0.948,0.547,
0.647,0.611,0.965,0.571,
0.578,0.55,0.873,0.505,
0.6,0.54,0.946,0.536,
0.639,0.597,0.95,0.58,
0.636,0.599,0.927,0.569,
0.616,0.569,0.934,0.528,
0.612,0.571,0.934,0.542,
0.591,0.565,0.855,0.535,
0.673,0.644,0.959,0.621,
0.603,0.561,0.955,0.511,
0.556,0.509,0.809,0.506,
0.625,0.585,0.951,0.527,
0.631,0.587,0.937,0.571,
0.616,0.579,0.953,0.56,
0.633,0.592,0.94,0.582,
0.652,0.613,0.957,0.601,
0.619,0.583,0.969,0.539,
0.616,0.583,0.947,0.559,
0.65,0.612,0.947,0.597,
0.613,0.569,0.892,0.527,
0.652,0.611,0.956,0.61,
0.62,0.569,0.965,0.548,
0.597,0.545,0.938,0.526,
0.629,0.597,0.89,0.563,
0.622,0.583,0.937,0.563,
0.628,0.587,0.95,0.568,
0.64,0.599,0.937,0.589,
0.632,0.589,0.935,0.588,
0.638,0.607,0.969,0.556,
0.677,0.647,0.951,0.625,
0.624,0.585,0.936,0.545,
0.618,0.585,0.939,0.541,
0.61,0.571,0.946,0.534,
0.644,0.601,0.96,0.587,
0.613,0.583,0.904,0.538,
0.636,0.593,0.942,0.558,
0.619,0.575,0.921,0.538,
0.637,0.597,0.943,0.56,
0.659,0.62,0.957,0.617,
0.636,0.599,0.938,0.576,
0.667,0.642,0.965,0.607,
0.641,0.619,0.899,0.572,
0.611,0.562,0.956,0.54,
0.674,0.629,0.944,0.587,
0.546,0.493,0.884,0.486,
0.622,0.595,0.888,0.544,
0.628,0.589,0.953,0.562,
0.633,0.591,0.943,0.577,
0.669,0.628,0.948,0.616,
0.575,0.539,0.852,0.504,
0.632,0.591,0.938,0.574,
0.636,0.595,0.944,0.566,
0.658,0.617,0.953,0.611,
0.627,0.59,0.939,0.567,
0.624,0.583,0.962,0.558,
0.692,0.669,1,0.594,
0.608,0.561,0.954,0.539,
0.63,0.591,0.94,0.549,
0.647,0.616,0.928,0.577,
0.631,0.582,0.938,0.554,
0.592,0.553,0.916,0.518,
0.65,0.627,0.933,0.592,
0.613,0.572,0.927,0.549,
0.62,0.581,0.917,0.568,
0.644,0.605,0.934,0.582,
0.663,0.631,0.924,0.615,
0.638,0.609,0.934,0.566,
0.621,0.591,0.954,0.535,
0.585,0.543,0.928,0.516,
0.634,0.615,0.881,0.551,
0.618,0.587,0.939,0.549,
0.598,0.554,0.946,0.536,
0.584,0.523,0.959,0.52,
0.607,0.571,0.952,0.54,
0.638,0.594,0.954,0.566,
0.647,0.619,0.949,0.575,
0.691,0.663,0.953,0.64,
0.641,0.609,0.945,0.576,
0.617,0.581,0.958,0.533,
0.621,0.595,0.934,0.52,
0.656,0.615,0.959,0.597,
0.636,0.621,0.94,0.553,
0.596,0.567,0.94,0.51,
0.61,0.565,0.946,0.53,
0.618,0.579,0.942,0.541,
0.592,0.55,0.951,0.51,
0.614,0.568,0.961,0.558,
0.583,0.53,0.938,0.502,
0.668,0.635,0.934,0.606,
0.64,0.6,0.932,0.571,
0.651,0.621,0.939,0.598,
0.648,0.611,0.955,0.579,
0.653,0.621,0.944,0.584,
0.646,0.612,0.931,0.591,
0.622,0.591,0.928,0.541,
0.614,0.575,0.93,0.553,
0.6,0.548,0.914,0.541,
0.635,0.597,0.954,0.555,
0.656,0.621,0.939,0.608,
0.617,0.575,0.927,0.573,
0.588,0.548,0.901,0.515,
0.615,0.577,0.934,0.541,
0.636,0.599,0.938,0.569,
0.608,0.554,0.935,0.552,
0.638,0.597,0.925,0.573,
0.639,0.594,0.956,0.578,
0.636,0.593,0.947,0.579,
0.645,0.617,0.937,0.564,
0.625,0.591,0.942,0.533,
0.631,0.593,0.941,0.582,
0.604,0.561,0.948,0.528,
0.63,0.581,0.958,0.577,
0.656,0.63,0.954,0.553,
0.676,0.627,0.958,0.609,
0.637,0.601,0.947,0.571,
0.64,0.6,0.955,0.577,
0.667,0.631,0.967,0.608,
0.661,0.625,0.941,0.579,
0.61,0.577,0.944,0.526,
0.622,0.584,0.93,0.539,
0.653,0.615,0.954,0.582,
0.588,0.542,0.934,0.514,
0.682,0.655,0.964,0.605,
0.672,0.636,0.953,0.625,
0.62,0.579,0.944,0.562,
0.658,0.624,0.94,0.581,
0.625,0.586,0.944,0.546,
0.601,0.554,0.953,0.523,
0.584,0.539,0.932,0.505,
0.657,0.625,0.94,0.603,
0.6,0.556,0.942,0.518,
0.649,0.619,0.947,0.567,
0.633,0.599,0.936,0.572,
0.633,0.597,0.931,0.569,
0.648,0.599,0.952,0.592,
0.585,0.526,0.924,0.491,
0.631,0.571,0.945,0.556,
0.679,0.655,0.935,0.623,
0.655,0.618,0.95,0.594,
0.655,0.623,0.955,0.581,
0.648,0.616,0.947,0.58,
0.619,0.577,0.943,0.565,
0.619,0.581,0.915,0.571,
0.643,0.595,0.958,0.574,
0.647,0.627,0.922,0.558,
0.643,0.598,0.959,0.582,
0.645,0.609,0.94,0.592,
0.659,0.619,0.955,0.618,
0.588,0.554,0.938,0.474,
0.613,0.57,0.882,0.568,
0.599,0.55,0.938,0.535,
0.617,0.575,0.935,0.543,
0.604,0.562,0.913,0.544,
0.596,0.563,0.926,0.529,
0.622,0.581,0.947,0.569,
0.633,0.589,0.968,0.566,
0.629,0.591,0.963,0.544,
0.662,0.625,0.958,0.574,
0.647,0.609,0.952,0.578,
0.618,0.567,0.942,0.533,
0.633,0.601,0.936,0.561,
0.625,0.573,0.957,0.564,
0.661,0.629,0.967,0.603,
0.621,0.575,0.934,0.57,
0.605,0.55,0.943,0.546,
0.629,0.595,0.937,0.562,
0.636,0.588,0.941,0.571,
0.644,0.615,0.94,0.574,
0.622,0.593,0.933,0.511,
0.642,0.597,0.96,0.572,
0.636,0.6,0.941,0.557,
0.621,0.563,0.923,0.56,
0.641,0.605,0.947,0.562,
0.614,0.58,0.937,0.538,
0.642,0.598,0.952,0.596,
0.616,0.572,0.945,0.548,
0.648,0.605,0.957,0.58,
0.649,0.611,0.954,0.588,
0.645,0.601,0.94,0.569,
0.641,0.604,0.944,0.588,
0.603,0.569,0.946,0.526,
0.662,0.625,0.951,0.584,
0.652,0.62,0.963,0.58,
0.592,0.552,0.922,0.516,
0.643,0.597,0.959,0.582,
0.644,0.611,0.947,0.584,
0.625,0.586,0.913,0.561,
0.628,0.588,0.96,0.557,
0.639,0.594,0.942,0.586,
0.637,0.601,0.966,0.555,
0.62,0.581,0.942,0.541,
0.668,0.637,0.956,0.614,
0.639,0.601,0.929,0.584,
0.62,0.583,0.925,0.549,
0.666,0.633,0.95,0.583,
0.642,0.599,0.939,0.594,
0.653,0.627,0.955,0.569,
0.612,0.571,0.93,0.545,
0.633,0.592,0.958,0.564,
0.614,0.577,0.945,0.541,
0.643,0.612,0.937,0.583,
0.653,0.61,0.966,0.604,
0.616,0.575,0.94,0.535,
0.637,0.581,0.955,0.56,
0.583,0.544,0.936,0.496,
0.682,0.653,0.936,0.627,
0.671,0.647,0.939,0.594,
0.634,0.589,0.952,0.583,
0.608,0.565,0.93,0.548,
0.641,0.605,0.937,0.585,
0.582,0.536,0.943,0.501,
0.631,0.591,0.936,0.582,
0.616,0.567,0.935,0.554,
0.653,0.613,0.98,0.557,
0.636,0.598,0.95,0.57,
0.618,0.569,0.958,0.537,
0.61,0.568,0.944,0.522,
0.589,0.538,0.942,0.513,
0.615,0.577,0.929,0.563,
0.633,0.605,0.925,0.554,
0.604,0.574,0.93,0.524,
0.631,0.587,0.959,0.579,
0.616,0.591,0.853,0.558,
0.671,0.633,0.978,0.621,
0.604,0.562,0.933,0.526,
0.616,0.581,0.895,0.569,
0.657,0.621,0.946,0.599,
0.627,0.589,0.928,0.581,
0.554,0.488,0.976,0.465,
0.542,0.477,0.965,0.46,
0.498,0.446,0.942,0.406,
0.515,0.443,0.953,0.43,
0.541,0.482,0.942,0.466,
0.515,0.444,0.957,0.415,
0.547,0.483,0.95,0.476,
0.556,0.5,0.949,0.477,
0.574,0.526,0.925,0.525,
0.506,0.429,0.958,0.419,
0.512,0.43,0.945,0.417,
0.503,0.442,0.952,0.396,
0.591,0.538,0.966,0.527,
0.551,0.491,0.953,0.464,
0.498,0.437,0.941,0.422,
0.541,0.479,0.939,0.434,
0.568,0.524,0.949,0.465,
0.498,0.429,0.94,0.427,
0.538,0.482,0.951,0.451,
0.538,0.49,0.952,0.447,
0.583,0.534,0.94,0.534,
0.511,0.439,0.963,0.419,
0.59,0.569,0.924,0.486,
0.564,0.526,0.946,0.443,
0.507,0.436,0.938,0.414,
0.574,0.525,0.939,0.508,
0.506,0.435,0.935,0.424,
0.487,0.41,0.958,0.403,
0.491,0.412,0.965,0.411,
0.528,0.478,0.923,0.411,
0.489,0.412,0.943,0.41,
0.527,0.475,0.941,0.427,
0.595,0.54,0.95,0.53,
0.522,0.448,0.93,0.445,
0.502,0.427,0.939,0.407,
0.534,0.502,0.938,0.431,
0.505,0.457,0.935,0.393,
0.537,0.473,0.935,0.452,
0.526,0.478,0.918,0.451,
0.506,0.442,0.954,0.44,
0.478,0.405,0.935,0.403,
0.552,0.517,0.935,0.45,
0.501,0.436,0.97,0.41,
0.507,0.435,0.968,0.423,
0.536,0.478,0.948,0.437,
0.492,0.413,0.964,0.412,
0.524,0.463,0.942,0.436,
0.489,0.419,0.963,0.401,
0.532,0.483,0.919,0.444,
0.544,0.488,0.929,0.488,
0.551,0.506,0.934,0.465,
0.519,0.436,0.952,0.428,
0.532,0.464,0.96,0.457,
0.513,0.437,0.963,0.432,
0.57,0.531,0.948,0.464,
0.528,0.471,0.962,0.432,
0.565,0.536,0.948,0.419,
0.485,0.418,0.942,0.393,
0.518,0.453,0.934,0.44,
0.533,0.475,0.934,0.421,
0.498,0.421,0.948,0.41,
0.497,0.428,0.922,0.413,
0.601,0.565,0.965,0.515,
0.551,0.487,0.968,0.487,
0.521,0.453,0.933,0.452,
0.536,0.512,0.948,0.431,
0.553,0.489,0.94,0.47,
0.516,0.45,0.952,0.431,
0.536,0.504,0.888,0.437,
0.549,0.495,0.949,0.438,
0.499,0.431,0.938,0.416,
0.543,0.489,0.967,0.451,
0.517,0.454,0.945,0.42,
0.509,0.436,0.935,0.417,
0.57,0.516,0.948,0.512,
0.508,0.443,0.966,0.417,
0.591,0.55,0.935,0.502,
0.492,0.419,0.95,0.416,
0.519,0.463,0.941,0.437,
0.592,0.548,0.937,0.495,
0.542,0.489,0.944,0.456,
0.476,0.401,0.93,0.398,
0.503,0.444,0.945,0.432,
0.504,0.444,0.923,0.423,
0.498,0.428,0.945,0.408,
0.522,0.458,0.942,0.424,
0.504,0.438,0.931,0.426,
0.53,0.458,0.946,0.439,
0.646,0.611,0.939,0.583,
0.489,0.412,0.95,0.408,
0.463,0.415,0.863,0.369,
0.554,0.498,0.949,0.452,
0.511,0.427,0.952,0.416,
0.553,0.501,0.933,0.494,
0.553,0.504,0.936,0.46,
0.53,0.457,0.967,0.429,
0.528,0.454,0.941,0.446,
0.507,0.468,0.935,0.408,
0.595,0.538,0.965,0.537,
0.546,0.506,0.943,0.451,
0.502,0.444,0.938,0.417,
0.502,0.454,0.901,0.416,
0.495,0.445,0.901,0.387,
0.507,0.45,0.937,0.42,
0.537,0.52,0.932,0.409,
0.488,0.428,0.891,0.417,
0.487,0.42,0.924,0.399,
0.575,0.522,0.964,0.507,
0.53,0.472,0.941,0.435,
0.503,0.42,0.955,0.417,
0.491,0.415,0.931,0.412,
0.51,0.442,0.954,0.438,
0.537,0.469,0.929,0.462,
0.597,0.565,0.942,0.491,
0.514,0.45,0.931,0.434,
0.484,0.405,0.927,0.402,
0.504,0.424,0.949,0.419,
0.539,0.477,0.938,0.475,
0.488,0.406,0.939,0.402,
0.496,0.435,0.924,0.411,
0.585,0.54,0.96,0.488,
0.516,0.457,0.948,0.412,
0.593,0.559,0.939,0.498,
0.516,0.45,0.957,0.431,
0.496,0.429,0.951,0.423,
0.496,0.423,0.93,0.419,
0.522,0.451,0.953,0.425,
0.569,0.542,0.961,0.435,
0.493,0.415,0.937,0.41,
0.484,0.409,0.953,0.408,
0.493,0.42,0.941,0.41,
0.521,0.456,0.949,0.435,
0.489,0.414,0.913,0.406,
0.507,0.441,0.945,0.426,
0.574,0.514,0.958,0.509,
0.55,0.502,0.939,0.438,
0.471,0.398,0.901,0.397,
0.518,0.462,0.952,0.414,
0.522,0.467,0.947,0.441,
0.496,0.409,0.963,0.408,
0.52,0.452,0.942,0.42,
0.489,0.424,0.893,0.405,
0.518,0.447,0.93,0.414,
0.552,0.504,0.928,0.488,
0.554,0.495,0.957,0.475,
0.537,0.495,0.916,0.412,
0.561,0.516,0.938,0.489,
0.595,0.558,0.937,0.517,
0.578,0.532,0.949,0.497,
0.528,0.489,0.913,0.417,
0.503,0.43,0.939,0.428,
0.563,0.506,0.949,0.5,
0.493,0.427,0.952,0.427,
0.481,0.405,0.934,0.404,
0.51,0.449,0.947,0.408,
0.541,0.475,0.951,0.471,
0.615,0.567,0.963,0.538,
0.491,0.419,0.941,0.399,
0.599,0.558,0.954,0.504,
0.595,0.571,0.93,0.485,
0.51,0.446,0.947,0.416,
0.561,0.516,0.946,0.428,
0.501,0.445,0.932,0.401,
0.545,0.491,0.952,0.49,
0.509,0.435,0.947,0.406,
0.528,0.447,0.963,0.416,
0.592,0.548,0.938,0.5,
0.485,0.418,0.944,0.402,
0.485,0.419,0.951,0.4,
0.561,0.502,0.94,0.459,
0.539,0.48,0.967,0.454,
0.579,0.536,0.951,0.504,
0.533,0.477,0.941,0.436,
0.574,0.529,0.937,0.502,
0.495,0.421,0.955,0.413,
0.537,0.486,0.951,0.429,
0.557,0.498,0.961,0.471,
0.558,0.528,0.944,0.425,
0.479,0.413,0.892,0.403,
0.487,0.411,0.944,0.402,
0.546,0.496,0.94,0.457,
0.573,0.518,0.94,0.517,
0.512,0.43,0.949,0.415,
0.483,0.443,0.866,0.389,
0.514,0.451,0.935,0.423,
0.495,0.416,0.93,0.407,
0.502,0.455,0.938,0.404,
0.511,0.459,0.927,0.405,
0.484,0.404,0.932,0.4,
0.566,0.526,0.942,0.47,
0.608,0.573,0.938,0.564,
0.498,0.424,0.943,0.414,
0.497,0.436,0.913,0.411,
0.516,0.489,0.881,0.41,
0.49,0.406,0.941,0.4,
0.565,0.51,0.955,0.471,
0.478,0.402,0.932,0.396,
0.524,0.46,0.934,0.423,
0.569,0.522,0.962,0.451,
0.509,0.458,0.921,0.411,
0.474,0.398,0.925,0.396,
0.538,0.471,0.948,0.47,
0.528,0.466,0.968,0.448,
0.528,0.485,0.925,0.42,
0.533,0.488,0.931,0.421,
0.501,0.417,0.954,0.414,
0.488,0.424,0.933,0.404,
0.534,0.481,0.963,0.432,
0.561,0.524,0.939,0.44,
0.537,0.482,0.929,0.429,
0.509,0.445,0.961,0.434,
0.542,0.487,0.951,0.447,
0.525,0.452,0.926,0.437,
0.515,0.454,0.943,0.424,
0.497,0.419,0.96,0.416,
0.528,0.481,0.924,0.448,
0.526,0.463,0.948,0.433,
0.49,0.412,0.933,0.396,
0.573,0.514,0.966,0.508,
0.539,0.487,0.969,0.429,
0.553,0.487,0.959,0.472,
0.513,0.44,0.949,0.435,
0.546,0.483,0.916,0.467,
0.499,0.448,0.906,0.403,
0.552,0.502,0.938,0.455,
0.572,0.522,0.941,0.491,
0.51,0.455,0.897,0.39,
0.506,0.449,0.951,0.407,
0.48,0.405,0.948,0.403,
0.515,0.455,0.93,0.404,
0.507,0.429,0.934,0.422,
0.498,0.427,0.942,0.413,
0.54,0.488,0.944,0.419,
0.524,0.462,0.938,0.441,
0.488,0.417,0.937,0.416,
0.527,0.459,0.947,0.426,
0.539,0.492,0.962,0.452,
0.518,0.466,0.939,0.437,
0.555,0.491,0.934,0.489,
0.587,0.556,0.96,0.483,
0.498,0.42,0.939,0.41,
0.489,0.427,0.926,0.4,
0.537,0.461,0.951,0.446,
0.51,0.443,0.945,0.44,
0.609,0.57,0.867,0.561,
0.507,0.448,0.942,0.417,
0.515,0.443,0.947,0.439,
0.515,0.458,0.937,0.426,
0.515,0.461,0.95,0.41,
0.617,0.581,0.944,0.539,
0.544,0.482,0.955,0.459,
0.483,0.408,0.946,0.403,
0.496,0.426,0.946,0.407,
0.54,0.492,0.929,0.448,
0.542,0.488,0.944,0.449,
0.544,0.484,0.932,0.476,
0.57,0.516,0.939,0.509,
0.492,0.431,0.93,0.403,
0.49,0.406,0.943,0.4,
0.543,0.498,0.938,0.456,
0.553,0.498,0.951,0.459,
0.5,0.422,0.957,0.413,
0.529,0.483,0.932,0.418,
0.564,0.512,0.951,0.462,
0.526,0.483,0.94,0.423,
0.508,0.448,0.938,0.409,
0.517,0.457,0.943,0.427,
0.477,0.405,0.938,0.402,
0.543,0.477,0.941,0.462,
0.502,0.415,0.953,0.413,
0.482,0.415,0.918,0.407,
0.582,0.544,0.94,0.511,
0.516,0.45,0.931,0.411,
0.526,0.465,0.954,0.457,
0.574,0.528,0.954,0.494,
0.533,0.482,0.943,0.459,
0.549,0.499,0.921,0.457,
0.509,0.44,0.939,0.432,
0.531,0.479,0.938,0.421,
0.577,0.537,0.958,0.5,
0.594,0.548,0.945,0.521,
0.526,0.479,0.967,0.424,
0.497,0.417,0.935,0.416,
0.549,0.497,0.972,0.457,
0.549,0.512,0.942,0.442,
0.565,0.524,0.948,0.458,
0.541,0.488,0.936,0.487,
0.494,0.428,0.929,0.426,
0.512,0.446,0.953,0.431,
0.528,0.468,0.959,0.446,
0.58,0.524,0.938,0.511,
0.489,0.427,0.873,0.405,
0.544,0.497,0.946,0.442,
0.464,0.4,0.866,0.382,
0.517,0.464,0.937,0.429,
0.574,0.52,0.937,0.519,
0.558,0.486,0.984,0.473,
0.479,0.416,0.883,0.391,
0.563,0.51,0.94,0.501,
0.544,0.512,0.896,0.433,
0.519,0.458,0.915,0.431,
0.462,0.385,0.899,0.381,
0.516,0.444,0.944,0.423,
0.508,0.456,0.934,0.419,
0.509,0.442,0.941,0.416,
0.55,0.508,0.943,0.448,
0.474,0.402,0.955,0.401,
0.473,0.411,0.909,0.398,
0.518,0.458,0.938,0.426,
0.552,0.499,0.945,0.469,
0.517,0.447,0.946,0.423,
0.588,0.534,0.932,0.533,
0.547,0.493,0.919,0.449,
0.52,0.453,0.956,0.429,
0.538,0.5,0.936,0.423,
0.513,0.436,0.977,0.417,
0.487,0.414,0.941,0.402,
0.466,0.401,0.859,0.387,
0.561,0.522,0.953,0.431,
0.544,0.516,0.909,0.429,
0.56,0.502,0.942,0.478,
0.551,0.485,0.944,0.442,
0.528,0.451,0.943,0.431,
0.473,0.421,0.881,0.385,
0.495,0.431,0.94,0.413,
0.543,0.503,0.952,0.437,
0.532,0.458,0.956,0.438,
0.513,0.442,0.938,0.422,
0.607,0.552,0.952,0.551,
0.515,0.464,0.902,0.419,
0.51,0.452,0.95,0.424,
0.495,0.412,0.942,0.407,
0.498,0.448,0.899,0.413,
0.528,0.485,0.946,0.42,
0.548,0.494,0.948,0.44,
0.494,0.435,0.907,0.427,
0.51,0.426,0.946,0.419,
0.506,0.448,0.95,0.412,
0.499,0.441,0.932,0.42,
0.487,0.417,0.928,0.399,
0.506,0.446,0.938,0.421,
0.497,0.439,0.927,0.408,
0.505,0.432,0.917,0.421,
0.561,0.507,0.957,0.492,
0.573,0.532,0.93,0.488,
0.587,0.539,0.951,0.526,
0.549,0.495,0.938,0.46,
0.456,0.399,0.873,0.368,
0.529,0.484,0.959,0.425,
0.512,0.44,0.923,0.437,
0.525,0.471,0.925,0.43,
0.523,0.465,0.951,0.434,
0.487,0.426,0.935,0.405,
0.57,0.522,0.9,0.488,
0.491,0.416,0.938,0.407,
0.535,0.483,0.906,0.476,
0.523,0.476,0.937,0.418,
0.584,0.53,0.947,0.502,
0.478,0.406,0.922,0.402,
0.498,0.428,0.954,0.426,
0.505,0.425,0.96,0.419,
0.498,0.419,0.967,0.419,
0.487,0.421,0.925,0.421,
0.551,0.49,0.966,0.473,
0.493,0.42,0.944,0.417,
0.565,0.524,0.965,0.442,
0.576,0.53,0.96,0.495,
0.466,0.397,0.902,0.383,
0.528,0.459,0.948,0.424,
0.531,0.456,0.968,0.437,
0.506,0.438,0.947,0.409,
0.566,0.53,0.951,0.453,
0.6,0.559,0.953,0.49,
0.541,0.494,0.891,0.462,
0.511,0.445,0.933,0.443,
0.538,0.475,0.957,0.436,
0.504,0.444,0.951,0.421,
0.47,0.406,0.93,0.397,
0.541,0.509,0.891,0.468,
0.488,0.402,0.939,0.395,
0.522,0.46,0.945,0.428,
0.541,0.502,0.956,0.437,
0.484,0.402,0.947,0.398,
0.571,0.539,0.942,0.49,
0.601,0.577,0.872,0.517,
0.641,0.607,0.952,0.565,
0.65,0.614,0.948,0.591,
0.659,0.621,0.948,0.613,
0.608,0.557,0.918,0.551,
0.633,0.605,0.932,0.563,
0.631,0.592,0.938,0.57,
0.638,0.601,0.919,0.588,
0.673,0.641,0.946,0.612,
0.702,0.673,0.945,0.656,
0.594,0.553,0.949,0.525,
0.638,0.607,0.928,0.576,
0.669,0.637,0.925,0.615,
0.612,0.565,0.961,0.564,
0.672,0.641,0.957,0.628,
0.68,0.651,0.951,0.621,
0.624,0.591,0.951,0.555,
0.645,0.609,0.963,0.581,
0.63,0.59,0.965,0.556,
0.631,0.584,0.954,0.563,
0.629,0.591,0.945,0.559,
0.581,0.542,0.944,0.528,
0.609,0.558,0.939,0.547,
0.658,0.633,0.94,0.544,
0.658,0.618,0.938,0.605,
0.597,0.562,0.933,0.495,
0.618,0.592,0.87,0.565,
0.636,0.591,0.956,0.569,
0.574,0.518,0.956,0.498,
0.593,0.558,0.888,0.522,
0.643,0.593,0.961,0.589,
0.68,0.657,0.952,0.61,
0.498,0.422,0.937,0.417,
0.51,0.448,0.964,0.426,
0.648,0.613,0.919,0.603,
0.552,0.488,0.948,0.479,
0.531,0.496,0.899,0.456,
0.583,0.522,0.948,0.515,
0.559,0.503,0.979,0.447,
0.505,0.429,0.947,0.423,
0.484,0.402,0.952,0.398,
0.556,0.499,0.947,0.451,
0.559,0.533,0.947,0.433,
0.554,0.498,0.943,0.448,
0.532,0.468,0.939,0.436,
0.481,0.407,0.934,0.404,
0.503,0.429,0.96,0.418,
0.498,0.443,0.925,0.399,
0.618,0.574,0.957,0.542,
0.619,0.573,0.949,0.559,
0.631,0.593,0.932,0.585,
0.585,0.544,0.864,0.514,
0.679,0.652,0.954,0.624,
0.625,0.593,0.928,0.558,
0.603,0.568,0.935,0.528,
0.61,0.572,0.928,0.562,
0.645,0.607,0.948,0.565,
0.626,0.583,0.925,0.571,
0.666,0.629,0.957,0.618,
0.616,0.562,0.946,0.559,
0.649,0.607,0.949,0.58,
0.598,0.552,0.924,0.52,
0.608,0.571,0.891,0.553,
0.613,0.583,0.957,0.482,
0.52,0.463,0.932,0.424,
0.528,0.467,0.917,0.461,
0.53,0.481,0.937,0.445,
0.517,0.463,0.951,0.422,
0.548,0.506,0.963,0.461,
0.511,0.44,0.935,0.428,
0.508,0.451,0.945,0.409,
0.535,0.472,0.954,0.416,
0.564,0.526,0.944,0.458,
0.49,0.419,0.953,0.41,
0.472,0.395,0.944,0.393,
0.623,0.589,0.939,0.554,
0.543,0.481,0.953,0.48,
0.573,0.528,0.957,0.474,
0.532,0.486,0.897,0.453,
0.517,0.476,0.945,0.426,


0.815,0.801,0.941,0.779,
0.816,0.798,1,0.767,
0.849,0.833,1,0.794,
0.861,0.85,1,0.786,
0.823,0.785,0.991,0.776,
0.826,0.804,1,0.78,
0.822,0.8,0.988,0.77,
0.819,0.794,0.998,0.779,
0.812,0.804,0.958,0.723,
0.845,0.833,0.987,0.767,
0.82,0.807,0.971,0.754,
0.751,0.73,0.911,0.713,
0.837,0.816,1,0.775,
0.788,0.763,1,0.735,
0.832,0.813,0.999,0.777,
0.815,0.79,1,0.774,
0.824,0.798,1,0.785,
0.799,0.773,1,0.718,
0.795,0.746,1,0.715,
0.888,0.888,1,0.813,
0.753,0.724,0.978,0.698,
0.817,0.798,0.98,0.768,
0.854,0.829,0.988,0.773,
0.843,0.827,1,0.776,
0.786,0.76,1,0.738,
0.825,0.807,0.99,0.787,
0.764,0.72,1,0.713,
0.843,0.841,0.992,0.762,
0.834,0.815,0.994,0.798,
0.828,0.805,0.941,0.768,
0.854,0.837,0.995,0.805,
0.763,0.732,1,0.696,
0.776,0.733,1,0.729,
0.821,0.797,0.994,0.785,
0.825,0.808,1,0.761,
0.863,0.846,0.993,0.813,
0.89,0.854,1,0.826,
0.756,0.723,1,0.709,
0.823,0.798,1,0.764,
0.81,0.789,0.998,0.758,
0.775,0.76,1,0.694,
0.812,0.792,0.999,0.754,
0.859,0.83,1,0.798,
0.809,0.813,0.986,0.72,
0.835,0.818,1,0.773,
0.886,0.88,0.999,0.82,
0.799,0.783,1,0.731,
0.819,0.793,1,0.735,
0.837,0.817,0.995,0.788,
0.855,0.819,1,0.807,
0.827,0.814,1,0.765,
0.858,0.844,0.994,0.814,
0.796,0.765,1,0.739,
0.805,0.78,1,0.756,
0.771,0.75,1,0.692,
0.806,0.787,1,0.747,
0.847,0.843,0.977,0.765,
0.744,0.726,0.918,0.706,
0.763,0.722,0.998,0.712,
0.77,0.742,0.973,0.715,
0.808,0.784,1,0.758,
0.838,0.824,0.998,0.699,
0.774,0.749,1,0.713,
0.803,0.783,1,0.737,
0.809,0.79,1,0.748,
0.752,0.704,1,0.685,
0.828,0.817,1,0.753,
0.811,0.796,0.984,0.748,
0.811,0.781,1,0.738,
0.777,0.737,1,0.708,
0.824,0.799,1,0.771,
0.877,0.882,1,0.811,
0.82,0.788,1,0.761,
0.76,0.736,1,0.699,
0.794,0.765,0.98,0.753,
0.83,0.812,0.982,0.801,
0.87,0.855,0.992,0.838,
0.828,0.814,1,0.759,
0.914,0.917,0.996,0.814,
0.859,0.855,0.981,0.774,
0.748,0.718,1,0.652,
0.843,0.835,1,0.785,
0.851,0.825,1,0.793,
0.856,0.855,0.97,0.788,
0.797,0.791,0.931,0.73,
0.809,0.762,1,0.745,
0.829,0.823,1,0.745,
0.833,0.803,1,0.777,
0.723,0.703,1,0.639,
0.781,0.77,0.921,0.735,
0.784,0.76,0.995,0.705,
0.882,0.87,1,0.833,
0.797,0.768,0.934,0.755,
0.833,0.808,1,0.754,
0.823,0.796,1,0.786,
0.912,0.909,1,0.852,
0.79,0.76,1,0.745,
0.812,0.801,1,0.715,
0.722,0.696,0.91,0.679,
0.819,0.781,0.987,0.718,
0.729,0.71,0.901,0.656,
0.86,0.853,1,0.818,
0.875,0.859,0.989,0.824,
0.789,0.764,1,0.734,
0.83,0.807,0.989,0.764,
0.819,0.804,0.997,0.764,
0.799,0.776,1,0.704,
0.804,0.786,0.996,0.754,
0.848,0.847,1,0.744,
0.831,0.809,0.995,0.748,
0.725,0.677,1,0.65,
0.811,0.775,1,0.745,
0.922,0.984,1,0.804,
0.842,0.835,0.983,0.771,
0.896,0.89,1,0.848,
0.797,0.778,0.933,0.75,
0.829,0.809,1,0.77,
0.863,0.829,1,0.786,
0.779,0.756,0.929,0.736,
0.794,0.782,0.989,0.708,
0.816,0.78,0.99,0.771,
0.786,0.766,1,0.722,
0.864,0.853,1,0.791,
0.828,0.814,0.997,0.788,
0.795,0.769,1,0.757,
0.829,0.819,1,0.765,
0.805,0.786,1,0.767,
0.862,0.843,1,0.797,
0.839,0.817,1,0.789,
0.786,0.754,0.991,0.739,
0.778,0.756,1,0.726,
0.829,0.807,1,0.779,
0.797,0.788,1,0.718,
0.817,0.794,0.994,0.761,
0.844,0.833,0.989,0.782,
0.85,0.836,1,0.799,
0.732,0.702,1,0.657,
0.78,0.752,0.999,0.72,
0.799,0.738,1,0.735,
0.776,0.752,0.869,0.706,
0.813,0.782,1,0.741,
0.704,0.644,1,0.631,
0.829,0.822,1,0.675,
0.772,0.74,1,0.709,
0.79,0.77,1,0.727,
0.798,0.777,1,0.729,
0.802,0.78,1,0.75,
0.837,0.798,1,0.767,
0.755,0.728,1,0.668,
0.809,0.783,1,0.759,
0.787,0.794,0.924,0.681,
0.779,0.762,0.969,0.737,
0.824,0.806,0.986,0.769,
0.761,0.734,1,0.691,
0.859,0.851,1,0.792,
0.796,0.776,1,0.736,
0.809,0.778,0.999,0.721,
0.837,0.825,1,0.777,
0.836,0.825,1,0.783,
0.835,0.824,1,0.785,
0.81,0.791,0.98,0.758,
0.806,0.778,0.975,0.769,
0.838,0.824,1,0.783,
0.842,0.829,1,0.784,
0.76,0.728,1,0.698,
0.821,0.806,1,0.754,
0.762,0.726,1,0.72,
0.821,0.8,1,0.757,
0.833,0.814,1,0.791,
0.788,0.759,1,0.742,
0.784,0.742,1,0.714,
0.84,0.821,1,0.786,
0.771,0.732,1,0.665,
0.811,0.798,0.964,0.758,
0.818,0.786,0.994,0.76,
0.784,0.755,0.983,0.751,
0.786,0.755,1,0.739,
0.785,0.766,0.953,0.736,
0.794,0.769,0.988,0.729,
0.819,0.801,1,0.777,
0.807,0.78,1,0.753,
0.805,0.782,1,0.758,
0.849,0.84,1,0.744,
0.781,0.752,0.944,0.741,
0.822,0.794,1,0.773,
0.793,0.772,1,0.742,
0.83,0.817,0.981,0.759,
0.84,0.792,1,0.754,
0.77,0.755,1,0.705,
0.851,0.845,0.991,0.793,
0.777,0.731,1,0.708,
0.788,0.766,1,0.672,
0.85,0.844,0.994,0.792,
0.752,0.691,1,0.683,
0.764,0.738,0.977,0.716,
0.839,0.822,1,0.781,
0.779,0.758,1,0.699,
0.831,0.803,0.981,0.788,
0.75,0.724,1,0.67,
0.755,0.742,1,0.65,
0.81,0.808,0.967,0.702,
0.811,0.792,1,0.753,
0.814,0.794,1,0.774,
0.816,0.796,1,0.758,
0.758,0.712,1,0.672,
0.812,0.784,1,0.772,
0.818,0.803,1,0.756,
0.833,0.796,1,0.782,
0.763,0.736,1,0.68,
0.817,0.8,1,0.748,
0.775,0.754,0.953,0.747,
0.888,0.875,1,0.804,
0.767,0.747,1,0.719,
0.855,0.837,0.978,0.829,
0.804,0.773,1,0.748,
0.819,0.794,1,0.768,
0.752,0.722,1,0.705,
0.8,0.782,1,0.728,
0.844,0.821,0.995,0.793,
0.828,0.813,1,0.747,
0.776,0.754,1,0.72,
0.756,0.738,0.932,0.722,
0.788,0.766,0.997,0.734,
0.856,0.834,1,0.806,
0.872,0.881,0.999,0.796,
0.842,0.824,1,0.801,
0.812,0.788,1,0.769,
0.839,0.823,1,0.782,
0.831,0.808,1,0.797,
0.8,0.772,1,0.704,
0.775,0.748,1,0.681,
0.794,0.766,1,0.73,
0.775,0.739,0.989,0.707,
0.81,0.775,1,0.757,
0.825,0.808,1,0.785,
0.83,0.816,0.992,0.774,
0.814,0.802,1,0.691,
0.726,0.704,0.867,0.684,
0.766,0.742,0.994,0.701,
0.837,0.815,1,0.791,
0.813,0.8,1,0.772,
0.799,0.78,1,0.724,
0.704,0.663,1,0.636,
0.888,0.867,0.99,0.819,
0.827,0.796,1,0.755,
0.919,0.927,1,0.826,
0.815,0.782,1,0.739,
0.839,0.81,1,0.797,
0.798,0.778,1,0.733,
0.811,0.771,1,0.686,
0.739,0.698,1,0.692,
0.839,0.804,0.997,0.796,
0.841,0.822,1,0.783,
0.762,0.736,1,0.703,
0.83,0.812,0.993,0.79,
0.796,0.784,1,0.7,
0.841,0.817,1,0.798,
0.832,0.804,1,0.76,
0.845,0.827,1,0.778,
0.779,0.762,0.974,0.724,
0.882,0.865,1,0.842,
0.797,0.778,1,0.732,
0.803,0.774,1,0.763,
0.81,0.788,1,0.753,
0.828,0.806,1,0.786,
0.83,0.83,0.98,0.773,
0.786,0.768,1,0.699,
0.827,0.819,1,0.776,
0.894,0.881,1,0.826,
0.829,0.814,1,0.771,
0.846,0.835,1,0.791,
0.825,0.824,1,0.715,
0.765,0.738,1,0.715,
0.803,0.772,1,0.759,
0.836,0.813,1,0.766,
0.78,0.762,1,0.592,
0.882,0.865,1,0.846,
0.81,0.796,1,0.757,
0.856,0.843,1,0.794,
0.784,0.762,1,0.712,
0.795,0.777,0.998,0.73,
0.828,0.823,0.991,0.766,
0.822,0.81,0.971,0.771,
0.712,0.673,1,0.624,
0.804,0.782,1,0.749,
0.805,0.78,1,0.755,
0.831,0.806,1,0.785,
0.82,0.796,1,0.768,
0.785,0.74,1,0.698,
0.866,0.829,1,0.765,
0.825,0.81,0.982,0.762,
0.822,0.802,1,0.76,
0.801,0.776,0.997,0.747,
0.8,0.766,1,0.734,
0.812,0.791,1,0.754,
0.931,0.93,1,0.842,
0.806,0.796,0.984,0.72,
0.801,0.77,1,0.742,
0.799,0.782,1,0.723,
0.779,0.746,1,0.709,
0.86,0.849,0.972,0.81,
0.8,0.774,1,0.667,
0.794,0.77,1,0.717,
0.834,0.836,1,0.74,
0.775,0.724,1,0.699,
0.738,0.716,0.919,0.708,
0.86,0.847,1,0.822,
0.828,0.804,1,0.776,
0.837,0.83,1,0.779,
0.755,0.734,0.928,0.72,
0.84,0.823,0.999,0.787,
0.9,0.886,1,0.845,
0.851,0.833,0.963,0.792,
0.841,0.819,1,0.736,
0.797,0.777,0.988,0.75,
0.737,0.724,0.903,0.685,
0.853,0.837,1,0.789,
0.802,0.788,1,0.734,
0.726,0.651,1,0.634,
0.772,0.752,0.987,0.716,
0.884,0.859,1,0.813,
0.767,0.753,1,0.647,
0.803,0.764,1,0.761,
0.835,0.817,1,0.787,
0.828,0.812,1,0.769,
0.795,0.768,1,0.755,
0.815,0.791,1,0.761,
0.787,0.738,1,0.71,
0.815,0.798,1,0.774,
0.837,0.814,1,0.784,
0.809,0.782,0.991,0.764,
0.828,0.835,0.937,0.749,
0.774,0.75,1,0.691,
0.818,0.792,1,0.789,
0.824,0.816,0.996,0.761,
0.812,0.796,1,0.747,
0.788,0.762,1,0.736,
0.851,0.833,1,0.821,
0.813,0.809,1,0.7,
0.798,0.776,1,0.75,
0.809,0.782,1,0.734,
0.798,0.784,1,0.72,
0.777,0.756,0.953,0.748,
0.83,0.819,1,0.776,
0.841,0.835,1,0.753,
0.809,0.788,1,0.752,
0.811,0.782,1,0.76,
0.779,0.75,1,0.719,
0.837,0.811,1,0.788,
0.846,0.84,0.949,0.795,
0.819,0.798,1,0.785,
0.833,0.804,1,0.753,
0.914,0.942,1,0.758,
0.784,0.764,0.942,0.742,
0.812,0.789,0.997,0.71,
0.804,0.772,1,0.735,
0.876,0.881,1,0.822,
0.771,0.73,1,0.685,
0.833,0.817,1,0.792,
0.812,0.794,1,0.775,
0.832,0.796,1,0.774,
0.802,0.778,1,0.757,
0.826,0.814,0.998,0.755,
0.826,0.823,0.956,0.763,
0.786,0.748,1,0.716,
0.813,0.785,1,0.767,
0.887,0.871,0.989,0.826,
0.799,0.786,1,0.737,
0.8,0.78,0.96,0.761,
0.838,0.802,1,0.79,
0.78,0.757,0.98,0.721,
0.807,0.792,0.965,0.76,
0.827,0.815,1,0.769,
0.833,0.823,1,0.777,
0.833,0.825,0.952,0.78,
0.787,0.76,1,0.669,
0.798,0.768,1,0.738,
0.805,0.792,0.944,0.755,
0.791,0.77,1,0.717,
0.772,0.754,1,0.688,
0.802,0.762,1,0.761,
0.755,0.726,1,0.705,
0.812,0.792,1,0.772,
0.83,0.814,1,0.785,
0.875,0.861,1,0.823,
0.822,0.803,0.993,0.74,
0.831,0.817,1,0.758,
0.791,0.773,0.986,0.699,
0.854,0.847,0.991,0.798,
0.869,0.837,1,0.802,
0.708,0.662,1,0.657,
0.805,0.781,1,0.714,
0.774,0.78,0.997,0.679,
0.783,0.758,1,0.717,
0.785,0.758,0.998,0.696,
0.786,0.779,0.994,0.702,
0.86,0.838,1,0.808,
0.821,0.804,1,0.766,
0.769,0.723,1,0.68,
0.83,0.812,1,0.78,
0.815,0.808,1,0.746,
0.827,0.818,1,0.783,
0.815,0.788,1,0.771,
0.754,0.726,1,0.691,
0.751,0.714,1,0.679,
0.826,0.813,1,0.759,
0.839,0.827,0.982,0.777,
0.728,0.703,1,0.65,
0.738,0.719,0.92,0.682,
0.748,0.716,0.991,0.663,
0.846,0.812,1,0.805,
0.801,0.776,1,0.767,
0.822,0.792,0.993,0.762,
0.789,0.772,1,0.717,
0.806,0.79,0.995,0.716,
0.852,0.846,0.983,0.733,
0.819,0.803,1,0.752,
0.812,0.782,1,0.781,
0.765,0.728,1,0.691,
0.877,0.852,0.988,0.82,
0.855,0.833,1,0.787,
0.828,0.81,1,0.774,
0.821,0.794,1,0.777,
0.822,0.792,0.997,0.775,
0.874,0.858,1,0.837,
0.847,0.842,1,0.745,
0.761,0.737,1,0.69,
0.828,0.823,0.98,0.772,
0.842,0.828,0.989,0.773,
0.727,0.692,1,0.666,
0.874,0.864,1,0.812,
0.875,0.863,1,0.819,
0.804,0.782,1,0.741,
0.87,0.866,0.989,0.802,
0.867,0.841,1,0.784,
0.817,0.803,1,0.751,
0.738,0.704,1,0.693,
0.802,0.78,0.999,0.756,
0.706,0.676,1,0.627,
0.844,0.817,0.995,0.786,
0.8,0.778,1,0.749,
0.782,0.758,1,0.748,
0.825,0.806,1,0.765,
0.785,0.762,0.974,0.746,
0.848,0.837,1,0.752,
0.883,0.883,0.985,0.78,
0.809,0.788,1,0.731,
0.85,0.836,1,0.81,
0.84,0.83,1,0.765,
0.793,0.755,1,0.717,
0.798,0.776,0.97,0.756,
0.836,0.825,1,0.784,
0.839,0.814,0.986,0.767,
0.841,0.822,1,0.808,
0.845,0.817,1,0.772,
0.801,0.78,1,0.761,
0.76,0.746,1,0.675,
0.782,0.759,0.946,0.727,
0.788,0.762,1,0.742,
0.815,0.804,0.976,0.744,
0.751,0.728,0.96,0.711,
0.77,0.746,0.996,0.718,
0.898,0.879,1,0.816,
0.817,0.796,0.996,0.764,
0.827,0.816,1,0.766,
0.879,0.877,0.985,0.8,
0.892,0.877,0.991,0.859,
0.888,0.873,1,0.828,
0.818,0.826,1,0.74,
0.812,0.79,1,0.76,
0.836,0.821,1,0.77,
0.801,0.776,1,0.738,
0.799,0.78,1,0.747,
0.787,0.748,1,0.717,
0.859,0.874,0.983,0.771,
0.828,0.823,0.981,0.768,
0.806,0.788,1,0.732,
0.831,0.827,1,0.753,
0.758,0.724,1,0.704,
0.811,0.77,1,0.719,
0.862,0.856,0.981,0.819,
0.788,0.768,1,0.717,
0.807,0.785,1,0.736,
0.74,0.706,1,0.665,
0.833,0.821,1,0.734,
0.849,0.837,0.998,0.803,
0.848,0.833,0.992,0.807,
0.802,0.77,1,0.762,
0.782,0.75,0.998,0.724,
0.854,0.833,1,0.784,
0.821,0.8,1,0.762,
0.81,0.76,1,0.702,
0.819,0.792,1,0.763,
0.808,0.782,0.994,0.744,
0.814,0.798,0.963,0.742,
0.841,0.817,1,0.788,
0.825,0.818,1,0.771,
0.798,0.802,1,0.705,
0.887,0.878,1,0.83,
0.858,0.845,1,0.792,
0.825,0.794,1,0.715,
0.815,0.798,1,0.758,
0.877,0.865,0.994,0.796,
0.843,0.812,1,0.777,
0.846,0.814,0.978,0.749,
0.78,0.753,0.99,0.729,
0.826,0.809,1,0.778,
0.804,0.784,0.996,0.755,
0.839,0.82,1,0.79,
0.852,0.826,1,0.812,
0.819,0.794,1,0.76,
0.868,0.848,1,0.828,
0.821,0.796,1,0.78,
0.826,0.79,1,0.762,
0.905,0.928,1,0.823,
0.806,0.786,1,0.756,
0.775,0.752,0.996,0.705,
0.842,0.831,1,0.737,
0.79,0.77,1,0.711,
0.809,0.785,1,0.774,
0.815,0.798,1,0.773,
0.75,0.693,1,0.674,
0.844,0.83,0.986,0.798,
0.825,0.806,1,0.785,
0.815,0.798,1,0.765,
0.789,0.76,1,0.755,
0.774,0.757,1,0.711,
0.827,0.814,0.99,0.773,
0.783,0.766,0.963,0.73,
0.827,0.821,1,0.741,
0.876,0.857,1,0.774,
0.851,0.831,1,0.809,
0.79,0.756,1,0.724,
0.817,0.786,0.957,0.751,
0.83,0.814,1,0.742,
0.81,0.798,0.983,0.772,
0.763,0.728,1,0.702,
0.619,0.555,1,0.517,
0.569,0.514,1,0.441,
0.656,0.607,1,0.536,
0.662,0.64,1,0.543,
0.729,0.712,0.995,0.605,
0.687,0.643,1,0.609,
0.704,0.672,1,0.596,
0.737,0.705,1,0.671,
0.659,0.633,0.989,0.551,
0.711,0.672,1,0.567,
0.64,0.571,1,0.569,
0.751,0.718,1,0.699,
0.747,0.708,1,0.661,
0.734,0.713,1,0.619,
0.693,0.672,0.993,0.567,
0.774,0.752,1,0.704,
0.616,0.548,1,0.545,
0.596,0.516,0.999,0.485,
0.711,0.676,1,0.625,
0.737,0.696,1,0.683,
0.659,0.625,0.997,0.5,
0.75,0.731,0.953,0.655,
0.75,0.701,1,0.683,
0.666,0.627,1,0.556,
0.703,0.668,1,0.612,
0.683,0.683,1,0.564,
0.612,0.559,1,0.495,
0.653,0.603,1,0.571,
0.739,0.734,0.998,0.596,
0.636,0.589,1,0.518,
0.706,0.687,1,0.606,
0.722,0.689,1,0.652,
0.734,0.714,0.985,0.651,
0.656,0.611,1,0.532,
0.711,0.682,1,0.614,
0.598,0.546,1,0.478,
0.684,0.643,0.977,0.595,
0.66,0.635,0.991,0.545,
0.646,0.605,1,0.526,
0.619,0.585,0.993,0.485,
0.719,0.669,0.989,0.641,
0.649,0.583,1,0.523,
0.665,0.603,1,0.534,
0.701,0.66,1,0.612,
0.651,0.595,1,0.53,
0.727,0.694,1,0.658,
0.649,0.625,1,0.479,
0.747,0.718,0.987,0.67,
0.689,0.648,1,0.621,
0.71,0.685,0.971,0.626,
0.664,0.618,0.992,0.551,
0.624,0.6,1,0.475,
0.56,0.484,0.994,0.445,
0.733,0.708,1,0.633,
0.567,0.469,1,0.429,
0.691,0.679,1,0.502,
0.673,0.629,1,0.592,
0.721,0.692,1,0.603,
0.709,0.679,0.988,0.625,
0.651,0.603,1,0.537,
0.638,0.598,1,0.515,
0.703,0.65,1,0.6,
0.782,0.772,1,0.725,
0.651,0.603,1,0.576,
0.707,0.674,1,0.58,
0.752,0.722,1,0.668,
0.658,0.611,1,0.561,
0.742,0.728,0.966,0.656,
0.721,0.678,1,0.649,
0.673,0.627,1,0.543,
0.653,0.613,1,0.507,
0.68,0.646,0.998,0.555,
0.711,0.703,0.999,0.555,
0.756,0.734,1,0.642,
0.626,0.623,1,0.462,
0.808,0.794,0.999,0.729,
0.559,0.497,1,0.459,
0.624,0.619,1,0.441,
0.758,0.724,1,0.709,
0.722,0.691,1,0.647,
0.71,0.681,0.986,0.635,
0.64,0.601,1,0.557,
0.604,0.554,0.972,0.479,
0.607,0.568,1,0.48,
0.727,0.683,1,0.613,
0.587,0.514,1,0.444,
0.776,0.761,1,0.711,
0.802,0.768,1,0.697,
0.662,0.608,0.999,0.559,
0.644,0.615,0.923,0.566,
0.723,0.691,1,0.614,
0.701,0.639,0.987,0.576,
0.693,0.659,1,0.618,
0.78,0.758,0.969,0.7,
0.696,0.659,1,0.606,
0.703,0.679,0.98,0.561,
0.632,0.593,1,0.516,
0.792,0.766,1,0.72,
0.749,0.746,1,0.635,
0.668,0.651,0.993,0.5,
0.685,0.649,0.933,0.61,
0.635,0.587,0.935,0.517,
0.651,0.592,1,0.588,
0.674,0.671,0.997,0.551,
0.679,0.681,0.921,0.544,
0.647,0.592,0.969,0.56,
0.725,0.661,1,0.651,
0.692,0.65,0.991,0.603,
0.784,0.771,1,0.719,
0.567,0.504,1,0.453,
0.679,0.64,1,0.608,
0.765,0.72,1,0.719,
0.801,0.792,1,0.731,
0.727,0.705,0.971,0.667,
0.637,0.571,0.974,0.53,
0.678,0.675,0.999,0.507,
0.676,0.625,1,0.616,
0.657,0.609,1,0.577,
0.703,0.667,0.975,0.652,
0.788,0.761,1,0.697,
0.605,0.529,1,0.524,
0.782,0.759,1,0.695,
0.633,0.6,1,0.511,
0.607,0.562,1,0.529,
0.68,0.639,1,0.6,
0.67,0.649,0.989,0.513,
0.751,0.706,1,0.687,
0.63,0.591,1,0.523,
0.621,0.614,1,0.435,
0.657,0.654,0.995,0.518,
0.714,0.69,1,0.591,
0.64,0.602,0.974,0.517,
0.72,0.693,0.985,0.651,
0.7,0.671,1,0.616,
0.778,0.749,1,0.696,
0.593,0.546,0.943,0.456,
0.64,0.613,1,0.513,
0.671,0.641,0.998,0.557,
0.663,0.626,1,0.542,
0.698,0.676,1,0.607,
0.589,0.571,0.94,0.437,
0.686,0.661,1,0.592,
0.737,0.709,1,0.643,
0.731,0.698,1,0.634,
0.708,0.701,0.968,0.614,
0.698,0.648,1,0.611,
0.768,0.728,1,0.715,
0.761,0.738,1,0.681,
0.721,0.693,0.956,0.633,
0.618,0.551,1,0.516,
0.721,0.683,1,0.675,
0.609,0.552,1,0.539,
0.596,0.563,1,0.439,
0.659,0.633,0.994,0.474,
0.772,0.762,1,0.667,
0.778,0.778,1,0.653,
0.694,0.657,1,0.609,
0.775,0.748,1,0.659,
0.79,0.768,1,0.647,
0.674,0.658,0.976,0.569,
0.722,0.691,1,0.657,
0.62,0.592,0.983,0.502,
0.646,0.596,1,0.593,
0.705,0.661,1,0.635,
0.704,0.688,1,0.522,
0.754,0.728,0.995,0.693,
0.64,0.592,1,0.54,
0.683,0.649,1,0.582,
0.72,0.703,0.988,0.595,
0.68,0.647,1,0.579,
0.719,0.685,1,0.632,
0.662,0.634,0.989,0.554,
0.738,0.684,1,0.656,
0.689,0.667,1,0.579,
0.691,0.657,1,0.596,
0.706,0.665,1,0.62,
0.752,0.742,1,0.624,
0.618,0.568,0.944,0.523,
0.74,0.715,1,0.648,
0.663,0.632,0.998,0.565,
0.667,0.623,1,0.595,
0.678,0.657,1,0.554,
0.665,0.646,0.93,0.558,
0.664,0.642,1,0.546,
0.634,0.593,1,0.528,
0.7,0.673,1,0.624,
0.612,0.559,1,0.439,
0.739,0.714,1,0.642,
0.658,0.583,1,0.555,
0.744,0.72,1,0.66,
0.655,0.599,1,0.59,
0.662,0.631,0.973,0.591,
0.707,0.681,0.93,0.631,
0.622,0.571,1,0.48,
0.732,0.694,0.994,0.569,
0.613,0.571,1,0.499,
0.68,0.659,1,0.574,
0.747,0.736,0.995,0.641,
0.663,0.634,0.973,0.563,
0.617,0.565,1,0.471,
0.652,0.601,1,0.586,
0.641,0.601,0.99,0.524,
0.738,0.699,1,0.65,
0.67,0.647,0.973,0.534,
0.684,0.636,0.995,0.58,
0.61,0.557,1,0.488,
0.684,0.653,1,0.566,
0.709,0.688,1,0.597,
0.708,0.675,1,0.596,
0.581,0.5,1,0.463,
0.679,0.636,0.993,0.562,
0.644,0.623,1,0.486,
0.711,0.677,0.998,0.616,
0.587,0.497,1,0.446,
0.712,0.684,0.982,0.62,
0.698,0.661,1,0.595,
0.701,0.669,1,0.604,
0.637,0.611,1,0.518,
0.736,0.716,1,0.601,
0.664,0.636,0.992,0.516,
0.602,0.536,1,0.458,
0.685,0.632,0.979,0.62,
0.674,0.667,0.939,0.573,
0.716,0.681,1,0.578,
0.719,0.669,1,0.649,
0.691,0.653,0.961,0.605,
0.645,0.626,1,0.454,
0.59,0.541,1,0.476,
0.699,0.647,0.999,0.606,
0.604,0.543,0.989,0.488,
0.642,0.585,1,0.547,
0.727,0.72,1,0.615,
0.681,0.666,0.991,0.547,
0.635,0.588,1,0.545,
0.668,0.641,1,0.512,
0.704,0.663,1,0.593,
0.671,0.632,1,0.543,
0.697,0.668,1,0.594,
0.787,0.756,1,0.741,
0.568,0.516,0.999,0.452,
0.561,0.468,0.993,0.44,
0.687,0.635,1,0.6,
0.67,0.637,1,0.565,
0.777,0.742,1,0.709,
0.674,0.633,1,0.561,
0.652,0.575,1,0.566,
0.688,0.66,1,0.573,
0.702,0.688,1,0.593,
0.829,0.802,1,0.74,
0.696,0.667,0.996,0.543,
0.642,0.611,1,0.548,
0.596,0.534,1,0.487,
0.677,0.639,1,0.578,
0.709,0.669,1,0.62,
0.615,0.548,1,0.483,
0.705,0.663,1,0.654,
0.64,0.591,1,0.591,
0.622,0.562,0.992,0.507,
0.671,0.619,1,0.576,
0.725,0.675,1,0.616,
0.685,0.639,1,0.598,
0.698,0.676,0.989,0.594,
0.71,0.666,0.992,0.639,
0.703,0.682,1,0.59,
0.661,0.613,1,0.556,
0.687,0.647,1,0.602,
0.638,0.605,0.991,0.499,
0.739,0.726,1,0.589,
0.716,0.687,0.99,0.625,
0.592,0.549,0.967,0.462,
0.714,0.681,1,0.635,
0.706,0.661,0.998,0.624,
0.666,0.613,1,0.6,
0.685,0.643,1,0.615,
0.679,0.653,1,0.544,
0.785,0.766,0.968,0.734,
0.593,0.52,1,0.475,
0.586,0.533,1,0.442,
0.736,0.716,1,0.672,
0.718,0.677,0.99,0.657,
0.608,0.57,1,0.497,
0.645,0.592,0.983,0.57,
0.755,0.731,1,0.684,
0.754,0.738,1,0.641,
0.77,0.744,0.995,0.678,
0.641,0.58,1,0.575,
0.682,0.655,0.987,0.604,
0.609,0.55,1,0.497,
0.668,0.63,1,0.543,
0.723,0.694,1,0.651,
0.662,0.627,0.909,0.595,
0.69,0.661,0.999,0.583,
0.571,0.524,0.939,0.462,
0.586,0.517,1,0.503,
0.689,0.645,1,0.63,
0.727,0.677,1,0.613,
0.697,0.671,0.927,0.633,
0.719,0.666,1,0.621,
0.723,0.699,0.952,0.673,
0.731,0.694,0.981,0.651,
0.624,0.603,0.96,0.502,
0.707,0.675,1,0.569,
0.651,0.609,1,0.569,
0.649,0.609,1,0.484,
0.712,0.671,0.986,0.593,
0.604,0.558,1,0.457,
0.606,0.591,0.954,0.455,
0.609,0.546,0.997,0.508,
0.719,0.71,0.989,0.582,
0.755,0.723,1,0.637,
0.734,0.681,1,0.68,
0.719,0.668,1,0.665,
0.655,0.611,1,0.534,
0.726,0.704,1,0.627,
0.683,0.635,1,0.552,
0.701,0.665,1,0.614,
0.658,0.625,0.893,0.611,
0.774,0.762,0.987,0.672,
0.744,0.748,0.962,0.614,
0.833,0.818,1,0.796,
0.713,0.698,1,0.571,
0.708,0.668,1,0.627,
0.564,0.49,0.925,0.445,
0.586,0.516,1,0.462,
0.732,0.7,1,0.669,
0.719,0.693,1,0.628,
0.715,0.685,1,0.643,
0.767,0.76,1,0.677,
0.663,0.62,0.929,0.584,
0.693,0.665,1,0.602,
0.665,0.623,1,0.544,
0.674,0.619,0.97,0.587,
0.743,0.708,1,0.691,
0.706,0.669,1,0.638,
0.712,0.666,0.983,0.636,
0.672,0.671,1,0.482,
0.64,0.589,0.991,0.497,
0.68,0.642,0.978,0.605,
0.67,0.64,1,0.564,
0.639,0.593,1,0.523,
0.665,0.629,0.983,0.558,
0.674,0.639,1,0.568,
0.704,0.664,1,0.64,
0.735,0.716,1,0.624,
0.706,0.655,1,0.652,
0.741,0.73,0.987,0.631,
0.608,0.575,0.901,0.49,
0.708,0.677,1,0.57,
0.618,0.545,0.988,0.493,
0.676,0.634,1,0.557,
0.715,0.688,1,0.588,
0.649,0.594,1,0.588,
0.75,0.738,0.953,0.663,
0.621,0.59,0.975,0.439,
0.622,0.565,0.986,0.52,
0.687,0.673,0.983,0.576,
0.711,0.692,1,0.621,
0.628,0.587,0.974,0.528,
0.631,0.596,1,0.515,
0.693,0.643,1,0.599,
0.611,0.541,1,0.53,
0.705,0.685,0.964,0.585,
0.791,0.779,1,0.687,
0.634,0.595,0.984,0.474,
0.762,0.741,1,0.679,
0.68,0.633,1,0.625,
0.587,0.534,0.939,0.479,
0.683,0.651,0.991,0.577,
0.584,0.511,1,0.458,
0.662,0.619,1,0.564,
0.785,0.763,1,0.717,
0.773,0.722,1,0.659,
0.611,0.595,0.957,0.433,
0.683,0.623,1,0.586,
0.654,0.599,1,0.494,
0.618,0.563,1,0.482,
0.601,0.513,0.989,0.483,
0.693,0.684,0.947,0.6,
0.585,0.522,0.982,0.476,
0.688,0.644,1,0.607,
0.674,0.633,1,0.564,
0.675,0.649,1,0.548,
0.758,0.698,1,0.686,
0.782,0.766,0.927,0.739,
0.832,0.808,1,0.803,
0.82,0.802,1,0.765,
0.844,0.823,0.997,0.822,
0.809,0.805,1,0.689,
0.841,0.831,1,0.784,
0.822,0.802,1,0.752,
0.763,0.74,1,0.697,
0.847,0.817,0.998,0.8,
0.851,0.827,1,0.717,
0.789,0.772,1,0.715,
0.818,0.803,1,0.753,
0.865,0.857,1,0.801,
0.777,0.774,1,0.693,
0.864,0.861,1,0.797,
0.874,0.856,1,0.817,
0.758,0.738,1,0.685,
0.806,0.778,1,0.756,
0.808,0.778,0.99,0.758,
0.815,0.801,0.982,0.739,
0.832,0.794,1,0.776,
0.688,0.658,1,0.628,
0.81,0.81,1,0.718,
0.823,0.821,1,0.709,
0.831,0.812,1,0.791,
0.774,0.744,1,0.71,
0.788,0.771,0.926,0.749,
0.841,0.795,1,0.758,
0.763,0.722,1,0.681,
0.758,0.742,0.932,0.697,
0.814,0.786,1,0.776,
0.856,0.859,0.996,0.8,
0.677,0.631,1,0.629,
0.575,0.524,1,0.43,
0.836,0.833,0.97,0.79,
0.707,0.668,1,0.622,
0.661,0.591,0.973,0.583,
0.775,0.748,1,0.713,
0.756,0.737,0.913,0.64,
0.598,0.532,0.995,0.451,
0.591,0.505,1,0.426,
0.723,0.697,1,0.643,
0.764,0.746,1,0.677,
0.737,0.702,1,0.674,
0.663,0.633,0.976,0.544,
0.598,0.544,1,0.516,
0.656,0.625,1,0.528,
0.62,0.562,0.982,0.513,
0.807,0.783,0.998,0.742,
0.778,0.734,1,0.721,
0.797,0.786,0.992,0.729,
0.867,0.899,1,0.71,
0.842,0.837,0.997,0.785,
0.846,0.845,0.977,0.761,
0.815,0.796,1,0.777,
0.769,0.737,1,0.701,
0.821,0.802,0.996,0.782,
0.81,0.788,1,0.747,
0.804,0.772,1,0.743,
0.79,0.764,1,0.73,
0.803,0.769,1,0.735,
0.78,0.767,0.967,0.73,
0.812,0.796,0.954,0.781,
0.823,0.813,1,0.761,
0.698,0.665,1,0.59,
0.667,0.643,0.988,0.608,
0.654,0.629,1,0.541,
0.685,0.656,1,0.558,
0.697,0.672,1,0.597,
0.603,0.555,1,0.468,
0.552,0.504,1,0.427,
0.662,0.654,1,0.519,
0.708,0.678,1,0.559,
0.693,0.649,1,0.61,
0.692,0.661,1,0.585,
0.759,0.718,1,0.707,
0.616,0.544,1,0.54,
0.777,0.75,1,0.696,
0.704,0.675,0.947,0.615,
0.639,0.598,1,0.543,


0.817,0.798,1,0.748,
0.751,0.72,0.941,0.683,
0.802,0.786,0.954,0.77,
0.814,0.805,0.992,0.718,
0.789,0.762,1,0.745,
0.814,0.786,1,0.757,
0.752,0.724,1,0.681,
0.783,0.76,1,0.699,
0.845,0.828,1,0.804,
0.878,0.86,1,0.794,
0.814,0.794,1,0.756,
0.697,0.664,1,0.626,
0.803,0.782,0.968,0.762,
0.788,0.763,1,0.735,
0.836,0.823,1,0.778,
0.742,0.716,0.983,0.648,
0.786,0.766,0.998,0.742,
0.77,0.749,0.998,0.699,
0.795,0.746,1,0.715,
0.769,0.746,0.907,0.712,
0.794,0.747,1,0.738,
0.772,0.737,1,0.683,
0.835,0.823,1,0.8,
0.838,0.812,1,0.774,
0.773,0.736,0.988,0.692,
0.814,0.782,1,0.773,
0.764,0.72,1,0.713,
0.83,0.814,1,0.786,
0.79,0.777,1,0.724,
0.817,0.794,1,0.75,
0.817,0.796,1,0.774,
0.776,0.751,1,0.716,
0.776,0.733,1,0.729,
0.814,0.797,1,0.766,
0.825,0.808,1,0.761,
0.857,0.835,1,0.812,
0.86,0.831,1,0.818,
0.756,0.723,1,0.709,
0.797,0.774,1,0.717,
0.808,0.786,1,0.749,
0.811,0.786,0.994,0.761,
0.833,0.82,1,0.775,
0.858,0.829,1,0.797,
0.82,0.79,1,0.689,
0.82,0.815,1,0.741,
0.817,0.804,1,0.747,
0.746,0.717,0.998,0.678,
0.816,0.778,1,0.748,
0.798,0.77,1,0.768,
0.837,0.813,1,0.796,
0.767,0.742,0.997,0.699,
0.8,0.785,1,0.726,
0.785,0.76,0.987,0.718,
0.788,0.778,1,0.702,
0.762,0.75,0.989,0.687,
0.739,0.697,1,0.667,
0.805,0.786,1,0.73,
0.807,0.782,1,0.749,
0.766,0.726,1,0.721,
0.753,0.72,1,0.709,
0.806,0.782,1,0.758,
0.848,0.814,1,0.787,
0.761,0.73,1,0.681,
0.803,0.783,1,0.737,
0.809,0.79,1,0.748,
0.799,0.772,0.946,0.731,
0.785,0.763,0.97,0.742,
0.805,0.784,1,0.766,
0.805,0.78,0.99,0.754,
0.782,0.749,1,0.704,
0.754,0.736,0.946,0.703,
0.807,0.796,0.963,0.761,
0.802,0.796,0.95,0.737,
0.76,0.736,1,0.699,
0.756,0.741,1,0.688,
0.802,0.787,1,0.718,
0.799,0.776,1,0.75,
0.838,0.833,1,0.78,
0.804,0.781,1,0.756,
0.818,0.794,1,0.742,
0.732,0.694,1,0.636,
0.804,0.796,0.974,0.748,
0.867,0.835,1,0.796,
0.844,0.826,1,0.798,
0.772,0.741,1,0.703,
0.803,0.751,1,0.741,
0.827,0.798,0.998,0.761,
0.836,0.806,1,0.79,
0.723,0.703,1,0.639,
0.821,0.804,1,0.767,
0.759,0.731,1,0.691,
0.849,0.835,0.997,0.788,
0.839,0.785,1,0.754,
0.82,0.802,1,0.754,
0.823,0.796,1,0.786,
0.863,0.845,0.981,0.813,
0.762,0.748,0.997,0.7,
0.799,0.775,1,0.751,
0.722,0.681,1,0.657,
0.745,0.687,1,0.658,
0.688,0.659,1,0.612,
0.823,0.8,0.992,0.773,
0.833,0.814,1,0.779,
0.789,0.764,1,0.734,
0.802,0.771,1,0.755,
0.803,0.796,1,0.716,
0.811,0.789,1,0.754,
0.749,0.718,1,0.685,
0.799,0.77,0.934,0.733,
0.833,0.819,1,0.781,
0.725,0.677,1,0.65,
0.823,0.791,1,0.778,
0.852,0.841,0.99,0.764,
0.787,0.763,1,0.728,
0.819,0.801,0.967,0.777,
0.786,0.772,1,0.722,
0.838,0.812,1,0.761,
0.855,0.855,1,0.758,
0.837,0.807,1,0.767,
0.784,0.755,1,0.734,
0.816,0.795,1,0.772,
0.756,0.73,0.976,0.661,
0.819,0.802,0.975,0.763,
0.812,0.802,1,0.745,
0.79,0.772,0.984,0.714,
0.822,0.804,1,0.768,
0.814,0.794,0.973,0.765,
0.829,0.815,0.996,0.784,
0.81,0.796,0.998,0.754,
0.772,0.739,1,0.725,
0.8,0.778,0.988,0.762,
0.827,0.804,1,0.779,
0.783,0.747,1,0.717,
0.788,0.773,1,0.727,
0.814,0.8,1,0.753,
0.85,0.836,1,0.799,
0.732,0.702,1,0.657,
0.777,0.75,1,0.722,
0.778,0.746,1,0.73,
0.743,0.695,1,0.648,
0.823,0.797,1,0.79,
0.701,0.648,0.999,0.614,
0.811,0.774,1,0.751,
0.784,0.745,1,0.722,
0.806,0.794,0.972,0.742,
0.77,0.75,0.976,0.699,
0.764,0.742,0.984,0.673,
0.829,0.802,0.983,0.787,
0.77,0.746,1,0.681,
0.795,0.764,0.999,0.747,
0.83,0.825,1,0.659,
0.791,0.763,1,0.734,
0.798,0.775,1,0.747,
0.753,0.725,1,0.691,
0.825,0.812,0.981,0.776,
0.793,0.766,0.993,0.73,
0.818,0.792,1,0.748,
0.776,0.765,0.96,0.72,
0.837,0.817,0.965,0.791,
0.772,0.737,0.997,0.697,
0.766,0.744,1,0.698,
0.799,0.769,1,0.743,
0.838,0.823,1,0.783,
0.838,0.814,1,0.792,
0.76,0.728,1,0.698,
0.746,0.736,0.984,0.67,
0.762,0.726,1,0.72,
0.794,0.78,1,0.711,
0.776,0.754,0.992,0.725,
0.776,0.752,0.996,0.721,
0.761,0.728,0.979,0.681,
0.789,0.756,0.946,0.734,
0.783,0.736,1,0.715,
0.831,0.819,1,0.776,
0.749,0.72,1,0.66,
0.792,0.757,1,0.749,
0.786,0.755,1,0.739,
0.795,0.781,1,0.715,
0.777,0.753,1,0.705,
0.808,0.797,0.989,0.74,
0.798,0.776,1,0.732,
0.799,0.768,1,0.75,
0.802,0.782,0.946,0.752,
0.779,0.748,1,0.731,
0.821,0.798,0.974,0.782,
0.807,0.778,0.988,0.764,
0.793,0.75,1,0.706,
0.894,0.896,0.991,0.779,
0.77,0.755,1,0.705,
0.814,0.795,1,0.766,
0.777,0.73,1,0.693,
0.731,0.704,1,0.659,
0.808,0.784,1,0.774,
0.752,0.691,1,0.683,
0.769,0.742,1,0.719,
0.807,0.77,0.999,0.742,
0.74,0.727,0.969,0.65,
0.76,0.738,1,0.701,
0.728,0.7,1,0.665,
0.755,0.742,1,0.65,
0.792,0.768,1,0.734,
0.811,0.792,1,0.753,
0.742,0.716,0.962,0.678,
0.74,0.703,1,0.693,
0.758,0.712,1,0.672,
0.825,0.807,1,0.775,
0.766,0.742,0.979,0.727,
0.805,0.787,0.955,0.696,
0.763,0.736,1,0.68,
0.782,0.782,0.989,0.678,
0.775,0.732,1,0.714,
0.805,0.78,0.987,0.755,
0.79,0.743,0.986,0.715,
0.83,0.81,1,0.778,
0.806,0.784,1,0.744,
0.748,0.742,0.928,0.679,
0.752,0.722,1,0.705,
0.8,0.782,1,0.728,
0.811,0.792,1,0.745,
0.829,0.805,1,0.761,
0.776,0.754,1,0.72,
0.772,0.748,1,0.708,
0.796,0.764,1,0.747,
0.839,0.815,1,0.801,
0.833,0.81,1,0.79,
0.839,0.83,1,0.77,
0.844,0.833,1,0.801,
0.805,0.786,0.991,0.765,
0.817,0.796,1,0.779,
0.772,0.76,0.992,0.694,
0.732,0.714,0.978,0.637,
0.775,0.746,0.975,0.723,
0.745,0.71,1,0.656,
0.83,0.81,1,0.799,
0.802,0.778,0.994,0.747,
0.747,0.726,1,0.65,
0.743,0.724,0.893,0.722,
0.758,0.727,1,0.703,
0.719,0.684,1,0.646,
0.765,0.737,0.927,0.685,
0.794,0.768,0.976,0.75,
0.799,0.78,1,0.724,
0.707,0.675,1,0.636,
0.831,0.81,1,0.784,
0.833,0.794,1,0.756,
0.825,0.797,0.994,0.753,
0.814,0.776,1,0.733,
0.857,0.847,1,0.795,
0.78,0.728,1,0.712,
0.846,0.829,0.966,0.783,
0.735,0.689,1,0.686,
0.802,0.779,1,0.741,
0.794,0.77,0.988,0.738,
0.762,0.736,1,0.703,
0.801,0.78,1,0.739,
0.787,0.762,0.969,0.719,
0.815,0.79,1,0.769,
0.796,0.784,0.964,0.738,
0.829,0.806,1,0.781,
0.766,0.746,1,0.68,
0.796,0.78,0.991,0.74,
0.766,0.729,1,0.703,
0.804,0.77,1,0.756,
0.802,0.771,1,0.744,
0.815,0.792,0.999,0.769,
0.801,0.777,1,0.727,
0.781,0.764,1,0.7,
0.76,0.732,0.968,0.698,
0.81,0.794,0.998,0.757,
0.799,0.775,0.969,0.751,
0.84,0.823,0.999,0.802,
0.775,0.75,0.994,0.72,
0.741,0.719,0.964,0.667,
0.762,0.746,0.981,0.681,
0.812,0.794,0.99,0.751,
0.757,0.681,0.999,0.669,
0.823,0.802,1,0.769,
0.782,0.772,0.979,0.681,
0.818,0.809,1,0.761,
0.762,0.732,1,0.726,
0.803,0.786,1,0.686,
0.792,0.768,1,0.739,
0.814,0.792,1,0.761,
0.736,0.706,1,0.651,
0.774,0.753,0.986,0.705,
0.777,0.746,1,0.709,
0.804,0.786,1,0.749,
0.779,0.753,0.998,0.693,
0.738,0.67,0.998,0.659,
0.846,0.805,0.996,0.761,
0.806,0.782,1,0.752,
0.776,0.758,0.994,0.709,
0.765,0.726,1,0.718,
0.74,0.72,0.928,0.696,
0.784,0.756,0.978,0.732,
0.871,0.862,1,0.827,
0.824,0.804,1,0.724,
0.811,0.771,1,0.74,
0.78,0.76,1,0.697,
0.772,0.755,0.963,0.7,
0.809,0.784,1,0.753,
0.807,0.774,1,0.751,
0.807,0.793,1,0.729,
0.835,0.836,1,0.74,
0.814,0.764,1,0.744,
0.835,0.808,1,0.781,
0.813,0.788,1,0.775,
0.735,0.691,0.98,0.662,
0.795,0.773,0.984,0.75,
0.812,0.787,1,0.749,
0.805,0.778,1,0.739,
0.839,0.827,1,0.77,
0.819,0.791,1,0.752,
0.765,0.752,0.993,0.671,
0.768,0.739,1,0.709,
0.792,0.774,1,0.741,
0.834,0.827,0.998,0.767,
0.77,0.73,0.991,0.718,
0.702,0.649,0.935,0.641,
0.807,0.79,1,0.728,
0.836,0.811,0.992,0.782,
0.771,0.753,1,0.669,
0.803,0.764,1,0.761,
0.803,0.778,1,0.75,
0.802,0.779,1,0.719,
0.787,0.759,0.989,0.746,
0.801,0.774,0.988,0.73,
0.787,0.738,1,0.71,
0.812,0.793,1,0.771,
0.785,0.764,0.993,0.707,
0.785,0.758,1,0.739,
0.829,0.807,1,0.765,
0.761,0.748,0.996,0.686,
0.818,0.792,1,0.789,
0.811,0.789,1,0.751,
0.814,0.798,1,0.727,
0.734,0.687,1,0.684,
0.782,0.764,0.953,0.743,
0.818,0.797,0.999,0.765,
0.774,0.754,0.994,0.697,
0.797,0.775,0.963,0.72,
0.791,0.776,1,0.737,
0.813,0.789,1,0.766,
0.807,0.794,0.997,0.73,
0.778,0.762,0.923,0.727,
0.776,0.757,0.962,0.703,
0.812,0.786,1,0.76,
0.79,0.765,1,0.728,
0.8,0.774,0.978,0.757,
0.808,0.784,1,0.771,
0.819,0.797,1,0.787,
0.833,0.803,1,0.782,
0.903,0.942,1,0.704,
0.825,0.807,1,0.78,
0.79,0.766,1,0.722,
0.806,0.79,1,0.746,
0.854,0.835,1,0.784,
0.757,0.677,0.995,0.667,
0.777,0.758,0.96,0.705,
0.765,0.752,0.99,0.69,
0.832,0.796,1,0.774,
0.77,0.748,0.97,0.719,
0.803,0.783,1,0.75,
0.839,0.819,0.999,0.762,
0.81,0.794,1,0.734,
0.812,0.778,0.997,0.778,
0.869,0.858,1,0.815,
0.784,0.762,0.986,0.722,
0.79,0.761,1,0.651,
0.812,0.766,1,0.744,
0.83,0.83,1,0.748,
0.76,0.733,1,0.693,
0.786,0.764,0.997,0.731,
0.814,0.806,0.98,0.731,
0.826,0.803,1,0.744,
0.787,0.777,0.999,0.706,
0.798,0.768,1,0.738,
0.82,0.802,1,0.77,
0.768,0.752,0.99,0.687,
0.793,0.762,1,0.726,
0.803,0.762,1,0.761,
0.755,0.726,1,0.705,
0.76,0.733,0.949,0.725,
0.785,0.764,0.947,0.714,
0.768,0.739,0.94,0.716,
0.796,0.778,1,0.721,
0.755,0.732,0.991,0.677,
0.784,0.772,1,0.691,
0.826,0.795,1,0.755,
0.836,0.816,1,0.791,
0.708,0.662,1,0.657,
0.763,0.735,0.998,0.703,
0.755,0.742,1,0.671,
0.753,0.726,0.985,0.7,
0.738,0.694,1,0.67,
0.762,0.722,1,0.696,
0.829,0.812,0.973,0.796,
0.812,0.786,1,0.782,
0.747,0.688,1,0.681,
0.791,0.768,0.962,0.752,
0.782,0.759,0.993,0.725,
0.825,0.808,0.998,0.762,
0.789,0.768,1,0.708,
0.754,0.726,1,0.691,
0.751,0.714,1,0.679,
0.762,0.736,0.982,0.694,
0.791,0.76,1,0.733,
0.733,0.699,1,0.656,
0.754,0.726,1,0.641,
0.814,0.796,1,0.736,
0.86,0.855,0.957,0.775,
0.801,0.776,1,0.767,
0.807,0.775,1,0.757,
0.756,0.728,0.993,0.696,
0.77,0.735,1,0.713,
0.802,0.78,1,0.748,
0.778,0.75,0.997,0.721,
0.818,0.793,0.984,0.781,
0.765,0.728,1,0.691,
0.813,0.79,1,0.763,
0.772,0.753,0.946,0.734,
0.828,0.81,1,0.774,
0.77,0.756,0.963,0.695,
0.787,0.774,1,0.705,
0.834,0.817,0.994,0.798,
0.801,0.775,0.978,0.681,
0.768,0.748,0.964,0.717,
0.776,0.756,1,0.711,
0.802,0.786,1,0.708,
0.727,0.692,1,0.666,
0.811,0.792,0.999,0.765,
0.817,0.794,0.988,0.78,
0.748,0.722,0.962,0.705,
0.81,0.79,1,0.742,
0.775,0.742,0.953,0.723,
0.796,0.772,0.991,0.743,
0.738,0.704,1,0.693,
0.792,0.769,1,0.719,
0.706,0.676,1,0.627,
0.814,0.794,1,0.772,
0.831,0.802,1,0.764,
0.782,0.758,1,0.748,
0.788,0.757,1,0.751,
0.778,0.754,1,0.729,
0.81,0.792,0.992,0.764,
0.846,0.827,1,0.791,
0.755,0.738,0.962,0.699,
0.788,0.772,0.956,0.75,
0.777,0.76,0.998,0.715,
0.762,0.731,1,0.67,
0.831,0.812,1,0.784,
0.775,0.746,0.984,0.713,
0.805,0.785,1,0.753,
0.842,0.829,1,0.789,
0.845,0.817,1,0.772,
0.801,0.78,1,0.761,
0.727,0.683,1,0.651,
0.801,0.786,1,0.745,
0.737,0.714,0.989,0.638,
0.811,0.788,1,0.747,
0.81,0.788,1,0.76,
0.789,0.77,1,0.731,
0.791,0.778,1,0.715,
0.79,0.77,1,0.73,
0.8,0.786,0.961,0.763,
0.83,0.821,1,0.763,
0.847,0.831,1,0.81,
0.865,0.855,1,0.78,
0.818,0.826,1,0.74,
0.727,0.686,0.965,0.652,
0.805,0.792,0.998,0.75,
0.805,0.776,0.979,0.752,
0.805,0.79,1,0.747,
0.774,0.746,0.989,0.73,
0.799,0.786,1,0.733,
0.825,0.817,1,0.753,
0.793,0.764,0.995,0.748,
0.808,0.788,0.994,0.717,
0.758,0.724,1,0.704,
0.803,0.784,0.993,0.697,
0.78,0.75,1,0.711,
0.732,0.702,0.989,0.668,
0.792,0.768,1,0.746,
0.74,0.706,1,0.665,
0.822,0.804,1,0.763,
0.778,0.744,1,0.729,
0.81,0.784,1,0.764,
0.802,0.77,1,0.762,
0.766,0.747,1,0.686,
0.826,0.802,0.997,0.784,
0.792,0.765,1,0.746,
0.791,0.752,0.973,0.685,
0.839,0.818,1,0.782,
0.773,0.744,1,0.71,
0.799,0.772,1,0.718,
0.827,0.809,1,0.773,
0.826,0.81,0.992,0.779,
0.819,0.806,1,0.766,
0.778,0.759,0.985,0.716,
0.756,0.742,0.939,0.696,
0.861,0.835,0.991,0.815,
0.802,0.77,1,0.755,
0.82,0.8,1,0.773,
0.836,0.812,1,0.761,
0.734,0.693,1,0.672,
0.758,0.732,1,0.684,
0.813,0.787,1,0.765,
0.786,0.763,1,0.72,
0.815,0.796,1,0.769,
0.848,0.821,1,0.806,
0.804,0.766,1,0.757,
0.848,0.831,0.988,0.814,
0.793,0.762,0.988,0.752,
0.826,0.79,1,0.762,
0.856,0.845,0.993,0.813,
0.819,0.803,1,0.771,
0.771,0.748,1,0.707,
0.843,0.845,1,0.748,
0.735,0.702,1,0.65,
0.805,0.782,1,0.766,
0.839,0.838,0.997,0.727,
0.834,0.817,1,0.76,
0.804,0.778,1,0.745,
0.786,0.762,0.995,0.742,
0.776,0.779,0.983,0.685,
0.764,0.726,1,0.717,
0.735,0.71,0.982,0.671,
0.791,0.774,1,0.709,
0.781,0.756,1,0.735,
0.827,0.821,1,0.739,
0.745,0.724,0.895,0.704,
0.852,0.831,1,0.811,
0.747,0.722,0.965,0.695,
0.843,0.832,1,0.783,
0.87,0.848,1,0.821,
0.764,0.728,1,0.709,
0.594,0.532,0.944,0.461,
0.619,0.555,1,0.517,
0.553,0.48,1,0.442,
0.609,0.546,0.991,0.477,
0.589,0.512,0.998,0.457,
0.617,0.57,1,0.466,
0.73,0.696,1,0.67,
0.68,0.645,1,0.578,
0.695,0.684,0.981,0.587,
0.586,0.492,1,0.451,
0.746,0.73,1,0.669,
0.64,0.571,1,0.569,
0.75,0.714,1,0.699,
0.59,0.509,0.998,0.447,
0.701,0.649,1,0.636,
0.59,0.534,1,0.448,
0.685,0.623,0.989,0.573,
0.616,0.548,1,0.545,
0.71,0.661,1,0.64,
0.65,0.579,0.983,0.544,
0.747,0.714,0.994,0.703,
0.618,0.534,1,0.499,
0.694,0.659,1,0.562,
0.722,0.677,1,0.655,
0.65,0.621,0.979,0.56,
0.666,0.602,1,0.599,
0.572,0.495,0.995,0.446,
0.538,0.443,1,0.428,
0.653,0.603,1,0.571,
0.603,0.55,1,0.451,
0.602,0.544,1,0.495,
0.591,0.554,0.934,0.443,
0.755,0.742,1,0.667,
0.709,0.669,1,0.597,
0.656,0.611,1,0.532,
0.7,0.647,1,0.622,
0.615,0.549,1,0.54,
0.593,0.538,1,0.437,
0.59,0.528,1,0.485,
0.646,0.605,1,0.526,
0.614,0.565,1,0.49,
0.664,0.644,1,0.528,
0.598,0.571,1,0.454,
0.55,0.471,0.977,0.436,
0.592,0.554,0.93,0.431,
0.651,0.606,1,0.553,
0.564,0.49,0.994,0.455,
0.63,0.558,0.97,0.553,
0.691,0.664,1,0.603,
0.689,0.648,1,0.621,
0.598,0.54,1,0.451,
0.667,0.653,1,0.517,
0.694,0.671,1,0.599,
0.663,0.607,1,0.57,
0.598,0.564,0.958,0.447,
0.571,0.485,1,0.446,
0.669,0.603,0.985,0.581,
0.642,0.578,1,0.551,
0.686,0.63,1,0.622,
0.675,0.649,1,0.568,
0.563,0.473,1,0.458,
0.657,0.659,0.994,0.513,
0.677,0.673,0.976,0.56,
0.782,0.772,1,0.725,
0.64,0.587,1,0.568,
0.657,0.589,1,0.569,
0.566,0.469,0.991,0.446,
0.563,0.507,0.99,0.436,
0.592,0.546,1,0.421,
0.628,0.592,0.981,0.449,
0.607,0.534,0.997,0.455,
0.587,0.518,0.989,0.484,
0.653,0.621,1,0.512,
0.659,0.607,1,0.582,
0.766,0.733,1,0.652,
0.64,0.593,1,0.522,
0.61,0.529,1,0.486,
0.601,0.564,0.993,0.477,
0.627,0.576,1,0.46,
0.758,0.724,1,0.709,
0.598,0.555,1,0.439,
0.711,0.681,1,0.635,
0.673,0.651,1,0.602,
0.545,0.463,1,0.43,
0.552,0.453,0.98,0.438,
0.613,0.534,1,0.465,
0.546,0.444,0.991,0.435,
0.728,0.692,1,0.605,
0.833,0.805,1,0.789,
0.58,0.528,1,0.441,
0.672,0.625,1,0.575,
0.774,0.758,1,0.684,
0.711,0.693,1,0.653,
0.693,0.659,1,0.618,
0.667,0.641,1,0.551,
0.685,0.661,1,0.577,
0.695,0.696,1,0.564,
0.612,0.55,1,0.529,
0.751,0.695,1,0.665,
0.621,0.569,0.996,0.437,
0.6,0.567,1,0.45,
0.588,0.549,1,0.411,
0.645,0.593,1,0.544,
0.651,0.592,1,0.588,
0.747,0.739,1,0.574,
0.658,0.671,1,0.501,
0.691,0.674,1,0.57,
0.694,0.659,1,0.594,
0.577,0.489,1,0.441,
0.77,0.748,1,0.72,
0.536,0.446,1,0.433,
0.621,0.568,1,0.525,
0.765,0.72,1,0.719,
0.608,0.605,0.983,0.435,
0.67,0.629,1,0.565,
0.629,0.571,1,0.498,
0.643,0.589,1,0.52,
0.676,0.625,1,0.616,
0.629,0.565,1,0.509,
0.646,0.639,1,0.496,
0.6,0.524,0.989,0.443,
0.718,0.696,1,0.587,
0.654,0.631,0.992,0.476,
0.639,0.579,0.992,0.56,
0.619,0.577,1,0.543,
0.624,0.576,0.986,0.524,
0.559,0.442,1,0.435,
0.604,0.603,0.978,0.436,
0.656,0.595,0.995,0.588,
0.623,0.569,1,0.509,
0.541,0.459,1,0.424,
0.615,0.542,0.994,0.499,
0.607,0.558,1,0.444,
0.678,0.647,1,0.534,
0.73,0.693,1,0.673,
0.629,0.604,0.964,0.484,
0.542,0.487,1,0.443,
0.593,0.569,1,0.435,
0.7,0.671,1,0.624,
0.657,0.626,1,0.516,
0.584,0.529,0.978,0.443,
0.541,0.445,1,0.427,
0.731,0.698,1,0.645,
0.683,0.63,1,0.627,
0.577,0.508,0.994,0.437,
0.61,0.567,1,0.431,
0.698,0.648,1,0.611,
0.73,0.7,0.972,0.622,
0.581,0.522,0.97,0.432,
0.608,0.57,1,0.456,
0.598,0.52,0.999,0.503,
0.721,0.683,1,0.675,
0.609,0.552,1,0.539,
0.557,0.464,0.998,0.45,
0.609,0.566,1,0.451,
0.669,0.631,1,0.574,
0.715,0.649,1,0.633,
0.594,0.538,0.989,0.462,
0.665,0.619,0.986,0.553,
0.67,0.642,0.972,0.466,
0.548,0.457,1,0.432,
0.638,0.591,0.998,0.554,
0.597,0.546,1,0.458,
0.645,0.596,1,0.593,
0.705,0.661,1,0.635,
0.67,0.633,0.995,0.549,
0.701,0.665,1,0.64,
0.547,0.455,1,0.426,
0.713,0.684,1,0.605,
0.599,0.545,1,0.479,
0.647,0.639,1,0.519,
0.673,0.621,0.957,0.62,
0.628,0.585,1,0.494,
0.738,0.684,1,0.656,
0.548,0.459,0.995,0.432,
0.652,0.607,0.984,0.571,
0.703,0.675,1,0.603,
0.665,0.645,0.99,0.474,
0.576,0.484,1,0.434,
0.644,0.6,1,0.551,
0.69,0.651,1,0.608,
0.654,0.599,1,0.593,
0.651,0.666,0.999,0.452,
0.703,0.663,1,0.639,
0.573,0.537,0.908,0.415,
0.631,0.572,1,0.526,
0.638,0.554,1,0.539,
0.596,0.56,1,0.452,
0.761,0.756,1,0.663,
0.683,0.619,0.994,0.612,
0.741,0.716,1,0.659,
0.613,0.599,1,0.48,
0.627,0.598,1,0.491,
0.615,0.554,1,0.5,
0.575,0.514,0.985,0.431,
0.66,0.639,1,0.482,
0.628,0.567,1,0.563,
0.55,0.473,0.993,0.438,
0.62,0.587,1,0.461,
0.638,0.575,1,0.531,
0.598,0.565,1,0.449,
0.7,0.657,1,0.64,
0.55,0.45,1,0.444,
0.644,0.613,0.997,0.456,
0.615,0.567,1,0.467,
0.688,0.651,1,0.574,
0.556,0.472,0.993,0.439,
0.586,0.53,0.998,0.44,
0.621,0.573,0.984,0.492,
0.637,0.591,0.995,0.539,
0.553,0.434,1,0.431,
0.639,0.601,1,0.491,
0.603,0.54,0.99,0.469,
0.667,0.613,1,0.578,
0.612,0.562,1,0.483,
0.644,0.587,1,0.563,
0.579,0.54,0.984,0.428,
0.56,0.502,0.952,0.445,
0.635,0.594,1,0.487,
0.679,0.636,1,0.552,
0.685,0.643,1,0.623,
0.559,0.485,1,0.452,
0.708,0.688,1,0.585,
0.59,0.523,1,0.463,
0.624,0.536,1,0.53,
0.678,0.619,0.993,0.614,
0.599,0.538,1,0.436,
0.597,0.571,0.995,0.432,
0.59,0.541,1,0.475,
0.623,0.556,1,0.5,
0.55,0.448,1,0.443,
0.568,0.509,0.994,0.443,
0.65,0.629,0.995,0.459,
0.632,0.578,1,0.521,
0.669,0.613,1,0.562,
0.579,0.542,0.972,0.426,
0.586,0.521,0.986,0.447,
0.648,0.587,0.99,0.555,
0.697,0.668,1,0.594,
0.758,0.722,1,0.674,
0.631,0.595,1,0.522,
0.646,0.603,1,0.544,
0.687,0.635,1,0.6,
0.672,0.631,1,0.577,
0.777,0.742,1,0.709,
0.587,0.536,0.97,0.442,
0.652,0.591,1,0.567,
0.641,0.603,1,0.543,
0.563,0.496,0.983,0.433,
0.829,0.802,1,0.74,
0.601,0.57,1,0.447,
0.609,0.571,1,0.5,
0.66,0.611,1,0.531,
0.635,0.627,0.975,0.5,
0.616,0.582,0.999,0.468,
0.58,0.509,0.998,0.485,
0.705,0.663,1,0.654,
0.64,0.591,1,0.591,
0.542,0.448,1,0.44,
0.63,0.575,0.945,0.518,
0.639,0.585,0.979,0.524,
0.684,0.629,1,0.593,
0.617,0.585,1,0.468,
0.633,0.565,1,0.48,
0.706,0.646,0.997,0.615,
0.627,0.575,0.994,0.53,
0.687,0.647,1,0.602,
0.551,0.459,1,0.442,
0.577,0.55,0.976,0.428,
0.613,0.551,1,0.508,
0.558,0.462,1,0.452,
0.77,0.748,1,0.704,
0.65,0.609,1,0.543,
0.666,0.613,1,0.6,
0.684,0.643,1,0.614,
0.539,0.471,0.945,0.416,
0.689,0.648,1,0.576,
0.564,0.491,0.989,0.439,
0.547,0.459,0.996,0.434,
0.736,0.716,1,0.672,
0.733,0.7,1,0.639,
0.573,0.509,1,0.492,
0.653,0.639,1,0.504,
0.755,0.731,1,0.684,
0.664,0.635,1,0.452,
0.611,0.537,1,0.453,
0.641,0.58,1,0.575,
0.569,0.468,1,0.439,
0.551,0.455,0.986,0.439,
0.624,0.572,1,0.51,
0.77,0.749,1,0.68,
0.586,0.498,1,0.453,
0.588,0.526,1,0.455,
0.694,0.639,1,0.571,
0.579,0.511,1,0.503,
0.674,0.627,0.993,0.607,
0.752,0.728,1,0.685,
0.668,0.624,1,0.599,
0.669,0.633,1,0.595,
0.594,0.522,1,0.434,
0.562,0.482,1,0.438,
0.599,0.559,1,0.462,
0.596,0.549,0.975,0.426,
0.645,0.608,1,0.574,
0.574,0.528,0.99,0.45,
0.563,0.454,1,0.434,
0.664,0.604,0.99,0.599,
0.622,0.586,1,0.467,
0.561,0.462,1,0.446,
0.557,0.502,1,0.424,
0.716,0.696,1,0.62,
0.699,0.641,1,0.638,
0.664,0.63,0.997,0.572,
0.569,0.484,0.996,0.442,
0.62,0.551,1,0.494,
0.663,0.648,0.992,0.527,
0.567,0.486,0.956,0.456,
0.664,0.602,1,0.592,
0.632,0.57,1,0.524,
0.687,0.659,1,0.565,
0.833,0.818,1,0.796,
0.619,0.611,0.993,0.459,
0.708,0.668,1,0.627,
0.553,0.461,1,0.451,
0.605,0.556,0.989,0.52,
0.663,0.617,1,0.572,
0.686,0.643,1,0.587,
0.693,0.653,1,0.582,
0.787,0.758,1,0.738,
0.558,0.452,1,0.447,
0.651,0.608,1,0.526,
0.663,0.633,1,0.516,
0.629,0.555,1,0.541,
0.675,0.647,1,0.6,
0.609,0.551,0.984,0.509,
0.703,0.652,1,0.606,
0.653,0.611,0.971,0.545,
0.585,0.528,1,0.48,
0.575,0.516,1,0.45,
0.633,0.585,1,0.556,
0.663,0.624,1,0.568,
0.645,0.598,1,0.521,
0.56,0.526,0.948,0.415,
0.707,0.671,0.985,0.619,
0.661,0.601,0.977,0.572,
0.706,0.655,1,0.652,
0.626,0.573,1,0.488,
0.607,0.591,1,0.438,
0.533,0.458,0.941,0.418,
0.644,0.588,1,0.556,
0.637,0.557,0.993,0.541,
0.581,0.506,0.99,0.454,
0.649,0.594,1,0.588,
0.574,0.501,1,0.392,
0.582,0.489,1,0.446,
0.62,0.535,1,0.477,
0.623,0.585,1,0.503,
0.711,0.692,1,0.621,
0.567,0.475,1,0.426,
0.62,0.564,1,0.512,
0.679,0.668,1,0.513,
0.584,0.528,1,0.455,
0.571,0.491,1,0.447,
0.561,0.491,0.941,0.408,
0.532,0.456,1,0.416,
0.715,0.671,1,0.6,
0.68,0.633,1,0.625,
0.534,0.435,1,0.427,
0.687,0.667,1,0.568,
0.592,0.539,1,0.458,
0.699,0.675,0.999,0.59,
0.625,0.601,0.999,0.454,
0.638,0.594,0.916,0.53,
0.652,0.607,1,0.563,
0.712,0.7,1,0.585,
0.532,0.461,0.979,0.426,
0.524,0.446,0.987,0.431,
0.591,0.549,1,0.429,
0.635,0.562,1,0.551,
0.607,0.568,1,0.478,
0.534,0.493,0.905,0.408,
0.645,0.585,0.972,0.545,
0.669,0.611,1,0.581,
0.781,0.762,1,0.699,
0.816,0.802,1,0.766,
0.811,0.806,1,0.747,
0.85,0.821,0.998,0.793,
0.857,0.825,1,0.79,
0.802,0.78,0.993,0.686,
0.737,0.706,0.95,0.691,
0.797,0.774,0.995,0.74,
0.763,0.74,1,0.697,
0.888,0.875,1,0.804,
0.856,0.848,1,0.765,
0.789,0.772,1,0.715,
0.814,0.798,0.988,0.728,
0.825,0.812,0.99,0.758,
0.771,0.75,1,0.703,
0.833,0.811,0.992,0.786,
0.785,0.768,0.962,0.739,
0.741,0.692,0.993,0.69,
0.789,0.75,1,0.739,
0.788,0.766,1,0.733,
0.802,0.781,1,0.749,
0.798,0.776,0.972,0.747,
0.688,0.658,1,0.628,
0.772,0.726,1,0.714,
0.788,0.762,0.997,0.71,
0.809,0.78,1,0.737,
0.768,0.732,1,0.713,
0.785,0.76,1,0.725,
0.858,0.823,1,0.8,
0.785,0.77,1,0.717,
0.719,0.7,1,0.642,
0.815,0.801,1,0.765,
0.83,0.813,1,0.79,
0.639,0.569,1,0.563,
0.594,0.514,1,0.464,
0.826,0.8,1,0.794,
0.693,0.667,1,0.601,
0.661,0.604,1,0.601,
0.775,0.748,1,0.713,
0.65,0.591,1,0.509,
0.628,0.577,1,0.524,
0.587,0.477,0.994,0.462,
0.646,0.607,0.974,0.532,
0.629,0.589,0.991,0.484,
0.591,0.522,0.955,0.47,
0.574,0.5,1,0.455,
0.538,0.475,0.994,0.43,
0.682,0.679,0.998,0.528,
0.597,0.544,1,0.487,
0.776,0.75,1,0.685,
0.757,0.723,1,0.651,
0.805,0.78,1,0.763,
0.759,0.752,0.91,0.684,
0.811,0.79,1,0.744,
0.816,0.796,1,0.733,
0.759,0.724,0.978,0.712,
0.755,0.728,1,0.67,
0.827,0.804,1,0.786,
0.758,0.714,1,0.685,
0.786,0.756,1,0.734,
0.792,0.764,1,0.733,
0.803,0.769,1,0.735,
0.805,0.782,1,0.742,
0.808,0.787,1,0.738,
0.823,0.813,1,0.761,
0.629,0.611,0.99,0.479,
0.628,0.584,1,0.556,
0.659,0.619,1,0.55,
0.558,0.506,0.98,0.431,
0.562,0.478,0.971,0.42,
0.583,0.526,0.994,0.451,
0.574,0.529,1,0.426,
0.547,0.471,0.943,0.413,
0.608,0.579,0.997,0.453,
0.566,0.498,0.987,0.436,
0.693,0.665,1,0.576,
0.761,0.72,1,0.711,
0.616,0.544,1,0.54,
0.624,0.587,0.967,0.489,
0.639,0.625,1,0.46,
0.639,0.598,1,0.543,




Further Data analysis of all test cases 
avg med max min 
AVGs,0.587,0.606,0.705,0.456,
MEDs,0.541,0.565,0.677,0.385,
MAXs,0.939,0.942,1,0.809,
MINs,0.512,0.535,0.656,0.368,


AVGs,0.759,0.78,0.931,0.552,
MEDs,0.732,0.756,0.984,0.468,
MAXs,0.992,1,1,0.867,
MINs,0.68,0.71,0.859,0.426,


AVGs,0.729,0.761,0.903,0.524,
MEDs,0.694,0.732,0.942,0.434,
MAXs,0.993,1,1,0.893,
MINs,0.646,0.691,0.827,0.392,



