

Data analysis for each instance 
AVG,MED,MAX,MIN
-0.291,-0.301,-0.032,-0.505,
-0.266,-0.221,-0.039,-0.529,
-0.26,-0.276,-0.055,-0.455,
-0.307,-0.278,-0.048,-0.525,
-0.309,-0.284,-0.065,-0.597,
-0.32,-0.311,-0.055,-0.492,
-0.265,-0.228,-0.049,-0.443,
-0.27,-0.234,-0.044,-0.453,
-0.32,-0.277,-0.062,-0.527,
-0.308,-0.292,-0.061,-0.499,
-0.3,-0.276,-0.064,-0.532,
-0.263,-0.253,-0.053,-0.422,
-0.289,-0.243,-0.06,-0.503,
-0.237,-0.195,-0.053,-0.472,
-0.265,-0.253,-0.063,-0.454,
-0.285,-0.281,-0.07,-0.473,
-0.273,-0.283,-0.055,-0.495,
-0.298,-0.272,-0.073,-0.49,
-0.237,-0.212,-0.062,-0.432,
-0.29,-0.301,-0.035,-0.543,
-0.311,-0.292,-0.048,-0.518,
-0.317,-0.31,-0.048,-0.522,
-0.27,-0.243,-0.053,-0.504,
-0.294,-0.302,-0.051,-0.526,
-0.278,-0.275,-0.097,-0.43,
-0.264,-0.277,-0.037,-0.472,
-0.293,-0.281,-0.047,-0.512,
-0.327,-0.33,-0.062,-0.527,
-0.275,-0.246,-0.09,-0.442,
-0.316,-0.283,0.019,-0.602,
-0.301,-0.277,-0.055,-0.485,
-0.229,-0.212,-0.07,-0.394,
-0.251,-0.238,-0.059,-0.43,
-0.271,-0.272,-0.017,-0.521,
-0.257,-0.266,-0.014,-0.485,
-0.296,-0.278,-0.06,-0.559,
-0.201,-0.223,0.121,-0.491,
-0.255,-0.259,-0.061,-0.415,
-0.235,-0.211,-0.058,-0.438,
-0.296,-0.272,-0.053,-0.477,
-0.256,-0.243,-0.055,-0.432,
-0.323,-0.307,-0.051,-0.531,
-0.244,-0.212,-0.117,-0.364,
-0.302,-0.275,-0.076,-0.482,
-0.248,-0.234,-0.044,-0.444,
-0.328,-0.261,-0.04,-0.639,
-0.263,-0.257,-0.061,-0.392,
-0.238,-0.223,-0.066,-0.37,
-0.339,-0.335,-0.061,-0.548,
-0.277,-0.274,-0.048,-0.488,
-0.315,-0.27,-0.048,-0.541,
-0.259,-0.285,-0.063,-0.356,
-0.263,-0.23,-0.063,-0.43,
-0.286,-0.297,-0.12,-0.363,
-0.281,-0.28,-0.056,-0.454,
-0.292,-0.296,-0.06,-0.474,
-0.275,-0.3,-0.028,-0.353,
-0.32,-0.288,-0.049,-0.502,
-0.257,-0.249,-0.015,-0.454,
-0.295,-0.289,-0.052,-0.498,
-0.234,-0.196,-0.066,-0.413,
-0.27,-0.26,-0.04,-0.466,
-0.293,-0.301,-0.07,-0.541,
-0.308,-0.289,-0.052,-0.53,
-0.314,-0.336,-0.052,-0.424,
-0.211,-0.224,-0.066,-0.325,
-0.259,-0.274,-0.04,-0.353,
-0.283,-0.265,-0.065,-0.441,
-0.268,-0.251,-0.049,-0.401,
-0.242,-0.286,-0.06,-0.369,
-0.297,-0.314,-0.06,-0.516,
-0.281,-0.26,0.031,-0.503,
-0.304,-0.307,-0.059,-0.539,
-0.208,-0.217,-0.052,-0.3,
-0.271,-0.234,-0.069,-0.442,
-0.305,-0.282,-0.055,-0.537,
-0.322,-0.26,-0.052,-0.579,
-0.248,-0.258,-0.048,-0.457,
-0.332,-0.28,-0.061,-0.612,
-0.303,-0.26,-0.03,-0.513,
-0.277,-0.271,-0.047,-0.477,
-0.295,-0.317,-0.004,-0.366,
-0.284,-0.275,-0.066,-0.443,
-0.326,-0.286,-0.047,-0.542,
-0.288,-0.275,-0.073,-0.478,
-0.28,-0.268,-0.059,-0.539,
-0.258,-0.275,-0.008,-0.455,
-0.304,-0.274,-0.053,-0.607,
-0.264,-0.29,-0.044,-0.393,
-0.246,-0.222,-0.012,-0.508,
-0.286,-0.312,-0.054,-0.483,
-0.245,-0.193,-0.036,-0.471,
-0.238,-0.235,-0.067,-0.444,
-0.291,-0.298,-0.032,-0.474,
-0.265,-0.266,-0.03,-0.464,
-0.341,-0.333,-0.046,-0.518,
-0.275,-0.281,-0.079,-0.48,
-0.265,-0.297,-0.049,-0.442,
-0.266,-0.274,-0.058,-0.392,
-0.228,-0.231,-0.06,-0.305,
-0.271,-0.255,-0.065,-0.423,
-0.29,-0.29,-0.043,-0.517,
-0.349,-0.345,-0.027,-0.558,
-0.287,-0.286,-0.073,-0.492,
-0.271,-0.235,-0.039,-0.462,
-0.303,-0.255,-0.064,-0.542,
-0.283,-0.248,-0.031,-0.541,
-0.293,-0.235,-0.07,-0.514,
-0.306,-0.273,-0.067,-0.538,
-0.289,-0.288,-0.083,-0.503,
-0.201,-0.203,-0.08,-0.393,
-0.254,-0.274,-0.05,-0.382,
-0.275,-0.308,-0.041,-0.433,
-0.278,-0.249,-0.049,-0.489,
-0.223,-0.219,-0.042,-0.406,
-0.275,-0.231,-0.011,-0.539,
-0.277,-0.265,-0.067,-0.436,
-0.256,-0.232,-0.041,-0.489,
-0.294,-0.283,-0.056,-0.505,
-0.31,-0.284,-0.058,-0.477,
-0.297,-0.278,-0.046,-0.46,
-0.281,-0.302,-0.049,-0.38,
-0.267,-0.261,-0.041,-0.48,
-0.281,-0.248,-0.038,-0.477,
-0.268,-0.246,-0.057,-0.45,
-0.315,-0.312,-0.079,-0.499,
-0.308,-0.309,-0.05,-0.505,
-0.33,-0.356,-0.05,-0.554,
-0.289,-0.288,-0.08,-0.484,
-0.294,-0.263,-0.057,-0.487,
-0.309,-0.333,-0.041,-0.501,
-0.253,-0.267,-0.071,-0.405,
-0.261,-0.278,-0.059,-0.429,
-0.281,-0.248,-0.057,-0.45,
-0.283,-0.262,-0.058,-0.505,
-0.248,-0.24,-0.049,-0.408,
-0.283,-0.283,-0.042,-0.458,
-0.254,-0.264,-0.053,-0.438,
-0.286,-0.287,-0.056,-0.431,
-0.25,-0.282,-0.056,-0.35,
-0.249,-0.241,-0.041,-0.438,
-0.262,-0.271,-0.078,-0.393,
-0.284,-0.271,-0.029,-0.495,
-0.272,-0.256,-0.036,-0.42,
-0.283,-0.294,-0.081,-0.44,
-0.296,-0.292,-0.052,-0.472,
-0.274,-0.244,-0.049,-0.462,
-0.29,-0.239,-0.064,-0.541,
-0.281,-0.281,-0.052,-0.415,
-0.267,-0.225,-0.064,-0.495,
-0.274,-0.305,-0.058,-0.335,
-0.223,-0.244,-0.053,-0.387,
-0.248,-0.231,-0.062,-0.531,
-0.28,-0.298,-0.038,-0.475,
-0.294,-0.223,-0.057,-0.573,
-0.27,-0.255,-0.057,-0.45,
-0.298,-0.286,-0.059,-0.512,
-0.285,-0.261,-0.049,-0.464,
-0.328,-0.327,-0.023,-0.556,
-0.271,-0.247,-0.064,-0.431,
-0.257,-0.233,-0.069,-0.432,
-0.298,-0.253,-0.041,-0.551,
-0.231,-0.214,-0.046,-0.479,
-0.254,-0.264,-0.038,-0.419,
-0.292,-0.306,-0.057,-0.417,
-0.284,-0.268,-0.055,-0.493,
-0.32,-0.329,-0.052,-0.519,
-0.312,-0.313,-0.055,-0.48,
-0.303,-0.276,-0.036,-0.494,
-0.283,-0.286,-0.067,-0.403,
-0.296,-0.249,-0.06,-0.52,
-0.267,-0.284,-0.034,-0.366,
-0.162,-0.16,-0.069,-0.267,
-0.331,-0.318,-0.074,-0.546,
-0.27,-0.283,-0.055,-0.381,
-0.282,-0.293,-0.032,-0.459,
-0.27,-0.273,-0.037,-0.48,
-0.281,-0.249,-0.056,-0.469,
-0.289,-0.273,-0.06,-0.479,
-0.312,-0.274,-0.087,-0.588,
-0.234,-0.221,-0.058,-0.425,
-0.298,-0.288,-0.052,-0.561,
-0.312,-0.292,-0.116,-0.518,
-0.277,-0.216,-0.074,-0.535,
-0.346,-0.341,-0.05,-0.533,
-0.272,-0.231,-0.07,-0.458,
-0.29,-0.278,-0.051,-0.46,
-0.263,-0.27,-0.062,-0.454,
-0.238,-0.254,-0.06,-0.336,
-0.29,-0.303,-0.038,-0.513,
-0.26,-0.273,-0.038,-0.421,
-0.286,-0.304,-0.04,-0.464,
-0.312,-0.277,-0.054,-0.51,
-0.258,-0.266,-0.053,-0.415,
-0.269,-0.266,-0.06,-0.436,
-0.257,-0.26,-0.053,-0.428,
-0.25,-0.258,-0.036,-0.422,
-0.292,-0.275,-0.049,-0.492,
-0.299,-0.307,-0.049,-0.488,
-0.337,-0.294,-0.048,-0.599,
-0.269,-0.268,-0.037,-0.539,
-0.342,-0.36,-0.055,-0.449,
-0.284,-0.252,-0.047,-0.477,
-0.238,-0.194,-0.028,-0.483,
-0.27,-0.278,-0.035,-0.468,
-0.245,-0.238,-0.064,-0.425,
-0.285,-0.307,-0.039,-0.458,
-0.258,-0.238,-0.042,-0.42,
-0.269,-0.29,-0.053,-0.438,
-0.269,-0.264,-0.067,-0.454,
-0.28,-0.237,-0.06,-0.557,
-0.258,-0.235,-0.059,-0.409,
-0.267,-0.228,-0.062,-0.431,
-0.321,-0.273,-0.047,-0.569,
-0.298,-0.316,-0.039,-0.478,
-0.287,-0.264,-0.048,-0.481,
-0.269,-0.29,-0.061,-0.42,
-0.31,-0.297,-0.047,-0.483,
-0.296,-0.308,-0.043,-0.498,
-0.28,-0.275,-0.056,-0.46,
-0.253,-0.29,-0.055,-0.335,
-0.272,-0.25,-0.063,-0.454,
-0.285,-0.26,-0.059,-0.484,
-0.254,-0.253,-0.06,-0.432,
-0.301,-0.248,-0.067,-0.517,
-0.228,-0.179,-0.053,-0.436,
-0.276,-0.23,-0.043,-0.5,
-0.287,-0.235,-0.049,-0.504,
-0.32,-0.326,-0.043,-0.521,
-0.277,-0.266,-0.129,-0.451,
-0.282,-0.291,-0.071,-0.508,
-0.266,-0.231,-0.058,-0.438,
-0.28,-0.316,-0.051,-0.353,
-0.258,-0.255,-0.056,-0.396,
-0.313,-0.247,-0.057,-0.568,
-0.307,-0.257,-0.073,-0.538,
-0.228,-0.217,-0.066,-0.549,
-0.244,-0.225,-0.071,-0.468,
-0.284,-0.265,-0.067,-0.495,
-0.311,-0.3,-0.055,-0.539,
-0.285,-0.263,-0.056,-0.442,
-0.266,-0.245,-0.04,-0.448,
-0.302,-0.305,-0.062,-0.421,
-0.342,-0.261,-0.051,-0.647,
-0.29,-0.271,-0.073,-0.519,
-0.293,-0.246,-0.055,-0.502,
-0.253,-0.237,-0.07,-0.395,
-0.232,-0.233,0.046,-0.52,
-0.282,-0.243,-0.066,-0.474,
-0.311,-0.248,-0.07,-0.594,
-0.267,-0.26,-0.045,-0.413,
-0.258,-0.256,-0.048,-0.522,
-0.295,-0.301,-0.056,-0.517,
-0.272,-0.277,-0.1,-0.376,
-0.314,-0.252,-0.042,-0.584,
-0.236,-0.248,-0.053,-0.533,
-0.31,-0.308,-0.035,-0.533,
-0.315,-0.304,-0.069,-0.527,
-0.344,-0.342,-0.044,-0.485,
-0.283,-0.26,-0.054,-0.484,
-0.293,-0.273,-0.049,-0.492,
-0.253,-0.251,-0.121,-0.396,
-0.305,-0.332,-0.062,-0.525,
-0.293,-0.279,-0.05,-0.498,
-0.312,-0.319,-0.061,-0.503,
-0.267,-0.263,-0.044,-0.434,
-0.293,-0.254,-0.085,-0.443,
-0.313,-0.3,-0.036,-0.558,
-0.313,-0.298,-0.007,-0.553,
-0.292,-0.322,-0.051,-0.395,
-0.308,-0.289,-0.043,-0.544,
-0.291,-0.29,-0.155,-0.519,
-0.307,-0.253,-0.044,-0.565,
-0.301,-0.319,-0.054,-0.536,
-0.33,-0.308,-0.06,-0.547,
-0.234,-0.246,-0.061,-0.423,
-0.248,-0.251,-0.063,-0.424,
-0.261,-0.274,-0.032,-0.443,
-0.318,-0.325,-0.045,-0.556,
-0.282,-0.247,-0.056,-0.464,
-0.26,-0.288,-0.018,-0.495,
-0.287,-0.262,-0.056,-0.49,
-0.273,-0.259,-0.042,-0.489,
-0.316,-0.302,-0.067,-0.502,
-0.268,-0.244,-0.067,-0.486,
-0.26,-0.272,-0.058,-0.32,
-0.278,-0.249,-0.063,-0.411,
-0.252,-0.236,-0.041,-0.461,
-0.303,-0.307,-0.051,-0.548,
-0.279,-0.254,-0.068,-0.511,
-0.299,-0.269,-0.08,-0.557,
-0.265,-0.266,-0.044,-0.444,
-0.277,-0.27,-0.069,-0.458,
-0.324,-0.295,-0.067,-0.535,
-0.277,-0.269,-0.045,-0.489,
-0.282,-0.296,-0.04,-0.603,
-0.268,-0.279,-0.028,-0.455,
-0.271,-0.237,-0.059,-0.511,
-0.263,-0.272,-0.057,-0.468,
-0.274,-0.229,-0.061,-0.544,
-0.282,-0.234,-0.037,-0.523,
-0.277,-0.261,-0.067,-0.446,
-0.298,-0.265,-0.045,-0.5,
-0.254,-0.237,-0.087,-0.396,
-0.202,-0.156,-0.05,-0.429,
-0.3,-0.287,-0.057,-0.533,
-0.313,-0.251,-0.061,-0.58,
-0.302,-0.263,-0.066,-0.485,
-0.266,-0.294,-0.034,-0.318,
-0.298,-0.297,-0.073,-0.543,
-0.292,-0.263,-0.053,-0.46,
-0.238,-0.287,0.05,-0.504,
-0.284,-0.226,-0.049,-0.497,
-0.286,-0.275,-0.063,-0.528,
-0.266,-0.224,-0.155,-0.413,
-0.325,-0.363,-0.053,-0.396,
-0.328,-0.316,-0.037,-0.55,
-0.263,-0.239,-0.045,-0.438,
-0.252,-0.232,-0.071,-0.461,
-0.277,-0.262,-0.033,-0.483,
-0.315,-0.249,-0.049,-0.558,
-0.295,-0.311,-0.082,-0.434,
-0.276,-0.275,-0.047,-0.47,
-0.189,-0.18,-0.07,-0.348,
-0.233,-0.242,-0.035,-0.404,
-0.228,-0.211,-0.051,-0.392,
-0.283,-0.316,-0.042,-0.377,
-0.208,-0.213,-0.028,-0.43,
-0.204,-0.175,-0.043,-0.444,
-0.281,-0.266,-0.091,-0.476,
-0.232,-0.228,-0.066,-0.431,
-0.276,-0.266,-0.041,-0.512,
-0.327,-0.314,-0.059,-0.476,
-0.261,-0.265,-0.058,-0.441,
-0.314,-0.304,-0.099,-0.507,
-0.265,-0.28,-0.064,-0.397,
-0.273,-0.277,-0.032,-0.442,
-0.27,-0.308,-0.046,-0.346,
-0.309,-0.295,-0.118,-0.483,
-0.306,-0.247,-0.053,-0.559,
-0.268,-0.254,-0.115,-0.437,
-0.285,-0.273,-0.039,-0.481,
-0.319,-0.287,-0.049,-0.517,
-0.283,-0.256,-0.103,-0.454,
-0.288,-0.296,-0.056,-0.464,
-0.28,-0.264,-0.046,-0.439,
-0.242,-0.262,-0.043,-0.36,
-0.264,-0.273,-0.052,-0.405,
-0.29,-0.246,-0.038,-0.487,
-0.274,-0.242,-0.105,-0.486,
-0.319,-0.281,-0.121,-0.593,
-0.265,-0.255,-0.055,-0.405,
-0.263,-0.264,-0.078,-0.425,
-0.279,-0.266,-0.05,-0.497,
-0.28,-0.306,-0.029,-0.443,
-0.299,-0.29,-0.057,-0.449,
-0.307,-0.295,-0.053,-0.521,
-0.24,-0.218,-0.053,-0.413,
-0.321,-0.263,-0.056,-0.577,
-0.286,-0.265,-0.058,-0.443,
-0.312,-0.304,-0.071,-0.507,
-0.263,-0.233,-0.097,-0.455,
-0.264,-0.24,-0.048,-0.524,
-0.279,-0.273,0.042,-0.518,
-0.248,-0.229,-0.037,-0.421,
-0.283,-0.278,-0.06,-0.438,
-0.267,-0.278,-0.025,-0.472,
-0.293,-0.291,-0.065,-0.462,
-0.245,-0.216,-0.068,-0.457,
-0.239,-0.249,-0.061,-0.442,
-0.239,-0.23,-0.024,-0.4,
-0.312,-0.289,-0.046,-0.477,
-0.291,-0.26,-0.1,-0.451,
-0.264,-0.226,-0.076,-0.495,
-0.211,-0.221,-0.021,-0.35,
-0.248,-0.255,-0.043,-0.47,
-0.249,-0.257,-0.039,-0.407,
-0.316,-0.317,-0.066,-0.513,
-0.261,-0.258,-0.053,-0.447,
-0.281,-0.251,-0.055,-0.446,
-0.258,-0.261,-0.047,-0.398,
-0.326,-0.323,-0.049,-0.486,
-0.285,-0.289,-0.074,-0.501,
-0.289,-0.257,-0.04,-0.454,
-0.25,-0.274,-0.052,-0.307,
-0.271,-0.238,-0.065,-0.433,
-0.271,-0.271,-0.042,-0.495,
-0.265,-0.254,-0.04,-0.478,
-0.323,-0.319,-0.172,-0.504,
-0.306,-0.276,-0.059,-0.53,
-0.233,-0.224,-0.059,-0.35,
-0.264,-0.243,-0.057,-0.411,
-0.304,-0.295,-0.097,-0.509,
-0.311,-0.278,-0.064,-0.495,
-0.301,-0.303,-0.039,-0.484,
-0.27,-0.289,-0.076,-0.417,
-0.33,-0.269,-0.067,-0.528,
-0.251,-0.228,-0.132,-0.361,
-0.26,-0.282,-0.061,-0.341,
-0.3,-0.29,-0.037,-0.433,
-0.264,-0.282,-0.05,-0.341,
-0.273,-0.264,-0.069,-0.477,
-0.311,-0.272,-0.073,-0.562,
-0.255,-0.273,-0.067,-0.317,
-0.256,-0.266,-0.085,-0.36,
-0.271,-0.246,-0.05,-0.467,
-0.262,-0.289,-0.08,-0.321,
-0.215,-0.184,-0.073,-0.469,
-0.25,-0.279,-0.043,-0.365,
-0.294,-0.282,-0.058,-0.509,
-0.289,-0.282,0.031,-0.571,
-0.233,-0.243,-0.065,-0.397,
-0.271,-0.248,-0.069,-0.487,
-0.251,-0.256,-0.044,-0.399,
-0.193,-0.167,0.026,-0.386,
-0.283,-0.268,-0.071,-0.479,
-0.303,-0.264,-0.058,-0.518,
-0.207,-0.213,-0.058,-0.362,
-0.249,-0.229,-0.058,-0.449,
-0.308,-0.249,-0.039,-0.609,
-0.285,-0.267,-0.071,-0.476,
-0.248,-0.252,-0.052,-0.435,
-0.272,-0.228,-0.052,-0.408,
-0.294,-0.237,-0.067,-0.549,
-0.251,-0.268,-0.034,-0.346,
-0.263,-0.243,-0.052,-0.453,
-0.262,-0.279,-0.041,-0.476,
-0.262,-0.237,-0.068,-0.452,
-0.307,-0.253,-0.036,-0.576,
-0.252,-0.229,-0.067,-0.415,
-0.303,-0.311,-0.035,-0.552,
-0.352,-0.273,-0.046,-0.666,
-0.319,-0.285,-0.06,-0.58,
-0.297,-0.294,-0.05,-0.547,
-0.331,-0.285,-0.055,-0.551,
-0.281,-0.276,-0.008,-0.414,
-0.206,-0.19,-0.068,-0.36,
-0.278,-0.247,-0.051,-0.48,
-0.307,-0.331,-0.056,-0.611,
-0.313,-0.319,-0.047,-0.51,
-0.363,-0.41,-0.067,-0.531,
-0.277,-0.31,-0.07,-0.431,
-0.272,-0.28,-0.027,-0.499,
-0.279,-0.267,-0.044,-0.4,
-0.292,-0.245,-0.077,-0.532,
-0.305,-0.281,-0.052,-0.515,
-0.286,-0.309,-0.049,-0.499,
-0.305,-0.237,-0.042,-0.577,
-0.281,-0.26,-0.052,-0.467,
-0.235,-0.24,-0.013,-0.456,
-0.321,-0.274,-0.053,-0.548,
-0.27,-0.283,-0.041,-0.477,
-0.341,-0.264,-0.064,-0.608,
-0.291,-0.269,-0.044,-0.536,
-0.262,-0.302,0.008,-0.436,
-0.232,-0.246,-0.05,-0.303,
-0.266,-0.244,-0.053,-0.511,
-0.169,-0.168,-0.067,-0.315,
-0.309,-0.289,-0.055,-0.497,
-0.327,-0.324,-0.043,-0.54,
-0.298,-0.282,-0.057,-0.493,
-0.269,-0.272,-0.074,-0.374,
-0.335,-0.355,-0.053,-0.546,
-0.287,-0.322,-0.027,-0.356,
-0.284,-0.272,-0.034,-0.499,
-0.275,-0.268,-0.039,-0.514,
-0.236,-0.22,-0.055,-0.489,
-0.298,-0.246,-0.054,-0.559,
-0.302,-0.302,-0.065,-0.485,
-0.288,-0.3,-0.043,-0.506,
-0.287,-0.318,-0.033,-0.35,
-0.3,-0.244,-0.065,-0.536,
-0.283,-0.268,-0.056,-0.503,
-0.302,-0.279,-0.065,-0.459,
-0.298,-0.27,-0.1,-0.478,
-0.313,-0.301,-0.04,-0.535,
-0.272,-0.258,-0.048,-0.496,
-0.285,-0.286,-0.042,-0.437,
-0.25,-0.254,-0.059,-0.359,
-0.298,-0.305,-0.057,-0.485,
-0.279,-0.237,-0.045,-0.471,
-0.261,-0.253,-0.064,-0.442,
-0.304,-0.294,-0.048,-0.467,
-0.229,-0.252,-0.055,-0.326,
-0.266,-0.231,-0.045,-0.459,
-0.301,-0.241,-0.077,-0.564,
-0.334,-0.281,-0.065,-0.58,
-0.308,-0.292,-0.057,-0.456,
-0.275,-0.268,-0.051,-0.456,
-0.225,-0.216,-0.05,-0.408,
-0.278,-0.295,-0.03,-0.461,
-0.241,-0.246,-0.053,-0.375,
-0.266,-0.279,-0.042,-0.446,
-0.254,-0.284,-0.059,-0.348,
-0.372,-0.36,-0.051,-0.596,
-0.285,-0.266,-0.05,-0.545,
-0.297,-0.288,-0.056,-0.469,
-0.313,-0.365,-0.019,-0.455,
-0.254,-0.216,0.016,-0.46,
-0.298,-0.265,-0.043,-0.502,
-0.273,-0.229,-0.062,-0.464,
-0.262,-0.213,-0.048,-0.457,
-0.303,-0.34,-0.053,-0.358,
-0.277,-0.246,-0.039,-0.439,
-0.283,-0.284,-0.023,-0.479,
-0.284,-0.257,-0.054,-0.457,
-0.259,-0.255,-0.033,-0.448,
-0.284,-0.26,-0.056,-0.448,
-0.273,-0.238,-0.062,-0.453,
-0.295,-0.268,-0.033,-0.484,
-0.279,-0.26,-0.067,-0.446,
-0.265,-0.275,-0.045,-0.401,
-0.239,-0.249,-0.064,-0.379,
-0.254,-0.262,-0.074,-0.356,
-0.27,-0.231,0.023,-0.484,
-0.242,-0.201,-0.074,-0.48,
-0.293,-0.248,-0.059,-0.501,
-0.18,-0.196,0.037,-0.355,
-0.277,-0.275,-0.077,-0.401,
-0.259,-0.24,-0.064,-0.439,
-0.304,-0.312,-0.062,-0.498,
-0.285,-0.278,-0.021,-0.474,
-0.234,-0.237,-0.044,-0.412,
-0.291,-0.276,-0.052,-0.44,
-0.289,-0.282,-0.057,-0.488,
-0.302,-0.291,-0.058,-0.512,
-0.276,-0.258,-0.094,-0.484,
-0.287,-0.263,-0.075,-0.496,
-0.314,-0.345,-0.045,-0.388,
-0.242,-0.249,-0.023,-0.384,
-0.347,-0.384,-0.062,-0.441,
-0.349,-0.404,-0.021,-0.438,
-0.282,-0.26,-0.067,-0.471,
-0.226,-0.206,-0.009,-0.459,
-0.289,-0.286,-0.087,-0.457,
-0.305,-0.331,-0.05,-0.383,
-0.373,-0.324,-0.026,-0.635,
-0.325,-0.339,-0.035,-0.475,
-0.341,-0.342,-0.062,-0.515,
-0.339,-0.33,-0.044,-0.484,
-0.346,-0.336,-0.063,-0.508,
-0.363,-0.377,-0.053,-0.506,
-0.36,-0.318,-0.085,-0.603,
-0.329,-0.299,-0.048,-0.526,
-0.341,-0.32,-0.073,-0.568,
-0.351,-0.368,-0.037,-0.511,
-0.348,-0.326,-0.054,-0.519,
-0.301,-0.322,-0.051,-0.471,
-0.317,-0.336,-0.04,-0.526,
-0.315,-0.357,-0.042,-0.393,
-0.302,-0.29,-0.061,-0.48,
-0.332,-0.325,-0.056,-0.514,
-0.386,-0.337,-0.051,-0.648,
-0.326,-0.338,-0.067,-0.454,
-0.317,-0.321,-0.038,-0.48,
-0.392,-0.397,-0.058,-0.546,
-0.35,-0.382,-0.059,-0.547,
-0.311,-0.332,-0.042,-0.503,
-0.369,-0.347,-0.03,-0.561,
-0.295,-0.301,-0.052,-0.455,
-0.366,-0.369,-0.081,-0.545,
-0.314,-0.328,-0.046,-0.509,
-0.352,-0.368,-0.066,-0.518,
-0.324,-0.347,-0.051,-0.482,
-0.329,-0.337,-0.035,-0.506,
-0.388,-0.362,-0.073,-0.624,
-0.342,-0.37,-0.052,-0.464,
-0.369,-0.345,-0.057,-0.553,
-0.271,-0.285,-0.049,-0.47,
-0.359,-0.358,-0.075,-0.57,
-0.35,-0.368,-0.055,-0.476,
-0.305,-0.302,-0.061,-0.478,
-0.257,-0.278,-0.056,-0.391,
-0.356,-0.354,-0.03,-0.594,
-0.334,-0.325,-0.075,-0.585,
-0.332,-0.328,-0.031,-0.49,
-0.353,-0.327,-0.054,-0.552,
-0.316,-0.318,-0.054,-0.488,
-0.354,-0.398,-0.029,-0.524,
-0.325,-0.318,-0.045,-0.51,
-0.371,-0.349,-0.053,-0.563,
-0.352,-0.355,-0.04,-0.583,
-0.336,-0.348,-0.061,-0.559,
-0.339,-0.328,-0.096,-0.508,
-0.364,-0.316,-0.069,-0.61,
-0.386,-0.407,-0.074,-0.581,
-0.356,-0.354,-0.038,-0.562,
-0.358,-0.361,-0.055,-0.581,
-0.377,-0.382,-0.045,-0.521,
-0.338,-0.339,-0.009,-0.522,
-0.364,-0.359,-0.052,-0.572,
-0.316,-0.304,-0.058,-0.528,
-0.387,-0.421,-0.029,-0.575,
-0.342,-0.35,-0.051,-0.564,
-0.378,-0.386,-0.065,-0.587,
-0.369,-0.329,-0.055,-0.589,
-0.347,-0.354,-0.056,-0.557,
-0.325,-0.332,-0.078,-0.55,
-0.341,-0.349,-0.054,-0.521,
-0.27,-0.302,-0.033,-0.374,
-0.304,-0.321,-0.066,-0.448,
-0.352,-0.365,-0.062,-0.483,
-0.346,-0.333,-0.06,-0.493,
-0.31,-0.303,-0.044,-0.446,
-0.345,-0.307,-0.083,-0.541,
-0.327,-0.346,-0.051,-0.542,
-0.34,-0.335,-0.117,-0.607,
-0.326,-0.324,0.01,-0.518,
-0.301,-0.332,-0.049,-0.376,
-0.281,-0.296,-0.063,-0.432,
-0.337,-0.35,-0.051,-0.491,
-0.367,-0.406,-0.043,-0.584,
-0.35,-0.366,-0.066,-0.611,
-0.323,-0.326,-0.07,-0.525,
-0.351,-0.365,-0.04,-0.546,
-0.292,-0.303,-0.063,-0.476,
-0.331,-0.351,-0.042,-0.477,
-0.348,-0.335,-0.07,-0.532,
-0.311,-0.32,-0.057,-0.478,
-0.348,-0.34,-0.045,-0.515,
-0.327,-0.357,-0.062,-0.456,
-0.384,-0.336,-0.059,-0.644,
-0.332,-0.341,-0.078,-0.518,
-0.317,-0.305,-0.054,-0.504,
-0.379,-0.371,-0.06,-0.599,
-0.365,-0.371,-0.055,-0.601,
-0.343,-0.339,-0.081,-0.536,
-0.302,-0.297,-0.061,-0.501,
-0.357,-0.349,-0.036,-0.573,
-0.33,-0.381,-0.067,-0.438,
-0.349,-0.33,-0.035,-0.572,
-0.293,-0.31,-0.09,-0.409,
-0.392,-0.427,-0.041,-0.511,
-0.294,-0.319,-0.002,-0.395,
-0.357,-0.351,-0.036,-0.519,
-0.362,-0.349,-0.075,-0.57,
-0.354,-0.362,-0.062,-0.551,
-0.315,-0.327,-0.034,-0.51,
-0.343,-0.335,-0.043,-0.516,
-0.331,-0.322,-0.084,-0.567,
-0.346,-0.33,-0.067,-0.536,
-0.346,-0.344,-0.031,-0.542,
-0.323,-0.322,-0.081,-0.493,
-0.364,-0.344,-0.065,-0.538,
-0.346,-0.33,0.01,-0.635,
-0.387,-0.399,-0.035,-0.569,
-0.324,-0.333,-0.06,-0.471,
-0.346,-0.349,-0.045,-0.547,
-0.295,-0.311,-0.071,-0.441,
-0.34,-0.347,-0.059,-0.606,
-0.369,-0.356,-0.041,-0.529,
-0.292,-0.306,-0.036,-0.405,
-0.378,-0.361,-0.06,-0.595,
-0.279,-0.294,-0.099,-0.39,
-0.348,-0.314,-0.061,-0.552,
-0.301,-0.309,-0.052,-0.423,
-0.364,-0.35,-0.037,-0.586,
-0.358,-0.357,-0.061,-0.527,
-0.425,-0.405,-0.062,-0.648,
-0.32,-0.326,-0.062,-0.52,
-0.283,-0.299,-0.063,-0.396,
-0.301,-0.304,-0.107,-0.386,
-0.341,-0.32,-0.045,-0.55,
-0.353,-0.341,-0.093,-0.589,
-0.32,-0.345,-0.083,-0.42,
-0.362,-0.339,-0.04,-0.604,
-0.332,-0.325,-0.052,-0.517,
-0.355,-0.337,-0.057,-0.575,
-0.352,-0.33,-0.092,-0.565,
-0.393,-0.419,-0.04,-0.599,
-0.28,-0.298,-0.04,-0.444,
-0.362,-0.343,-0.05,-0.592,
-0.317,-0.353,-0.049,-0.396,
-0.346,-0.323,-0.047,-0.51,
-0.306,-0.311,-0.053,-0.491,
-0.328,-0.328,-0.069,-0.48,
-0.343,-0.34,-0.078,-0.551,
-0.359,-0.379,-0.051,-0.611,
-0.397,-0.364,-0.07,-0.647,
-0.303,-0.302,-0.071,-0.452,
-0.371,-0.36,-0.119,-0.548,
-0.374,-0.367,-0.028,-0.591,
-0.345,-0.336,-0.063,-0.507,
-0.366,-0.328,-0.064,-0.6,
-0.395,-0.37,-0.049,-0.642,
-0.343,-0.333,-0.045,-0.502,
-0.311,-0.302,-0.061,-0.505,
-0.346,-0.361,-0.05,-0.451,
-0.315,-0.315,-0.056,-0.514,
-0.354,-0.38,-0.067,-0.474,
-0.343,-0.346,-0.053,-0.517,
-0.257,-0.257,-0.05,-0.501,
-0.34,-0.361,-0.046,-0.479,
-0.344,-0.345,-0.048,-0.508,
-0.345,-0.307,-0.045,-0.535,
-0.336,-0.35,-0.067,-0.599,
-0.325,-0.333,-0.027,-0.481,
-0.348,-0.334,-0.054,-0.51,
-0.366,-0.371,-0.048,-0.558,
-0.38,-0.421,-0.048,-0.546,
-0.367,-0.394,-0.053,-0.577,
-0.366,-0.374,-0.033,-0.573,
-0.306,-0.308,-0.057,-0.493,
-0.368,-0.384,-0.051,-0.586,
-0.317,-0.309,-0.049,-0.449,
-0.385,-0.457,-0.054,-0.516,
-0.327,-0.363,-0.039,-0.413,
-0.358,-0.354,-0.063,-0.542,
-0.322,-0.346,-0.06,-0.449,
-0.313,-0.355,-0.064,-0.411,
-0.33,-0.332,-0.043,-0.506,
-0.306,-0.323,-0.055,-0.395,
-0.387,-0.377,-0.069,-0.605,
-0.376,-0.36,-0.056,-0.66,
-0.334,-0.335,-0.043,-0.583,
-0.347,-0.337,-0.06,-0.573,
-0.311,-0.33,-0.063,-0.522,
-0.259,-0.257,-0.07,-0.419,
-0.38,-0.365,-0.046,-0.612,
-0.35,-0.347,-0.069,-0.526,
-0.365,-0.357,-0.098,-0.551,
-0.354,-0.363,-0.078,-0.535,
-0.37,-0.334,-0.051,-0.608,
-0.349,-0.356,-0.128,-0.585,
-0.31,-0.333,-0.07,-0.388,
-0.342,-0.311,-0.056,-0.563,
-0.34,-0.34,-0.076,-0.519,
-0.331,-0.326,-0.047,-0.53,
-0.339,-0.372,-0.06,-0.547,
-0.359,-0.358,-0.053,-0.578,
-0.35,-0.335,-0.087,-0.599,
-0.415,-0.423,-0.045,-0.636,
-0.33,-0.335,-0.06,-0.487,
-0.308,-0.292,-0.101,-0.473,
-0.32,-0.327,-0.006,-0.532,
-0.365,-0.312,-0.055,-0.614,
-0.293,-0.329,-0.063,-0.454,
-0.308,-0.292,-0.05,-0.519,
-0.317,-0.323,-0.011,-0.494,
-0.385,-0.348,-0.074,-0.581,
-0.333,-0.344,-0.041,-0.564,
-0.343,-0.374,-0.045,-0.475,
-0.362,-0.378,-0.077,-0.481,
-0.356,-0.335,-0.105,-0.53,
-0.363,-0.363,-0.062,-0.576,
-0.358,-0.348,-0.07,-0.522,
-0.339,-0.362,-0.054,-0.467,
-0.351,-0.338,-0.045,-0.516,
-0.374,-0.401,-0.073,-0.577,
-0.375,-0.365,-0.055,-0.623,
-0.381,-0.37,-0.042,-0.548,
-0.359,-0.335,-0.057,-0.58,
-0.332,-0.336,-0.081,-0.527,
-0.383,-0.384,-0.066,-0.591,
-0.323,-0.324,-0.049,-0.501,
-0.351,-0.338,-0.031,-0.557,
-0.335,-0.326,-0.033,-0.479,
-0.296,-0.297,-0.062,-0.44,
-0.362,-0.322,-0.065,-0.617,
-0.359,-0.398,-0.033,-0.436,
-0.356,-0.324,-0.066,-0.54,
-0.284,-0.286,-0.059,-0.529,
-0.421,-0.389,-0.067,-0.673,
-0.314,-0.337,-0.073,-0.462,
-0.333,-0.349,-0.057,-0.458,
-0.35,-0.34,-0.069,-0.518,
-0.301,-0.318,-0.055,-0.524,
-0.332,-0.333,-0.045,-0.592,
-0.367,-0.344,-0.054,-0.608,
-0.366,-0.347,-0.052,-0.604,
-0.334,-0.324,-0.073,-0.491,
-0.348,-0.331,-0.104,-0.564,
-0.421,-0.439,-0.039,-0.607,
-0.303,-0.326,-0.06,-0.518,
-0.31,-0.299,-0.071,-0.542,
-0.351,-0.348,-0.039,-0.494,
-0.333,-0.332,-0.07,-0.474,
-0.317,-0.308,-0.124,-0.442,
-0.273,-0.297,-0.05,-0.428,
-0.355,-0.358,-0.056,-0.51,
-0.363,-0.357,-0.07,-0.581,
-0.322,-0.344,0.036,-0.517,
-0.294,-0.304,-0.053,-0.537,
-0.362,-0.329,-0.072,-0.562,
-0.343,-0.35,-0.066,-0.502,
-0.318,-0.314,-0.056,-0.52,
-0.381,-0.379,-0.041,-0.586,
-0.329,-0.352,-0.054,-0.48,
-0.367,-0.359,-0.054,-0.575,
-0.368,-0.309,-0.076,-0.6,
-0.338,-0.323,-0.054,-0.489,
-0.294,-0.304,-0.084,-0.469,
-0.383,-0.388,-0.06,-0.524,
-0.281,-0.296,-0.072,-0.46,
-0.354,-0.367,-0.057,-0.51,
-0.337,-0.341,-0.061,-0.503,
-0.335,-0.353,-0.049,-0.47,
-0.357,-0.356,-0.043,-0.535,
-0.318,-0.326,-0.051,-0.442,
-0.321,-0.356,-0.053,-0.374,
-0.365,-0.373,-0.06,-0.538,
-0.356,-0.311,-0.058,-0.616,
-0.36,-0.331,-0.056,-0.586,
-0.326,-0.326,-0.055,-0.532,
-0.367,-0.341,-0.051,-0.577,
-0.336,-0.362,-0.049,-0.494,
-0.326,-0.355,-0.063,-0.475,
-0.318,-0.335,-0.06,-0.469,
-0.332,-0.335,-0.067,-0.552,
-0.282,-0.266,-0.067,-0.477,
-0.32,-0.309,-0.073,-0.513,
-0.327,-0.339,-0.026,-0.499,
-0.385,-0.356,-0.045,-0.637,
-0.316,-0.344,-0.042,-0.44,
-0.389,-0.364,-0.105,-0.553,
-0.375,-0.369,-0.043,-0.554,
-0.346,-0.323,-0.046,-0.538,
-0.352,-0.365,-0.046,-0.562,
-0.31,-0.326,-0.037,-0.493,
-0.383,-0.415,-0.029,-0.488,
-0.421,-0.409,-0.065,-0.619,
-0.395,-0.354,-0.048,-0.649,
-0.369,-0.386,-0.066,-0.528,
-0.364,-0.339,-0.067,-0.602,
-0.317,-0.34,-0.043,-0.457,
-0.396,-0.414,-0.041,-0.607,
-0.325,-0.327,-0.062,-0.501,
-0.349,-0.338,-0.031,-0.559,
-0.388,-0.401,-0.038,-0.593,
-0.356,-0.327,-0.079,-0.565,
-0.319,-0.349,-0.061,-0.432,
-0.298,-0.327,-0.064,-0.5,
-0.343,-0.38,-0.017,-0.494,
-0.232,-0.246,-0.051,-0.309,
-0.336,-0.332,-0.059,-0.491,
-0.332,-0.311,-0.059,-0.569,
-0.36,-0.336,-0.101,-0.526,
-0.322,-0.334,-0.075,-0.477,
-0.339,-0.354,-0.055,-0.476,
-0.305,-0.337,-0.093,-0.446,
-0.336,-0.332,-0.058,-0.514,
-0.381,-0.368,-0.039,-0.55,
-0.33,-0.345,-0.047,-0.478,
-0.331,-0.325,-0.046,-0.48,
-0.357,-0.367,-0.058,-0.564,
-0.354,-0.353,-0.019,-0.641,
-0.337,-0.343,-0.054,-0.524,
-0.312,-0.317,-0.069,-0.49,
-0.355,-0.344,-0.066,-0.596,
-0.319,-0.321,-0.052,-0.476,
-0.361,-0.354,-0.077,-0.57,
-0.38,-0.384,-0.019,-0.596,
-0.336,-0.366,-0.059,-0.471,
-0.333,-0.316,-0.039,-0.53,
-0.33,-0.32,-0.033,-0.539,
-0.375,-0.369,-0.055,-0.596,
-0.279,-0.286,-0.057,-0.43,
-0.364,-0.332,-0.086,-0.656,
-0.374,-0.388,-0.059,-0.514,
-0.311,-0.345,-0.034,-0.37,
-0.346,-0.376,-0.089,-0.458,
-0.357,-0.348,-0.047,-0.568,
-0.361,-0.344,-0.044,-0.522,
-0.372,-0.36,-0.063,-0.548,
-0.296,-0.297,-0.046,-0.489,
-0.324,-0.333,-0.029,-0.553,
-0.386,-0.406,-0.046,-0.551,
-0.369,-0.353,-0.053,-0.599,
-0.348,-0.328,-0.074,-0.518,
-0.328,-0.35,-0.053,-0.509,
-0.344,-0.342,-0.053,-0.526,
-0.31,-0.314,-0.066,-0.505,
-0.335,-0.32,-0.04,-0.506,
-0.318,-0.289,-0.038,-0.586,
-0.364,-0.364,-0.14,-0.546,
-0.301,-0.332,-0.049,-0.488,
-0.281,-0.259,-0.062,-0.515,
-0.377,-0.382,-0.056,-0.558,
-0.339,-0.343,-0.082,-0.535,
-0.306,-0.328,-0.042,-0.422,
-0.374,-0.36,-0.073,-0.608,
-0.273,-0.282,-0.047,-0.434,
-0.362,-0.345,-0.091,-0.579,
-0.332,-0.323,-0.021,-0.547,
-0.336,-0.334,-0.038,-0.528,
-0.267,-0.271,-0.053,-0.405,
-0.381,-0.386,-0.08,-0.58,
-0.37,-0.402,-0.048,-0.598,
-0.318,-0.327,-0.059,-0.464,
-0.374,-0.351,0,-0.651,
-0.37,-0.397,-0.059,-0.547,
-0.331,-0.339,-0.081,-0.449,
-0.355,-0.324,-0.064,-0.532,
-0.33,-0.334,-0.053,-0.529,
-0.316,-0.302,-0.054,-0.503,
-0.327,-0.356,-0.101,-0.405,
-0.348,-0.319,-0.044,-0.549,
-0.309,-0.326,-0.062,-0.407,
-0.353,-0.355,-0.039,-0.555,
-0.338,-0.291,-0.086,-0.552,
-0.321,-0.367,-0.048,-0.497,
-0.352,-0.336,-0.036,-0.567,
-0.296,-0.299,-0.043,-0.474,
-0.253,-0.29,-0.044,-0.498,
-0.323,-0.299,-0.042,-0.554,
-0.329,-0.347,-0.033,-0.556,
-0.321,-0.333,-0.051,-0.493,
-0.362,-0.342,-0.05,-0.535,
-0.358,-0.332,-0.046,-0.631,
-0.327,-0.321,-0.082,-0.542,
-0.316,-0.321,-0.073,-0.484,
-0.335,-0.329,0.008,-0.537,
-0.316,-0.315,-0.061,-0.456,
-0.331,-0.324,-0.105,-0.529,
-0.327,-0.339,-0.083,-0.452,
-0.341,-0.352,-0.05,-0.544,
-0.34,-0.318,-0.054,-0.595,
-0.361,-0.383,-0.05,-0.535,
-0.311,-0.343,-0.049,-0.475,
-0.309,-0.318,-0.057,-0.547,
-0.3,-0.253,-0.068,-0.58,
-0.273,-0.244,-0.034,-0.484,
-0.278,-0.275,-0.05,-0.462,
-0.281,-0.264,-0.049,-0.473,
-0.274,-0.251,-0.082,-0.433,
-0.315,-0.293,-0.074,-0.5,
-0.251,-0.225,-0.078,-0.472,
-0.322,-0.335,-0.082,-0.49,
-0.3,-0.299,-0.036,-0.567,
-0.305,-0.34,-0.055,-0.374,
-0.272,-0.275,-0.069,-0.427,
-0.308,-0.274,-0.064,-0.534,
-0.313,-0.29,-0.074,-0.522,
-0.281,-0.227,-0.038,-0.526,
-0.362,-0.351,-0.055,-0.57,
-0.371,-0.362,-0.048,-0.604,
-0.244,-0.273,-0.014,-0.446,
-0.305,-0.284,-0.036,-0.535,
-0.263,-0.254,-0.026,-0.482,
-0.274,-0.26,-0.028,-0.424,
-0.295,-0.262,-0.07,-0.492,
-0.233,-0.243,-0.056,-0.352,
-0.305,-0.281,-0.079,-0.474,
-0.236,-0.223,0.136,-0.561,
-0.208,-0.199,0.08,-0.461,
-0.208,-0.173,-0.055,-0.405,
-0.301,-0.262,-0.064,-0.491,
-0.359,-0.36,-0.083,-0.549,
-0.262,-0.278,-0.042,-0.42,
-0.293,-0.297,-0.05,-0.472,
-0.31,-0.303,-0.038,-0.482,
-0.286,-0.254,-0.02,-0.492,
-0.328,-0.361,-0.062,-0.406,
-0.371,-0.406,-0.059,-0.556,
-0.294,-0.29,0.003,-0.501,
-0.402,-0.416,-0.052,-0.6,
-0.282,-0.274,-0.076,-0.518,
-0.299,-0.314,-0.053,-0.444,
-0.296,-0.264,0.051,-0.57,
-0.314,-0.327,-0.054,-0.52,
-0.344,-0.315,-0.047,-0.547,
-0.342,-0.328,-0.051,-0.557,
-0.394,-0.458,-0.049,-0.478,
-0.357,-0.328,-0.058,-0.593,
-0.319,-0.309,-0.058,-0.568,
-0.32,-0.315,-0.056,-0.468,
-0.327,-0.328,-0.038,-0.539,
-0.334,-0.305,-0.027,-0.583,
-0.29,-0.312,-0.041,-0.392,
-0.29,-0.306,-0.046,-0.481,
-0.252,-0.215,-0.059,-0.443,
-0.224,-0.224,-0.053,-0.382,
-0.298,-0.275,-0.05,-0.476,
-0.33,-0.26,-0.063,-0.601,
-0.269,-0.263,-0.033,-0.467,
-0.316,-0.304,-0.049,-0.517,
-0.286,-0.276,-0.048,-0.497,
-0.318,-0.272,-0.076,-0.566,
-0.288,-0.279,-0.043,-0.468,
-0.351,-0.357,-0.078,-0.513,
-0.308,-0.304,-0.05,-0.498,
-0.257,-0.251,-0.054,-0.465,
-0.255,-0.231,-0.081,-0.42,
-0.326,-0.335,-0.043,-0.512,
-0.336,-0.322,-0.058,-0.506,
-0.301,-0.307,-0.054,-0.494,
-0.35,-0.335,-0.007,-0.596,
-0.327,-0.318,-0.057,-0.534,
-0.357,-0.348,-0.037,-0.597,
-0.326,-0.327,-0.054,-0.539,
-0.342,-0.341,-0.064,-0.552,
-0.344,-0.332,-0.047,-0.564,
-0.334,-0.304,-0.063,-0.505,
-0.354,-0.324,-0.07,-0.62,
-0.358,-0.375,-0.047,-0.507,
-0.366,-0.388,-0.058,-0.58,
-0.313,-0.303,-0.047,-0.537,
-0.364,-0.325,-0.042,-0.629,
-0.34,-0.337,-0.053,-0.509,
-0.297,-0.304,-0.065,-0.427,


-0.187,-0.253,0.342,-0.365,
-0.245,-0.273,0.169,-0.445,
-0.29,-0.264,-0.169,-0.47,
-0.159,-0.185,0.322,-0.431,
-0.188,-0.265,0.448,-0.552,
-0.13,-0.131,0.201,-0.393,
-0.221,-0.289,0.22,-0.432,
-0.247,-0.29,0.298,-0.51,
-0.295,-0.327,0.085,-0.516,
-0.194,-0.183,0,-0.455,
-0.317,-0.331,-0.025,-0.524,
-0.167,-0.193,0.171,-0.372,
-0.311,-0.315,0.105,-0.54,
-0.209,-0.243,0.065,-0.419,
-0.243,-0.242,-0.018,-0.471,
-0.234,-0.259,0.062,-0.461,
-0.246,-0.311,0.11,-0.438,
-0.167,-0.215,0.305,-0.332,
-0.048,-0.085,0.228,-0.407,
-0.26,-0.326,0.074,-0.416,
-0.19,-0.187,0.22,-0.364,
-0.289,-0.3,-0.079,-0.453,
-0.148,-0.198,0.339,-0.402,
-0.14,-0.135,0.194,-0.352,
-0.242,-0.214,0.038,-0.528,
-0.327,-0.432,0.178,-0.579,
-0.105,-0.08,0.075,-0.373,
-0.25,-0.261,0.007,-0.448,
-0.274,-0.313,0.185,-0.573,
-0.238,-0.285,0.357,-0.473,
-0.286,-0.313,0.198,-0.575,
-0.134,-0.152,0.155,-0.329,
-0.156,-0.21,0.14,-0.355,
-0.299,-0.307,-0.034,-0.5,
-0.113,-0.129,0.154,-0.371,
-0.215,-0.217,-0.005,-0.476,
-0.237,-0.233,0.147,-0.537,
-0.178,-0.17,-0.039,-0.382,
-0.152,-0.234,0.228,-0.306,
-0.19,-0.232,0.069,-0.398,
-0.216,-0.215,-0.044,-0.341,
-0.263,-0.336,0.249,-0.471,
-0.076,-0.091,0.2,-0.32,
-0.259,-0.32,0.037,-0.443,
-0.199,-0.2,0.171,-0.526,
-0.242,-0.26,0.315,-0.607,
-0.146,-0.202,0.27,-0.325,
-0.189,-0.181,-0.008,-0.376,
-0.143,-0.155,0.04,-0.358,
-0.218,-0.239,0.223,-0.409,
-0.145,-0.212,0.371,-0.381,
-0.32,-0.331,-0.091,-0.469,
-0.244,-0.268,0.138,-0.449,
-0.234,-0.272,0.048,-0.479,
-0.204,-0.244,0.266,-0.459,
-0.257,-0.359,0.258,-0.482,
-0.283,-0.304,0.038,-0.467,
-0.346,-0.356,0.041,-0.598,
-0.102,-0.081,0.139,-0.292,
-0.218,-0.198,0.183,-0.428,
-0.139,-0.122,0.003,-0.362,
-0.179,-0.203,0.307,-0.473,
-0.15,-0.18,0.155,-0.433,
-0.193,-0.222,0.319,-0.462,
-0.125,-0.139,0.015,-0.239,
-0.152,-0.168,0.09,-0.312,
-0.272,-0.296,-0.073,-0.436,
-0.207,-0.205,0.125,-0.455,
-0.185,-0.227,0.074,-0.395,
-0.172,-0.189,-0.003,-0.334,
-0.337,-0.361,-0.02,-0.558,
-0.215,-0.197,0.06,-0.451,
-0.225,-0.23,0.061,-0.427,
-0.208,-0.228,0.031,-0.396,
-0.236,-0.271,0.291,-0.421,
-0.166,-0.23,0.385,-0.385,
-0.128,-0.168,0.373,-0.394,
-0.176,-0.206,0,-0.324,
-0.193,-0.267,0.368,-0.51,
-0.256,-0.28,0.132,-0.53,
-0.209,-0.249,0.19,-0.448,
-0.403,-0.475,0.12,-0.605,
-0.229,-0.252,0,-0.412,
-0.285,-0.267,0.286,-0.56,
-0.231,-0.252,0.069,-0.414,
-0.216,-0.257,0.321,-0.489,
-0.188,-0.149,0.05,-0.461,
-0.092,-0.072,0.322,-0.321,
-0.144,-0.16,0.045,-0.341,
-0.412,-0.475,0.092,-0.585,
-0.261,-0.316,0.24,-0.436,
-0.258,-0.263,0.12,-0.566,
-0.086,-0.096,0.078,-0.368,
-0.204,-0.199,0.063,-0.413,
-0.13,-0.164,0.318,-0.356,
-0.261,-0.263,0.37,-0.598,
-0.293,-0.341,0.089,-0.481,
-0.265,-0.248,0.042,-0.524,
-0.09,-0.119,0.202,-0.267,
-0.191,-0.236,0.098,-0.37,
-0.15,-0.243,0.323,-0.331,
-0.209,-0.3,0.35,-0.502,
-0.232,-0.24,0.18,-0.529,
-0.129,-0.094,0.335,-0.434,
-0.247,-0.289,0.257,-0.46,
-0.229,-0.28,0.379,-0.497,
-0.046,-0.021,0.311,-0.362,
-0.221,-0.289,0.296,-0.503,
-0.281,-0.314,0.092,-0.519,
-0.295,-0.322,0.028,-0.519,
-0.188,-0.169,0.023,-0.426,
-0.083,-0.073,0,-0.276,
-0.138,-0.176,0.309,-0.429,
-0.324,-0.398,0.062,-0.482,
-0.182,-0.153,0.203,-0.542,
-0.195,-0.165,0.117,-0.47,
-0.15,-0.143,0.196,-0.397,
-0.212,-0.227,0.006,-0.394,
-0.286,-0.314,0.218,-0.495,
-0.091,-0.083,0.139,-0.267,
-0.26,-0.324,0.251,-0.463,
-0.243,-0.247,-0.037,-0.456,
-0.243,-0.322,0.203,-0.496,
-0.225,-0.235,0.017,-0.451,
-0.243,-0.261,0.062,-0.505,
-0.209,-0.209,0.054,-0.51,
-0.217,-0.229,0.031,-0.414,
-0.286,-0.358,0.092,-0.478,
-0.259,-0.288,0.136,-0.446,
-0.268,-0.292,0.246,-0.495,
-0.231,-0.28,0.007,-0.415,
-0.166,-0.186,0.167,-0.403,
-0.066,-0.079,0.383,-0.285,
-0.071,-0.03,0.23,-0.273,
-0.274,-0.304,0.102,-0.382,
-0.135,-0.091,0.053,-0.335,
-0.039,-0.053,0.267,-0.164,
-0.209,-0.242,0.114,-0.409,
-0.211,-0.237,0.034,-0.359,
-0.216,-0.217,0.108,-0.512,
-0.145,-0.204,0.136,-0.267,
-0.062,-0.07,0.161,-0.267,
-0.225,-0.254,0.068,-0.443,
-0.189,-0.218,0.003,-0.352,
-0.131,-0.155,0.033,-0.254,
-0.222,-0.289,0.124,-0.406,
-0.245,-0.268,0.177,-0.468,
-0.193,-0.194,0.229,-0.461,
-0.181,-0.176,0.017,-0.386,
-0.153,-0.165,0.143,-0.335,
-0.208,-0.212,0.085,-0.394,
-0.323,-0.302,-0.173,-0.539,
-0.161,-0.132,0.215,-0.464,
-0.198,-0.218,0.022,-0.409,
-0.228,-0.264,0.278,-0.509,
-0.21,-0.288,0.201,-0.364,
-0.326,-0.365,-0.05,-0.528,
-0.261,-0.337,0.283,-0.493,
-0.237,-0.306,0.255,-0.46,
-0.203,-0.226,0.104,-0.402,
-0.228,-0.23,-0.055,-0.466,
-0.233,-0.266,0.25,-0.455,
-0.198,-0.192,0.146,-0.454,
-0.206,-0.191,-0.063,-0.411,
-0.053,-0.03,0.209,-0.272,
-0.222,-0.241,0.223,-0.408,
-0.167,-0.207,0.128,-0.303,
-0.148,-0.147,0.214,-0.4,
-0.219,-0.305,0.356,-0.476,
-0.177,-0.225,0.276,-0.388,
-0.192,-0.199,0.249,-0.496,
-0.128,-0.164,0.073,-0.347,
-0.251,-0.256,-0.069,-0.418,
-0.291,-0.275,-0.025,-0.48,
-0.275,-0.275,-0.007,-0.445,
-0.111,-0.14,0.272,-0.28,
-0.068,-0.064,0.169,-0.228,
-0.244,-0.232,0.156,-0.506,
-0.289,-0.317,0.076,-0.533,
-0.27,-0.287,0.019,-0.522,
-0.177,-0.227,0.224,-0.32,
-0.179,-0.17,0.274,-0.481,
-0.221,-0.239,-0.011,-0.434,
-0.246,-0.303,0.275,-0.528,
-0.288,-0.301,0.1,-0.541,
-0.218,-0.183,-0.02,-0.426,
-0.165,-0.224,0.197,-0.376,
-0.07,-0.091,0.232,-0.189,
-0.088,-0.087,0.048,-0.211,
-0.322,-0.276,-0.125,-0.588,
-0.102,-0.116,0.108,-0.261,
-0.085,-0.145,0.242,-0.274,
-0.291,-0.306,0.226,-0.527,
-0.056,-0.063,0.02,-0.137,
-0.155,-0.117,0.077,-0.335,
-0.232,-0.248,-0.025,-0.391,
-0.255,-0.243,0.098,-0.531,
-0.221,-0.28,0.214,-0.452,
-0.185,-0.252,0.128,-0.357,
-0.139,-0.196,0.43,-0.412,
-0.37,-0.416,0.185,-0.603,
-0.118,-0.125,-0.009,-0.233,
-0.199,-0.149,0.172,-0.506,
-0.241,-0.311,0.319,-0.446,
-0.179,-0.196,0.071,-0.334,
-0.088,-0.067,0.078,-0.246,
-0.265,-0.323,0.023,-0.446,
-0.183,-0.18,0.088,-0.389,
-0.187,-0.217,0.071,-0.298,
-0.153,-0.149,0.02,-0.377,
-0.194,-0.243,0.228,-0.396,
-0.217,-0.183,-0.05,-0.439,
-0.214,-0.249,0.066,-0.381,
-0.137,-0.15,0.312,-0.361,
-0.129,-0.077,0.104,-0.274,
-0.208,-0.232,0.263,-0.445,
-0.136,-0.159,0.15,-0.358,
-0.093,-0.121,0.169,-0.203,
-0.294,-0.282,-0.017,-0.563,
-0.143,-0.133,0.169,-0.43,
-0.018,-0.019,0.141,-0.2,
-0.271,-0.326,0.153,-0.462,
-0.237,-0.216,0.243,-0.476,
-0.2,-0.168,0.196,-0.465,
-0.282,-0.34,0.3,-0.504,
-0.178,-0.126,0.153,-0.502,
-0.084,-0.084,0.205,-0.346,
-0.296,-0.378,0.159,-0.45,
-0.271,-0.249,-0.035,-0.504,
-0.171,-0.195,0.268,-0.368,
-0.328,-0.351,-0.071,-0.517,
-0.221,-0.262,0.156,-0.473,
-0.252,-0.293,0.025,-0.414,
-0.065,-0.084,0.208,-0.203,
-0.194,-0.275,0.402,-0.498,
-0.206,-0.24,0.278,-0.479,
-0.266,-0.321,0.031,-0.494,
-0.186,-0.286,0.139,-0.426,
-0.273,-0.354,0.238,-0.44,
-0.28,-0.34,0.183,-0.534,
-0.235,-0.265,0.161,-0.478,
-0.17,-0.224,0.25,-0.331,
-0.118,-0.165,0.14,-0.369,
-0.263,-0.281,0.345,-0.582,
-0.185,-0.216,0.32,-0.392,
-0.261,-0.299,0.387,-0.543,
-0.153,-0.17,0.132,-0.483,
-0.231,-0.208,0.055,-0.479,
-0.203,-0.217,0.147,-0.434,
-0.192,-0.279,0.359,-0.438,
-0.096,-0.096,0.028,-0.231,
-0.309,-0.397,0.315,-0.568,
-0.22,-0.263,0.31,-0.427,
-0.182,-0.197,0,-0.337,
-0.19,-0.214,0.43,-0.47,
-0.255,-0.277,0.03,-0.486,
-0.294,-0.31,-0.084,-0.51,
-0.156,-0.186,0.268,-0.332,
-0.212,-0.221,0.068,-0.428,
-0.203,-0.237,0.048,-0.362,
-0.205,-0.206,0.066,-0.408,
-0.295,-0.25,-0.065,-0.507,
-0.117,-0.147,0.229,-0.286,
-0.182,-0.274,0.283,-0.351,
-0.174,-0.153,0.021,-0.374,
-0.231,-0.259,0.146,-0.466,
-0.172,-0.19,0.112,-0.414,
-0.144,-0.172,0.269,-0.414,
-0.345,-0.424,0.078,-0.551,
-0.239,-0.273,-0.057,-0.355,
-0.283,-0.3,0.01,-0.547,
-0.142,-0.173,0.29,-0.358,
-0.146,-0.166,0.335,-0.39,
-0.198,-0.226,0.299,-0.403,
-0.281,-0.316,0.246,-0.552,
-0.161,-0.163,0.069,-0.357,
-0.105,-0.138,0.164,-0.254,
-0.254,-0.28,0.093,-0.455,
-0.259,-0.358,0.105,-0.404,
-0.202,-0.218,0.167,-0.412,
-0.205,-0.24,0.233,-0.405,
-0.254,-0.256,0.1,-0.487,
-0.347,-0.399,0.029,-0.568,
-0.09,-0.069,0.217,-0.32,
-0.322,-0.326,0.091,-0.533,
-0.238,-0.221,-0.097,-0.429,
-0.275,-0.303,0.269,-0.557,
-0.252,-0.224,0.064,-0.504,
-0.069,-0.079,0.257,-0.309,
-0.09,-0.098,0.249,-0.385,
-0.292,-0.33,0.261,-0.522,
-0.215,-0.272,0.189,-0.41,
-0.11,-0.123,0.1,-0.238,
-0.247,-0.272,0.069,-0.47,
-0.189,-0.215,0.294,-0.386,
-0.14,-0.147,0.254,-0.455,
-0.21,-0.22,0.178,-0.46,
-0.156,-0.144,0.202,-0.447,
-0.131,-0.076,-0.007,-0.402,
-0.11,-0.135,0.283,-0.371,
-0.119,-0.126,0.171,-0.364,
-0.236,-0.256,0.109,-0.439,
-0.178,-0.179,0.077,-0.4,
-0.055,-0.065,0.182,-0.37,
-0.223,-0.244,0.05,-0.396,
-0.305,-0.379,0.106,-0.531,
-0.131,-0.144,0.324,-0.408,
-0.208,-0.251,0.26,-0.44,
-0.265,-0.256,-0.114,-0.45,
-0.354,-0.417,0.258,-0.53,
-0.204,-0.219,0.016,-0.341,
-0.206,-0.234,0.087,-0.477,
-0.241,-0.253,0.208,-0.502,
-0.212,-0.2,0.192,-0.541,
-0.223,-0.233,0.06,-0.424,
-0.29,-0.334,-0.035,-0.454,
-0.271,-0.319,0.2,-0.456,
-0.177,-0.168,0.076,-0.354,
-0.109,-0.124,0.167,-0.321,
-0.184,-0.199,0.213,-0.426,
-0.195,-0.236,0.251,-0.467,
-0.143,-0.128,0.028,-0.315,
-0.103,-0.13,0.178,-0.338,
-0.278,-0.274,-0.076,-0.437,
-0.233,-0.263,0.031,-0.393,
-0.124,-0.122,0.027,-0.318,
-0.359,-0.381,0.006,-0.536,
-0.114,-0.066,0.102,-0.415,
-0.139,-0.11,0.147,-0.362,
-0.199,-0.224,0.12,-0.382,
-0.131,-0.194,0.199,-0.296,
-0.331,-0.361,0.002,-0.567,
-0.223,-0.265,0.186,-0.4,
-0.155,-0.158,0.064,-0.351,
-0.275,-0.262,-0.024,-0.473,
-0.211,-0.198,0.151,-0.511,
-0.184,-0.238,0.138,-0.471,
-0.374,-0.407,0.069,-0.51,
-0.189,-0.179,0.052,-0.492,
-0.196,-0.222,0.329,-0.551,
-0.188,-0.178,0.069,-0.414,
-0.287,-0.277,-0.077,-0.467,
-0.256,-0.222,0.003,-0.482,
-0.314,-0.267,-0.068,-0.598,
-0.099,-0.135,0.107,-0.278,
-0.219,-0.224,0.106,-0.445,
-0.227,-0.247,0.251,-0.543,
-0.281,-0.294,-0.073,-0.436,
-0.292,-0.309,0.148,-0.513,
-0.38,-0.435,0.002,-0.589,
-0.172,-0.247,0.357,-0.416,
-0.132,-0.18,0.065,-0.244,
-0.147,-0.117,0.154,-0.38,
-0.321,-0.36,0.23,-0.565,
-0.296,-0.294,-0.104,-0.462,
-0.065,-0.065,0.155,-0.335,
-0.317,-0.36,0.031,-0.562,
-0.135,-0.15,0.161,-0.394,
-0.225,-0.306,0.472,-0.516,
-0.285,-0.304,0.112,-0.484,
-0.095,-0.095,0.261,-0.331,
-0.204,-0.239,0.235,-0.464,
-0.237,-0.311,0.251,-0.381,
-0.189,-0.266,0.16,-0.388,
-0.215,-0.231,0.063,-0.424,
-0.158,-0.195,0.144,-0.454,
-0.176,-0.211,0.285,-0.434,
-0.264,-0.314,0.022,-0.497,
-0.175,-0.254,0.151,-0.371,
-0.122,-0.127,0.174,-0.383,
-0.293,-0.327,-0.008,-0.517,
-0.257,-0.319,0.289,-0.438,
-0.251,-0.325,0.213,-0.452,
-0.033,-0.077,0.338,-0.265,
-0.144,-0.158,0.171,-0.368,
-0.307,-0.38,-0.066,-0.491,
-0.041,-0.044,0.121,-0.16,
-0.381,-0.41,0.221,-0.6,
-0.206,-0.188,0.053,-0.447,
-0.144,-0.158,0.121,-0.338,
-0.146,-0.157,0.143,-0.308,
-0.084,-0.106,0.273,-0.261,
-0.185,-0.209,0.131,-0.438,
-0.163,-0.18,0.136,-0.355,
-0.249,-0.225,0.023,-0.436,
-0.208,-0.188,0.052,-0.458,
-0.237,-0.304,0.275,-0.408,
-0.16,-0.176,0.091,-0.348,
-0.237,-0.209,0.098,-0.511,
-0.182,-0.216,0.273,-0.428,
-0.093,-0.099,0.091,-0.227,
-0.274,-0.326,0.137,-0.461,
-0.222,-0.252,0.252,-0.466,
-0.156,-0.22,0.27,-0.316,
-0.248,-0.217,-0.016,-0.419,
-0.193,-0.172,0.169,-0.468,
-0.264,-0.239,0.06,-0.603,
-0.211,-0.232,0.12,-0.415,
-0.058,-0.053,0.233,-0.336,
-0.269,-0.307,0.069,-0.485,
-0.338,-0.409,0.088,-0.557,
-0.249,-0.341,0.191,-0.497,
-0.123,-0.159,0.371,-0.36,
-0.05,-0.049,0.035,-0.214,
-0.058,-0.035,-0.006,-0.191,
-0.188,-0.176,0.287,-0.416,
-0.293,-0.362,-0.021,-0.431,
-0.066,-0.053,0.185,-0.246,
-0.257,-0.285,0.04,-0.427,
-0.27,-0.288,0.035,-0.481,
-0.162,-0.167,0.071,-0.437,
0.036,0.005,0.34,-0.151,
-0.143,-0.156,0.262,-0.33,
-0.242,-0.252,0.108,-0.458,
-0.187,-0.238,0.206,-0.367,
-0.222,-0.239,0.214,-0.414,
-0.208,-0.246,0.184,-0.457,
-0.113,-0.157,0.291,-0.365,
-0.242,-0.217,-0.094,-0.414,
-0.193,-0.254,0.264,-0.498,
-0.193,-0.212,0.146,-0.414,
-0.111,-0.088,0.146,-0.362,
-0.25,-0.274,0.105,-0.457,
-0.211,-0.23,0.322,-0.477,
-0.304,-0.371,0.24,-0.489,
-0.179,-0.195,0.128,-0.459,
-0.176,-0.139,0.105,-0.381,
-0.295,-0.296,0.122,-0.551,
-0.247,-0.296,0.404,-0.536,
-0.145,-0.168,0.09,-0.356,
-0.316,-0.366,0.016,-0.523,
-0.199,-0.227,0.377,-0.56,
-0.088,-0.1,0.404,-0.411,
-0.321,-0.332,0.092,-0.537,
-0.136,-0.145,0.367,-0.508,
-0.283,-0.28,-0.082,-0.494,
-0.192,-0.207,-0.02,-0.341,
-0.215,-0.201,0.183,-0.425,
-0.116,-0.163,0.314,-0.306,
-0.287,-0.404,0.237,-0.528,
-0.199,-0.244,0.321,-0.41,
-0.131,-0.132,0.247,-0.366,
-0.176,-0.174,0.133,-0.37,
-0.265,-0.268,0.069,-0.474,
-0.116,-0.113,0.238,-0.347,
-0.235,-0.192,-0.087,-0.462,
-0.221,-0.295,0.315,-0.385,
-0.269,-0.363,0.364,-0.547,
-0.17,-0.194,0.068,-0.42,
-0.197,-0.185,0.162,-0.416,
-0.14,-0.154,0.276,-0.401,
-0.276,-0.352,0.037,-0.459,
-0.23,-0.258,0.292,-0.479,
-0.199,-0.172,0.345,-0.531,
-0.163,-0.163,0.12,-0.411,
-0.097,-0.126,0.084,-0.217,
-0.222,-0.232,0.173,-0.421,
-0.265,-0.295,-0.053,-0.399,
-0.253,-0.227,-0.082,-0.44,
-0.3,-0.358,-0.029,-0.514,
-0.263,-0.294,0.13,-0.482,
-0.309,-0.336,-0.078,-0.446,
-0.154,-0.218,0.356,-0.387,
-0.28,-0.287,-0.004,-0.427,
-0.273,-0.301,0.207,-0.504,
-0.151,-0.186,0.245,-0.353,
-0.272,-0.289,0.055,-0.506,
-0.1,-0.148,0.304,-0.39,
-0.154,-0.233,0.247,-0.389,
-0.268,-0.254,-0.015,-0.477,
-0.262,-0.309,0.025,-0.434,
-0.138,-0.161,0.264,-0.364,
-0.165,-0.177,0.133,-0.306,
-0.222,-0.215,0.141,-0.439,
-0.185,-0.186,-0.039,-0.488,
-0.233,-0.237,0.137,-0.43,
-0.302,-0.297,-0.085,-0.512,
-0.168,-0.14,0.018,-0.382,
-0.079,-0.107,0.079,-0.249,
-0.152,-0.181,0.137,-0.301,
-0.184,-0.264,0.249,-0.424,
-0.194,-0.284,0.173,-0.385,
-0.124,-0.179,0.249,-0.324,
-0.097,-0.081,0,-0.261,
-0.212,-0.202,0.04,-0.4,
-0.159,-0.184,0.353,-0.408,
-0.163,-0.148,0.325,-0.559,
-0.175,-0.17,0.089,-0.399,
-0.24,-0.289,0.186,-0.46,
-0.304,-0.279,-0.08,-0.538,
-0.206,-0.197,-0.067,-0.376,
-0.137,-0.207,0.164,-0.316,
-0.119,-0.105,0.075,-0.3,
-0.298,-0.337,0.05,-0.408,
-0.273,-0.322,0.102,-0.488,
-0.187,-0.203,0.226,-0.42,
-0.142,-0.112,0.009,-0.334,
-0.143,-0.166,0.107,-0.272,
-0.202,-0.222,0.313,-0.469,
-0.286,-0.297,0.236,-0.552,
-0.162,-0.156,0.2,-0.423,
-0.239,-0.27,0.13,-0.488,
-0.345,-0.354,-0.064,-0.52,
-0.152,-0.166,0.155,-0.374,
-0.119,-0.145,0.211,-0.305,
-0.252,-0.268,0.22,-0.473,
-0.2,-0.219,0.068,-0.432,
-0.203,-0.25,0.155,-0.436,
-0.144,-0.096,0.239,-0.427,
-0.196,-0.181,0.015,-0.383,
-0.124,-0.143,0.17,-0.338,
-0.108,-0.151,0.16,-0.211,
-0.199,-0.204,0.038,-0.41,
-0.164,-0.153,0.059,-0.375,
-0.264,-0.269,0.18,-0.53,
-0.154,-0.143,0.235,-0.414,
-0.169,-0.206,0.268,-0.415,
-0.242,-0.281,0.118,-0.415,
-0.138,-0.143,0.133,-0.334,
-0.249,-0.234,0.208,-0.465,
-0.129,-0.149,0.403,-0.381,
-0.198,-0.287,0.098,-0.382,
-0.232,-0.235,0.09,-0.408,
-0.192,-0.211,0.201,-0.4,
-0.086,-0.114,0.139,-0.253,
-0.071,-0.083,0.155,-0.272,
-0.207,-0.276,0.347,-0.435,
-0.177,-0.197,0.144,-0.488,
-0.299,-0.322,0.022,-0.434,
-0.068,-0.114,0.212,-0.209,
-0.201,-0.236,-0.033,-0.384,
-0.286,-0.307,0.048,-0.44,
-0.199,-0.263,0.111,-0.361,
-0.368,-0.433,0.03,-0.651,
-0.166,-0.217,0.25,-0.382,
-0.146,-0.134,-0.036,-0.39,
-0.19,-0.268,0.503,-0.457,
-0.092,-0.092,0.136,-0.343,
-0.217,-0.223,-0.029,-0.376,
-0.206,-0.261,0.192,-0.421,
-0.22,-0.292,0.287,-0.442,
-0.254,-0.273,0.088,-0.463,
-0.071,-0.098,0.399,-0.402,
-0.081,-0.092,0.282,-0.31,
-0.114,-0.085,0.22,-0.387,
-0.263,-0.293,-0.024,-0.438,
-0.263,-0.272,0.018,-0.495,
-0.109,-0.094,0.084,-0.278,
-0.037,-0.042,0.192,-0.185,
-0.294,-0.321,-0.021,-0.488,
-0.248,-0.242,-0.052,-0.482,
-0.231,-0.274,0.121,-0.422,
-0.337,-0.405,0.069,-0.547,
-0.003,0.02,0.156,-0.169,
-0.223,-0.27,0.202,-0.458,
-0.169,-0.235,0.282,-0.335,
0.014,-0.025,0.42,-0.302,
-0.208,-0.268,0.26,-0.445,
-0.264,-0.311,0.156,-0.488,
-0.158,-0.177,0.102,-0.398,
-0.132,-0.172,0.317,-0.346,
-0.049,-0.043,0.205,-0.268,
-0.21,-0.217,0.193,-0.453,
-0.216,-0.223,-0.051,-0.429,
-0.131,-0.142,0.175,-0.289,
-0.247,-0.362,0.401,-0.532,
-0.169,-0.189,0.078,-0.308,
-0.288,-0.347,0.161,-0.57,
-0.12,-0.131,0.253,-0.361,
-0.149,-0.231,0.392,-0.374,
-0.219,-0.236,-0.041,-0.432,
-0.226,-0.24,0.019,-0.431,
-0.083,-0.09,0.043,-0.186,
-0.301,-0.334,0.08,-0.523,
-0.224,-0.254,0.307,-0.476,
-0.162,-0.201,0.131,-0.303,
-0.162,-0.135,0.05,-0.403,
-0.144,-0.136,0.087,-0.406,
-0.21,-0.292,0.146,-0.382,
-0.219,-0.251,0.248,-0.45,
-0.22,-0.212,0.184,-0.483,
-0.17,-0.192,0.16,-0.282,
-0.316,-0.316,-0.043,-0.562,
-0.26,-0.288,0.068,-0.473,
-0.163,-0.179,0.289,-0.502,
-0.101,-0.12,0.109,-0.328,
-0.31,-0.287,-0.166,-0.493,
-0.216,-0.271,0.255,-0.443,
-0.149,-0.121,0.179,-0.37,
-0.241,-0.246,-0.001,-0.398,
-0.227,-0.257,0.209,-0.451,
-0.161,-0.137,0.22,-0.411,
-0.135,-0.095,0.11,-0.364,
-0.174,-0.254,0.432,-0.422,
-0.038,-0.052,0.253,-0.261,
-0.273,-0.342,0.318,-0.547,
-0.163,-0.245,0.356,-0.346,
-0.21,-0.255,0.325,-0.45,
-0.15,-0.153,0.316,-0.434,
-0.141,-0.149,0.046,-0.304,
-0.231,-0.236,-0.03,-0.439,
-0.114,-0.09,0.154,-0.331,
-0.383,-0.422,-0.105,-0.57,
-0.245,-0.288,0.195,-0.4,
-0.38,-0.409,0.147,-0.606,
-0.194,-0.189,0.125,-0.51,
-0.314,-0.334,0.106,-0.552,
-0.305,-0.354,0.076,-0.533,
-0.212,-0.224,0.038,-0.445,
-0.272,-0.301,0.127,-0.495,
-0.106,-0.12,0.165,-0.353,
-0.328,-0.344,0.032,-0.503,
-0.399,-0.435,-0.069,-0.582,
-0.28,-0.329,0.032,-0.496,
-0.073,-0.113,0.268,-0.33,
-0.027,-0.032,0.2,-0.294,
-0.261,-0.302,-0.008,-0.436,
-0.165,-0.183,0.148,-0.367,
-0.188,-0.189,-0.042,-0.343,
-0.202,-0.258,0.264,-0.416,
-0.23,-0.237,-0.071,-0.4,
-0.127,-0.149,0.392,-0.389,
-0.223,-0.261,0.082,-0.476,
-0.195,-0.186,0.017,-0.354,
-0.108,-0.128,0.202,-0.4,
-0.186,-0.247,0.324,-0.423,
-0.139,-0.212,0.318,-0.349,
-0.128,-0.13,0.191,-0.347,
-0.156,-0.221,0.359,-0.393,
-0.22,-0.214,-0.168,-0.3,
-0.31,-0.356,-0.026,-0.497,
-0.12,-0.071,0.086,-0.338,
-0.142,-0.157,0.1,-0.311,
-0.171,-0.201,0.157,-0.312,
-0.073,-0.082,0.267,-0.277,
-0.312,-0.351,0.015,-0.531,
-0.24,-0.245,0.004,-0.463,
-0.351,-0.389,-0.017,-0.494,
-0.124,-0.139,0.269,-0.446,
-0.1,-0.127,0.263,-0.346,
-0.197,-0.238,0.178,-0.383,
-0.258,-0.314,0.268,-0.52,
-0.277,-0.3,-0.011,-0.538,
-0.111,-0.154,0.148,-0.235,
-0.237,-0.343,0.413,-0.492,
-0.174,-0.191,-0.017,-0.398,
-0.193,-0.224,-0.038,-0.328,
-0.145,-0.157,0.159,-0.35,
-0.111,-0.107,0.026,-0.305,
-0.381,-0.427,-0.141,-0.601,
-0.202,-0.231,0.114,-0.404,
-0.198,-0.201,-0.029,-0.365,
-0.193,-0.261,0.339,-0.48,
-0.126,-0.13,0.008,-0.235,
-0.16,-0.124,0.088,-0.447,
-0.289,-0.331,0.067,-0.508,
-0.168,-0.213,0.394,-0.435,
-0.146,-0.179,0.276,-0.325,
-0.19,-0.278,0.353,-0.436,
-0.227,-0.216,-0.029,-0.391,
-0.168,-0.204,0.063,-0.274,
-0.159,-0.18,0.11,-0.364,
-0.307,-0.334,0.095,-0.515,
-0.285,-0.388,0.248,-0.492,
-0.132,-0.127,0.096,-0.312,
-0.124,-0.158,0.33,-0.433,
-0.265,-0.256,0.099,-0.508,
-0.134,-0.182,0.324,-0.311,
-0.159,-0.17,0.122,-0.424,
-0.264,-0.316,0.082,-0.443,
-0.192,-0.202,0,-0.385,
-0.24,-0.287,0.103,-0.396,
-0.209,-0.214,0.073,-0.409,
-0.225,-0.231,0.021,-0.452,
-0.18,-0.15,-0.027,-0.396,
-0.105,-0.106,0.119,-0.356,
-0.27,-0.265,-0.044,-0.494,
-0.212,-0.281,0.333,-0.483,
-0.2,-0.225,0.429,-0.457,
-0.187,-0.21,0.283,-0.343,
-0.313,-0.415,0.221,-0.542,
-0.261,-0.288,0.089,-0.446,
-0.051,-0.045,0.231,-0.282,
-0.182,-0.18,0.073,-0.325,
-0.185,-0.186,0.346,-0.474,
-0.26,-0.224,0.043,-0.507,
-0.192,-0.192,0.181,-0.367,
-0.069,-0.082,0.17,-0.229,
-0.038,-0.047,0.296,-0.267,
-0.202,-0.248,0.153,-0.4,
-0.288,-0.344,0.099,-0.484,
-0.179,-0.202,0.235,-0.353,
-0.087,-0.116,0.235,-0.246,
-0.128,-0.129,0.169,-0.336,
-0.205,-0.235,0.112,-0.45,
-0.339,-0.351,-0.119,-0.591,
-0.217,-0.228,0.016,-0.425,
-0.108,-0.169,0.259,-0.265,
-0.202,-0.2,-0.008,-0.429,
-0.054,-0.099,0.242,-0.199,
-0.094,-0.095,0.335,-0.426,
-0.3,-0.295,-0.084,-0.484,
-0.118,-0.108,0.184,-0.464,
-0.212,-0.248,0.087,-0.382,
-0.112,-0.098,0.076,-0.288,
-0.271,-0.32,0.102,-0.458,
-0.221,-0.208,-0.081,-0.395,
-0.198,-0.198,0.174,-0.373,
-0.215,-0.2,-0.027,-0.465,
-0.158,-0.167,0.025,-0.409,
-0.231,-0.277,0.133,-0.444,
-0.209,-0.172,-0.016,-0.433,
-0.022,-0.048,0.315,-0.161,
-0.174,-0.169,0.313,-0.467,
-0.385,-0.446,0.256,-0.596,
-0.14,-0.119,0.248,-0.375,
-0.228,-0.209,0.006,-0.419,
-0.143,-0.149,0.057,-0.302,
-0.159,-0.231,0.419,-0.324,
-0.256,-0.328,0.238,-0.433,
-0.214,-0.263,0.184,-0.444,
-0.184,-0.155,0.034,-0.381,
-0.18,-0.2,0.329,-0.473,
-0.143,-0.177,0.326,-0.539,
-0.177,-0.177,0.033,-0.303,
-0.137,-0.137,0.215,-0.352,
-0.125,-0.199,0.337,-0.376,
-0.231,-0.264,0.117,-0.381,
-0.198,-0.184,0.113,-0.421,
-0.319,-0.336,-0.008,-0.523,
-0.205,-0.28,0.371,-0.489,
-0.274,-0.288,0.092,-0.471,
-0.167,-0.167,-0.016,-0.324,
-0.252,-0.269,0.087,-0.435,
-0.273,-0.292,0.032,-0.49,
-0.252,-0.317,0.312,-0.506,
-0.229,-0.209,-0.052,-0.423,
-0.134,-0.131,0.134,-0.346,
-0.172,-0.172,0.183,-0.434,
-0.142,-0.127,0.371,-0.427,
-0.236,-0.279,0.198,-0.427,
-0.2,-0.183,-0.038,-0.411,
-0.13,-0.166,0.196,-0.356,
-0.239,-0.275,0.173,-0.478,
-0.337,-0.375,-0.09,-0.57,
-0.096,-0.151,0.294,-0.337,
-0.247,-0.271,-0.054,-0.448,
-0.256,-0.277,0.202,-0.445,
-0.201,-0.17,-0.051,-0.416,
-0.21,-0.238,0.133,-0.452,
-0.088,-0.126,0.244,-0.387,
-0.19,-0.284,0.446,-0.438,
-0.257,-0.269,0.252,-0.463,
-0.251,-0.304,0.137,-0.481,
-0.042,-0.018,0.2,-0.229,
-0.22,-0.228,0.15,-0.465,
-0.074,-0.092,0.173,-0.286,
-0.213,-0.255,0.147,-0.423,
-0.167,-0.183,0.25,-0.363,
-0.307,-0.331,0.071,-0.51,
-0.162,-0.165,0.09,-0.393,
-0.161,-0.164,0.15,-0.459,
-0.311,-0.394,0.423,-0.605,
-0.216,-0.201,0.094,-0.466,
-0.192,-0.234,0.102,-0.284,
-0.17,-0.238,0.2,-0.411,
-0.301,-0.334,0.151,-0.526,
-0.167,-0.249,0.374,-0.394,
-0.243,-0.297,0.356,-0.522,
-0.216,-0.268,0.42,-0.464,
-0.186,-0.19,0.002,-0.421,
-0.205,-0.294,0.348,-0.468,
-0.236,-0.293,0.348,-0.525,
-0.134,-0.145,0.212,-0.333,
-0.142,-0.15,0.193,-0.407,
-0.115,-0.112,0.166,-0.393,
-0.181,-0.183,0.13,-0.402,
-0.101,-0.094,0.192,-0.265,
-0.061,-0.045,0.376,-0.379,
-0.159,-0.161,0.142,-0.338,
0.009,0.022,0.365,-0.285,
-0.197,-0.18,0.216,-0.52,
-0.087,-0.08,0.163,-0.249,
-0.142,-0.197,0.294,-0.411,
-0.225,-0.204,0.215,-0.476,
-0.078,-0.084,0.1,-0.23,
-0.245,-0.292,0.297,-0.46,
-0.2,-0.198,0.01,-0.446,
-0.155,-0.198,0.292,-0.42,
-0.258,-0.327,0.3,-0.498,
-0.203,-0.285,0.255,-0.409,
-0.222,-0.259,-0.018,-0.418,
-0.117,-0.109,0.028,-0.343,
-0.105,-0.129,0.152,-0.271,
-0.179,-0.201,0.178,-0.353,
-0.087,-0.154,0.198,-0.322,
-0.163,-0.182,0.284,-0.427,
-0.116,-0.126,0.138,-0.35,
-0.284,-0.305,-0.049,-0.48,
-0.204,-0.222,-0.054,-0.342,
-0.112,-0.128,0.205,-0.262,
-0.183,-0.293,0.537,-0.556,
-0.129,-0.175,0.287,-0.414,
-0.283,-0.3,0.271,-0.538,
-0.197,-0.212,0.222,-0.498,
-0.134,-0.126,0.146,-0.37,
-0.229,-0.275,0.128,-0.45,
-0.131,-0.155,0.215,-0.401,
-0.164,-0.167,0.197,-0.475,
-0.176,-0.196,0.092,-0.313,
-0.119,-0.15,0.351,-0.391,
-0.192,-0.202,0.125,-0.502,
-0.23,-0.209,0.105,-0.503,
-0.174,-0.194,0.03,-0.307,
-0.291,-0.354,0.249,-0.537,
0.009,-0.048,0.354,-0.225,
-0.019,-0.037,0.349,-0.283,
-0.267,-0.303,0.087,-0.468,
-0.093,-0.117,0.154,-0.237,
-0.046,-0.037,0.107,-0.221,
-0.18,-0.232,0.212,-0.337,
-0.213,-0.262,0.526,-0.596,
-0.092,-0.112,0.206,-0.36,
-0.164,-0.186,0.402,-0.482,
-0.21,-0.203,0.004,-0.368,
-0.096,-0.105,0.157,-0.363,
-0.124,-0.07,0.204,-0.523,
-0.271,-0.346,0.128,-0.476,
-0.304,-0.377,0.321,-0.536,
-0.174,-0.237,0.347,-0.39,
-0.132,-0.131,0.002,-0.296,
-0.213,-0.23,0.1,-0.437,
0.008,0.002,0.319,-0.188,
-0.193,-0.177,-0.047,-0.388,
-0.053,-0.056,0.186,-0.279,
-0.413,-0.466,-0.046,-0.634,
-0.267,-0.324,0.144,-0.484,
-0.236,-0.223,-0.075,-0.424,
-0.218,-0.204,-0.03,-0.441,
-0.12,-0.107,0.11,-0.364,
-0.27,-0.327,0.142,-0.48,
-0.234,-0.267,0.263,-0.46,
-0.271,-0.311,-0.002,-0.428,
-0.315,-0.385,0.166,-0.508,
-0.201,-0.261,0.287,-0.395,
-0.228,-0.241,0.374,-0.559,
-0.167,-0.188,0.245,-0.398,
-0.08,-0.076,0.169,-0.263,
-0.06,-0.088,0.286,-0.195,
-0.221,-0.253,0.153,-0.466,
-0.104,-0.166,0.281,-0.347,
-0.267,-0.327,0.064,-0.476,
-0.098,-0.145,0.139,-0.295,
-0.109,-0.134,0.162,-0.314,
-0.315,-0.347,0.118,-0.493,
-0.214,-0.271,0.184,-0.347,
-0.125,-0.192,0.261,-0.354,
-0.239,-0.363,0.38,-0.439,
-0.21,-0.25,0.115,-0.386,
-0.285,-0.319,0.098,-0.449,
-0.2,-0.272,0.197,-0.398,
-0.27,-0.326,0.278,-0.492,
-0.242,-0.279,0.244,-0.489,
-0.199,-0.241,0.088,-0.383,
-0.053,-0.051,0.169,-0.299,
-0.357,-0.394,-0.067,-0.557,
-0.217,-0.259,0.151,-0.385,
-0.226,-0.285,0.395,-0.545,
-0.164,-0.217,0.234,-0.394,
-0.064,-0.083,0.268,-0.327,
-0.252,-0.196,0.176,-0.462,
-0.157,-0.167,0.272,-0.409,
-0.149,-0.137,0.107,-0.409,
-0.173,-0.24,0.391,-0.4,
-0.252,-0.329,0.298,-0.459,
-0.144,-0.124,-0.012,-0.322,
-0.203,-0.234,0.062,-0.362,
-0.149,-0.153,0.151,-0.347,
-0.287,-0.335,0.179,-0.476,
-0.104,-0.111,0.066,-0.32,
-0.146,-0.214,0.435,-0.509,
-0.223,-0.264,0.061,-0.368,
-0.246,-0.241,0.007,-0.485,
-0.299,-0.323,0.079,-0.54,
-0.276,-0.299,0.218,-0.521,
-0.166,-0.164,0.1,-0.357,
-0.12,-0.164,0.264,-0.385,
-0.355,-0.34,-0.147,-0.53,
-0.045,-0.08,0.137,-0.149,
-0.255,-0.304,0.479,-0.616,
-0.188,-0.174,0.213,-0.414,
-0.208,-0.22,0.099,-0.427,
-0.162,-0.158,0.279,-0.396,
-0.088,-0.127,0.253,-0.273,
-0.147,-0.117,-0.006,-0.381,
-0.243,-0.236,-0.041,-0.529,
-0.184,-0.234,0.304,-0.545,
-0.254,-0.223,-0.157,-0.405,
-0.196,-0.168,0.365,-0.467,
-0.368,-0.396,0.121,-0.599,
-0.197,-0.213,0.239,-0.449,
-0.227,-0.209,0.039,-0.515,
-0.126,-0.145,0.205,-0.343,
-0.186,-0.216,0.27,-0.396,
-0.036,-0.069,0.375,-0.307,
-0.129,-0.074,0.077,-0.386,
-0.342,-0.361,-0.022,-0.493,
-0.25,-0.264,0.099,-0.522,
-0.148,-0.165,0.131,-0.486,
-0.143,-0.136,0.125,-0.397,
-0.165,-0.196,0.311,-0.386,
-0.21,-0.204,0.241,-0.422,
-0.127,-0.162,0.176,-0.308,
-0.113,-0.135,0.131,-0.254,
-0.058,-0.06,0.203,-0.328,
-0.074,-0.094,0.166,-0.228,
-0.262,-0.341,0.262,-0.492,
-0.24,-0.292,0.224,-0.462,
-0.075,-0.098,0.199,-0.177,
-0.13,-0.095,0.228,-0.58,
-0.182,-0.195,0.334,-0.408,
-0.232,-0.245,0.134,-0.443,
-0.247,-0.25,-0.071,-0.439,
-0.068,-0.089,0.208,-0.291,
-0.158,-0.172,0.098,-0.315,
-0.259,-0.323,0.229,-0.494,
-0.225,-0.211,0.02,-0.42,
-0.126,-0.138,0.125,-0.349,
-0.206,-0.178,0.334,-0.657,
-0.254,-0.245,-0.02,-0.491,
-0.154,-0.153,0.006,-0.407,
-0.245,-0.306,0.297,-0.55,
-0.208,-0.211,0.066,-0.423,
-0.184,-0.182,0.114,-0.457,
-0.265,-0.28,0.213,-0.507,
-0.176,-0.229,0.271,-0.342,
-0.174,-0.18,0.175,-0.388,
-0.155,-0.162,0.261,-0.444,
-0.288,-0.301,0.017,-0.536,
-0.208,-0.269,0.242,-0.369,
-0.209,-0.207,0.195,-0.463,
-0.041,-0.035,0.21,-0.22,
-0.237,-0.231,0.072,-0.47,
-0.298,-0.3,0.074,-0.501,
-0.144,0.007,0.118,-0.531,
-0.144,-0.114,0.138,-0.346,
-0.356,-0.414,0.129,-0.524,
-0.181,-0.201,0.19,-0.417,
-0.226,-0.231,-0.018,-0.392,
-0.185,-0.282,0.362,-0.37,
-0.086,-0.103,0.189,-0.269,
-0.337,-0.356,0.124,-0.556,
-0.209,-0.233,-0.083,-0.305,
-0.154,-0.174,0.124,-0.309,
-0.341,-0.385,-0.068,-0.549,
-0.099,-0.11,0.124,-0.263,
-0.095,-0.081,0.106,-0.395,
-0.106,-0.119,0.307,-0.272,
-0.184,-0.223,0.307,-0.451,
-0.202,-0.21,0.14,-0.443,
-0.242,-0.288,0.18,-0.47,
-0.288,-0.326,0.086,-0.606,
-0.324,-0.364,-0.106,-0.464,
-0.228,-0.252,0.282,-0.488,
-0.263,-0.297,0.209,-0.487,
-0.228,-0.264,0.212,-0.445,
-0.246,-0.229,-0.006,-0.46,
-0.171,-0.213,0.391,-0.397,
-0.167,-0.223,0.144,-0.369,
-0.135,-0.118,0.107,-0.337,
-0.236,-0.221,-0.009,-0.507,
-0.116,-0.122,0.284,-0.298,
-0.203,-0.201,-0.011,-0.364,
-0.207,-0.244,0.393,-0.476,
-0.146,-0.112,0.07,-0.362,
-0.253,-0.27,0.036,-0.464,
-0.202,-0.197,0.053,-0.402,
-0.231,-0.348,0.447,-0.525,
-0.089,-0.142,0.309,-0.295,
-0.123,-0.104,0.104,-0.301,
-0.212,-0.199,0.156,-0.508,
-0.237,-0.259,0.112,-0.444,
-0.146,-0.127,0.218,-0.409,
-0.234,-0.256,0.075,-0.453,
-0.152,-0.146,0.15,-0.383,
-0.153,-0.134,0.211,-0.376,
-0.152,-0.163,0.243,-0.429,
-0.3,-0.365,0.191,-0.507,
-0.325,-0.355,0.054,-0.592,
-0.257,-0.255,0.015,-0.462,
-0.209,-0.272,0.085,-0.357,
-0.278,-0.359,0.17,-0.548,
-0.264,-0.315,0.245,-0.493,
-0.178,-0.244,0.386,-0.408,
-0.135,-0.23,0.167,-0.328,
-0.112,-0.172,0.213,-0.277,
-0.145,-0.202,0.12,-0.263,
-0.2,-0.207,0.311,-0.49,
-0.315,-0.358,0.176,-0.535,
-0.285,-0.295,-0.166,-0.478,




Further Data analysis of all test cases 
avg med max min 
AVGs,-0.305,-0.303,-0.162,-0.425,
MEDs,-0.299,-0.297,-0.156,-0.458,
MAXs,-0.054,-0.054,0.136,-0.172,
MINs,-0.493,-0.494,-0.267,-0.673,


AVGs,-0.197,-0.2,0.036,-0.413,
MEDs,-0.219,-0.221,0.022,-0.475,
MAXs,0.151,0.147,0.537,-0.173,
MINs,-0.417,-0.423,-0.137,-0.657,



