

Data analysis for each instance 
AVG,MED,MAX,MIN
-0.335,-0.381,-0.033,-0.511,
-0.287,-0.298,-0.037,-0.516,
-0.336,-0.348,-0.054,-0.465,
-0.309,-0.298,-0.048,-0.463,
-0.358,-0.359,-0.054,-0.569,
-0.356,-0.363,-0.055,-0.529,
-0.303,-0.312,-0.042,-0.446,
-0.283,-0.276,-0.057,-0.454,
-0.338,-0.33,-0.062,-0.542,
-0.329,-0.343,-0.063,-0.433,
-0.35,-0.35,-0.066,-0.555,
-0.293,-0.287,-0.05,-0.419,
-0.354,-0.329,-0.071,-0.53,
-0.212,-0.218,-0.047,-0.339,
-0.354,-0.363,-0.053,-0.525,
-0.26,-0.262,-0.025,-0.376,
-0.288,-0.31,-0.054,-0.391,
-0.319,-0.319,-0.054,-0.501,
-0.27,-0.274,-0.059,-0.416,
-0.345,-0.37,-0.048,-0.595,
-0.287,-0.277,-0.049,-0.469,
-0.411,-0.423,-0.062,-0.585,
-0.297,-0.334,-0.054,-0.366,
-0.313,-0.329,-0.05,-0.416,
-0.294,-0.292,-0.075,-0.456,
-0.33,-0.339,-0.048,-0.541,
-0.329,-0.368,-0.048,-0.487,
-0.406,-0.441,-0.057,-0.589,
-0.303,-0.282,-0.095,-0.466,
-0.358,-0.358,-0.056,-0.542,
-0.319,-0.311,-0.055,-0.526,
-0.24,-0.243,-0.074,-0.326,
-0.211,-0.24,-0.065,-0.319,
-0.37,-0.41,-0.018,-0.585,
-0.273,-0.312,-0.028,-0.426,
-0.353,-0.301,-0.063,-0.625,
-0.299,-0.303,-0.069,-0.504,
-0.281,-0.287,-0.06,-0.405,
-0.282,-0.31,-0.046,-0.422,
-0.327,-0.314,-0.051,-0.518,
-0.296,-0.316,-0.06,-0.449,
-0.361,-0.392,-0.041,-0.552,
-0.286,-0.248,-0.093,-0.439,
-0.327,-0.315,-0.075,-0.523,
-0.265,-0.278,-0.042,-0.557,
-0.344,-0.322,-0.03,-0.529,
-0.324,-0.331,-0.059,-0.494,
-0.291,-0.284,-0.063,-0.424,
-0.399,-0.438,-0.056,-0.619,
-0.324,-0.334,-0.049,-0.504,
-0.313,-0.298,-0.046,-0.477,
-0.32,-0.356,-0.084,-0.405,
-0.329,-0.337,-0.062,-0.496,
-0.317,-0.352,-0.121,-0.432,
-0.316,-0.341,-0.053,-0.507,
-0.321,-0.348,-0.057,-0.504,
-0.3,-0.319,-0.028,-0.416,
-0.335,-0.295,-0.051,-0.536,
-0.266,-0.292,-0.014,-0.344,
-0.287,-0.295,-0.05,-0.445,
-0.221,-0.226,-0.077,-0.389,
-0.319,-0.33,-0.039,-0.51,
-0.335,-0.315,-0.047,-0.504,
-0.283,-0.299,-0.046,-0.406,
-0.313,-0.349,-0.06,-0.423,
-0.261,-0.287,-0.069,-0.431,
-0.31,-0.326,-0.054,-0.539,
-0.34,-0.316,-0.079,-0.517,
-0.305,-0.292,-0.049,-0.451,
-0.273,-0.331,-0.062,-0.389,
-0.367,-0.387,-0.059,-0.595,
-0.322,-0.284,-0.058,-0.497,
-0.379,-0.414,-0.054,-0.582,
-0.289,-0.294,-0.055,-0.431,
-0.32,-0.318,-0.043,-0.504,
-0.293,-0.273,-0.055,-0.479,
-0.324,-0.318,-0.054,-0.475,
-0.312,-0.327,-0.071,-0.515,
-0.348,-0.324,-0.063,-0.528,
-0.3,-0.29,-0.03,-0.489,
-0.309,-0.325,-0.046,-0.525,
-0.313,-0.341,-0.068,-0.404,
-0.387,-0.414,-0.065,-0.558,
-0.343,-0.339,-0.046,-0.558,
-0.271,-0.288,-0.045,-0.367,
-0.254,-0.27,-0.06,-0.413,
-0.228,-0.23,-0.049,-0.34,
-0.335,-0.378,-0.064,-0.441,
-0.291,-0.29,-0.037,-0.446,
-0.376,-0.405,-0.013,-0.567,
-0.331,-0.361,-0.053,-0.488,
-0.328,-0.314,-0.035,-0.506,
-0.248,-0.232,-0.066,-0.417,
-0.304,-0.317,-0.031,-0.474,
-0.323,-0.346,-0.071,-0.45,
-0.328,-0.277,-0.048,-0.563,
-0.36,-0.394,-0.054,-0.553,
-0.296,-0.28,-0.064,-0.489,
-0.291,-0.304,-0.059,-0.444,
-0.235,-0.254,-0.034,-0.284,
-0.287,-0.302,-0.087,-0.387,
-0.304,-0.36,-0.044,-0.393,
-0.346,-0.368,-0.038,-0.541,
-0.3,-0.307,-0.075,-0.42,
-0.32,-0.318,-0.042,-0.513,
-0.317,-0.309,-0.09,-0.498,
-0.291,-0.282,-0.06,-0.473,
-0.306,-0.293,-0.069,-0.474,
-0.33,-0.297,-0.065,-0.554,
-0.293,-0.314,-0.059,-0.403,
-0.254,-0.276,0.008,-0.393,
-0.318,-0.354,-0.048,-0.455,
-0.286,-0.287,-0.066,-0.427,
-0.308,-0.285,-0.085,-0.528,
-0.297,-0.292,-0.043,-0.51,
-0.317,-0.289,-0.065,-0.493,
-0.308,-0.325,-0.045,-0.466,
-0.295,-0.29,-0.041,-0.438,
-0.341,-0.368,-0.058,-0.53,
-0.373,-0.381,-0.056,-0.567,
-0.322,-0.293,-0.042,-0.542,
-0.321,-0.359,-0.048,-0.43,
-0.31,-0.311,-0.043,-0.524,
-0.326,-0.305,-0.045,-0.518,
-0.31,-0.32,-0.056,-0.479,
-0.38,-0.392,-0.062,-0.552,
-0.358,-0.361,-0.063,-0.546,
-0.371,-0.428,-0.046,-0.456,
-0.299,-0.306,-0.068,-0.504,
-0.32,-0.326,-0.055,-0.468,
-0.387,-0.43,-0.067,-0.568,
-0.263,-0.264,-0.093,-0.456,
-0.301,-0.314,-0.061,-0.443,
-0.268,-0.272,-0.057,-0.408,
-0.36,-0.369,-0.049,-0.573,
-0.331,-0.336,-0.05,-0.495,
-0.305,-0.33,-0.043,-0.395,
-0.304,-0.337,-0.059,-0.388,
-0.333,-0.362,-0.035,-0.433,
-0.259,-0.27,-0.057,-0.409,
-0.312,-0.292,-0.04,-0.546,
-0.286,-0.344,-0.066,-0.463,
-0.299,-0.316,-0.032,-0.505,
-0.275,-0.269,-0.037,-0.456,
-0.334,-0.374,-0.081,-0.394,
-0.307,-0.33,-0.064,-0.514,
-0.312,-0.306,-0.048,-0.503,
-0.296,-0.281,-0.064,-0.484,
-0.28,-0.282,-0.047,-0.463,
-0.287,-0.277,-0.082,-0.457,
-0.339,-0.384,-0.057,-0.425,
-0.302,-0.3,-0.052,-0.48,
-0.309,-0.288,-0.067,-0.459,
-0.319,-0.352,-0.039,-0.449,
-0.296,-0.274,-0.058,-0.454,
-0.3,-0.312,-0.055,-0.492,
-0.308,-0.296,-0.093,-0.515,
-0.344,-0.346,-0.052,-0.514,
-0.372,-0.427,-0.025,-0.456,
-0.33,-0.307,-0.03,-0.544,
-0.24,-0.272,-0.05,-0.366,
-0.326,-0.332,-0.052,-0.476,
-0.299,-0.288,-0.046,-0.501,
-0.292,-0.286,-0.068,-0.44,
-0.323,-0.346,-0.057,-0.441,
-0.325,-0.353,-0.052,-0.531,
-0.331,-0.359,-0.033,-0.413,
-0.334,-0.325,-0.054,-0.53,
-0.308,-0.302,-0.044,-0.506,
-0.307,-0.315,-0.067,-0.432,
-0.302,-0.29,-0.058,-0.456,
-0.322,-0.346,-0.036,-0.421,
-0.263,-0.283,-0.068,-0.389,
-0.366,-0.382,-0.047,-0.576,
-0.298,-0.302,-0.082,-0.387,
-0.331,-0.358,-0.033,-0.511,
-0.28,-0.297,-0.046,-0.345,
-0.302,-0.295,-0.059,-0.458,
-0.309,-0.303,-0.061,-0.497,
-0.331,-0.301,-0.078,-0.548,
-0.273,-0.284,-0.057,-0.411,
-0.302,-0.301,-0.05,-0.453,
-0.355,-0.389,-0.118,-0.55,
-0.303,-0.271,-0.071,-0.464,
-0.388,-0.394,-0.042,-0.597,
-0.336,-0.341,-0.062,-0.505,
-0.284,-0.286,-0.052,-0.519,
-0.27,-0.293,-0.062,-0.359,
-0.258,-0.275,-0.061,-0.341,
-0.298,-0.31,-0.046,-0.537,
-0.32,-0.326,-0.038,-0.469,
-0.271,-0.316,-0.041,-0.342,
-0.341,-0.35,-0.052,-0.528,
-0.274,-0.294,-0.106,-0.431,
-0.304,-0.299,-0.068,-0.486,
-0.318,-0.348,-0.051,-0.495,
-0.305,-0.281,-0.118,-0.47,
-0.307,-0.324,-0.05,-0.52,
-0.306,-0.341,-0.068,-0.385,
-0.341,-0.34,-0.046,-0.52,
-0.315,-0.337,-0.04,-0.499,
-0.356,-0.379,-0.057,-0.486,
-0.307,-0.311,-0.047,-0.484,
-0.278,-0.27,-0.027,-0.487,
-0.299,-0.314,-0.035,-0.478,
-0.243,-0.245,-0.05,-0.373,
-0.288,-0.32,-0.045,-0.365,
-0.265,-0.28,-0.045,-0.398,
-0.276,-0.284,-0.055,-0.368,
-0.312,-0.311,-0.067,-0.469,
-0.332,-0.333,-0.06,-0.533,
-0.315,-0.312,-0.099,-0.481,
-0.359,-0.365,-0.063,-0.501,
-0.326,-0.309,-0.045,-0.491,
-0.29,-0.332,-0.039,-0.447,
-0.298,-0.285,-0.043,-0.513,
-0.306,-0.31,-0.064,-0.426,
-0.274,-0.259,-0.06,-0.42,
-0.339,-0.362,-0.033,-0.558,
-0.272,-0.289,-0.056,-0.438,
-0.253,-0.273,-0.07,-0.397,
-0.318,-0.291,-0.062,-0.474,
-0.329,-0.352,-0.068,-0.463,
-0.304,-0.288,-0.059,-0.516,
-0.346,-0.352,-0.055,-0.575,
-0.337,-0.33,-0.049,-0.513,
-0.306,-0.306,-0.044,-0.485,
-0.393,-0.396,-0.05,-0.592,
-0.339,-0.378,-0.059,-0.451,
-0.261,-0.273,-0.088,-0.375,
-0.345,-0.389,-0.071,-0.407,
-0.288,-0.269,-0.056,-0.447,
-0.313,-0.353,-0.043,-0.393,
-0.334,-0.364,-0.053,-0.41,
-0.336,-0.308,-0.067,-0.514,
-0.319,-0.322,-0.065,-0.471,
-0.298,-0.313,-0.064,-0.5,
-0.321,-0.354,-0.073,-0.51,
-0.338,-0.368,-0.07,-0.51,
-0.346,-0.337,-0.053,-0.568,
-0.277,-0.268,-0.056,-0.416,
-0.305,-0.304,-0.041,-0.497,
-0.305,-0.308,-0.06,-0.462,
-0.345,-0.302,-0.05,-0.552,
-0.337,-0.35,-0.06,-0.557,
-0.343,-0.33,-0.055,-0.555,
-0.287,-0.287,-0.069,-0.479,
-0.326,-0.316,-0.059,-0.539,
-0.265,-0.281,-0.068,-0.403,
-0.319,-0.3,-0.054,-0.543,
-0.292,-0.313,-0.044,-0.454,
-0.276,-0.306,-0.049,-0.358,
-0.339,-0.364,-0.05,-0.563,
-0.305,-0.293,-0.046,-0.461,
-0.296,-0.3,-0.039,-0.465,
-0.226,-0.232,-0.049,-0.388,
-0.324,-0.376,-0.037,-0.389,
-0.325,-0.341,-0.069,-0.524,
-0.354,-0.383,-0.076,-0.524,
-0.288,-0.305,-0.065,-0.478,
-0.324,-0.337,-0.047,-0.558,
-0.307,-0.298,-0.118,-0.479,
-0.344,-0.381,-0.062,-0.443,
-0.292,-0.328,-0.055,-0.357,
-0.324,-0.321,-0.06,-0.506,
-0.306,-0.312,-0.055,-0.464,
-0.281,-0.27,-0.052,-0.472,
-0.316,-0.329,-0.041,-0.478,
-0.324,-0.33,-0.003,-0.563,
-0.332,-0.379,-0.051,-0.424,
-0.348,-0.353,-0.041,-0.582,
-0.331,-0.36,-0.066,-0.403,
-0.318,-0.296,-0.044,-0.485,
-0.325,-0.358,-0.052,-0.436,
-0.353,-0.372,-0.059,-0.555,
-0.24,-0.265,-0.06,-0.356,
-0.308,-0.311,-0.062,-0.482,
-0.277,-0.317,-0.031,-0.348,
-0.338,-0.382,-0.047,-0.414,
-0.339,-0.359,-0.055,-0.529,
-0.314,-0.36,-0.016,-0.388,
-0.282,-0.29,-0.052,-0.422,
-0.317,-0.335,-0.05,-0.533,
-0.336,-0.356,-0.054,-0.529,
-0.321,-0.303,-0.045,-0.479,
-0.323,-0.354,-0.059,-0.392,
-0.296,-0.276,-0.063,-0.445,
-0.282,-0.299,-0.049,-0.472,
-0.294,-0.272,-0.053,-0.496,
-0.281,-0.296,-0.072,-0.432,
-0.322,-0.337,-0.05,-0.443,
-0.311,-0.335,-0.05,-0.403,
-0.343,-0.351,-0.069,-0.495,
-0.339,-0.352,-0.067,-0.554,
-0.371,-0.417,-0.044,-0.583,
-0.275,-0.292,-0.022,-0.471,
-0.285,-0.288,-0.05,-0.433,
-0.271,-0.247,-0.059,-0.421,
-0.285,-0.295,-0.056,-0.507,
-0.309,-0.292,-0.072,-0.466,
-0.294,-0.281,-0.036,-0.441,
-0.253,-0.275,-0.066,-0.366,
-0.303,-0.304,-0.046,-0.449,
-0.258,-0.262,-0.087,-0.338,
-0.24,-0.22,-0.069,-0.433,
-0.335,-0.344,-0.053,-0.539,
-0.308,-0.281,-0.061,-0.492,
-0.309,-0.306,-0.099,-0.459,
-0.342,-0.393,-0.034,-0.411,
-0.323,-0.361,-0.06,-0.381,
-0.305,-0.293,-0.054,-0.488,
-0.284,-0.266,-0.049,-0.534,
-0.349,-0.354,-0.055,-0.536,
-0.273,-0.278,-0.064,-0.431,
-0.307,-0.268,-0.068,-0.53,
-0.415,-0.459,-0.053,-0.512,
-0.438,-0.481,-0.036,-0.645,
-0.323,-0.323,-0.043,-0.457,
-0.275,-0.306,-0.07,-0.421,
-0.304,-0.291,-0.049,-0.538,
-0.352,-0.356,-0.057,-0.525,
-0.321,-0.366,-0.06,-0.406,
-0.231,-0.242,-0.063,-0.336,
-0.328,-0.372,-0.09,-0.414,
-0.32,-0.353,-0.036,-0.508,
-0.262,-0.266,-0.053,-0.383,
-0.304,-0.315,-0.042,-0.529,
-0.242,-0.282,-0.086,-0.371,
-0.278,-0.254,-0.056,-0.454,
-0.329,-0.339,-0.083,-0.529,
-0.251,-0.263,-0.066,-0.347,
-0.299,-0.31,-0.072,-0.517,
-0.345,-0.349,-0.065,-0.507,
-0.321,-0.344,-0.044,-0.46,
-0.361,-0.379,-0.062,-0.553,
-0.282,-0.3,-0.066,-0.47,
-0.28,-0.291,-0.031,-0.477,
-0.314,-0.352,-0.05,-0.379,
-0.323,-0.285,-0.081,-0.516,
-0.319,-0.301,-0.052,-0.489,
-0.265,-0.256,-0.055,-0.452,
-0.29,-0.27,-0.039,-0.504,
-0.322,-0.333,-0.051,-0.515,
-0.326,-0.348,-0.057,-0.491,
-0.317,-0.341,-0.057,-0.514,
-0.315,-0.319,-0.06,-0.481,
-0.278,-0.299,-0.043,-0.439,
-0.343,-0.338,-0.061,-0.509,
-0.33,-0.325,-0.043,-0.539,
-0.315,-0.282,-0.137,-0.545,
-0.315,-0.312,-0.121,-0.475,
-0.285,-0.281,-0.055,-0.41,
-0.29,-0.267,-0.137,-0.441,
-0.293,-0.297,-0.107,-0.525,
-0.339,-0.352,-0.073,-0.528,
-0.305,-0.326,-0.057,-0.446,
-0.322,-0.309,-0.053,-0.538,
-0.255,-0.237,-0.053,-0.436,
-0.317,-0.316,-0.059,-0.488,
-0.323,-0.318,-0.057,-0.499,
-0.319,-0.324,-0.071,-0.474,
-0.307,-0.3,-0.034,-0.495,
-0.315,-0.342,-0.05,-0.39,
-0.31,-0.323,0.045,-0.563,
-0.342,-0.364,-0.036,-0.501,
-0.3,-0.311,-0.059,-0.428,
-0.324,-0.312,-0.062,-0.473,
-0.334,-0.357,-0.086,-0.522,
-0.311,-0.316,-0.044,-0.496,
-0.212,-0.222,-0.072,-0.333,
-0.276,-0.269,-0.062,-0.455,
-0.355,-0.363,-0.06,-0.522,
-0.287,-0.275,-0.091,-0.446,
-0.325,-0.327,-0.075,-0.512,
-0.333,-0.342,-0.018,-0.488,
-0.293,-0.279,0.01,-0.557,
-0.27,-0.282,-0.056,-0.386,
-0.342,-0.335,-0.066,-0.549,
-0.317,-0.31,-0.054,-0.507,
-0.31,-0.302,-0.054,-0.467,
-0.254,-0.284,-0.027,-0.335,
-0.356,-0.39,-0.048,-0.479,
-0.312,-0.316,-0.151,-0.546,
-0.312,-0.313,-0.038,-0.483,
-0.317,-0.354,-0.06,-0.364,
-0.328,-0.31,-0.059,-0.499,
-0.307,-0.358,-0.038,-0.374,
-0.293,-0.307,-0.042,-0.438,
-0.33,-0.352,-0.044,-0.44,
-0.298,-0.289,-0.061,-0.483,
-0.329,-0.394,-0.06,-0.441,
-0.305,-0.304,-0.054,-0.489,
-0.307,-0.316,-0.081,-0.522,
-0.337,-0.322,-0.062,-0.55,
-0.313,-0.334,-0.042,-0.484,
-0.28,-0.287,-0.066,-0.431,
-0.341,-0.3,-0.064,-0.535,
-0.295,-0.294,-0.068,-0.521,
-0.272,-0.278,-0.061,-0.408,
-0.314,-0.317,-0.036,-0.503,
-0.319,-0.353,-0.054,-0.397,
-0.275,-0.285,-0.069,-0.485,
-0.318,-0.294,-0.06,-0.478,
-0.274,-0.295,-0.063,-0.375,
-0.313,-0.33,-0.085,-0.437,
-0.297,-0.299,-0.037,-0.443,
-0.297,-0.332,-0.062,-0.385,
-0.308,-0.276,-0.073,-0.477,
-0.249,-0.269,-0.043,-0.351,
-0.309,-0.334,-0.058,-0.471,
-0.315,-0.271,-0.062,-0.505,
-0.231,-0.228,-0.066,-0.322,
-0.33,-0.35,-0.069,-0.509,
-0.325,-0.368,-0.086,-0.431,
-0.292,-0.303,-0.05,-0.44,
-0.337,-0.359,-0.025,-0.552,
-0.304,-0.282,-0.053,-0.457,
-0.295,-0.283,-0.058,-0.515,
-0.251,-0.254,-0.054,-0.362,
-0.302,-0.298,-0.031,-0.486,
-0.322,-0.335,-0.046,-0.507,
-0.223,-0.269,-0.054,-0.314,
-0.314,-0.293,-0.052,-0.473,
-0.299,-0.281,-0.06,-0.46,
-0.311,-0.35,-0.031,-0.381,
-0.305,-0.309,-0.053,-0.468,
-0.327,-0.329,-0.047,-0.448,
-0.288,-0.282,-0.091,-0.486,
-0.292,-0.277,-0.026,-0.459,
-0.267,-0.289,-0.066,-0.337,
-0.327,-0.374,-0.036,-0.391,
-0.33,-0.305,-0.056,-0.573,
-0.329,-0.303,-0.056,-0.514,
-0.356,-0.407,-0.05,-0.443,
-0.33,-0.33,-0.055,-0.54,
-0.299,-0.295,0.022,-0.507,
-0.311,-0.328,-0.076,-0.401,
-0.401,-0.421,-0.069,-0.581,
-0.256,-0.249,-0.058,-0.399,
-0.302,-0.341,-0.048,-0.369,
-0.384,-0.431,-0.078,-0.476,
-0.347,-0.379,-0.068,-0.548,
-0.308,-0.359,-0.014,-0.412,
-0.295,-0.287,-0.04,-0.437,
-0.256,-0.265,-0.056,-0.398,
-0.329,-0.325,-0.051,-0.533,
-0.34,-0.376,-0.052,-0.502,
-0.35,-0.337,-0.045,-0.555,
-0.308,-0.324,-0.037,-0.502,
-0.316,-0.331,-0.05,-0.447,
-0.355,-0.348,-0.054,-0.527,
-0.321,-0.355,-0.041,-0.49,
-0.347,-0.335,-0.062,-0.539,
-0.3,-0.289,-0.044,-0.482,
-0.328,-0.35,-0.057,-0.479,
-0.222,-0.249,-0.048,-0.276,
-0.28,-0.294,-0.053,-0.428,
-0.256,-0.263,-0.067,-0.413,
-0.328,-0.339,-0.051,-0.499,
-0.34,-0.363,-0.044,-0.525,
-0.341,-0.354,-0.112,-0.498,
-0.297,-0.317,-0.088,-0.394,
-0.388,-0.439,-0.052,-0.569,
-0.34,-0.383,-0.048,-0.417,
-0.327,-0.344,-0.039,-0.539,
-0.326,-0.338,-0.025,-0.49,
-0.244,-0.227,-0.038,-0.381,
-0.295,-0.305,-0.053,-0.449,
-0.341,-0.33,-0.064,-0.545,
-0.352,-0.381,-0.051,-0.546,
-0.338,-0.38,-0.033,-0.418,
-0.311,-0.304,-0.066,-0.456,
-0.348,-0.381,-0.059,-0.498,
-0.34,-0.339,-0.063,-0.504,
-0.26,-0.255,-0.12,-0.452,
-0.377,-0.412,-0.041,-0.599,
-0.298,-0.291,-0.065,-0.51,
-0.325,-0.362,-0.059,-0.404,
-0.279,-0.289,-0.058,-0.38,
-0.302,-0.328,-0.058,-0.369,
-0.309,-0.296,-0.04,-0.491,
-0.289,-0.311,-0.082,-0.352,
-0.328,-0.329,-0.048,-0.502,
-0.248,-0.265,-0.054,-0.34,
-0.311,-0.301,-0.045,-0.518,
-0.311,-0.308,-0.08,-0.469,
-0.334,-0.316,-0.057,-0.501,
-0.396,-0.429,-0.071,-0.594,
-0.288,-0.308,-0.031,-0.488,
-0.325,-0.293,-0.086,-0.47,
-0.356,-0.401,-0.036,-0.43,
-0.26,-0.29,-0.052,-0.399,
-0.274,-0.3,-0.042,-0.418,
-0.294,-0.333,-0.046,-0.351,
-0.366,-0.421,-0.047,-0.456,
-0.295,-0.304,-0.027,-0.483,
-0.346,-0.361,-0.059,-0.492,
-0.287,-0.29,-0.016,-0.452,
-0.285,-0.279,-0.017,-0.433,
-0.323,-0.323,-0.045,-0.515,
-0.286,-0.266,-0.063,-0.427,
-0.316,-0.3,-0.07,-0.473,
-0.364,-0.409,-0.051,-0.438,
-0.328,-0.32,-0.062,-0.47,
-0.297,-0.326,-0.025,-0.376,
-0.329,-0.333,-0.057,-0.503,
-0.321,-0.329,-0.042,-0.493,
-0.338,-0.344,-0.056,-0.509,
-0.336,-0.303,-0.063,-0.497,
-0.342,-0.334,-0.032,-0.515,
-0.323,-0.363,-0.063,-0.435,
-0.35,-0.399,-0.045,-0.433,
-0.296,-0.254,-0.083,-0.486,
-0.223,-0.234,-0.063,-0.31,
-0.284,-0.285,-0.062,-0.433,
-0.223,-0.225,-0.063,-0.361,
-0.301,-0.321,-0.059,-0.438,
-0.284,-0.288,0.031,-0.418,
-0.283,-0.279,-0.057,-0.423,
-0.319,-0.287,-0.065,-0.531,
-0.309,-0.355,-0.03,-0.395,
-0.323,-0.346,-0.021,-0.531,
-0.295,-0.322,-0.084,-0.412,
-0.326,-0.329,-0.051,-0.501,
-0.317,-0.336,-0.056,-0.483,
-0.313,-0.324,-0.059,-0.438,
-0.333,-0.354,-0.084,-0.505,
-0.325,-0.308,-0.053,-0.584,
-0.367,-0.415,-0.047,-0.449,
-0.31,-0.326,-0.034,-0.481,
-0.339,-0.363,-0.043,-0.446,
-0.399,-0.451,-0.023,-0.511,
-0.313,-0.332,-0.079,-0.49,
-0.341,-0.331,-0.065,-0.485,
-0.298,-0.343,-0.041,-0.367,
-0.346,-0.39,-0.05,-0.427,
-0.321,-0.301,-0.029,-0.524,
-0.311,-0.331,-0.034,-0.424,
-0.312,-0.326,-0.072,-0.482,
-0.312,-0.321,-0.043,-0.469,
-0.322,-0.348,-0.06,-0.442,
-0.344,-0.354,-0.054,-0.51,
-0.325,-0.334,-0.05,-0.481,
-0.329,-0.356,-0.05,-0.465,
-0.36,-0.357,-0.075,-0.527,
-0.328,-0.353,-0.02,-0.481,
-0.366,-0.37,-0.054,-0.527,
-0.267,-0.288,-0.05,-0.349,
-0.355,-0.39,-0.038,-0.553,
-0.306,-0.35,-0.063,-0.385,
-0.335,-0.343,-0.063,-0.503,
-0.325,-0.346,-0.074,-0.525,
-0.334,-0.322,-0.053,-0.523,
-0.341,-0.37,-0.061,-0.408,
-0.318,-0.336,-0.038,-0.5,
-0.357,-0.371,-0.035,-0.538,
-0.358,-0.405,-0.059,-0.513,
-0.328,-0.359,-0.04,-0.429,
-0.323,-0.338,-0.03,-0.573,
-0.362,-0.407,-0.051,-0.479,
-0.324,-0.316,-0.1,-0.468,
-0.367,-0.365,-0.062,-0.554,
-0.356,-0.387,-0.06,-0.525,
-0.316,-0.342,-0.074,-0.41,
-0.327,-0.372,-0.036,-0.377,
-0.33,-0.317,-0.065,-0.509,
-0.316,-0.355,-0.059,-0.432,
-0.351,-0.34,-0.059,-0.558,
-0.333,-0.361,-0.05,-0.439,
-0.324,-0.323,-0.072,-0.468,
-0.342,-0.378,-0.068,-0.459,
-0.314,-0.325,-0.062,-0.456,
-0.309,-0.336,-0.057,-0.36,
-0.386,-0.395,-0.041,-0.609,
-0.343,-0.362,-0.073,-0.513,
-0.317,-0.341,-0.032,-0.483,
-0.332,-0.332,-0.052,-0.462,
-0.336,-0.364,-0.054,-0.492,
-0.32,-0.342,-0.04,-0.41,
-0.323,-0.356,-0.045,-0.386,
-0.334,-0.348,-0.052,-0.553,
-0.302,-0.324,-0.047,-0.466,
-0.33,-0.371,-0.057,-0.39,
-0.332,-0.359,-0.052,-0.539,
-0.327,-0.343,-0.07,-0.478,
-0.379,-0.376,-0.072,-0.57,
-0.345,-0.367,-0.038,-0.549,
-0.333,-0.369,-0.039,-0.415,
-0.36,-0.38,-0.028,-0.521,
-0.322,-0.325,-0.044,-0.571,
-0.353,-0.37,-0.051,-0.56,
-0.293,-0.299,-0.053,-0.388,
-0.38,-0.435,-0.052,-0.458,
-0.36,-0.364,-0.057,-0.515,
-0.395,-0.444,-0.067,-0.523,
-0.331,-0.319,-0.054,-0.496,
-0.327,-0.348,-0.052,-0.445,
-0.324,-0.304,-0.077,-0.457,
-0.312,-0.322,-0.042,-0.401,
-0.322,-0.347,-0.035,-0.412,
-0.313,-0.308,-0.068,-0.42,
-0.356,-0.394,-0.062,-0.498,
-0.333,-0.326,-0.063,-0.528,
-0.341,-0.342,-0.049,-0.493,
-0.307,-0.301,-0.084,-0.532,
-0.359,-0.432,-0.051,-0.481,
-0.283,-0.295,-0.059,-0.366,
-0.291,-0.33,-0.023,-0.38,
-0.324,-0.319,-0.049,-0.469,
-0.333,-0.316,-0.064,-0.504,
-0.344,-0.354,-0.048,-0.511,
-0.411,-0.447,-0.043,-0.524,
-0.359,-0.391,-0.069,-0.439,
-0.319,-0.352,-0.051,-0.405,
-0.332,-0.381,-0.057,-0.402,
-0.321,-0.347,-0.063,-0.457,
-0.352,-0.374,-0.038,-0.505,
-0.325,-0.343,-0.091,-0.445,
-0.337,-0.347,-0.054,-0.475,
-0.336,-0.363,-0.049,-0.485,
-0.318,-0.347,-0.051,-0.452,
-0.337,-0.332,-0.058,-0.539,
-0.315,-0.331,-0.062,-0.412,
-0.309,-0.323,-0.055,-0.482,
-0.334,-0.336,-0.06,-0.508,
-0.324,-0.349,-0.045,-0.446,
-0.325,-0.334,-0.073,-0.449,
-0.303,-0.322,-0.061,-0.406,
-0.352,-0.355,-0.037,-0.523,
-0.271,-0.31,-0.068,-0.394,
-0.336,-0.347,-0.035,-0.578,
-0.32,-0.335,-0.085,-0.45,
-0.421,-0.484,-0.04,-0.516,
-0.334,-0.358,-0.058,-0.45,
-0.356,-0.364,-0.035,-0.499,
-0.374,-0.393,-0.058,-0.579,
-0.34,-0.366,-0.056,-0.512,
-0.317,-0.307,-0.039,-0.496,
-0.327,-0.323,-0.037,-0.523,
-0.316,-0.334,-0.096,-0.409,
-0.349,-0.343,-0.067,-0.51,
-0.354,-0.39,-0.032,-0.436,
-0.331,-0.316,-0.068,-0.534,
-0.365,-0.344,-0.064,-0.543,
-0.372,-0.362,-0.056,-0.544,
-0.383,-0.402,-0.043,-0.562,
-0.313,-0.32,-0.059,-0.512,
-0.391,-0.418,-0.045,-0.554,
-0.306,-0.305,-0.071,-0.49,
-0.362,-0.381,-0.061,-0.634,
-0.353,-0.351,-0.04,-0.528,
-0.308,-0.307,-0.05,-0.448,
-0.358,-0.373,-0.052,-0.527,
-0.282,-0.296,-0.101,-0.373,
-0.326,-0.304,-0.063,-0.489,
-0.282,-0.3,-0.057,-0.341,
-0.342,-0.356,-0.039,-0.459,
-0.358,-0.385,-0.041,-0.552,
-0.381,-0.382,-0.062,-0.577,
-0.316,-0.35,-0.049,-0.382,
-0.324,-0.341,-0.048,-0.416,
-0.36,-0.37,-0.051,-0.553,
-0.372,-0.373,-0.042,-0.571,
-0.407,-0.462,-0.045,-0.484,
-0.346,-0.359,-0.074,-0.474,
-0.328,-0.342,-0.038,-0.479,
-0.337,-0.37,-0.051,-0.434,
-0.356,-0.353,-0.056,-0.516,
-0.379,-0.396,-0.107,-0.482,
-0.333,-0.379,-0.048,-0.416,
-0.326,-0.328,-0.039,-0.506,
-0.337,-0.385,-0.046,-0.417,
-0.332,-0.376,-0.049,-0.455,
-0.368,-0.391,-0.048,-0.554,
-0.286,-0.314,-0.05,-0.419,
-0.325,-0.381,-0.006,-0.398,
-0.362,-0.379,-0.053,-0.56,
-0.287,-0.289,-0.051,-0.452,
-0.349,-0.347,-0.07,-0.517,
-0.358,-0.383,-0.074,-0.488,
-0.349,-0.373,-0.096,-0.583,
-0.438,-0.479,-0.055,-0.638,
-0.339,-0.344,-0.062,-0.517,
-0.349,-0.355,-0.061,-0.493,
-0.354,-0.342,-0.051,-0.553,
-0.356,-0.375,-0.049,-0.538,
-0.301,-0.309,-0.061,-0.505,
-0.302,-0.334,-0.046,-0.462,
-0.353,-0.36,-0.056,-0.541,
-0.322,-0.353,-0.037,-0.418,
-0.331,-0.367,-0.047,-0.392,
-0.336,-0.33,-0.049,-0.508,
-0.356,-0.394,-0.043,-0.467,
-0.33,-0.323,-0.09,-0.524,
-0.32,-0.326,-0.046,-0.491,
-0.347,-0.385,-0.07,-0.417,
-0.286,-0.3,0.005,-0.482,
-0.366,-0.392,-0.054,-0.507,
-0.357,-0.384,-0.036,-0.46,
-0.369,-0.419,-0.048,-0.449,
-0.404,-0.437,-0.053,-0.636,
-0.378,-0.408,-0.038,-0.574,
-0.355,-0.366,-0.057,-0.535,
-0.352,-0.386,-0.07,-0.434,
-0.33,-0.355,-0.049,-0.422,
-0.348,-0.347,-0.043,-0.495,
-0.358,-0.38,-0.031,-0.487,
-0.344,-0.36,-0.066,-0.505,
-0.342,-0.354,-0.055,-0.478,
-0.318,-0.321,-0.064,-0.505,
-0.325,-0.335,-0.044,-0.492,
-0.336,-0.355,-0.054,-0.479,
-0.369,-0.38,-0.039,-0.513,
-0.348,-0.347,-0.056,-0.54,
-0.318,-0.34,-0.043,-0.393,
-0.35,-0.377,-0.055,-0.457,
-0.345,-0.355,-0.06,-0.466,
-0.26,-0.293,-0.071,-0.362,
-0.355,-0.359,-0.033,-0.522,
-0.337,-0.373,-0.07,-0.392,
-0.321,-0.36,-0.061,-0.376,
-0.347,-0.36,0.012,-0.519,
-0.374,-0.384,-0.052,-0.515,
-0.336,-0.358,-0.057,-0.466,
-0.336,-0.356,-0.069,-0.531,
-0.349,-0.322,-0.057,-0.584,
-0.4,-0.411,-0.063,-0.591,
-0.311,-0.318,-0.038,-0.545,
-0.334,-0.333,-0.128,-0.459,
-0.362,-0.344,-0.054,-0.591,
-0.34,-0.358,-0.077,-0.463,
-0.343,-0.373,-0.045,-0.432,
-0.306,-0.33,-0.061,-0.426,
-0.313,-0.312,-0.052,-0.514,
-0.299,-0.304,-0.048,-0.513,
-0.34,-0.351,-0.083,-0.456,
-0.358,-0.377,-0.063,-0.507,
-0.305,-0.323,-0.052,-0.413,
-0.305,-0.332,-0.036,-0.491,
-0.382,-0.382,-0.075,-0.593,
-0.33,-0.354,-0.044,-0.455,
-0.382,-0.427,-0.065,-0.459,
-0.346,-0.381,-0.063,-0.476,
-0.36,-0.37,-0.049,-0.548,
-0.372,-0.403,-0.059,-0.599,
-0.356,-0.367,-0.061,-0.542,
-0.32,-0.315,-0.053,-0.493,
-0.356,-0.363,-0.049,-0.548,
-0.35,-0.377,-0.063,-0.445,
-0.347,-0.324,-0.055,-0.529,
-0.305,-0.323,-0.041,-0.445,
-0.339,-0.325,-0.068,-0.488,
-0.305,-0.34,-0.043,-0.375,
-0.366,-0.413,-0.067,-0.445,
-0.309,-0.337,-0.045,-0.426,
-0.333,-0.339,-0.03,-0.556,
-0.33,-0.364,-0.032,-0.433,
-0.314,-0.324,-0.062,-0.451,
-0.389,-0.394,-0.063,-0.584,
-0.351,-0.382,-0.041,-0.433,
-0.35,-0.349,-0.066,-0.501,
-0.302,-0.319,-0.059,-0.402,
-0.39,-0.383,-0.066,-0.582,
-0.294,-0.317,0,-0.51,
-0.33,-0.353,-0.053,-0.457,
-0.354,-0.356,-0.07,-0.521,
-0.37,-0.399,-0.055,-0.505,
-0.317,-0.33,-0.044,-0.416,
-0.366,-0.371,-0.055,-0.55,
-0.347,-0.35,-0.054,-0.511,
-0.334,-0.338,-0.062,-0.485,
-0.322,-0.347,-0.081,-0.414,
-0.377,-0.43,-0.033,-0.449,
-0.326,-0.339,-0.062,-0.439,
-0.314,-0.328,-0.066,-0.431,
-0.349,-0.349,-0.04,-0.524,
-0.318,-0.323,-0.067,-0.458,
-0.349,-0.365,-0.071,-0.463,
-0.284,-0.309,-0.049,-0.419,
-0.349,-0.391,-0.054,-0.429,
-0.352,-0.344,-0.07,-0.555,
-0.341,-0.372,0.035,-0.493,
-0.285,-0.303,-0.053,-0.353,
-0.323,-0.326,-0.051,-0.474,
-0.32,-0.351,-0.048,-0.382,
-0.318,-0.346,-0.057,-0.437,
-0.365,-0.398,-0.055,-0.443,
-0.301,-0.308,-0.053,-0.423,
-0.373,-0.407,-0.053,-0.52,
-0.352,-0.364,-0.07,-0.523,
-0.339,-0.337,-0.055,-0.49,
-0.293,-0.311,-0.065,-0.437,
-0.38,-0.399,-0.067,-0.534,
-0.281,-0.293,-0.068,-0.389,
-0.351,-0.378,-0.057,-0.49,
-0.376,-0.4,-0.041,-0.557,
-0.354,-0.361,-0.049,-0.527,
-0.308,-0.363,-0.054,-0.386,
-0.32,-0.341,-0.056,-0.429,
-0.338,-0.38,-0.029,-0.399,
-0.393,-0.437,-0.052,-0.471,
-0.39,-0.398,-0.047,-0.552,
-0.329,-0.331,-0.057,-0.465,
-0.318,-0.325,-0.049,-0.483,
-0.35,-0.356,-0.058,-0.49,
-0.293,-0.296,-0.066,-0.435,
-0.335,-0.376,-0.041,-0.421,
-0.339,-0.355,-0.06,-0.468,
-0.361,-0.33,-0.069,-0.561,
-0.3,-0.315,-0.066,-0.392,
-0.302,-0.32,-0.08,-0.391,
-0.295,-0.315,-0.057,-0.43,
-0.367,-0.356,-0.044,-0.567,
-0.285,-0.281,-0.06,-0.515,
-0.351,-0.348,-0.139,-0.547,
-0.343,-0.333,-0.043,-0.532,
-0.343,-0.364,-0.047,-0.468,
-0.335,-0.364,-0.043,-0.468,
-0.293,-0.323,-0.038,-0.365,
-0.387,-0.442,-0.028,-0.51,
-0.394,-0.423,-0.056,-0.563,
-0.372,-0.335,-0.048,-0.572,
-0.369,-0.4,-0.064,-0.51,
-0.327,-0.342,-0.054,-0.492,
-0.336,-0.371,-0.046,-0.43,
-0.36,-0.382,-0.04,-0.548,
-0.336,-0.356,-0.062,-0.471,
-0.368,-0.388,-0.043,-0.584,
-0.379,-0.418,-0.056,-0.462,
-0.334,-0.337,-0.079,-0.473,
-0.307,-0.323,-0.062,-0.431,
-0.326,-0.385,-0.063,-0.437,
-0.384,-0.409,-0.046,-0.476,
-0.325,-0.345,-0.048,-0.418,
-0.315,-0.319,-0.061,-0.475,
-0.34,-0.344,-0.058,-0.559,
-0.347,-0.353,-0.07,-0.529,
-0.322,-0.346,-0.074,-0.431,
-0.351,-0.328,-0.044,-0.516,
-0.291,-0.285,-0.084,-0.418,
-0.338,-0.354,-0.058,-0.518,
-0.389,-0.407,-0.044,-0.564,
-0.29,-0.31,-0.033,-0.393,
-0.328,-0.335,-0.045,-0.462,
-0.305,-0.322,-0.059,-0.394,
-0.353,-0.361,-0.043,-0.545,
-0.3,-0.32,-0.055,-0.375,
-0.361,-0.351,-0.068,-0.522,
-0.342,-0.361,-0.064,-0.488,
-0.34,-0.366,-0.044,-0.498,
-0.324,-0.325,-0.064,-0.453,
-0.369,-0.374,-0.022,-0.524,
-0.319,-0.333,-0.06,-0.416,
-0.311,-0.329,-0.04,-0.536,
-0.314,-0.346,-0.034,-0.377,
-0.337,-0.353,-0.051,-0.51,
-0.32,-0.328,-0.058,-0.424,
-0.326,-0.322,-0.062,-0.537,
-0.354,-0.354,-0.057,-0.558,
-0.322,-0.345,-0.081,-0.389,
-0.316,-0.331,-0.058,-0.485,
-0.299,-0.332,-0.037,-0.352,
-0.346,-0.355,-0.043,-0.502,
-0.357,-0.365,-0.06,-0.525,
-0.281,-0.283,-0.016,-0.496,
-0.306,-0.345,-0.03,-0.359,
-0.374,-0.413,-0.048,-0.454,
-0.352,-0.346,-0.054,-0.512,
-0.339,-0.357,-0.073,-0.545,
-0.274,-0.284,-0.053,-0.391,
-0.344,-0.356,-0.053,-0.484,
-0.282,-0.307,-0.06,-0.393,
-0.38,-0.4,-0.041,-0.539,
-0.349,-0.357,-0.04,-0.475,
-0.352,-0.392,-0.052,-0.414,
-0.325,-0.358,-0.048,-0.462,
-0.299,-0.307,-0.062,-0.405,
-0.309,-0.326,-0.058,-0.504,
-0.351,-0.392,-0.084,-0.408,
-0.336,-0.352,-0.042,-0.498,
-0.343,-0.333,-0.072,-0.544,
-0.331,-0.354,-0.049,-0.421,
-0.327,-0.356,-0.1,-0.372,
-0.284,-0.283,-0.04,-0.508,
-0.304,-0.337,-0.038,-0.356,
-0.323,-0.346,-0.053,-0.437,
-0.359,-0.363,-0.08,-0.491,
-0.368,-0.419,-0.062,-0.438,
-0.285,-0.275,-0.08,-0.505,
-0.364,-0.325,0.003,-0.574,
-0.349,-0.359,-0.056,-0.464,
-0.308,-0.309,-0.081,-0.446,
-0.354,-0.378,-0.062,-0.53,
-0.23,-0.256,-0.053,-0.323,
-0.307,-0.321,-0.053,-0.377,
-0.325,-0.333,-0.084,-0.426,
-0.363,-0.34,-0.042,-0.548,
-0.376,-0.396,-0.085,-0.468,
-0.331,-0.366,-0.041,-0.421,
-0.36,-0.358,-0.038,-0.585,
-0.275,-0.295,-0.042,-0.43,
-0.344,-0.323,-0.034,-0.518,
-0.311,-0.34,-0.043,-0.389,
-0.326,-0.336,-0.054,-0.489,
-0.318,-0.326,-0.043,-0.417,
-0.354,-0.395,-0.033,-0.462,
-0.318,-0.313,-0.055,-0.511,
-0.349,-0.338,-0.052,-0.56,
-0.337,-0.325,-0.048,-0.514,
-0.321,-0.336,-0.083,-0.501,
-0.344,-0.347,-0.049,-0.489,
-0.327,-0.32,-0.076,-0.5,
-0.308,-0.303,-0.054,-0.455,
-0.335,-0.364,-0.076,-0.413,
-0.347,-0.371,-0.072,-0.452,
-0.337,-0.354,-0.06,-0.533,
-0.328,-0.315,-0.055,-0.458,
-0.34,-0.353,-0.046,-0.447,
-0.29,-0.315,-0.052,-0.36,
-0.287,-0.297,-0.058,-0.363,
-0.297,-0.296,-0.058,-0.431,
-0.306,-0.323,-0.052,-0.449,
-0.347,-0.352,-0.053,-0.522,
-0.304,-0.325,-0.05,-0.465,
-0.32,-0.306,-0.082,-0.464,
-0.333,-0.326,-0.089,-0.515,
-0.299,-0.268,-0.062,-0.539,
-0.318,-0.333,-0.058,-0.441,
-0.305,-0.287,-0.036,-0.519,
-0.379,-0.429,-0.056,-0.463,
-0.302,-0.302,-0.071,-0.485,
-0.323,-0.315,-0.074,-0.534,
-0.367,-0.385,-0.075,-0.569,
-0.313,-0.293,-0.04,-0.524,
-0.386,-0.349,-0.052,-0.588,
-0.377,-0.407,-0.048,-0.613,
-0.281,-0.308,-0.049,-0.366,
-0.306,-0.285,-0.035,-0.478,
-0.284,-0.309,-0.028,-0.45,
-0.307,-0.314,-0.03,-0.439,
-0.319,-0.327,-0.064,-0.491,
-0.229,-0.239,-0.057,-0.339,
-0.301,-0.305,-0.079,-0.512,
-0.305,-0.346,0.004,-0.459,
-0.29,-0.285,-0.052,-0.462,
-0.321,-0.337,-0.069,-0.476,
-0.352,-0.351,-0.061,-0.55,
-0.336,-0.363,-0.059,-0.415,
-0.307,-0.314,-0.054,-0.478,
-0.291,-0.327,-0.041,-0.356,
-0.331,-0.339,-0.04,-0.533,
-0.321,-0.333,-0.049,-0.504,
-0.336,-0.353,-0.062,-0.463,
-0.368,-0.412,-0.057,-0.522,
-0.335,-0.333,-0.003,-0.511,
-0.376,-0.405,-0.051,-0.476,
-0.296,-0.327,-0.074,-0.364,
-0.314,-0.331,-0.052,-0.487,
-0.346,-0.363,0.049,-0.501,
-0.352,-0.368,-0.053,-0.525,
-0.387,-0.413,-0.053,-0.602,
-0.352,-0.379,-0.052,-0.568,
-0.408,-0.481,-0.061,-0.525,
-0.338,-0.314,-0.056,-0.509,
-0.294,-0.31,-0.049,-0.463,
-0.284,-0.309,-0.06,-0.325,
-0.395,-0.425,-0.04,-0.606,
-0.34,-0.342,-0.058,-0.505,
-0.283,-0.271,-0.026,-0.51,
-0.263,-0.27,-0.052,-0.415,
-0.299,-0.28,-0.061,-0.47,
-0.3,-0.315,-0.053,-0.447,
-0.342,-0.32,-0.048,-0.535,
-0.355,-0.359,-0.062,-0.524,
-0.309,-0.328,-0.033,-0.505,
-0.334,-0.327,-0.043,-0.536,
-0.365,-0.402,-0.046,-0.572,
-0.331,-0.304,-0.074,-0.507,
-0.274,-0.309,-0.043,-0.439,
-0.34,-0.35,-0.081,-0.527,
-0.326,-0.332,-0.05,-0.452,
-0.321,-0.345,-0.056,-0.481,
-0.291,-0.279,-0.08,-0.423,
-0.332,-0.348,-0.044,-0.533,
-0.321,-0.315,-0.059,-0.513,
-0.283,-0.328,-0.055,-0.386,
-0.37,-0.359,-0.063,-0.56,
-0.303,-0.328,-0.06,-0.365,
-0.372,-0.423,-0.035,-0.452,
-0.31,-0.312,-0.059,-0.413,
-0.31,-0.322,-0.038,-0.413,
-0.337,-0.351,-0.046,-0.557,
-0.323,-0.316,-0.059,-0.525,
-0.321,-0.324,-0.033,-0.472,
-0.371,-0.41,-0.046,-0.522,
-0.352,-0.392,-0.059,-0.426,
-0.305,-0.304,-0.048,-0.406,
-0.317,-0.268,-0.043,-0.524,
-0.358,-0.376,-0.053,-0.553,
-0.281,-0.319,-0.068,-0.36,


-0.173,-0.233,0.271,-0.341,
-0.199,-0.283,0.359,-0.392,
-0.212,-0.185,0.101,-0.371,
-0.084,-0.053,0.034,-0.26,
-0.098,-0.16,0.258,-0.31,
-0.079,-0.041,0.122,-0.241,
-0.103,-0.151,0.272,-0.338,
-0.186,-0.251,0.181,-0.396,
-0.255,-0.282,-0.012,-0.412,
-0.131,-0.153,0.094,-0.27,
-0.202,-0.252,0.256,-0.377,
-0.088,-0.138,0.235,-0.255,
-0.169,-0.207,0.228,-0.324,
-0.184,-0.198,0.016,-0.342,
-0.163,-0.116,-0.039,-0.383,
-0.147,-0.157,-0.019,-0.301,
-0.167,-0.174,0.028,-0.311,
-0.105,-0.121,0.343,-0.349,
-0.057,-0.04,0.163,-0.254,
-0.114,-0.164,0.325,-0.325,
-0.186,-0.169,0.076,-0.421,
-0.151,-0.213,0.284,-0.304,
-0.128,-0.187,0.151,-0.254,
-0.16,-0.194,0.077,-0.287,
-0.174,-0.222,0.166,-0.362,
-0.194,-0.274,0.258,-0.47,
0.032,-0.008,0.236,-0.139,
-0.113,-0.116,0.265,-0.28,
-0.155,-0.216,0.224,-0.337,
-0.176,-0.196,0.089,-0.372,
-0.24,-0.226,0.07,-0.437,
-0.12,-0.114,-0.012,-0.264,
-0.093,-0.071,0.034,-0.299,
-0.227,-0.251,0.301,-0.408,
-0.101,-0.126,0.162,-0.234,
-0.059,-0.029,0.405,-0.389,
-0.183,-0.193,0.086,-0.392,
-0.099,-0.07,0,-0.224,
-0.119,-0.152,0.153,-0.269,
-0.15,-0.082,0.076,-0.377,
-0.135,-0.156,0.113,-0.316,
-0.177,-0.213,0.305,-0.378,
-0.019,-0.02,0.24,-0.228,
-0.201,-0.255,0.237,-0.336,
-0.108,-0.122,0.119,-0.386,
-0.154,-0.215,0.365,-0.434,
-0.107,-0.173,0.262,-0.229,
-0.091,-0.062,0.031,-0.278,
-0.08,-0.084,0.11,-0.204,
-0.137,-0.223,0.219,-0.297,
-0.109,-0.149,0.271,-0.375,
-0.164,-0.195,0.094,-0.316,
-0.123,-0.189,0.156,-0.304,
-0.154,-0.185,0.027,-0.384,
-0.14,-0.199,0.288,-0.33,
-0.195,-0.254,0.138,-0.354,
-0.227,-0.274,0.038,-0.408,
-0.237,-0.297,0.37,-0.437,
-0.076,-0.094,0.123,-0.187,
-0.197,-0.225,0.216,-0.374,
-0.133,-0.172,0.001,-0.22,
-0.147,-0.193,0.219,-0.276,
-0.107,-0.084,0.108,-0.29,
-0.206,-0.21,0.086,-0.381,
-0.116,-0.105,-0.046,-0.217,
-0.184,-0.196,0.166,-0.41,
-0.182,-0.194,0.187,-0.399,
-0.128,-0.129,0.237,-0.342,
-0.122,-0.139,0.198,-0.335,
-0.089,-0.12,0.122,-0.239,
-0.244,-0.312,0.419,-0.44,
-0.109,-0.061,0.219,-0.381,
-0.11,-0.136,0.227,-0.265,
-0.093,-0.114,0.127,-0.202,
-0.164,-0.195,0.221,-0.382,
-0.141,-0.147,0.27,-0.346,
-0.053,-0.053,0.129,-0.214,
-0.077,-0.017,0.117,-0.378,
-0.148,-0.171,0.325,-0.374,
-0.24,-0.329,0.114,-0.422,
-0.148,-0.206,0.349,-0.346,
-0.241,-0.259,0.11,-0.445,
-0.074,-0.032,0.069,-0.274,
-0.233,-0.296,0.343,-0.457,
-0.221,-0.279,0.133,-0.296,
-0.201,-0.203,-0.028,-0.387,
-0.165,-0.21,0.136,-0.388,
-0.085,-0.069,0.151,-0.314,
-0.022,-0.03,0.246,-0.157,
-0.308,-0.327,0.212,-0.512,
-0.2,-0.255,0.102,-0.337,
-0.137,-0.16,0.103,-0.315,
-0.104,-0.101,0.086,-0.299,
-0.143,-0.198,0.204,-0.286,
-0.113,-0.126,0.034,-0.254,
-0.23,-0.274,0.037,-0.501,
-0.137,-0.189,0.374,-0.311,
-0.254,-0.27,0.064,-0.391,
-0.001,-0.057,0.411,-0.252,
-0.141,-0.189,0.088,-0.266,
-0.15,-0.171,0.169,-0.329,
-0.173,-0.167,0.123,-0.322,
-0.178,-0.158,0.064,-0.351,
-0.028,-0.043,0.063,-0.151,
-0.147,-0.223,0.127,-0.38,
-0.217,-0.269,0.1,-0.399,
-0.029,-0.058,0.256,-0.152,
-0.154,-0.184,0.203,-0.359,
-0.169,-0.172,0.148,-0.418,
-0.21,-0.243,0.042,-0.353,
-0.046,-0.051,0.078,-0.242,
-0.067,-0.079,0.13,-0.222,
-0.101,-0.1,0.146,-0.315,
-0.141,-0.181,0.344,-0.38,
-0.16,-0.146,0.088,-0.449,
-0.16,-0.178,0.079,-0.352,
-0.106,-0.122,0.003,-0.193,
-0.082,-0.064,0.061,-0.265,
-0.184,-0.214,0.049,-0.332,
-0.087,-0.174,0.386,-0.324,
-0.185,-0.224,0.167,-0.391,
-0.213,-0.267,-0.004,-0.361,
-0.17,-0.235,0.383,-0.362,
-0.127,-0.198,0.276,-0.261,
-0.156,-0.222,0.128,-0.355,
-0.17,-0.151,-0.007,-0.364,
-0.131,-0.139,0.207,-0.337,
-0.272,-0.317,0.029,-0.402,
-0.136,-0.172,0.109,-0.264,
-0.203,-0.221,0.188,-0.41,
-0.117,-0.131,0.34,-0.271,
-0.161,-0.164,0.106,-0.394,
-0.013,0.006,0.142,-0.262,
-0.056,-0.019,0.042,-0.258,
-0.168,-0.273,0.447,-0.349,
-0.075,-0.121,0.206,-0.203,
-0.046,-0.052,0.036,-0.136,
-0.146,-0.131,0.009,-0.314,
-0.126,-0.139,0.196,-0.365,
-0.11,-0.157,0.125,-0.354,
-0.043,-0.071,0.384,-0.226,
-0.008,0.034,0.202,-0.287,
-0.184,-0.224,0.183,-0.351,
-0.133,-0.129,0.119,-0.324,
-0.023,-0.009,0.11,-0.193,
-0.162,-0.213,0.193,-0.322,
-0.172,-0.174,0.166,-0.429,
-0.206,-0.214,-0.043,-0.37,
-0.123,-0.143,0.221,-0.242,
-0.095,-0.134,0.15,-0.23,
-0.152,-0.186,0.108,-0.288,
-0.181,-0.175,0.193,-0.401,
-0.072,-0.072,0.341,-0.333,
-0.182,-0.157,-0.02,-0.306,
-0.2,-0.22,0.046,-0.345,
-0.168,-0.235,0.189,-0.324,
-0.246,-0.228,-0.018,-0.467,
-0.149,-0.199,0.381,-0.356,
-0.144,-0.181,0.16,-0.358,
-0.114,-0.177,0.438,-0.4,
-0.175,-0.149,0.005,-0.468,
-0.128,-0.155,0.094,-0.385,
0.008,-0.006,0.346,-0.224,
-0.192,-0.226,-0.013,-0.356,
-0.037,-0.056,0.16,-0.164,
-0.152,-0.179,0.354,-0.366,
-0.104,-0.084,0.034,-0.303,
-0.12,-0.182,0.334,-0.327,
-0.2,-0.28,0.234,-0.37,
-0.17,-0.167,0.027,-0.341,
-0.131,-0.126,0.135,-0.431,
-0.083,-0.075,0.241,-0.277,
-0.108,-0.096,0.021,-0.235,
-0.194,-0.223,0.25,-0.353,
-0.189,-0.193,-0.093,-0.288,
-0.059,-0.106,0.239,-0.157,
-0.051,-0.043,0.122,-0.179,
-0.173,-0.183,0.252,-0.362,
-0.202,-0.256,0.291,-0.423,
-0.203,-0.159,-0.021,-0.443,
-0.087,-0.144,0.296,-0.257,
-0.05,0.004,0.215,-0.366,
-0.168,-0.232,0.091,-0.318,
-0.132,-0.159,0.079,-0.312,
-0.195,-0.211,0.046,-0.392,
-0.099,-0.108,0.192,-0.284,
-0.099,-0.151,0.263,-0.206,
-0.059,-0.041,0.079,-0.254,
-0.069,-0.064,0.28,-0.274,
-0.192,-0.228,0.31,-0.515,
-0.014,-0.004,0.254,-0.248,
-0.076,-0.103,0.074,-0.207,
-0.252,-0.238,0.037,-0.435,
-0.074,-0.072,0.054,-0.256,
-0.059,-0.073,0.212,-0.28,
-0.137,-0.179,0.153,-0.26,
-0.091,-0.115,0.237,-0.27,
-0.184,-0.244,0.241,-0.376,
-0.138,-0.15,0.089,-0.296,
-0.106,-0.201,0.391,-0.303,
-0.343,-0.38,-0.026,-0.539,
0.008,-0.003,0.192,-0.255,
-0.165,-0.152,-0.009,-0.348,
-0.117,-0.136,0.1,-0.397,
-0.118,-0.154,0.073,-0.276,
-0.123,-0.132,0.145,-0.353,
-0.206,-0.24,0.03,-0.33,
-0.103,-0.132,0.257,-0.334,
-0.082,-0.057,-0.016,-0.198,
-0.069,-0.08,0.118,-0.213,
-0.13,-0.228,0.252,-0.262,
-0.14,-0.18,0.059,-0.313,
-0.076,-0.104,0.249,-0.346,
-0.159,-0.159,0.259,-0.352,
-0.092,-0.081,0.148,-0.34,
-0.134,-0.171,0.33,-0.324,
-0.083,-0.057,0.013,-0.259,
-0.142,-0.162,0.042,-0.348,
-0.149,-0.224,0.412,-0.352,
-0.146,-0.137,0.004,-0.358,
-0.048,-0.021,0.065,-0.28,
-0.224,-0.28,0.212,-0.427,
-0.17,-0.224,0.116,-0.301,
-0.083,-0.067,0.342,-0.397,
-0.252,-0.275,0.104,-0.483,
-0.19,-0.232,0.228,-0.454,
-0.05,-0.045,0.062,-0.171,
-0.227,-0.272,0.34,-0.438,
-0.205,-0.226,0.009,-0.362,
-0.156,-0.159,0.085,-0.375,
-0.23,-0.232,0.059,-0.42,
-0.161,-0.167,0.171,-0.379,
-0.147,-0.176,0.084,-0.28,
0.035,0.024,0.174,-0.079,
-0.181,-0.241,0.414,-0.395,
-0.119,-0.147,0.261,-0.352,
-0.159,-0.138,0.022,-0.387,
-0.111,-0.171,0.196,-0.348,
-0.182,-0.221,0.324,-0.362,
-0.163,-0.252,0.547,-0.358,
-0.18,-0.202,0.044,-0.383,
-0.13,-0.157,0.005,-0.247,
-0.086,-0.066,0.11,-0.335,
-0.211,-0.238,0.286,-0.472,
-0.104,-0.107,0.376,-0.359,
-0.178,-0.263,0.2,-0.335,
-0.104,-0.122,0.155,-0.438,
-0.111,-0.122,0.425,-0.412,
-0.172,-0.152,0.006,-0.352,
-0.106,-0.135,0.24,-0.396,
-0.11,-0.11,0,-0.24,
-0.201,-0.284,0.186,-0.366,
-0.131,-0.168,0.205,-0.366,
-0.141,-0.154,0.034,-0.211,
-0.152,-0.148,0.106,-0.354,
-0.203,-0.235,0.086,-0.369,
-0.227,-0.221,-0.033,-0.362,
-0.079,-0.113,0.3,-0.328,
-0.221,-0.229,-0.03,-0.377,
-0.197,-0.223,0.094,-0.352,
-0.217,-0.29,0.361,-0.393,
-0.173,-0.254,0.343,-0.382,
-0.127,-0.16,0.063,-0.225,
-0.142,-0.192,0.17,-0.243,
-0.081,-0.152,0.365,-0.254,
-0.217,-0.217,-0.042,-0.381,
-0.212,-0.205,-0.042,-0.443,
-0.109,-0.133,0.197,-0.359,
-0.27,-0.335,0.338,-0.486,
-0.128,-0.157,0.041,-0.268,
-0.228,-0.221,0.073,-0.496,
-0.15,-0.165,0.097,-0.306,
-0.1,-0.097,0.123,-0.314,
-0.148,-0.18,0.147,-0.293,
-0.211,-0.285,0.107,-0.402,
-0.194,-0.194,0.021,-0.341,
-0.057,-0.081,0.122,-0.184,
-0.179,-0.227,0.168,-0.331,
-0.207,-0.2,0.059,-0.368,
-0.15,-0.148,0.056,-0.317,
-0.049,-0.043,0.198,-0.39,
-0.207,-0.184,-0.041,-0.353,
-0.235,-0.295,0.152,-0.43,
-0.19,-0.218,0.04,-0.349,
-0.193,-0.182,0.197,-0.428,
-0.157,-0.186,0.035,-0.275,
-0.253,-0.299,0.075,-0.482,
-0.159,-0.172,0.075,-0.362,
0.023,0.022,0.362,-0.213,
-0.159,-0.177,0.242,-0.458,
-0.231,-0.244,-0.061,-0.389,
-0.228,-0.304,0.095,-0.381,
-0.026,-0.051,0.269,-0.195,
-0.191,-0.251,0.244,-0.478,
-0.117,-0.158,0.418,-0.341,
-0.052,-0.018,0.195,-0.356,
-0.214,-0.196,0,-0.407,
-0.076,-0.076,0.14,-0.31,
0.007,-0.021,0.272,-0.252,
-0.133,-0.101,0.113,-0.383,
-0.019,0.008,0.161,-0.198,
-0.238,-0.281,0.048,-0.376,
-0.13,-0.124,0.02,-0.307,
-0.051,-0.125,0.217,-0.165,
-0.151,-0.135,0,-0.295,
-0.243,-0.302,0.137,-0.466,
-0.077,-0.107,0.242,-0.275,
-0.137,-0.138,0.257,-0.34,
-0.167,-0.166,-0.009,-0.299,
-0.298,-0.32,0.034,-0.5,
-0.137,-0.193,0.34,-0.317,
-0.069,-0.134,0.316,-0.46,
-0.209,-0.222,0.058,-0.398,
-0.186,-0.207,0.044,-0.422,
-0.134,-0.204,0.23,-0.309,
-0.281,-0.328,0.008,-0.431,
-0.159,-0.178,0.309,-0.462,
-0.095,-0.11,0.26,-0.309,
-0.055,-0.098,0.16,-0.182,
-0.137,-0.146,0.126,-0.372,
-0.131,-0.127,0.156,-0.35,
-0.062,-0.069,0.058,-0.146,
-0.094,-0.107,0.211,-0.254,
-0.132,-0.119,0.037,-0.283,
-0.171,-0.235,0.192,-0.298,
-0.051,-0.088,0.201,-0.168,
-0.276,-0.363,0.14,-0.435,
-0.112,-0.095,0.031,-0.336,
-0.081,-0.074,0.1,-0.271,
-0.171,-0.225,0.271,-0.329,
-0.063,-0.072,0.048,-0.149,
-0.256,-0.259,0.073,-0.462,
-0.112,-0.185,0.354,-0.271,
-0.099,-0.107,0.065,-0.269,
-0.165,-0.179,0.059,-0.351,
-0.155,-0.168,0.276,-0.504,
-0.18,-0.228,0.234,-0.331,
-0.275,-0.296,0.077,-0.421,
-0.154,-0.145,0.226,-0.339,
-0.123,-0.133,0.259,-0.35,
-0.146,-0.191,0.295,-0.259,
-0.209,-0.29,0.197,-0.431,
-0.214,-0.209,-0.101,-0.35,
-0.286,-0.349,0.188,-0.44,
-0.052,-0.101,0.364,-0.181,
-0.143,-0.143,0.062,-0.298,
-0.081,-0.103,0.118,-0.239,
-0.125,-0.116,0.204,-0.371,
-0.193,-0.225,0.003,-0.301,
-0.297,-0.304,0.214,-0.534,
-0.186,-0.253,0.057,-0.374,
-0.086,-0.059,0.093,-0.309,
-0.076,-0.076,0.197,-0.306,
-0.261,-0.341,0.122,-0.427,
-0.134,-0.168,0.294,-0.293,
-0.073,-0.101,0.187,-0.213,
-0.241,-0.31,0.409,-0.445,
-0.059,-0.107,0.22,-0.251,
-0.153,-0.21,0.295,-0.331,
-0.176,-0.21,0.243,-0.438,
-0.069,-0.059,0.202,-0.234,
-0.158,-0.157,0.1,-0.343,
-0.217,-0.245,0.083,-0.323,
-0.169,-0.097,0.119,-0.415,
-0.154,-0.171,0.032,-0.229,
-0.066,-0.076,0.127,-0.248,
-0.085,-0.146,0.219,-0.279,
-0.191,-0.227,0.117,-0.361,
-0.07,-0.105,0.295,-0.299,
-0.195,-0.191,-0.003,-0.341,
-0.177,-0.221,0.231,-0.403,
-0.211,-0.256,0.335,-0.41,
-0.157,-0.183,0.172,-0.347,
0.016,0.043,0.339,-0.338,
-0.028,-0.082,0.195,-0.194,
-0.2,-0.24,0.165,-0.41,
-0.03,-0.033,0.094,-0.198,
-0.272,-0.34,0.275,-0.503,
-0.093,-0.13,0.167,-0.293,
-0.069,-0.04,0.21,-0.235,
-0.126,-0.126,0.006,-0.258,
-0.067,-0.071,0.154,-0.267,
-0.07,-0.133,0.387,-0.32,
-0.092,-0.098,0.281,-0.329,
-0.088,-0.08,0.13,-0.262,
-0.06,-0.057,0.36,-0.278,
-0.149,-0.193,0.176,-0.314,
-0.171,-0.184,0.041,-0.339,
-0.148,-0.144,0.151,-0.321,
-0.19,-0.205,-0.022,-0.404,
-0.013,-0.05,0.304,-0.233,
-0.195,-0.24,0.219,-0.404,
-0.197,-0.23,0.12,-0.38,
-0.047,-0.074,0.396,-0.3,
-0.191,-0.203,0.125,-0.381,
-0.176,-0.196,-0.018,-0.374,
-0.19,-0.216,0.189,-0.439,
-0.108,-0.127,0.187,-0.261,
-0.019,-0.09,0.208,-0.124,
-0.163,-0.242,0.229,-0.336,
-0.268,-0.354,0.123,-0.426,
-0.184,-0.231,0.264,-0.404,
-0.168,-0.174,0.089,-0.326,
-0.076,-0.076,0.058,-0.176,
0.034,0.004,0.234,-0.065,
-0.124,-0.141,0.262,-0.344,
-0.191,-0.203,0.069,-0.354,
-0.027,-0.072,0.296,-0.159,
-0.237,-0.225,-0.097,-0.393,
-0.238,-0.334,0.195,-0.418,
-0.142,-0.201,0.407,-0.449,
0.029,0.004,0.146,-0.093,
-0.073,-0.119,0.355,-0.156,
-0.157,-0.183,0.16,-0.348,
-0.125,-0.172,0.12,-0.306,
-0.143,-0.142,0.328,-0.379,
-0.163,-0.19,0.066,-0.362,
-0.127,-0.191,0.284,-0.372,
-0.147,-0.162,0.092,-0.324,
-0.198,-0.23,0.047,-0.389,
-0.104,-0.099,0.17,-0.379,
-0.12,-0.103,0.021,-0.28,
-0.126,-0.137,0.162,-0.385,
-0.189,-0.183,0.211,-0.432,
-0.262,-0.334,0.233,-0.486,
-0.131,-0.117,0.136,-0.387,
-0.091,-0.074,0.014,-0.2,
-0.19,-0.239,0.129,-0.411,
-0.208,-0.211,0.053,-0.423,
-0.13,-0.108,0,-0.266,
-0.22,-0.244,-0.003,-0.367,
-0.212,-0.219,0.021,-0.49,
-0.025,-0.052,0.204,-0.194,
-0.239,-0.274,0.113,-0.412,
-0.223,-0.272,0.101,-0.489,
-0.169,-0.198,0.166,-0.382,
-0.018,0.008,0.159,-0.244,
-0.14,-0.186,0.297,-0.27,
-0.054,-0.127,0.232,-0.269,
-0.29,-0.332,0.08,-0.473,
-0.083,-0.111,0.295,-0.209,
-0.05,-0.102,0.229,-0.194,
-0.098,-0.08,0.006,-0.214,
-0.194,-0.249,0.216,-0.355,
-0.088,-0.089,0.045,-0.186,
-0.199,-0.159,0.071,-0.447,
-0.132,-0.157,0.306,-0.312,
-0.178,-0.169,0.2,-0.394,
-0.141,-0.177,0.233,-0.331,
-0.045,-0.032,0.109,-0.217,
-0.081,-0.102,0.309,-0.233,
-0.238,-0.327,0.343,-0.416,
-0.212,-0.263,0.3,-0.5,
-0.18,-0.168,0.022,-0.369,
-0.053,-0.033,0.143,-0.291,
-0.08,-0.077,0.009,-0.164,
-0.171,-0.216,0.268,-0.333,
-0.151,-0.158,0.061,-0.297,
-0.217,-0.216,-0.031,-0.441,
-0.247,-0.234,-0.024,-0.447,
-0.191,-0.219,0.102,-0.371,
-0.222,-0.256,0.112,-0.37,
-0.042,-0.087,0.396,-0.171,
-0.167,-0.18,0.073,-0.309,
-0.17,-0.171,0.242,-0.41,
-0.062,-0.094,0.288,-0.227,
-0.178,-0.192,-0.03,-0.376,
-0.116,-0.12,0.123,-0.316,
-0.064,-0.048,0.331,-0.261,
-0.194,-0.257,0.36,-0.378,
-0.185,-0.24,0.105,-0.317,
-0.111,-0.065,0.072,-0.349,
-0.085,-0.113,0.188,-0.278,
-0.169,-0.173,-0.001,-0.322,
-0.186,-0.179,-0.045,-0.335,
-0.076,-0.091,0.256,-0.257,
-0.201,-0.239,0.244,-0.382,
-0.135,-0.137,0.04,-0.276,
-0.032,-0.041,0.161,-0.181,
-0.16,-0.185,0.088,-0.314,
-0.177,-0.261,0.272,-0.411,
-0.098,-0.13,0.154,-0.296,
-0.08,-0.05,0.28,-0.312,
-0.001,-0.003,0.146,-0.155,
-0.146,-0.179,0.165,-0.459,
-0.153,-0.133,0.024,-0.339,
-0.107,-0.146,0.254,-0.31,
-0.108,-0.109,0,-0.261,
-0.164,-0.271,0.241,-0.414,
-0.224,-0.295,0.323,-0.426,
-0.176,-0.204,-0.049,-0.258,
-0.074,-0.041,0.121,-0.279,
-0.038,-0.056,0.157,-0.198,
-0.196,-0.256,0.135,-0.318,
-0.316,-0.332,-0.081,-0.53,
-0.161,-0.159,0.03,-0.392,
-0.074,-0.085,0.236,-0.207,
-0.103,-0.108,0.262,-0.244,
-0.128,-0.112,0.051,-0.407,
-0.184,-0.221,0.377,-0.48,
-0.092,-0.117,0.178,-0.299,
-0.209,-0.213,-0.09,-0.352,
-0.301,-0.328,-0.058,-0.412,
-0.089,-0.117,0.118,-0.199,
-0.069,-0.066,0.159,-0.294,
-0.181,-0.213,0.202,-0.373,
-0.1,-0.182,0.357,-0.271,
-0.155,-0.159,0.221,-0.365,
-0.047,-0.08,0.185,-0.259,
-0.084,-0.154,0.294,-0.285,
-0.021,-0.035,0.196,-0.163,
-0.053,-0.041,0.087,-0.207,
-0.143,-0.11,0.143,-0.359,
-0.171,-0.15,-0.052,-0.263,
-0.225,-0.168,0.026,-0.445,
-0.186,-0.209,-0.035,-0.325,
-0.103,-0.093,0.063,-0.341,
-0.205,-0.219,0.021,-0.379,
-0.08,-0.049,0.069,-0.264,
-0.124,-0.185,0.277,-0.36,
-0.136,-0.209,0.142,-0.28,
-0.117,-0.125,0.208,-0.296,
-0.181,-0.193,0.073,-0.339,
-0.123,-0.184,0.249,-0.263,
-0.083,-0.109,0.126,-0.278,
-0.049,-0.054,0.144,-0.143,
-0.108,-0.159,0.387,-0.284,
-0.163,-0.211,0.35,-0.326,
-0.262,-0.316,-0.016,-0.371,
-0.021,-0.068,0.335,-0.13,
-0.229,-0.282,0.012,-0.382,
-0.234,-0.232,-0.066,-0.376,
-0.162,-0.241,0.212,-0.364,
-0.239,-0.272,0.229,-0.487,
-0.062,-0.076,0.145,-0.227,
-0.056,-0.065,0.049,-0.159,
-0.174,-0.202,0.083,-0.414,
-0.085,-0.102,0.084,-0.218,
-0.183,-0.203,-0.022,-0.36,
-0.146,-0.178,0.176,-0.35,
-0.188,-0.22,0.149,-0.395,
-0.132,-0.1,0.049,-0.298,
-0.074,-0.082,0.136,-0.236,
-0.106,-0.124,0.062,-0.232,
-0.077,-0.097,0.169,-0.251,
-0.205,-0.246,0.33,-0.408,
-0.187,-0.187,0.021,-0.383,
-0.088,-0.08,0.112,-0.301,
-0.012,-0.04,0.376,-0.133,
-0.228,-0.26,0.05,-0.373,
-0.183,-0.204,0.054,-0.311,
-0.159,-0.222,0.212,-0.375,
-0.28,-0.239,-0.095,-0.506,
0.03,0,0.15,-0.028,
-0.127,-0.205,0.256,-0.289,
-0.12,-0.196,0.265,-0.292,
0.019,-0.019,0.375,-0.205,
-0.176,-0.21,0.251,-0.431,
-0.234,-0.199,0.074,-0.467,
-0.004,-0.008,0.22,-0.21,
-0.136,-0.152,0.065,-0.311,
0.03,-0.029,0.255,-0.192,
-0.192,-0.226,0.274,-0.379,
-0.125,-0.145,0.101,-0.33,
-0.125,-0.11,0.025,-0.32,
-0.215,-0.243,0.083,-0.399,
-0.132,-0.092,-0.018,-0.284,
-0.195,-0.213,0.39,-0.399,
-0.018,0.004,0.218,-0.196,
-0.111,-0.127,0.228,-0.297,
-0.098,-0.081,-0.018,-0.236,
-0.193,-0.186,0.031,-0.385,
-0.023,-0.051,0.286,-0.265,
-0.207,-0.238,0.32,-0.405,
-0.164,-0.205,0.045,-0.295,
-0.12,-0.139,0.189,-0.274,
-0.125,-0.135,0.136,-0.268,
-0.038,-0.089,0.204,-0.184,
-0.153,-0.196,0.131,-0.329,
-0.182,-0.235,0.146,-0.299,
-0.227,-0.218,0.048,-0.416,
-0.125,-0.144,0.111,-0.342,
-0.251,-0.276,0.049,-0.454,
-0.17,-0.158,-0.01,-0.339,
-0.163,-0.143,-0.003,-0.335,
-0.015,-0.037,0.295,-0.181,
-0.247,-0.274,0.066,-0.452,
-0.177,-0.203,-0.017,-0.342,
-0.14,-0.171,0.281,-0.314,
-0.192,-0.237,0.333,-0.396,
-0.155,-0.242,0.449,-0.346,
-0.146,-0.156,-0.023,-0.276,
-0.095,-0.111,0.187,-0.23,
-0.126,-0.163,0.332,-0.35,
0.002,-0.015,0.195,-0.124,
-0.237,-0.273,0.036,-0.464,
-0.13,-0.175,0.084,-0.3,
-0.16,-0.176,0.131,-0.385,
-0.141,-0.135,0.058,-0.355,
-0.097,-0.117,0.148,-0.232,
-0.173,-0.201,-0.059,-0.29,
-0.042,-0.065,0.303,-0.225,
-0.297,-0.355,0.039,-0.511,
-0.13,-0.233,0.212,-0.343,
-0.329,-0.402,-0.065,-0.533,
-0.081,-0.165,0.126,-0.215,
-0.285,-0.351,0.072,-0.436,
-0.248,-0.335,0.101,-0.388,
-0.081,-0.097,0.204,-0.27,
-0.191,-0.213,0.171,-0.444,
-0.048,-0.106,0.329,-0.232,
-0.246,-0.222,-0.077,-0.422,
-0.327,-0.374,-0.013,-0.482,
-0.299,-0.322,-0.137,-0.411,
-0.175,-0.177,0.049,-0.343,
-0.015,-0.074,0.247,-0.349,
-0.158,-0.185,0.267,-0.39,
-0.084,-0.058,0.025,-0.284,
-0.088,-0.099,0.137,-0.227,
-0.173,-0.214,0.108,-0.378,
-0.127,-0.107,0.11,-0.405,
-0.132,-0.144,0.116,-0.346,
-0.197,-0.218,-0.003,-0.315,
-0.161,-0.174,0.035,-0.303,
-0.076,-0.074,0.09,-0.326,
-0.167,-0.21,0.229,-0.368,
-0.095,-0.098,0.113,-0.248,
-0.109,-0.098,0.127,-0.303,
-0.118,-0.127,0.197,-0.279,
-0.224,-0.219,-0.024,-0.443,
-0.231,-0.194,0.048,-0.464,
-0.034,-0.04,0.16,-0.109,
-0.134,-0.078,0.085,-0.493,
-0.109,-0.163,0.193,-0.383,
-0.07,-0.046,0.136,-0.289,
-0.207,-0.247,0.336,-0.446,
-0.173,-0.196,0.268,-0.355,
-0.256,-0.289,0.026,-0.468,
-0.037,-0.121,0.409,-0.19,
-0.054,-0.088,0.145,-0.252,
-0.092,-0.12,0.252,-0.268,
-0.215,-0.257,0.019,-0.339,
-0.176,-0.258,0.312,-0.448,
-0.077,-0.106,0.276,-0.329,
-0.122,-0.16,0.399,-0.32,
-0.124,-0.165,0.294,-0.292,
-0.105,-0.125,0.242,-0.26,
-0.118,-0.153,0.374,-0.343,
-0.009,-0.03,0.211,-0.186,
-0.313,-0.407,0.347,-0.528,
-0.129,-0.107,0.09,-0.351,
-0.055,-0.035,0.148,-0.314,
-0.176,-0.186,0.044,-0.382,
-0.033,-0.018,0.125,-0.191,
-0.11,-0.115,0.201,-0.351,
-0.257,-0.319,0.064,-0.385,
-0.124,-0.163,0.207,-0.224,
-0.104,-0.128,0.307,-0.364,
-0.167,-0.201,0.363,-0.339,
-0.164,-0.195,0.026,-0.298,
-0.109,-0.154,0.065,-0.217,
-0.028,-0.081,0.189,-0.172,
-0.216,-0.229,0.404,-0.461,
-0.265,-0.281,-0.092,-0.401,
-0.049,-0.111,0.188,-0.227,
-0.171,-0.152,-0.057,-0.349,
-0.195,-0.227,0.157,-0.369,
-0.103,-0.12,0.146,-0.311,
-0.136,-0.178,0.173,-0.317,
-0.262,-0.291,-0.08,-0.371,
-0.051,-0.066,0.141,-0.254,
-0.173,-0.209,0.15,-0.339,
-0.139,-0.213,0.329,-0.33,
-0.113,-0.103,0.18,-0.353,
-0.159,-0.178,0.001,-0.3,
-0.095,-0.119,0.133,-0.239,
-0.189,-0.207,-0.012,-0.422,
-0.174,-0.173,0.071,-0.378,
-0.171,-0.217,0.088,-0.383,
-0.13,-0.201,0.218,-0.274,
-0.288,-0.409,0.482,-0.547,
-0.182,-0.225,0.31,-0.43,
0.041,0.054,0.164,-0.104,
-0.165,-0.165,0.087,-0.342,
-0.207,-0.19,0.024,-0.373,
-0.166,-0.203,0.192,-0.332,
-0.123,-0.137,0.315,-0.322,
0.011,0.009,0.221,-0.146,
-0.008,-0.029,0.31,-0.234,
-0.136,-0.158,0.154,-0.315,
-0.235,-0.228,0.008,-0.425,
-0.023,-0.053,0.338,-0.231,
-0.108,-0.136,0.154,-0.285,
-0.115,-0.117,0.122,-0.243,
-0.166,-0.164,0.117,-0.413,
-0.305,-0.297,-0.158,-0.45,
-0.165,-0.195,0.155,-0.359,
-0.091,-0.147,0.174,-0.24,
-0.177,-0.222,-0.031,-0.3,
-0.058,-0.058,0.179,-0.181,
-0.105,-0.11,0.399,-0.392,
-0.186,-0.237,0.321,-0.393,
-0.041,-0.045,0.295,-0.275,
-0.11,-0.093,0.166,-0.285,
-0.08,-0.075,0.091,-0.195,
-0.203,-0.228,0.205,-0.463,
-0.113,-0.113,0.01,-0.231,
-0.126,-0.191,0.306,-0.339,
-0.12,-0.154,0.073,-0.28,
-0.089,-0.036,0.209,-0.441,
-0.135,-0.197,0.186,-0.337,
-0.196,-0.253,0.057,-0.371,
0.01,0.032,0.211,-0.191,
-0.141,-0.142,0.247,-0.358,
-0.341,-0.388,0.095,-0.505,
-0.03,0,0.098,-0.225,
-0.149,-0.147,0.042,-0.348,
-0.11,-0.102,-0.014,-0.256,
-0.075,-0.106,0.133,-0.207,
-0.215,-0.213,0.052,-0.342,
-0.16,-0.135,0.003,-0.313,
-0.151,-0.125,0.25,-0.369,
-0.118,-0.163,0.19,-0.289,
-0.062,-0.075,0.235,-0.302,
-0.071,-0.084,0.134,-0.29,
-0.122,-0.185,0.416,-0.332,
-0.051,-0.045,0.134,-0.256,
-0.226,-0.261,0.311,-0.43,
-0.159,-0.183,-0.021,-0.293,
-0.231,-0.294,0.338,-0.404,
-0.182,-0.195,0.187,-0.352,
-0.28,-0.289,-0.174,-0.388,
-0.111,-0.119,0.123,-0.307,
-0.204,-0.299,0.359,-0.412,
-0.186,-0.205,0.324,-0.365,
-0.178,-0.199,0.253,-0.37,
-0.092,-0.089,0.185,-0.245,
0.02,-0.017,0.308,-0.147,
-0.088,-0.129,0.156,-0.263,
-0.104,-0.119,0.432,-0.405,
-0.219,-0.229,0.067,-0.361,
-0.058,-0.065,0.195,-0.208,
-0.112,-0.118,0.056,-0.25,
-0.149,-0.174,0.278,-0.411,
-0.248,-0.312,0.324,-0.427,
-0.04,-0.066,0.271,-0.246,
-0.154,-0.163,0.109,-0.342,
-0.203,-0.249,0.332,-0.406,
-0.167,-0.182,0.144,-0.302,
-0.214,-0.19,-0.042,-0.337,
-0.099,-0.146,0.136,-0.245,
-0.114,-0.147,0.254,-0.26,
-0.214,-0.212,0.019,-0.396,
-0.25,-0.305,0.067,-0.452,
-0.058,-0.073,0.173,-0.21,
-0.164,-0.232,0.35,-0.343,
-0.056,-0.058,0.242,-0.25,
-0.169,-0.208,0.138,-0.326,
-0.223,-0.256,0.069,-0.385,
-0.225,-0.242,0.151,-0.457,
-0.063,-0.075,0.298,-0.305,
-0.144,-0.131,0.104,-0.348,
-0.209,-0.181,0.031,-0.441,
-0.139,-0.165,0.286,-0.275,
-0.084,-0.069,0.127,-0.291,
-0.098,-0.101,0.262,-0.267,
-0.158,-0.217,0.246,-0.317,
-0.105,-0.144,0.274,-0.309,
-0.148,-0.16,0.196,-0.353,
-0.121,-0.124,0.076,-0.345,
-0.114,-0.188,0.118,-0.236,
-0.189,-0.252,0.11,-0.397,
-0.266,-0.311,0.061,-0.423,
-0.106,-0.095,0.08,-0.296,
-0.12,-0.12,0,-0.218,
-0.017,-0.003,0.236,-0.217,
-0.195,-0.269,0.126,-0.377,
-0.076,-0.101,0.151,-0.228,
-0.053,-0.097,0.27,-0.283,
-0.127,-0.106,0.146,-0.349,
-0.031,0.035,0.191,-0.271,
-0.191,-0.201,-0.014,-0.332,
-0.075,-0.093,0.144,-0.221,
-0.16,-0.194,0.229,-0.31,
-0.225,-0.233,0,-0.351,
-0.055,-0.029,0.137,-0.282,
-0.19,-0.221,0.013,-0.379,
-0.168,-0.181,-0.044,-0.314,
-0.084,-0.1,0.21,-0.232,
-0.215,-0.264,0.09,-0.404,
-0.087,-0.091,0.369,-0.31,
-0.062,-0.053,0.14,-0.257,
-0.061,-0.07,0.189,-0.211,
-0.109,-0.125,0.082,-0.318,
-0.131,-0.165,0.333,-0.314,
-0.083,-0.144,0.147,-0.225,
-0.082,-0.083,0.143,-0.286,
-0.176,-0.211,0.021,-0.385,
-0.2,-0.263,0.129,-0.376,
-0.136,-0.17,0.118,-0.302,
-0.137,-0.146,0.032,-0.257,
-0.078,-0.149,0.332,-0.227,
-0.072,-0.079,0.178,-0.27,
-0.217,-0.224,0.155,-0.458,
-0.196,-0.206,0.108,-0.399,
-0.162,-0.186,0.087,-0.355,
-0.15,-0.217,0.091,-0.269,
-0.089,-0.084,0.069,-0.208,
-0.06,-0.126,0.427,-0.314,
-0.119,-0.106,-0.013,-0.226,
-0.158,-0.152,0.066,-0.348,
-0.153,-0.234,0.302,-0.358,
-0.198,-0.18,-0.067,-0.388,
-0.134,-0.169,0.353,-0.42,
-0.269,-0.287,0.062,-0.472,
0.017,0.017,0.385,-0.224,
0.044,0.041,0.151,-0.109,
-0.212,-0.243,-0.005,-0.38,
-0.146,-0.177,0.061,-0.297,
0.017,0.046,0.215,-0.296,
-0.171,-0.185,0.035,-0.3,
-0.183,-0.19,0.352,-0.427,
-0.091,-0.077,0.19,-0.249,
-0.15,-0.192,0.056,-0.3,
-0.169,-0.186,0.118,-0.365,
-0.104,-0.151,0.291,-0.24,
-0.051,-0.068,0.093,-0.155,
-0.197,-0.27,0.411,-0.432,
-0.214,-0.237,0.134,-0.447,
-0.171,-0.271,0.229,-0.303,
-0.078,-0.054,0.08,-0.296,
-0.167,-0.17,0.141,-0.357,
-0.017,-0.035,0.322,-0.141,
-0.125,-0.118,0.096,-0.296,
-0.091,-0.099,0.136,-0.286,
-0.321,-0.397,0.369,-0.569,
-0.18,-0.219,0.084,-0.421,
-0.145,-0.165,0.196,-0.308,
-0.102,-0.16,0.192,-0.227,
-0.125,-0.129,0.072,-0.281,
-0.146,-0.162,0.208,-0.391,
-0.182,-0.233,0.31,-0.362,
-0.26,-0.249,-0.058,-0.399,
-0.253,-0.28,0.188,-0.483,
-0.175,-0.201,0.049,-0.303,
-0.212,-0.239,0.252,-0.517,
-0.174,-0.209,0.093,-0.326,
-0.012,-0.009,0.046,-0.092,
-0.125,-0.118,0.067,-0.298,
-0.219,-0.229,0.102,-0.404,
-0.072,-0.074,0.21,-0.268,
-0.161,-0.203,0.204,-0.373,
-0.11,-0.105,0.153,-0.322,
-0.043,-0.033,0.215,-0.261,
-0.218,-0.245,0.036,-0.386,
-0.247,-0.24,-0.028,-0.446,
-0.057,-0.07,0.226,-0.235,
-0.216,-0.22,0.238,-0.459,
-0.15,-0.206,0.295,-0.302,
-0.188,-0.215,0.147,-0.364,
-0.168,-0.217,0.246,-0.39,
-0.224,-0.275,0.105,-0.432,
-0.172,-0.229,0.164,-0.382,
-0.13,-0.146,0.112,-0.28,
-0.059,-0.01,0.212,-0.325,
-0.263,-0.282,-0.006,-0.45,
-0.188,-0.22,0.073,-0.355,
-0.161,-0.155,0.175,-0.419,
-0.165,-0.21,0.192,-0.27,
-0.111,-0.133,0.056,-0.254,
-0.101,-0.123,0.166,-0.323,
-0.157,-0.156,0.012,-0.366,
-0.136,-0.152,0.23,-0.343,
-0.082,-0.096,0.261,-0.264,
-0.175,-0.245,0.149,-0.338,
-0.049,-0.049,0.14,-0.211,
-0.141,-0.166,0.023,-0.356,
-0.14,-0.19,0.192,-0.283,
-0.264,-0.274,-0.008,-0.447,
-0.031,-0.032,0.181,-0.211,
-0.151,-0.103,0.143,-0.388,
-0.126,-0.153,0.211,-0.273,
-0.239,-0.269,0.064,-0.441,
-0.287,-0.306,0.014,-0.482,
-0.229,-0.233,0.088,-0.461,
-0.089,-0.091,0.16,-0.278,
-0.103,-0.136,0.329,-0.378,
-0.268,-0.311,0.046,-0.413,
-0.113,-0.068,0.055,-0.305,
-0.147,-0.234,0.306,-0.341,
-0.156,-0.174,0.051,-0.342,
-0.107,-0.119,0.121,-0.312,
-0.126,-0.117,0.167,-0.365,
-0.159,-0.133,-0.022,-0.403,
-0.061,-0.062,0.114,-0.2,
-0.148,-0.204,0.182,-0.276,
-0.114,-0.142,0.304,-0.452,
-0.167,-0.192,0.016,-0.313,
-0.249,-0.278,0.04,-0.387,
-0.288,-0.184,0.075,-0.564,
-0.17,-0.176,0.013,-0.336,
-0.128,-0.155,0.299,-0.38,
0.045,0.009,0.276,-0.138,
-0.09,-0.123,0.119,-0.202,
-0.057,-0.087,0.186,-0.151,
-0.112,-0.092,0.023,-0.296,
-0.254,-0.342,0.088,-0.457,
-0.201,-0.15,0.084,-0.445,
-0.127,-0.108,0.046,-0.366,
-0.119,-0.158,0.299,-0.308,
-0.091,-0.083,0.023,-0.228,
-0.17,-0.229,0.213,-0.409,
-0.113,-0.149,0.263,-0.266,
-0.066,-0.1,0.21,-0.29,
-0.08,-0.087,0.195,-0.242,
-0.052,-0.082,0.228,-0.226,
-0.201,-0.219,0.091,-0.443,
-0.194,-0.174,0.054,-0.404,
-0.124,-0.12,0.01,-0.246,
-0.164,-0.179,0,-0.306,
-0.121,-0.126,0.082,-0.308,
-0.179,-0.197,-0.031,-0.37,
-0.178,-0.272,0.158,-0.313,
-0.031,-0.009,0.055,-0.249,
-0.053,-0.125,0.248,-0.239,
-0.178,-0.193,0.406,-0.412,
-0.122,-0.173,0.28,-0.283,
-0.175,-0.136,-0.074,-0.444,
-0.16,-0.195,0.202,-0.372,
-0.153,-0.196,0.131,-0.296,
-0.071,-0.101,0.283,-0.175,
-0.139,-0.163,0.241,-0.357,
-0.161,-0.201,0.264,-0.345,
-0.053,-0.07,0.225,-0.333,
-0.211,-0.217,0.29,-0.436,
-0.145,-0.176,0.367,-0.284,
-0.159,-0.119,0.171,-0.427,
-0.102,-0.092,0.276,-0.345,
-0.179,-0.21,0.185,-0.347,
-0.17,-0.285,0.249,-0.33,
-0.158,-0.142,0.062,-0.366,
-0.043,-0.053,0.128,-0.16,
-0.2,-0.214,0.098,-0.353,
-0.206,-0.248,0.07,-0.371,
-0.162,-0.142,0.253,-0.514,
-0.076,-0.146,0.33,-0.201,
-0.237,-0.317,0.176,-0.469,
-0.187,-0.236,-0.035,-0.318,
-0.13,-0.175,0.12,-0.297,
-0.178,-0.196,0.074,-0.32,
-0.104,-0.129,0.23,-0.35,
-0.288,-0.318,0.018,-0.521,
-0.02,-0.036,0.185,-0.169,
-0.102,-0.104,0.234,-0.33,
-0.234,-0.266,0.248,-0.461,
-0.092,-0.101,0.071,-0.24,
-0.049,-0.072,0.165,-0.182,
0.009,-0.008,0.242,-0.102,
-0.078,-0.081,0.121,-0.308,
-0.143,-0.189,0.174,-0.337,
-0.187,-0.18,0.082,-0.349,
-0.209,-0.296,0.323,-0.344,
-0.17,-0.204,-0.03,-0.271,
-0.106,-0.076,0.18,-0.29,
-0.198,-0.219,0.049,-0.349,
-0.103,-0.15,0.041,-0.216,
-0.113,-0.17,0.325,-0.322,
-0.142,-0.182,0.202,-0.288,
-0.145,-0.188,0.227,-0.314,
-0.204,-0.232,0.023,-0.377,
-0.15,-0.167,0.135,-0.312,
-0.056,-0.104,0.22,-0.188,
-0.171,-0.203,0.332,-0.35,
-0.109,-0.076,0.166,-0.297,
-0.144,-0.196,0.112,-0.26,
-0.2,-0.225,0.246,-0.342,
-0.108,-0.142,0.099,-0.306,
-0.143,-0.199,0.422,-0.395,
-0.124,-0.127,0.2,-0.304,
-0.114,-0.105,0.087,-0.275,
-0.087,-0.128,0.182,-0.273,
-0.146,-0.156,0.083,-0.34,
-0.086,-0.123,0.298,-0.262,
-0.174,-0.219,0.222,-0.342,
-0.117,-0.142,0.427,-0.3,
-0.092,-0.065,0.233,-0.394,
-0.083,-0.145,0.316,-0.252,
-0.253,-0.268,0.045,-0.448,
-0.304,-0.296,0.103,-0.537,
-0.152,-0.207,0.227,-0.358,
-0.154,-0.187,0.045,-0.307,
-0.219,-0.288,0.145,-0.447,
-0.162,-0.22,0.162,-0.354,
-0.09,-0.179,0.275,-0.239,
-0.011,-0.035,0.345,-0.21,
-0.047,-0.033,0.173,-0.201,
-0.137,-0.149,-0.016,-0.229,
-0.13,-0.122,0.102,-0.396,
-0.228,-0.265,0.021,-0.489,
-0.209,-0.179,-0.132,-0.307,




Further Data analysis of all test cases 
avg med max min 
AVGs,-0.322,-0.323,-0.211,-0.438,
MEDs,-0.334,-0.332,-0.218,-0.484,
MAXs,-0.055,-0.054,0.049,-0.151,
MINs,-0.474,-0.479,-0.276,-0.645,


AVGs,-0.14,-0.143,0.045,-0.343,
MEDs,-0.162,-0.165,0.054,-0.409,
MAXs,0.156,0.148,0.547,-0.174,
MINs,-0.327,-0.332,-0.028,-0.569,



