

Data analysis for each instance 
AVG,MED,MAX,MIN
0.64,0.639,0.644,0.632,
0.616,0.62,0.625,0.573,
0.565,0.562,0.599,0.548,
0.628,0.629,0.681,0.589,
0.491,0.486,0.55,0.47,
0.61,0.61,0.681,0.583,
0.563,0.567,0.602,0.498,
0.533,0.534,0.549,0.505,
0.498,0.497,0.56,0.465,
0.567,0.566,0.634,0.541,
0.562,0.553,0.617,0.551,
0.553,0.55,0.606,0.503,
0.512,0.506,0.568,0.503,
0.514,0.508,0.575,0.5,
0.593,0.585,0.653,0.581,
0.494,0.489,0.541,0.473,
0.466,0.464,0.519,0.444,
0.612,0.608,0.665,0.595,
0.583,0.579,0.65,0.551,
0.579,0.572,0.637,0.569,
0.551,0.575,0.586,0.481,
0.577,0.571,0.636,0.57,
0.599,0.599,0.62,0.563,
0.569,0.563,0.633,0.545,
0.579,0.576,0.645,0.55,
0.5,0.502,0.56,0.458,
0.58,0.576,0.646,0.557,
0.602,0.595,0.664,0.594,
0.604,0.597,0.666,0.595,
0.525,0.521,0.581,0.51,
0.553,0.546,0.608,0.544,
0.571,0.567,0.659,0.519,
0.59,0.587,0.67,0.543,
0.566,0.56,0.624,0.552,
0.523,0.516,0.588,0.509,
0.593,0.59,0.658,0.566,
0.537,0.531,0.593,0.527,
0.558,0.552,0.627,0.533,
0.546,0.543,0.628,0.478,
0.524,0.523,0.585,0.494,
0.523,0.52,0.583,0.508,
0.56,0.551,0.613,0.544,
0.546,0.547,0.575,0.512,
0.561,0.559,0.625,0.531,
0.448,0.447,0.499,0.413,
0.498,0.492,0.558,0.48,
0.576,0.577,0.621,0.552,
0.562,0.56,0.637,0.533,
0.532,0.526,0.586,0.523,
0.444,0.445,0.497,0.402,
0.589,0.583,0.645,0.575,
0.567,0.556,0.62,0.537,
0.506,0.501,0.549,0.496,
0.477,0.469,0.532,0.451,
0.566,0.571,0.582,0.539,
0.508,0.508,0.542,0.483,
0.549,0.548,0.612,0.521,
0.483,0.485,0.542,0.451,
0.559,0.559,0.607,0.517,
0.526,0.521,0.573,0.516,
0.604,0.595,0.692,0.568,
0.435,0.431,0.496,0.405,
0.65,0.639,0.751,0.619,
0.527,0.522,0.601,0.499,
0.599,0.595,0.667,0.573,
0.567,0.578,0.643,0.517,
0.603,0.599,0.634,0.596,
0.48,0.479,0.536,0.458,
0.562,0.562,0.612,0.53,
0.587,0.589,0.665,0.525,
0.598,0.593,0.66,0.584,
0.5,0.495,0.553,0.48,
0.623,0.615,0.686,0.608,
0.62,0.623,0.715,0.547,
0.568,0.562,0.626,0.551,
0.587,0.583,0.66,0.555,
0.591,0.584,0.652,0.576,
0.517,0.522,0.587,0.471,
0.542,0.535,0.598,0.53,
0.539,0.536,0.6,0.507,
0.54,0.538,0.601,0.513,
0.551,0.546,0.604,0.539,
0.589,0.587,0.669,0.553,
0.538,0.532,0.594,0.53,
0.619,0.613,0.646,0.596,
0.527,0.529,0.594,0.499,
0.473,0.468,0.541,0.444,
0.57,0.563,0.629,0.561,
0.651,0.652,0.744,0.592,
0.453,0.45,0.502,0.435,
0.561,0.56,0.614,0.531,
0.513,0.506,0.567,0.505,
0.554,0.558,0.565,0.527,
0.51,0.499,0.587,0.484,
0.585,0.599,0.668,0.527,
0.536,0.534,0.596,0.519,
0.568,0.561,0.644,0.551,
0.536,0.531,0.607,0.514,
0.63,0.629,0.649,0.607,
0.52,0.521,0.589,0.46,
0.589,0.599,0.619,0.502,
0.515,0.518,0.529,0.491,
0.517,0.512,0.572,0.509,
0.602,0.607,0.68,0.551,
0.54,0.532,0.592,0.529,
0.545,0.54,0.603,0.534,
0.586,0.583,0.708,0.511,
0.573,0.569,0.64,0.543,
0.549,0.545,0.64,0.504,
0.585,0.581,0.62,0.538,
0.47,0.468,0.525,0.443,
0.511,0.512,0.547,0.482,
0.58,0.579,0.62,0.554,
0.482,0.477,0.523,0.47,
0.477,0.473,0.531,0.46,
0.561,0.555,0.618,0.553,
0.666,0.669,0.749,0.633,
0.579,0.573,0.642,0.569,
0.533,0.526,0.585,0.523,
0.564,0.563,0.635,0.531,
0.483,0.479,0.53,0.465,
0.457,0.455,0.508,0.431,
0.597,0.591,0.652,0.565,
0.598,0.591,0.656,0.58,
0.614,0.609,0.679,0.588,
0.633,0.629,0.703,0.607,
0.6,0.597,0.666,0.562,
0.534,0.528,0.59,0.519,
0.532,0.527,0.582,0.521,
0.557,0.554,0.62,0.532,
0.56,0.556,0.616,0.532,
0.536,0.535,0.598,0.51,
0.558,0.544,0.65,0.499,
0.584,0.579,0.645,0.548,
0.53,0.526,0.589,0.511,
0.612,0.619,0.694,0.565,
0.58,0.577,0.654,0.539,
0.5,0.496,0.556,0.484,
0.412,0.411,0.459,0.376,
0.549,0.546,0.615,0.523,
0.533,0.534,0.557,0.499,
0.519,0.526,0.591,0.44,
0.52,0.518,0.585,0.472,
0.575,0.575,0.642,0.52,
0.615,0.617,0.653,0.583,
0.561,0.565,0.583,0.52,
0.565,0.558,0.62,0.545,
0.566,0.564,0.63,0.534,
0.58,0.57,0.652,0.558,
0.485,0.484,0.538,0.452,
0.528,0.529,0.589,0.485,
0.453,0.441,0.489,0.437,
0.526,0.52,0.581,0.516,
0.582,0.571,0.658,0.563,
0.559,0.552,0.617,0.538,
0.536,0.54,0.59,0.496,
0.567,0.56,0.626,0.554,
0.55,0.545,0.6,0.533,
0.541,0.537,0.601,0.52,
0.568,0.564,0.626,0.547,
0.548,0.546,0.593,0.52,
0.529,0.529,0.592,0.505,
0.496,0.486,0.557,0.484,
0.546,0.541,0.605,0.524,
0.634,0.629,0.713,0.594,
0.65,0.655,0.691,0.604,
0.555,0.557,0.627,0.495,
0.506,0.504,0.546,0.49,
0.55,0.556,0.589,0.498,
0.504,0.507,0.566,0.454,
0.598,0.596,0.669,0.572,
0.597,0.597,0.666,0.569,
0.554,0.546,0.636,0.523,
0.544,0.541,0.604,0.52,
0.554,0.552,0.615,0.524,
0.574,0.578,0.594,0.554,
0.586,0.585,0.682,0.541,
0.596,0.586,0.658,0.582,
0.491,0.498,0.557,0.438,
0.506,0.501,0.559,0.49,
0.522,0.522,0.594,0.471,
0.498,0.496,0.554,0.47,
0.535,0.548,0.561,0.502,
0.587,0.592,0.601,0.555,
0.672,0.667,0.744,0.652,
0.566,0.56,0.627,0.55,
0.491,0.485,0.536,0.462,
0.619,0.631,0.737,0.531,
0.638,0.634,0.738,0.585,
0.606,0.601,0.676,0.576,
0.542,0.542,0.627,0.498,
0.586,0.593,0.666,0.503,
0.535,0.53,0.591,0.52,
0.594,0.591,0.68,0.557,
0.589,0.589,0.659,0.571,
0.585,0.583,0.641,0.554,
0.563,0.554,0.625,0.541,
0.488,0.485,0.531,0.47,
0.604,0.611,0.62,0.572,
0.523,0.519,0.584,0.507,
0.528,0.522,0.582,0.52,
0.578,0.583,0.653,0.537,
0.558,0.553,0.615,0.539,
0.464,0.467,0.524,0.415,
0.661,0.663,0.754,0.61,
0.543,0.546,0.602,0.502,
0.494,0.489,0.537,0.481,
0.492,0.494,0.505,0.47,
0.595,0.601,0.68,0.526,
0.616,0.612,0.679,0.593,
0.463,0.459,0.515,0.443,
0.466,0.461,0.514,0.457,
0.564,0.56,0.634,0.54,
0.556,0.552,0.617,0.537,
0.544,0.536,0.621,0.518,
0.564,0.569,0.59,0.53,
0.489,0.482,0.541,0.48,
0.534,0.53,0.6,0.509,
0.567,0.565,0.616,0.553,
0.511,0.505,0.587,0.485,
0.638,0.635,0.757,0.564,
0.46,0.459,0.512,0.43,
0.5,0.483,0.555,0.466,
0.536,0.532,0.593,0.518,
0.5,0.494,0.554,0.491,
0.471,0.475,0.532,0.429,
0.636,0.624,0.717,0.613,
0.505,0.502,0.563,0.473,
0.571,0.565,0.625,0.559,
0.541,0.541,0.59,0.521,
0.533,0.53,0.593,0.51,
0.607,0.606,0.678,0.572,
0.583,0.585,0.605,0.56,
0.526,0.526,0.58,0.496,
0.479,0.477,0.521,0.454,
0.612,0.609,0.646,0.605,
0.53,0.534,0.617,0.466,
0.481,0.476,0.533,0.47,
0.504,0.5,0.553,0.477,
0.544,0.537,0.599,0.531,
0.556,0.554,0.6,0.514,
0.621,0.627,0.704,0.56,
0.616,0.608,0.717,0.571,
0.508,0.504,0.561,0.497,
0.611,0.607,0.682,0.57,
0.511,0.508,0.566,0.493,
0.52,0.525,0.594,0.474,
0.524,0.517,0.589,0.5,
0.616,0.615,0.66,0.584,
0.541,0.538,0.603,0.496,
0.651,0.651,0.727,0.607,
0.487,0.486,0.521,0.47,
0.592,0.585,0.655,0.572,
0.524,0.516,0.592,0.497,
0.627,0.625,0.659,0.618,
0.579,0.58,0.607,0.54,
0.589,0.587,0.664,0.552,
0.51,0.511,0.528,0.475,
0.533,0.529,0.59,0.508,
0.54,0.54,0.557,0.522,
0.6,0.593,0.673,0.577,
0.515,0.512,0.552,0.493,
0.546,0.545,0.617,0.511,
0.537,0.535,0.608,0.507,
0.534,0.532,0.59,0.501,
0.544,0.539,0.601,0.527,
0.637,0.633,0.706,0.612,
0.572,0.565,0.632,0.553,
0.544,0.538,0.6,0.53,
0.59,0.592,0.634,0.562,
0.552,0.545,0.609,0.542,
0.496,0.49,0.547,0.489,
0.625,0.619,0.692,0.6,
0.573,0.571,0.63,0.543,
0.525,0.52,0.581,0.51,
0.534,0.534,0.597,0.505,
0.609,0.61,0.628,0.589,
0.533,0.532,0.56,0.503,
0.511,0.507,0.566,0.491,
0.602,0.597,0.666,0.586,
0.554,0.548,0.607,0.531,
0.548,0.547,0.595,0.52,
0.563,0.561,0.6,0.55,
0.515,0.511,0.581,0.49,
0.642,0.633,0.707,0.626,
0.563,0.56,0.626,0.539,
0.52,0.519,0.562,0.501,
0.615,0.618,0.645,0.589,
0.615,0.623,0.637,0.552,
0.5,0.492,0.573,0.474,
0.579,0.573,0.64,0.567,
0.517,0.518,0.569,0.471,
0.585,0.585,0.623,0.554,
0.528,0.53,0.61,0.479,
0.57,0.564,0.638,0.548,
0.509,0.503,0.561,0.496,
0.496,0.492,0.555,0.471,
0.626,0.616,0.691,0.606,
0.536,0.534,0.603,0.507,
0.569,0.565,0.622,0.544,
0.645,0.643,0.681,0.625,
0.556,0.556,0.622,0.52,
0.573,0.565,0.618,0.551,
0.638,0.651,0.75,0.542,
0.584,0.582,0.658,0.522,
0.463,0.458,0.516,0.443,
0.537,0.533,0.598,0.516,
0.558,0.556,0.59,0.532,
0.616,0.61,0.669,0.606,
0.462,0.458,0.511,0.444,
0.493,0.494,0.554,0.447,
0.517,0.512,0.574,0.505,
0.438,0.435,0.484,0.426,
0.603,0.606,0.676,0.562,
0.484,0.488,0.526,0.426,
0.518,0.512,0.574,0.508,
0.479,0.474,0.528,0.467,
0.616,0.613,0.673,0.598,
0.639,0.639,0.715,0.599,
0.586,0.582,0.65,0.563,
0.547,0.538,0.618,0.523,
0.64,0.637,0.685,0.608,
0.553,0.554,0.624,0.499,
0.605,0.601,0.672,0.568,
0.496,0.497,0.535,0.467,
0.553,0.552,0.62,0.529,
0.503,0.503,0.562,0.48,
0.577,0.562,0.659,0.544,
0.62,0.616,0.656,0.589,
0.501,0.498,0.552,0.477,
0.589,0.587,0.666,0.541,
0.473,0.471,0.49,0.465,
0.526,0.526,0.573,0.489,
0.588,0.587,0.659,0.561,
0.495,0.491,0.551,0.468,
0.528,0.53,0.607,0.478,
0.527,0.537,0.601,0.469,
0.523,0.516,0.565,0.509,
0.583,0.581,0.649,0.55,
0.576,0.571,0.64,0.557,
0.539,0.534,0.603,0.515,
0.594,0.589,0.675,0.559,
0.572,0.567,0.632,0.558,
0.457,0.455,0.509,0.429,
0.484,0.482,0.522,0.463,
0.565,0.558,0.632,0.541,
0.579,0.569,0.663,0.535,
0.585,0.581,0.652,0.566,
0.624,0.619,0.694,0.603,
0.478,0.47,0.525,0.461,
0.532,0.527,0.593,0.516,
0.559,0.555,0.624,0.517,
0.581,0.579,0.649,0.537,
0.559,0.553,0.617,0.543,
0.633,0.627,0.7,0.614,
0.635,0.637,0.717,0.597,
0.503,0.501,0.559,0.489,
0.568,0.574,0.593,0.532,
0.477,0.474,0.532,0.458,
0.492,0.486,0.543,0.482,
0.625,0.624,0.697,0.589,
0.476,0.472,0.521,0.465,
0.523,0.518,0.575,0.505,
0.538,0.531,0.624,0.498,
0.488,0.481,0.547,0.469,
0.59,0.589,0.67,0.551,
0.507,0.5,0.56,0.498,
0.555,0.552,0.599,0.533,
0.47,0.466,0.527,0.448,
0.581,0.573,0.658,0.548,
0.595,0.595,0.621,0.58,
0.562,0.558,0.619,0.537,
0.531,0.528,0.568,0.522,
0.606,0.593,0.698,0.573,
0.526,0.528,0.592,0.498,
0.554,0.548,0.606,0.546,
0.657,0.651,0.77,0.593,
0.509,0.506,0.562,0.485,
0.548,0.545,0.605,0.511,
0.497,0.492,0.55,0.481,
0.597,0.603,0.674,0.514,
0.51,0.507,0.582,0.471,
0.49,0.486,0.527,0.471,
0.612,0.613,0.66,0.574,
0.538,0.53,0.597,0.529,
0.585,0.578,0.645,0.562,
0.579,0.582,0.599,0.534,
0.554,0.556,0.592,0.53,
0.578,0.581,0.647,0.527,
0.503,0.496,0.553,0.492,
0.562,0.564,0.634,0.536,
0.54,0.538,0.598,0.511,
0.563,0.553,0.62,0.54,
0.634,0.633,0.693,0.607,
0.557,0.552,0.595,0.534,
0.535,0.536,0.603,0.482,
0.56,0.556,0.621,0.548,
0.464,0.465,0.498,0.447,
0.623,0.623,0.705,0.571,
0.565,0.56,0.608,0.554,
0.515,0.514,0.553,0.492,
0.606,0.602,0.652,0.581,
0.591,0.589,0.658,0.56,
0.625,0.641,0.735,0.507,
0.661,0.656,0.745,0.593,
0.571,0.572,0.614,0.527,
0.555,0.553,0.617,0.531,
0.574,0.577,0.648,0.531,
0.579,0.58,0.6,0.55,
0.598,0.595,0.669,0.568,
0.491,0.489,0.551,0.463,
0.609,0.62,0.706,0.519,
0.548,0.546,0.591,0.527,
0.494,0.493,0.559,0.457,
0.539,0.541,0.594,0.501,
0.575,0.57,0.619,0.558,
0.582,0.577,0.641,0.562,
0.489,0.489,0.545,0.471,
0.532,0.524,0.611,0.497,
0.548,0.546,0.618,0.521,
0.565,0.561,0.627,0.527,
0.595,0.599,0.678,0.547,
0.607,0.603,0.662,0.582,
0.592,0.598,0.601,0.545,
0.606,0.599,0.678,0.589,
0.626,0.621,0.695,0.602,
0.588,0.593,0.617,0.532,
0.464,0.46,0.51,0.446,
0.565,0.559,0.624,0.554,
0.577,0.58,0.656,0.526,
0.524,0.518,0.578,0.514,
0.535,0.528,0.589,0.523,
0.629,0.629,0.704,0.609,
0.52,0.511,0.582,0.51,
0.556,0.552,0.636,0.527,
0.592,0.588,0.655,0.566,
0.631,0.615,0.736,0.593,
0.511,0.506,0.565,0.49,
0.607,0.613,0.71,0.549,
0.649,0.653,0.683,0.611,
0.568,0.567,0.597,0.555,
0.532,0.528,0.597,0.499,
0.519,0.512,0.576,0.499,
0.507,0.508,0.568,0.471,
0.602,0.602,0.634,0.582,
0.551,0.545,0.608,0.542,
0.649,0.653,0.705,0.603,
0.615,0.611,0.683,0.594,
0.597,0.591,0.655,0.58,
0.56,0.56,0.629,0.527,
0.563,0.557,0.623,0.553,
0.536,0.534,0.568,0.517,
0.496,0.491,0.548,0.484,
0.649,0.646,0.723,0.623,
0.612,0.609,0.685,0.582,
0.67,0.683,0.771,0.538,
0.516,0.516,0.563,0.491,
0.54,0.542,0.55,0.516,
0.615,0.609,0.682,0.602,
0.584,0.581,0.651,0.559,
0.561,0.557,0.623,0.53,
0.661,0.671,0.673,0.625,
0.569,0.566,0.632,0.542,
0.675,0.685,0.699,0.605,
0.57,0.566,0.63,0.553,
0.626,0.622,0.682,0.602,
0.565,0.564,0.634,0.526,
0.633,0.636,0.715,0.58,
0.624,0.615,0.691,0.605,
0.573,0.567,0.627,0.566,
0.532,0.53,0.577,0.503,
0.602,0.6,0.664,0.568,
0.533,0.517,0.622,0.514,
0.586,0.579,0.648,0.568,
0.56,0.558,0.625,0.529,
0.562,0.558,0.622,0.533,
0.543,0.538,0.6,0.52,
0.559,0.553,0.6,0.543,
0.65,0.659,0.743,0.581,
0.598,0.598,0.669,0.526,
0.574,0.577,0.6,0.535,
0.607,0.615,0.639,0.531,
0.484,0.479,0.547,0.469,
0.633,0.627,0.735,0.587,
0.526,0.523,0.585,0.505,
0.57,0.563,0.612,0.559,
0.534,0.526,0.593,0.516,
0.567,0.562,0.627,0.543,
0.506,0.502,0.555,0.482,
0.558,0.55,0.613,0.548,
0.534,0.526,0.605,0.516,
0.581,0.569,0.661,0.558,
0.639,0.63,0.747,0.581,
0.489,0.491,0.516,0.449,
0.539,0.532,0.594,0.517,
0.544,0.538,0.6,0.536,
0.565,0.563,0.63,0.543,
0.635,0.631,0.714,0.602,
0.53,0.524,0.587,0.52,
0.591,0.588,0.654,0.565,
0.561,0.564,0.628,0.523,
0.536,0.532,0.593,0.522,
0.511,0.505,0.566,0.501,
0.629,0.632,0.707,0.585,
0.498,0.494,0.563,0.463,
0.641,0.639,0.671,0.626,
0.558,0.556,0.618,0.536,
0.604,0.605,0.681,0.573,
0.57,0.567,0.636,0.551,
0.627,0.625,0.698,0.604,
0.625,0.623,0.682,0.586,
0.556,0.553,0.618,0.532,
0.518,0.515,0.576,0.503,
0.644,0.646,0.723,0.605,
0.514,0.508,0.566,0.503,
0.541,0.543,0.583,0.507,
0.528,0.53,0.592,0.5,
0.48,0.477,0.54,0.454,
0.571,0.571,0.666,0.513,
0.41,0.406,0.455,0.398,
0.542,0.552,0.568,0.477,
0.476,0.479,0.538,0.436,
0.49,0.482,0.55,0.468,
0.568,0.565,0.624,0.547,
0.622,0.617,0.686,0.592,
0.66,0.659,0.735,0.597,
0.514,0.514,0.552,0.493,
0.506,0.506,0.567,0.475,
0.448,0.445,0.497,0.433,
0.553,0.55,0.637,0.508,
0.577,0.571,0.637,0.565,
0.539,0.536,0.599,0.513,
0.609,0.617,0.666,0.556,
0.479,0.473,0.53,0.46,
0.544,0.546,0.589,0.521,
0.538,0.528,0.59,0.527,
0.561,0.538,0.739,0.53,
0.573,0.558,0.728,0.513,
0.541,0.504,0.756,0.495,
0.599,0.576,0.77,0.566,
0.531,0.513,0.682,0.494,
0.511,0.489,0.665,0.479,
0.513,0.496,0.649,0.476,
0.505,0.489,0.655,0.457,
0.564,0.542,0.756,0.516,
0.416,0.398,0.581,0.392,
0.552,0.534,0.732,0.501,
0.578,0.552,0.779,0.535,
0.465,0.451,0.593,0.424,
0.508,0.485,0.65,0.472,
0.46,0.432,0.616,0.429,
0.53,0.512,0.696,0.496,
0.525,0.502,0.694,0.491,
0.565,0.558,0.768,0.494,
0.447,0.43,0.601,0.401,
0.477,0.46,0.614,0.441,
0.482,0.453,0.614,0.439,
0.532,0.519,0.67,0.487,
0.537,0.512,0.687,0.501,
0.448,0.429,0.583,0.412,
0.537,0.516,0.721,0.498,
0.458,0.443,0.598,0.424,
0.543,0.523,0.715,0.499,
0.536,0.51,0.732,0.499,
0.534,0.516,0.715,0.47,
0.482,0.461,0.638,0.451,
0.537,0.512,0.71,0.483,
0.509,0.488,0.663,0.48,
0.554,0.536,0.722,0.523,
0.544,0.528,0.662,0.508,
0.571,0.544,0.774,0.521,
0.519,0.502,0.679,0.482,
0.569,0.538,0.763,0.516,
0.518,0.498,0.672,0.479,
0.486,0.466,0.645,0.453,
0.547,0.524,0.745,0.504,
0.568,0.532,0.777,0.518,
0.477,0.45,0.625,0.447,
0.553,0.551,0.666,0.499,
0.523,0.502,0.685,0.489,
0.523,0.504,0.676,0.475,
0.506,0.483,0.642,0.46,
0.493,0.47,0.639,0.466,
0.48,0.458,0.656,0.44,
0.525,0.502,0.678,0.496,
0.588,0.556,0.779,0.544,
0.51,0.487,0.669,0.477,
0.594,0.567,0.778,0.56,
0.595,0.573,0.791,0.56,
0.488,0.465,0.664,0.446,
0.569,0.552,0.736,0.535,
0.515,0.493,0.675,0.463,
0.518,0.499,0.67,0.464,
0.481,0.461,0.628,0.453,
0.566,0.544,0.737,0.519,
0.487,0.467,0.637,0.46,
0.543,0.523,0.724,0.495,
0.544,0.524,0.711,0.509,
0.509,0.492,0.651,0.465,
0.508,0.489,0.691,0.471,
0.555,0.53,0.736,0.514,
0.541,0.52,0.718,0.513,
0.477,0.462,0.619,0.45,
0.554,0.539,0.702,0.523,
0.498,0.482,0.619,0.461,
0.511,0.493,0.659,0.465,
0.417,0.399,0.557,0.392,
0.481,0.462,0.63,0.453,
0.528,0.506,0.687,0.465,
0.468,0.45,0.6,0.445,
0.587,0.566,0.782,0.541,
0.449,0.433,0.598,0.391,
0.477,0.465,0.603,0.444,
0.589,0.572,0.794,0.546,
0.484,0.457,0.628,0.451,
0.546,0.522,0.726,0.511,
0.486,0.469,0.635,0.448,
0.48,0.452,0.683,0.434,
0.527,0.492,0.737,0.478,
0.596,0.577,0.756,0.567,
0.471,0.455,0.619,0.435,
0.495,0.473,0.653,0.465,
0.509,0.484,0.691,0.473,
0.56,0.534,0.715,0.531,
0.576,0.55,0.74,0.533,
0.535,0.52,0.712,0.496,
0.512,0.502,0.604,0.466,
0.517,0.494,0.676,0.475,
0.518,0.496,0.692,0.461,
0.513,0.488,0.693,0.469,
0.615,0.593,0.794,0.579,
0.532,0.506,0.711,0.491,
0.46,0.44,0.597,0.422,
0.483,0.466,0.623,0.445,
0.565,0.536,0.747,0.528,
0.538,0.512,0.703,0.509,
0.528,0.508,0.692,0.492,
0.557,0.538,0.745,0.515,
0.434,0.41,0.568,0.403,
0.534,0.5,0.74,0.476,
0.556,0.546,0.692,0.509,
0.455,0.441,0.594,0.434,
0.462,0.445,0.615,0.435,
0.528,0.504,0.694,0.478,
0.547,0.524,0.702,0.518,
0.503,0.474,0.672,0.469,
0.518,0.49,0.692,0.484,
0.497,0.472,0.646,0.461,
0.482,0.457,0.646,0.44,
0.475,0.466,0.592,0.437,
0.475,0.448,0.636,0.443,
0.461,0.434,0.619,0.425,
0.517,0.496,0.686,0.49,
0.605,0.585,0.823,0.543,
0.509,0.491,0.678,0.45,
0.475,0.459,0.64,0.445,
0.555,0.54,0.704,0.525,
0.52,0.503,0.656,0.493,
0.479,0.46,0.615,0.444,
0.483,0.463,0.632,0.455,
0.519,0.491,0.748,0.472,
0.504,0.481,0.662,0.47,
0.482,0.457,0.64,0.452,
0.522,0.504,0.69,0.487,
0.489,0.466,0.65,0.46,
0.515,0.489,0.72,0.466,
0.531,0.505,0.713,0.483,
0.48,0.461,0.643,0.435,
0.501,0.475,0.658,0.458,
0.524,0.502,0.696,0.487,
0.508,0.48,0.674,0.453,
0.528,0.516,0.674,0.486,
0.545,0.53,0.674,0.52,
0.573,0.55,0.765,0.524,
0.539,0.512,0.729,0.49,
0.5,0.478,0.667,0.453,
0.485,0.465,0.643,0.452,
0.462,0.447,0.603,0.434,
0.456,0.442,0.576,0.429,
0.514,0.486,0.697,0.466,
0.46,0.447,0.58,0.428,
0.475,0.46,0.607,0.433,
0.608,0.581,0.793,0.557,
0.524,0.51,0.695,0.486,
0.549,0.531,0.703,0.509,
0.548,0.524,0.712,0.514,
0.549,0.522,0.708,0.491,
0.589,0.562,0.779,0.556,
0.55,0.506,0.796,0.469,
0.516,0.481,0.691,0.462,
0.493,0.469,0.646,0.461,
0.534,0.51,0.703,0.498,
0.52,0.493,0.67,0.477,
0.501,0.476,0.661,0.457,
0.493,0.478,0.636,0.451,
0.516,0.514,0.632,0.464,
0.542,0.522,0.723,0.5,
0.547,0.526,0.708,0.504,
0.528,0.512,0.668,0.495,
0.591,0.577,0.777,0.559,
0.562,0.534,0.758,0.509,
0.589,0.556,0.775,0.551,
0.475,0.455,0.614,0.435,
0.509,0.486,0.679,0.481,
0.516,0.49,0.717,0.451,
0.532,0.517,0.686,0.493,
0.529,0.51,0.704,0.495,
0.515,0.495,0.668,0.485,
0.482,0.455,0.634,0.45,
0.577,0.548,0.794,0.514,
0.527,0.509,0.697,0.489,
0.482,0.453,0.634,0.441,
0.545,0.522,0.715,0.513,
0.494,0.489,0.634,0.453,
0.47,0.453,0.622,0.436,
0.535,0.506,0.682,0.483,
0.536,0.51,0.699,0.505,
0.562,0.523,0.786,0.513,
0.513,0.491,0.673,0.476,
0.532,0.508,0.659,0.491,
0.508,0.487,0.674,0.461,
0.527,0.501,0.7,0.495,
0.542,0.521,0.706,0.506,
0.496,0.476,0.667,0.457,
0.554,0.53,0.723,0.52,
0.586,0.566,0.758,0.552,
0.53,0.507,0.716,0.49,
0.534,0.515,0.725,0.493,
0.509,0.489,0.668,0.47,
0.473,0.457,0.608,0.441,
0.508,0.487,0.673,0.466,
0.551,0.542,0.69,0.5,
0.559,0.534,0.758,0.522,
0.424,0.406,0.551,0.4,
0.544,0.529,0.677,0.508,
0.544,0.519,0.694,0.503,
0.472,0.452,0.637,0.43,
0.53,0.504,0.719,0.497,
0.509,0.492,0.679,0.471,
0.477,0.457,0.616,0.447,
0.472,0.456,0.63,0.447,
0.533,0.503,0.709,0.497,
0.52,0.494,0.7,0.475,
0.528,0.504,0.683,0.492,
0.541,0.527,0.682,0.493,
0.527,0.512,0.676,0.495,
0.543,0.512,0.721,0.504,
0.47,0.451,0.646,0.424,
0.541,0.51,0.709,0.507,
0.531,0.512,0.685,0.505,
0.528,0.512,0.71,0.484,
0.519,0.492,0.683,0.489,
0.462,0.438,0.605,0.432,
0.53,0.507,0.7,0.501,
0.59,0.568,0.794,0.527,
0.59,0.567,0.781,0.547,
0.52,0.497,0.67,0.489,
0.501,0.488,0.667,0.452,
0.477,0.459,0.626,0.451,
0.517,0.497,0.677,0.493,
0.514,0.492,0.652,0.467,
0.487,0.47,0.64,0.459,
0.47,0.453,0.619,0.436,
0.488,0.467,0.649,0.458,
0.561,0.534,0.791,0.52,
0.558,0.537,0.718,0.512,
0.425,0.407,0.558,0.404,
0.534,0.504,0.703,0.497,
0.468,0.447,0.611,0.438,
0.528,0.508,0.69,0.494,
0.521,0.496,0.705,0.486,
0.5,0.477,0.654,0.462,
0.516,0.498,0.684,0.487,
0.539,0.514,0.716,0.506,
0.483,0.457,0.633,0.444,
0.576,0.556,0.759,0.53,
0.53,0.502,0.701,0.492,
0.48,0.47,0.64,0.43,
0.58,0.561,0.804,0.52,
0.463,0.45,0.594,0.42,
0.495,0.47,0.633,0.444,
0.492,0.474,0.643,0.462,
0.459,0.44,0.62,0.419,
0.487,0.466,0.606,0.456,
0.494,0.473,0.65,0.453,
0.495,0.48,0.657,0.451,
0.531,0.508,0.691,0.504,
0.596,0.569,0.796,0.552,
0.58,0.558,0.771,0.54,
0.546,0.52,0.731,0.508,
0.588,0.567,0.752,0.544,
0.518,0.5,0.692,0.472,
0.532,0.51,0.711,0.496,
0.56,0.525,0.754,0.498,
0.515,0.494,0.701,0.476,
0.479,0.45,0.65,0.44,
0.514,0.494,0.672,0.462,
0.595,0.584,0.781,0.5,
0.513,0.493,0.672,0.476,
0.507,0.494,0.654,0.455,
0.495,0.461,0.641,0.452,
0.481,0.463,0.636,0.455,
0.585,0.565,0.763,0.551,
0.464,0.441,0.614,0.43,
0.504,0.486,0.667,0.474,
0.481,0.451,0.67,0.432,
0.47,0.463,0.604,0.42,
0.519,0.503,0.665,0.489,
0.477,0.455,0.629,0.449,
0.525,0.476,0.757,0.461,
0.55,0.525,0.725,0.511,
0.499,0.481,0.633,0.467,
0.536,0.513,0.683,0.498,
0.508,0.485,0.69,0.468,
0.502,0.479,0.671,0.471,
0.539,0.524,0.737,0.477,
0.573,0.558,0.72,0.547,
0.472,0.446,0.647,0.437,
0.47,0.446,0.624,0.436,
0.583,0.552,0.776,0.516,
0.557,0.53,0.738,0.522,
0.501,0.493,0.641,0.461,
0.586,0.566,0.783,0.534,
0.489,0.458,0.659,0.449,
0.534,0.512,0.729,0.493,
0.584,0.561,0.776,0.544,
0.592,0.562,0.764,0.514,
0.468,0.454,0.598,0.446,
0.492,0.475,0.631,0.457,
0.513,0.496,0.596,0.485,
0.469,0.446,0.648,0.442,
0.401,0.385,0.497,0.369,
0.498,0.468,0.644,0.45,
0.524,0.507,0.624,0.49,
0.553,0.529,0.718,0.503,
0.439,0.419,0.581,0.414,
0.505,0.484,0.644,0.476,
0.532,0.522,0.697,0.464,
0.491,0.468,0.65,0.46,
0.514,0.497,0.721,0.459,
0.435,0.415,0.567,0.413,
0.488,0.469,0.644,0.454,
0.455,0.444,0.591,0.425,
0.491,0.468,0.649,0.458,
0.513,0.491,0.654,0.48,
0.5,0.489,0.644,0.465,
0.539,0.527,0.68,0.502,
0.533,0.514,0.691,0.513,
0.539,0.511,0.69,0.505,
0.499,0.476,0.657,0.462,
0.579,0.553,0.759,0.547,
0.54,0.526,0.709,0.502,
0.541,0.519,0.728,0.467,
0.476,0.455,0.6,0.434,
0.506,0.488,0.643,0.478,
0.5,0.489,0.63,0.463,
0.541,0.514,0.719,0.499,
0.475,0.458,0.614,0.443,
0.527,0.502,0.693,0.496,
0.49,0.473,0.644,0.461,
0.481,0.464,0.678,0.433,
0.527,0.503,0.692,0.498,
0.453,0.429,0.582,0.42,
0.605,0.585,0.761,0.574,
0.509,0.482,0.666,0.463,
0.456,0.432,0.579,0.419,
0.524,0.503,0.69,0.487,
0.464,0.453,0.626,0.413,
0.505,0.5,0.618,0.461,
0.578,0.556,0.761,0.524,
0.605,0.591,0.785,0.562,
0.535,0.51,0.723,0.484,
0.519,0.495,0.684,0.492,
0.479,0.468,0.622,0.447,
0.447,0.432,0.569,0.425,
0.519,0.489,0.756,0.472,
0.542,0.518,0.72,0.487,
0.54,0.518,0.721,0.512,
0.477,0.46,0.608,0.444,
0.443,0.428,0.569,0.418,
0.519,0.498,0.683,0.477,
0.51,0.49,0.673,0.467,
0.492,0.486,0.626,0.448,
0.49,0.472,0.648,0.459,
0.45,0.435,0.57,0.415,
0.548,0.536,0.713,0.499,
0.522,0.506,0.676,0.485,
0.495,0.478,0.639,0.457,
0.572,0.547,0.777,0.543,
0.523,0.505,0.645,0.473,
0.475,0.453,0.609,0.443,
0.549,0.53,0.677,0.503,
0.526,0.503,0.69,0.485,
0.54,0.514,0.723,0.496,
0.539,0.51,0.701,0.503,
0.489,0.472,0.672,0.441,
0.48,0.462,0.634,0.454,
0.51,0.486,0.703,0.475,
0.492,0.472,0.632,0.463,
0.45,0.435,0.578,0.414,
0.536,0.512,0.699,0.488,
0.52,0.491,0.666,0.486,
0.515,0.494,0.692,0.479,
0.509,0.486,0.66,0.477,
0.522,0.494,0.681,0.469,
0.578,0.558,0.757,0.54,
0.475,0.458,0.627,0.449,
0.521,0.504,0.672,0.483,
0.601,0.585,0.758,0.553,
0.509,0.495,0.589,0.482,
0.511,0.479,0.685,0.477,
0.537,0.51,0.756,0.495,
0.511,0.493,0.658,0.471,
0.519,0.496,0.701,0.462,
0.425,0.399,0.541,0.381,
0.532,0.52,0.72,0.48,
0.549,0.537,0.716,0.477,
0.527,0.508,0.686,0.488,
0.589,0.573,0.761,0.534,
0.604,0.579,0.797,0.522,
0.545,0.534,0.596,0.531,
0.562,0.558,0.628,0.539,
0.626,0.619,0.692,0.613,
0.592,0.569,0.657,0.566,
0.52,0.516,0.562,0.507,
0.51,0.507,0.547,0.496,
0.481,0.475,0.53,0.472,
0.507,0.493,0.592,0.474,
0.569,0.562,0.647,0.521,
0.545,0.546,0.61,0.505,
0.541,0.546,0.584,0.508,
0.562,0.558,0.613,0.549,
0.569,0.563,0.627,0.56,
0.547,0.546,0.621,0.51,
0.548,0.542,0.605,0.538,
0.576,0.569,0.634,0.565,
0.493,0.482,0.556,0.478,
0.53,0.526,0.589,0.496,
0.504,0.496,0.555,0.486,
0.576,0.576,0.635,0.537,
0.57,0.566,0.63,0.544,
0.654,0.657,0.773,0.564,
0.554,0.554,0.62,0.529,
0.483,0.49,0.552,0.414,
0.511,0.504,0.566,0.499,
0.542,0.54,0.583,0.528,
0.485,0.479,0.534,0.477,
0.629,0.628,0.704,0.595,
0.57,0.568,0.636,0.539,
0.57,0.573,0.631,0.516,
0.567,0.569,0.64,0.541,
0.514,0.508,0.567,0.507,
0.584,0.546,0.778,0.502,
0.534,0.495,0.695,0.487,
0.544,0.538,0.602,0.532,
0.513,0.492,0.68,0.474,
0.521,0.501,0.614,0.482,
0.526,0.505,0.711,0.485,
0.512,0.495,0.668,0.449,
0.489,0.474,0.66,0.45,
0.516,0.493,0.693,0.478,
0.48,0.458,0.626,0.445,
0.491,0.466,0.648,0.461,
0.565,0.542,0.731,0.529,
0.563,0.542,0.722,0.532,
0.496,0.482,0.666,0.441,
0.469,0.447,0.619,0.438,
0.473,0.457,0.629,0.429,
0.636,0.651,0.66,0.576,
0.582,0.573,0.655,0.562,
0.545,0.54,0.596,0.53,
0.589,0.593,0.67,0.522,
0.531,0.526,0.598,0.512,
0.575,0.571,0.638,0.542,
0.566,0.565,0.632,0.545,
0.569,0.565,0.63,0.54,
0.531,0.526,0.586,0.518,
0.59,0.587,0.637,0.582,
0.571,0.573,0.642,0.532,
0.61,0.609,0.682,0.583,
0.565,0.571,0.642,0.521,
0.604,0.619,0.648,0.546,
0.572,0.567,0.606,0.547,
0.505,0.5,0.586,0.485,
0.503,0.495,0.634,0.459,
0.542,0.52,0.702,0.49,
0.486,0.458,0.656,0.451,
0.523,0.504,0.683,0.497,
0.492,0.476,0.626,0.466,
0.526,0.494,0.7,0.49,
0.589,0.566,0.772,0.55,
0.513,0.494,0.666,0.481,
0.514,0.499,0.67,0.477,
0.566,0.546,0.737,0.53,
0.52,0.485,0.718,0.466,
0.564,0.546,0.725,0.523,
0.49,0.467,0.675,0.444,
0.545,0.529,0.704,0.511,
0.507,0.493,0.651,0.473,
0.483,0.467,0.637,0.45,


0.927,0.963,1,0.659,
0.819,0.811,0.922,0.654,
0.862,0.868,1,0.632,
0.895,0.919,0.932,0.713,
0.78,0.763,0.968,0.581,
0.881,0.892,0.924,0.721,
0.797,0.827,0.84,0.633,
0.732,0.738,0.788,0.568,
0.713,0.729,0.738,0.596,
0.811,0.827,0.834,0.675,
0.814,0.829,0.848,0.659,
0.783,0.812,0.837,0.639,
0.756,0.78,0.802,0.604,
0.774,0.805,0.897,0.612,
0.922,0.971,0.998,0.687,
0.857,0.917,1,0.568,
0.777,0.817,0.855,0.543,
0.902,0.938,0.954,0.689,
0.815,0.832,0.841,0.693,
0.834,0.855,0.873,0.668,
0.731,0.746,0.762,0.641,
0.87,0.885,0.936,0.677,
0.898,0.93,0.963,0.654,
0.869,0.877,0.979,0.666,
0.827,0.827,0.89,0.712,
0.73,0.752,0.785,0.582,
0.876,0.905,0.999,0.688,
0.854,0.881,0.894,0.704,
0.87,0.892,0.898,0.697,
0.774,0.782,0.872,0.616,
0.787,0.808,0.813,0.643,
0.782,0.804,0.865,0.638,
0.854,0.871,0.895,0.71,
0.888,0.911,0.978,0.651,
0.786,0.788,0.892,0.625,
0.847,0.851,0.909,0.701,
0.767,0.772,0.846,0.637,
0.8,0.839,0.851,0.667,
0.898,0.944,0.995,0.658,
0.761,0.784,0.799,0.618,
0.732,0.754,0.761,0.61,
0.843,0.865,0.9,0.646,
0.794,0.817,0.868,0.611,
0.788,0.798,0.827,0.675,
0.627,0.64,0.694,0.521,
0.718,0.736,0.761,0.583,
0.809,0.833,0.842,0.662,
0.872,0.913,0.925,0.682,
0.839,0.879,0.912,0.624,
0.636,0.655,0.672,0.517,
0.866,0.901,0.916,0.678,
0.833,0.86,0.878,0.642,
0.73,0.734,0.797,0.579,
0.727,0.763,0.799,0.579,
0.796,0.828,0.834,0.615,
0.754,0.77,0.811,0.573,
0.768,0.78,0.798,0.631,
0.677,0.689,0.718,0.57,
0.813,0.838,0.892,0.616,
0.874,0.923,0.958,0.609,
0.829,0.867,0.912,0.683,
0.672,0.681,0.721,0.531,
0.955,0.984,0.996,0.795,
0.766,0.788,0.794,0.633,
0.883,0.908,0.981,0.709,
0.814,0.828,0.902,0.69,
0.895,0.929,0.95,0.663,
0.674,0.682,0.735,0.56,
0.789,0.817,0.84,0.644,
0.819,0.833,0.906,0.711,
0.877,0.886,0.941,0.695,
0.719,0.731,0.752,0.591,
0.944,0.983,1,0.729,
0.905,0.931,0.946,0.754,
0.848,0.885,0.903,0.655,
0.804,0.82,0.843,0.699,
0.842,0.863,0.893,0.688,
0.78,0.782,0.899,0.616,
0.804,0.829,0.833,0.638,
0.765,0.776,0.795,0.619,
0.76,0.779,0.783,0.63,
0.794,0.807,0.826,0.721,
0.943,0.973,0.998,0.716,
0.758,0.78,0.787,0.622,
0.898,0.94,1,0.669,
0.745,0.76,0.769,0.632,
0.702,0.674,0.821,0.568,
0.782,0.801,0.829,0.673,
0.941,0.989,1,0.772,
0.715,0.71,0.852,0.509,
0.775,0.795,0.805,0.648,
0.745,0.754,0.8,0.607,
0.805,0.836,0.864,0.602,
0.739,0.76,0.796,0.605,
0.854,0.862,0.947,0.689,
0.735,0.746,0.761,0.625,
0.849,0.872,0.928,0.664,
0.758,0.762,0.807,0.666,
0.867,0.897,0.948,0.661,
0.777,0.796,0.88,0.62,
0.808,0.831,0.857,0.662,
0.767,0.8,0.821,0.554,
0.771,0.794,0.805,0.594,
0.877,0.903,0.921,0.735,
0.826,0.853,0.892,0.618,
0.789,0.811,0.824,0.641,
0.886,0.921,0.945,0.755,
0.817,0.841,0.854,0.688,
0.776,0.752,0.913,0.685,
0.842,0.843,0.958,0.659,
0.751,0.782,0.819,0.546,
0.793,0.81,0.883,0.574,
0.868,0.9,0.939,0.665,
0.684,0.7,0.71,0.543,
0.676,0.69,0.714,0.555,
0.782,0.793,0.81,0.66,
0.948,0.964,0.987,0.8,
0.809,0.829,0.843,0.669,
0.782,0.798,0.829,0.621,
0.815,0.839,0.857,0.673,
0.751,0.778,0.794,0.553,
0.705,0.736,0.775,0.534,
0.896,0.923,0.943,0.721,
0.844,0.863,0.88,0.687,
0.876,0.907,0.923,0.721,
0.901,0.911,0.936,0.759,
0.909,0.938,0.956,0.7,
0.805,0.837,0.854,0.618,
0.861,0.861,1,0.615,
0.78,0.788,0.842,0.657,
0.843,0.871,0.912,0.646,
0.754,0.762,0.792,0.662,
0.817,0.849,0.883,0.692,
0.861,0.873,0.907,0.685,
0.792,0.812,0.851,0.619,
0.899,0.915,0.955,0.728,
0.841,0.857,0.905,0.684,
0.812,0.853,0.877,0.594,
0.571,0.583,0.626,0.484,
0.776,0.796,0.823,0.651,
0.88,0.956,0.996,0.592,
0.665,0.643,0.767,0.602,
0.734,0.757,0.761,0.603,
0.789,0.809,0.824,0.666,
0.924,0.962,0.979,0.71,
0.778,0.802,0.828,0.609,
0.883,0.923,0.94,0.652,
0.818,0.838,0.87,0.672,
0.805,0.825,0.937,0.679,
0.735,0.768,0.78,0.572,
0.906,0.962,0.998,0.625,
0.731,0.74,0.811,0.515,
0.761,0.771,0.855,0.622,
0.908,0.929,0.981,0.705,
0.809,0.829,0.842,0.654,
0.745,0.752,0.819,0.634,
0.824,0.84,0.857,0.723,
0.792,0.819,0.825,0.633,
0.805,0.827,0.855,0.617,
0.815,0.835,0.845,0.662,
0.848,0.863,0.956,0.613,
0.757,0.773,0.798,0.618,
0.743,0.748,0.821,0.584,
0.767,0.781,0.806,0.636,
0.948,0.984,0.999,0.756,
0.92,0.948,0.965,0.725,
0.792,0.805,0.868,0.657,
0.749,0.776,0.784,0.577,
0.745,0.77,0.782,0.617,
0.738,0.737,0.817,0.61,
0.855,0.873,0.883,0.711,
0.892,0.911,0.975,0.7,
0.817,0.843,0.854,0.682,
0.769,0.782,0.816,0.634,
0.769,0.774,0.838,0.648,
0.843,0.889,0.908,0.615,
0.861,0.891,0.915,0.713,
0.903,0.94,0.952,0.692,
0.704,0.721,0.739,0.593,
0.702,0.71,0.765,0.597,
0.772,0.786,0.849,0.631,
0.716,0.73,0.75,0.583,
0.815,0.838,0.865,0.637,
0.833,0.853,0.862,0.648,
0.926,0.94,0.957,0.777,
0.897,0.918,1,0.667,
0.75,0.776,0.82,0.563,
0.914,0.933,1,0.786,
0.949,0.977,1,0.785,
0.91,0.944,0.956,0.703,
0.808,0.823,0.866,0.653,
0.84,0.881,0.891,0.694,
0.78,0.8,0.816,0.62,
0.818,0.837,0.918,0.711,
0.879,0.925,0.939,0.708,
0.854,0.875,0.925,0.682,
0.905,0.95,0.989,0.67,
0.7,0.719,0.732,0.562,
0.812,0.817,0.872,0.653,
0.769,0.802,0.845,0.616,
0.766,0.786,0.81,0.604,
0.832,0.845,0.866,0.692,
0.866,0.899,0.943,0.639,
0.664,0.694,0.708,0.537,
0.944,0.962,0.982,0.795,
0.787,0.804,0.902,0.632,
0.749,0.776,0.811,0.559,
0.72,0.752,0.773,0.512,
0.84,0.861,0.88,0.72,
0.868,0.869,0.924,0.728,
0.627,0.639,0.654,0.548,
0.689,0.709,0.732,0.545,
0.814,0.827,0.868,0.685,
0.776,0.798,0.802,0.641,
0.826,0.821,0.967,0.658,
0.795,0.821,0.838,0.631,
0.809,0.79,0.981,0.582,
0.783,0.81,0.857,0.629,
0.788,0.805,0.809,0.645,
0.744,0.762,0.781,0.622,
0.88,0.903,0.973,0.693,
0.629,0.643,0.65,0.546,
0.685,0.699,0.726,0.6,
0.757,0.776,0.798,0.632,
0.771,0.802,0.814,0.592,
0.689,0.68,0.826,0.562,
0.917,0.939,0.95,0.749,
0.814,0.835,0.904,0.605,
0.828,0.855,0.866,0.664,
0.782,0.799,0.87,0.645,
0.811,0.837,0.871,0.638,
0.869,0.889,0.922,0.719,
0.828,0.841,0.875,0.638,
0.837,0.857,0.956,0.615,
0.683,0.706,0.718,0.552,
0.876,0.905,0.917,0.692,
0.83,0.851,1,0.662,
0.849,0.851,1,0.574,
0.688,0.7,0.726,0.593,
0.799,0.827,0.839,0.633,
0.76,0.778,0.798,0.635,
0.905,0.929,0.943,0.734,
0.905,0.935,0.941,0.764,
0.717,0.732,0.742,0.591,
0.919,0.954,0.966,0.715,
0.754,0.778,0.785,0.597,
0.729,0.734,0.782,0.639,
0.727,0.74,0.78,0.626,
0.843,0.861,0.9,0.711,
0.792,0.79,0.885,0.633,
0.948,0.972,0.989,0.761,
0.676,0.704,0.717,0.548,
0.887,0.901,0.981,0.692,
0.775,0.754,0.902,0.621,
0.875,0.903,0.917,0.69,
0.905,0.966,0.982,0.637,
0.845,0.859,0.881,0.689,
0.733,0.761,0.779,0.563,
0.817,0.816,0.939,0.608,
0.757,0.776,0.794,0.595,
0.875,0.901,0.93,0.695,
0.742,0.773,0.785,0.584,
0.807,0.846,0.872,0.657,
0.765,0.785,0.791,0.643,
0.764,0.779,0.788,0.628,
0.836,0.87,0.891,0.629,
0.918,0.937,0.958,0.758,
0.874,0.931,0.949,0.66,
0.768,0.784,0.8,0.604,
0.828,0.853,0.865,0.656,
0.812,0.834,0.847,0.636,
0.842,0.847,1,0.586,
0.905,0.931,0.948,0.724,
0.82,0.841,0.869,0.663,
0.752,0.767,0.781,0.617,
0.77,0.788,0.819,0.635,
0.912,0.96,0.979,0.666,
0.74,0.763,0.783,0.58,
0.707,0.718,0.731,0.594,
0.916,0.95,0.962,0.698,
0.79,0.816,0.861,0.577,
0.869,0.899,0.994,0.621,
0.828,0.839,0.906,0.625,
0.743,0.764,0.776,0.614,
0.913,0.933,0.958,0.754,
0.785,0.808,0.83,0.657,
0.729,0.75,0.765,0.6,
0.923,0.962,1,0.678,
0.828,0.835,0.89,0.706,
0.76,0.758,0.896,0.612,
0.832,0.841,0.916,0.67,
0.752,0.778,0.81,0.602,
0.864,0.889,0.928,0.665,
0.775,0.776,0.869,0.654,
0.873,0.909,0.939,0.668,
0.786,0.77,0.923,0.602,
0.733,0.732,0.864,0.591,
0.89,0.911,0.922,0.736,
0.769,0.766,0.86,0.639,
0.813,0.833,0.85,0.669,
0.905,0.937,0.945,0.706,
0.777,0.798,0.8,0.666,
0.825,0.843,0.885,0.648,
0.933,0.955,1,0.821,
0.8,0.828,0.885,0.581,
0.683,0.699,0.741,0.54,
0.771,0.786,0.8,0.637,
0.798,0.817,0.848,0.69,
0.888,0.918,0.95,0.693,
0.641,0.651,0.68,0.543,
0.717,0.734,0.749,0.585,
0.76,0.758,0.863,0.604,
0.636,0.645,0.692,0.512,
0.859,0.881,0.892,0.723,
0.755,0.802,0.817,0.564,
0.771,0.798,0.851,0.606,
0.711,0.728,0.752,0.548,
0.927,0.97,0.984,0.693,
0.776,0.792,0.893,0.587,
0.9,0.917,1,0.702,
0.816,0.845,0.883,0.655,
0.876,0.877,0.956,0.72,
0.789,0.811,0.866,0.66,
0.864,0.872,0.94,0.706,
0.802,0.871,0.884,0.548,
0.861,0.901,0.94,0.655,
0.709,0.724,0.765,0.594,
0.831,0.843,0.894,0.721,
0.894,0.906,1,0.685,
0.714,0.739,0.752,0.583,
0.768,0.78,0.871,0.645,
0.706,0.723,0.754,0.516,
0.741,0.757,0.782,0.61,
0.887,0.91,0.949,0.701,
0.773,0.811,0.82,0.587,
0.776,0.784,0.836,0.649,
0.76,0.8,0.809,0.621,
0.793,0.818,0.848,0.594,
0.835,0.835,0.9,0.7,
0.853,0.88,0.889,0.682,
0.86,0.911,0.93,0.645,
0.842,0.866,0.889,0.703,
0.779,0.788,0.804,0.666,
0.677,0.663,0.807,0.54,
0.701,0.72,0.747,0.567,
0.843,0.868,0.896,0.66,
0.844,0.866,0.885,0.693,
0.837,0.851,0.863,0.695,
0.877,0.893,0.907,0.725,
0.771,0.808,0.834,0.549,
0.767,0.77,0.85,0.618,
0.799,0.815,0.83,0.659,
0.902,0.929,0.972,0.691,
0.849,0.885,0.903,0.655,
0.901,0.925,0.942,0.733,
0.905,0.924,0.946,0.76,
0.737,0.75,0.802,0.59,
0.806,0.833,0.865,0.626,
0.684,0.71,0.715,0.567,
0.693,0.714,0.716,0.575,
0.895,0.91,0.955,0.731,
0.746,0.786,0.801,0.539,
0.851,0.879,1,0.604,
0.828,0.869,0.905,0.597,
0.695,0.71,0.725,0.573,
0.847,0.871,0.901,0.713,
0.739,0.732,0.917,0.597,
0.84,0.875,0.888,0.636,
0.759,0.777,0.872,0.565,
0.803,0.823,0.837,0.709,
0.889,0.923,0.955,0.65,
0.817,0.839,0.862,0.658,
0.758,0.77,0.817,0.605,
0.88,0.889,0.949,0.756,
0.8,0.832,0.843,0.604,
0.897,0.935,0.982,0.631,
0.943,0.948,1,0.829,
0.728,0.732,0.77,0.602,
0.856,0.892,0.924,0.639,
0.727,0.74,0.784,0.581,
0.857,0.866,1,0.702,
0.777,0.796,0.825,0.612,
0.753,0.786,0.794,0.555,
0.862,0.883,0.899,0.695,
0.799,0.822,0.828,0.631,
0.846,0.875,0.892,0.678,
0.823,0.854,0.898,0.629,
0.781,0.794,0.861,0.617,
0.859,0.865,0.931,0.677,
0.697,0.712,0.718,0.589,
0.867,0.893,0.946,0.675,
0.772,0.798,0.812,0.632,
0.896,0.928,0.991,0.645,
0.905,0.917,0.958,0.734,
0.773,0.792,0.824,0.617,
0.76,0.776,0.788,0.653,
0.793,0.802,0.847,0.664,
0.674,0.704,0.755,0.534,
0.869,0.885,0.919,0.75,
0.789,0.81,0.839,0.627,
0.731,0.76,0.765,0.586,
0.874,0.903,0.924,0.7,
0.846,0.865,0.886,0.7,
0.902,0.899,1,0.769,
0.901,0.91,1,0.76,
0.816,0.845,0.869,0.642,
0.851,0.877,0.896,0.64,
0.814,0.814,0.949,0.698,
0.828,0.849,0.891,0.597,
0.89,0.903,0.95,0.716,
0.724,0.719,0.934,0.588,
0.866,0.883,0.942,0.755,
0.77,0.788,0.805,0.634,
0.738,0.742,0.877,0.581,
0.843,0.903,0.927,0.629,
0.849,0.878,0.887,0.64,
0.833,0.854,0.884,0.676,
0.777,0.808,1,0.579,
0.823,0.833,0.945,0.642,
0.833,0.883,0.892,0.651,
0.899,0.934,0.954,0.657,
0.85,0.885,0.903,0.714,
0.857,0.89,0.902,0.699,
0.768,0.782,0.806,0.612,
0.903,0.948,0.957,0.7,
0.898,0.919,0.932,0.733,
0.852,0.894,0.923,0.654,
0.672,0.696,0.708,0.537,
0.818,0.841,0.867,0.647,
0.827,0.853,0.861,0.703,
0.751,0.772,0.777,0.6,
0.749,0.767,0.775,0.624,
0.878,0.893,0.909,0.746,
0.768,0.788,0.808,0.612,
0.873,0.884,0.928,0.673,
0.831,0.849,0.91,0.688,
0.922,0.948,0.99,0.792,
0.821,0.855,0.912,0.606,
0.846,0.873,0.926,0.75,
0.886,0.913,0.928,0.712,
0.807,0.823,0.861,0.638,
0.84,0.85,1,0.641,
0.854,0.869,0.979,0.601,
0.702,0.718,0.727,0.593,
0.873,0.911,0.915,0.666,
0.775,0.79,0.804,0.64,
0.915,0.94,0.962,0.743,
0.908,0.935,0.949,0.715,
0.891,0.923,0.952,0.687,
0.84,0.863,0.919,0.667,
0.831,0.843,0.933,0.66,
0.744,0.768,0.785,0.594,
0.698,0.71,0.723,0.586,
0.898,0.917,0.921,0.757,
0.854,0.859,0.921,0.727,
0.936,0.972,0.995,0.785,
0.758,0.787,0.844,0.597,
0.774,0.782,0.928,0.575,
0.857,0.868,0.895,0.719,
0.828,0.847,0.857,0.681,
0.794,0.821,0.834,0.675,
0.904,0.921,1,0.672,
0.868,0.902,0.911,0.668,
0.895,0.913,0.936,0.729,
0.85,0.867,0.9,0.654,
0.925,0.945,1,0.709,
0.795,0.794,0.861,0.66,
0.906,0.935,0.953,0.755,
0.913,0.935,0.944,0.739,
0.902,0.921,0.989,0.655,
0.765,0.795,0.809,0.597,
0.864,0.885,0.902,0.71,
0.877,0.904,0.951,0.662,
0.841,0.858,0.876,0.692,
0.857,0.887,0.898,0.664,
0.806,0.812,0.847,0.65,
0.842,0.883,0.911,0.646,
0.838,0.849,0.922,0.625,
0.934,0.976,0.985,0.783,
0.849,0.873,0.878,0.709,
0.769,0.786,0.831,0.628,
0.843,0.891,0.937,0.657,
0.695,0.718,0.726,0.574,
0.915,0.942,0.983,0.794,
0.823,0.837,0.895,0.612,
0.895,0.946,0.961,0.64,
0.779,0.798,0.813,0.634,
0.861,0.883,0.944,0.675,
0.763,0.796,0.815,0.576,
0.9,0.978,0.996,0.644,
0.855,0.865,0.983,0.627,
0.842,0.861,0.917,0.69,
0.906,0.941,0.981,0.77,
0.752,0.789,0.817,0.543,
0.762,0.772,0.805,0.623,
0.808,0.82,0.911,0.632,
0.806,0.822,0.864,0.669,
0.914,0.944,0.961,0.744,
0.758,0.776,0.81,0.619,
0.836,0.85,0.891,0.684,
0.781,0.798,0.804,0.67,
0.835,0.869,0.906,0.625,
0.756,0.774,0.781,0.597,
0.896,0.921,0.929,0.753,
0.713,0.738,0.755,0.576,
0.924,0.953,0.979,0.711,
0.892,0.952,0.969,0.64,
0.919,0.947,0.986,0.717,
0.832,0.853,0.87,0.678,
0.873,0.883,0.919,0.726,
0.879,0.913,0.931,0.745,
0.828,0.856,0.901,0.647,
0.713,0.73,0.767,0.607,
0.901,0.916,0.958,0.783,
0.741,0.748,0.788,0.603,
0.787,0.794,0.883,0.633,
0.795,0.823,0.862,0.63,
0.712,0.714,0.911,0.576,
0.819,0.827,0.871,0.686,
0.699,0.77,0.786,0.486,
0.742,0.766,0.782,0.591,
0.745,0.763,0.811,0.549,
0.744,0.762,0.806,0.542,
0.802,0.829,0.84,0.658,
0.866,0.889,0.901,0.727,
0.931,0.956,0.972,0.781,
0.756,0.784,0.81,0.63,
0.79,0.821,0.829,0.607,
0.655,0.675,0.701,0.522,
0.837,0.863,0.907,0.671,
0.82,0.833,0.848,0.668,
0.759,0.774,0.791,0.613,
0.907,0.931,0.948,0.715,
0.709,0.698,0.947,0.568,
0.807,0.843,0.848,0.615,
0.768,0.776,0.81,0.621,
0.901,0.928,0.937,0.761,
0.802,0.818,0.937,0.616,
0.898,0.914,0.951,0.807,
0.935,0.972,0.987,0.806,
0.922,0.978,0.986,0.721,
0.831,0.854,0.863,0.699,
0.892,0.908,0.999,0.683,
0.844,0.853,0.917,0.688,
0.907,0.909,0.948,0.817,
0.686,0.7,0.759,0.599,
0.891,0.906,0.923,0.774,
0.94,0.968,0.986,0.817,
0.755,0.794,0.839,0.614,
0.863,0.873,0.926,0.747,
0.789,0.801,0.858,0.655,
0.854,0.886,0.899,0.731,
0.823,0.827,0.865,0.731,
0.874,0.887,0.985,0.646,
0.759,0.766,0.811,0.68,
0.769,0.792,0.816,0.636,
0.781,0.784,0.876,0.653,
0.847,0.847,0.929,0.698,
0.844,0.846,0.908,0.709,
0.734,0.748,0.814,0.615,
0.911,0.942,0.962,0.769,
0.761,0.775,0.83,0.627,
0.892,0.919,0.944,0.765,
0.909,0.941,0.958,0.771,
0.905,0.915,0.997,0.741,
0.773,0.786,0.819,0.689,
0.925,0.956,1,0.759,
0.812,0.827,0.836,0.704,
0.89,0.914,0.956,0.759,
0.87,0.894,0.917,0.712,
0.936,0.944,0.961,0.836,
0.807,0.825,0.881,0.712,
0.878,0.881,0.937,0.816,
0.818,0.829,0.854,0.696,
0.826,0.857,0.869,0.696,
0.877,0.926,0.95,0.683,
0.948,0.972,0.99,0.825,
0.826,0.831,0.908,0.66,
0.841,0.876,0.884,0.685,
0.913,0.942,1,0.717,
0.839,0.862,0.88,0.713,
0.843,0.804,1,0.681,
0.833,0.867,0.888,0.674,
0.879,0.931,0.95,0.679,
0.819,0.831,0.853,0.728,
0.943,0.966,1,0.83,
0.828,0.859,0.864,0.695,
0.938,0.953,0.978,0.817,
0.949,0.969,0.985,0.824,
0.881,0.903,0.953,0.69,
0.931,0.953,0.966,0.777,
0.789,0.783,0.95,0.567,
0.869,0.906,0.92,0.708,
0.782,0.79,0.842,0.667,
0.935,0.933,1,0.79,
0.775,0.791,0.812,0.673,
0.91,0.94,0.954,0.767,
0.836,0.865,0.888,0.722,
0.838,0.867,0.907,0.674,
0.791,0.861,0.902,0.588,
0.868,0.875,0.912,0.782,
0.875,0.902,0.931,0.765,
0.752,0.771,0.79,0.658,
0.859,0.881,0.895,0.733,
0.754,0.748,0.827,0.673,
0.798,0.825,0.841,0.695,
0.854,0.905,1,0.59,
0.813,0.823,0.887,0.652,
0.828,0.853,0.874,0.715,
0.731,0.744,0.803,0.641,
0.935,0.948,0.973,0.822,
0.739,0.754,0.776,0.633,
0.746,0.758,0.781,0.646,
0.948,0.978,0.996,0.83,
0.806,0.832,0.873,0.667,
0.838,0.835,0.919,0.772,
0.86,0.886,0.935,0.672,
0.787,0.797,0.891,0.582,
0.867,0.906,0.931,0.743,
0.919,0.932,0.973,0.791,
0.85,0.845,1,0.655,
0.788,0.798,0.82,0.694,
0.824,0.842,0.862,0.741,
0.948,0.974,1,0.756,
0.919,0.94,0.965,0.788,
0.841,0.871,0.9,0.744,
0.794,0.816,0.842,0.651,
0.79,0.798,0.852,0.716,
0.864,0.877,0.932,0.726,
0.819,0.802,0.965,0.724,
0.967,0.987,1,0.819,
0.907,0.939,0.989,0.74,
0.69,0.685,0.748,0.621,
0.817,0.839,0.901,0.666,
0.927,0.953,0.99,0.774,
0.865,0.881,0.917,0.746,
0.85,0.869,0.885,0.733,
0.884,0.903,0.924,0.762,
0.784,0.803,0.883,0.589,
0.867,0.875,0.977,0.724,
0.865,0.875,0.92,0.738,
0.709,0.729,0.763,0.614,
0.709,0.717,0.751,0.642,
0.855,0.873,0.903,0.741,
0.918,0.925,1,0.739,
0.8,0.821,0.839,0.697,
0.877,0.899,0.916,0.741,
0.816,0.825,0.85,0.677,
0.771,0.778,0.853,0.688,
0.733,0.744,0.763,0.628,
0.801,0.821,0.851,0.663,
0.857,0.899,0.925,0.651,
0.839,0.852,0.907,0.729,
0.84,0.838,1,0.637,
0.787,0.78,0.84,0.716,
0.734,0.751,0.772,0.652,
0.872,0.887,0.931,0.734,
0.805,0.82,0.846,0.684,
0.805,0.809,0.879,0.655,
0.841,0.861,0.916,0.66,
0.841,0.841,0.962,0.69,
0.921,0.966,0.996,0.699,
0.859,0.883,1,0.669,
0.835,0.872,0.887,0.66,
0.87,0.889,1,0.693,
0.869,0.891,0.919,0.755,
0.87,0.893,0.928,0.75,
0.802,0.8,0.91,0.677,
0.857,0.907,0.993,0.702,
0.851,0.861,0.895,0.732,
0.811,0.837,0.859,0.703,
0.858,0.877,0.91,0.718,
0.852,0.883,0.925,0.708,
0.942,0.958,0.992,0.804,
0.882,0.907,0.926,0.77,
0.904,0.927,0.98,0.704,
0.82,0.831,0.905,0.676,
0.759,0.758,0.861,0.631,
0.703,0.73,0.75,0.62,
0.904,0.913,0.976,0.751,
0.769,0.782,0.883,0.608,
0.758,0.78,0.808,0.626,
0.931,0.944,1,0.785,
0.843,0.865,0.888,0.722,
0.854,0.869,0.879,0.737,
0.891,0.914,0.936,0.746,
0.912,0.935,0.986,0.754,
0.92,0.947,0.999,0.813,
0.903,0.893,0.994,0.807,
0.925,0.966,0.982,0.72,
0.843,0.863,0.903,0.678,
0.83,0.836,0.874,0.739,
0.91,0.95,1,0.7,
0.888,0.928,0.961,0.696,
0.779,0.794,0.813,0.666,
0.774,0.781,0.808,0.679,
0.927,0.952,0.977,0.745,
0.929,0.951,1,0.749,
0.853,0.875,0.927,0.694,
0.921,0.95,1,0.797,
0.921,0.944,0.998,0.8,
0.92,0.933,0.955,0.806,
0.781,0.793,0.901,0.651,
0.794,0.829,0.89,0.686,
0.898,0.909,0.956,0.766,
0.839,0.855,0.87,0.721,
0.884,0.911,0.976,0.73,
0.846,0.862,0.891,0.715,
0.865,0.893,1,0.669,
0.879,0.895,1,0.718,
0.897,0.945,0.964,0.73,
0.888,0.952,1,0.657,
0.912,0.941,0.98,0.767,
0.76,0.775,0.807,0.671,
0.772,0.764,0.861,0.654,
0.887,0.912,0.954,0.722,
0.866,0.881,0.912,0.744,
0.909,0.933,0.985,0.784,
0.825,0.842,0.863,0.701,
0.868,0.894,0.94,0.708,
0.842,0.858,0.88,0.712,
0.828,0.852,0.891,0.727,
0.863,0.871,0.906,0.744,
0.828,0.815,0.909,0.713,
0.89,0.898,0.932,0.777,
0.888,0.884,0.944,0.804,
0.888,0.892,0.952,0.749,
0.857,0.879,0.907,0.763,
0.845,0.853,0.937,0.708,
0.738,0.748,0.802,0.642,
0.868,0.891,0.929,0.724,
0.857,0.879,0.899,0.722,
0.886,0.911,0.95,0.807,
0.722,0.704,0.818,0.572,
0.874,0.9,0.922,0.699,
0.88,0.903,0.917,0.733,
0.868,0.913,0.95,0.681,
0.856,0.878,0.91,0.774,
0.887,0.901,0.989,0.708,
0.771,0.776,0.808,0.666,
0.752,0.775,0.797,0.658,
0.888,0.929,0.944,0.735,
0.932,0.972,0.997,0.749,
0.9,0.94,0.953,0.718,
0.837,0.853,0.877,0.726,
0.811,0.82,0.853,0.728,
0.909,0.93,0.958,0.786,
0.82,0.842,0.873,0.688,
0.878,0.901,0.915,0.765,
0.833,0.847,0.86,0.724,
0.833,0.862,0.898,0.724,
0.896,0.937,0.942,0.725,
0.856,0.896,0.965,0.632,
0.872,0.896,0.929,0.736,
0.94,0.951,0.989,0.822,
0.955,0.972,0.985,0.806,
0.873,0.899,0.964,0.693,
0.822,0.838,0.869,0.703,
0.828,0.835,0.92,0.669,
0.828,0.855,0.874,0.698,
0.903,0.918,1,0.698,
0.762,0.778,0.803,0.68,
0.763,0.776,0.79,0.664,
0.881,0.903,0.957,0.687,
0.943,0.951,1,0.841,
0.896,0.899,0.969,0.771,
0.674,0.696,0.718,0.585,
0.894,0.921,0.957,0.738,
0.787,0.815,0.842,0.646,
0.826,0.845,0.85,0.729,
0.846,0.853,0.911,0.752,
0.863,0.891,0.911,0.698,
0.825,0.845,0.877,0.709,
0.828,0.823,0.881,0.763,
0.775,0.796,0.844,0.678,
0.894,0.895,0.957,0.813,
0.891,0.926,0.936,0.745,
0.819,0.824,0.932,0.693,
0.864,0.875,0.985,0.674,
0.739,0.752,0.801,0.629,
0.877,0.881,1,0.681,
0.818,0.805,0.93,0.682,
0.692,0.688,0.796,0.584,
0.743,0.766,0.783,0.637,
0.849,0.883,0.903,0.682,
0.785,0.796,0.833,0.696,
0.851,0.869,0.881,0.745,
0.955,0.99,0.996,0.842,
0.915,0.925,0.963,0.815,
0.884,0.908,0.935,0.787,
0.94,0.962,0.993,0.796,
0.803,0.825,0.875,0.644,
0.894,0.912,0.984,0.751,
0.828,0.807,0.957,0.682,
0.866,0.893,0.934,0.744,
0.837,0.847,0.902,0.678,
0.826,0.841,0.883,0.707,
0.899,0.93,0.951,0.74,
0.838,0.859,0.876,0.715,
0.922,0.972,0.994,0.691,
0.913,0.938,1,0.678,
0.823,0.824,0.912,0.675,
0.89,0.919,0.952,0.79,
0.834,0.842,0.936,0.651,
0.815,0.839,0.849,0.709,
0.868,0.896,0.952,0.694,
0.756,0.758,0.856,0.632,
0.799,0.834,0.908,0.594,
0.776,0.788,0.819,0.675,
0.853,0.847,0.951,0.723,
0.872,0.875,0.951,0.766,
0.797,0.807,0.917,0.711,
0.84,0.851,0.875,0.718,
0.896,0.928,1,0.725,
0.802,0.823,0.832,0.715,
0.847,0.841,0.941,0.732,
0.912,0.938,0.982,0.755,
0.755,0.787,0.81,0.645,
0.862,0.885,1,0.648,
0.93,0.952,0.987,0.799,
0.903,0.915,0.947,0.784,
0.779,0.798,0.807,0.673,
0.945,0.968,0.986,0.837,
0.852,0.872,0.943,0.709,
0.901,0.925,0.956,0.783,
0.944,0.964,0.979,0.809,
0.896,0.875,0.988,0.772,
0.786,0.841,0.877,0.62,
0.796,0.813,0.834,0.666,
0.801,0.827,0.855,0.646,
0.752,0.749,0.825,0.659,
0.645,0.631,0.77,0.531,
0.846,0.863,0.951,0.677,
0.824,0.854,0.904,0.656,
0.91,0.925,0.959,0.764,
0.734,0.758,0.766,0.617,
0.827,0.843,0.889,0.687,
0.877,0.902,0.926,0.747,
0.768,0.773,0.819,0.68,
0.822,0.835,0.942,0.635,
0.719,0.742,0.766,0.602,
0.829,0.855,0.876,0.669,
0.715,0.728,0.745,0.612,
0.776,0.799,0.812,0.681,
0.787,0.823,0.845,0.694,
0.798,0.817,0.88,0.672,
0.807,0.814,0.834,0.719,
0.909,0.929,0.992,0.741,
0.892,0.938,0.96,0.751,
0.875,0.881,0.988,0.683,
0.92,0.954,0.987,0.797,
0.829,0.825,0.897,0.729,
0.933,0.957,1,0.766,
0.821,0.841,0.891,0.624,
0.797,0.806,0.839,0.666,
0.771,0.784,0.813,0.663,
0.868,0.885,0.955,0.763,
0.826,0.871,0.89,0.649,
0.843,0.867,0.872,0.735,
0.834,0.877,0.897,0.669,
0.78,0.774,0.864,0.692,
0.83,0.866,0.9,0.694,
0.688,0.692,0.726,0.609,
0.929,0.948,0.959,0.811,
0.761,0.768,0.857,0.666,
0.759,0.78,0.799,0.597,
0.859,0.876,0.921,0.724,
0.75,0.756,0.782,0.661,
0.782,0.797,0.886,0.666,
0.864,0.876,0.929,0.77,
0.939,0.977,1,0.825,
0.832,0.849,0.908,0.711,
0.865,0.879,0.929,0.723,
0.802,0.824,0.856,0.649,
0.702,0.716,0.744,0.6,
0.86,0.9,0.928,0.624,
0.849,0.867,0.903,0.768,
0.871,0.893,0.918,0.758,
0.784,0.804,0.863,0.663,
0.692,0.708,0.754,0.594,
0.823,0.834,0.85,0.734,
0.748,0.734,0.861,0.632,
0.781,0.792,0.842,0.659,
0.791,0.798,0.816,0.676,
0.734,0.768,0.779,0.593,
0.805,0.81,0.894,0.673,
0.782,0.786,0.844,0.733,
0.852,0.889,0.914,0.668,
0.897,0.886,1,0.814,
0.791,0.796,0.838,0.683,
0.912,0.968,1,0.639,
0.854,0.888,0.923,0.737,
0.9,0.913,1,0.735,
0.807,0.754,0.938,0.69,
0.896,0.911,1,0.734,
0.786,0.821,0.916,0.631,
0.756,0.772,0.788,0.667,
0.891,0.898,0.995,0.741,
0.835,0.857,0.884,0.658,
0.75,0.771,0.797,0.598,
0.901,0.925,0.987,0.736,
0.814,0.832,0.867,0.69,
0.797,0.8,0.88,0.697,
0.832,0.844,0.942,0.685,
0.927,0.96,1,0.722,
0.887,0.898,0.944,0.784,
0.741,0.766,0.772,0.662,
0.833,0.857,0.868,0.706,
0.902,0.915,0.949,0.795,
0.811,0.81,0.937,0.642,
0.835,0.851,0.87,0.72,
0.896,0.923,0.994,0.794,
0.881,0.909,0.969,0.692,
0.89,0.935,0.99,0.733,
0.784,0.814,0.88,0.589,
0.836,0.849,0.947,0.686,
0.835,0.855,0.873,0.759,
0.904,0.919,0.971,0.711,
0.838,0.831,1,0.621,
0.943,0.95,0.989,0.852,
0.891,0.913,0.981,0.633,
0.844,0.867,0.89,0.66,
0.886,0.911,0.924,0.738,
0.922,0.968,0.978,0.692,
0.752,0.776,0.799,0.612,
0.757,0.777,0.846,0.576,
0.85,0.928,0.951,0.551,
0.747,0.762,0.789,0.619,
0.833,0.85,0.858,0.683,
0.827,0.839,0.899,0.646,
0.821,0.857,0.866,0.624,
0.81,0.825,0.849,0.655,
0.851,0.874,0.893,0.678,
0.788,0.795,0.859,0.646,
0.762,0.774,0.803,0.632,
0.803,0.819,0.84,0.652,
0.725,0.72,0.86,0.581,
0.755,0.765,0.821,0.612,
0.797,0.829,0.85,0.581,
0.821,0.839,0.869,0.653,
0.855,0.881,0.905,0.67,
0.91,0.914,1,0.819,
0.785,0.793,0.819,0.66,
0.666,0.617,0.8,0.587,
0.771,0.738,0.916,0.602,
0.896,0.942,1,0.616,
0.73,0.755,0.778,0.567,
0.9,0.917,0.938,0.736,
0.798,0.82,0.834,0.671,
0.819,0.843,0.88,0.665,
0.811,0.833,0.847,0.666,
0.767,0.801,0.807,0.597,
0.947,0.982,1,0.83,
0.848,0.883,0.985,0.692,
0.797,0.819,0.85,0.635,
0.815,0.865,0.892,0.689,
0.824,0.839,0.903,0.664,
0.787,0.78,0.916,0.664,
0.851,0.878,0.985,0.619,
0.859,0.861,0.986,0.696,
0.894,0.916,0.964,0.73,
0.797,0.822,0.843,0.661,
0.795,0.805,0.846,0.689,
0.9,0.929,0.946,0.776,
0.892,0.917,1,0.742,
0.767,0.802,0.827,0.615,
0.758,0.772,0.81,0.643,
0.787,0.823,0.831,0.672,
0.84,0.843,0.919,0.65,
0.822,0.827,0.921,0.693,
0.771,0.796,0.806,0.634,
0.842,0.87,0.883,0.708,
0.77,0.794,0.804,0.624,
0.851,0.875,0.905,0.685,
0.8,0.816,0.829,0.656,
0.799,0.81,0.836,0.66,
0.862,0.913,0.952,0.619,
0.847,0.872,0.886,0.689,
0.816,0.854,0.867,0.671,
0.878,0.894,0.909,0.728,
0.791,0.815,0.831,0.676,
0.817,0.837,0.848,0.697,
0.79,0.812,0.827,0.621,
0.759,0.774,0.797,0.613,
0.781,0.8,0.82,0.674,
0.798,0.79,0.903,0.676,
0.809,0.818,0.839,0.713,
0.845,0.875,0.889,0.717,
0.802,0.804,0.887,0.65,
0.911,0.929,0.97,0.737,
0.959,0.981,1,0.817,
0.836,0.852,0.891,0.699,
0.851,0.873,0.899,0.712,
0.908,0.911,1,0.785,
0.911,0.925,0.977,0.755,
0.873,0.886,0.965,0.772,
0.802,0.801,0.851,0.709,
0.823,0.833,0.86,0.736,
0.82,0.829,0.891,0.687,
0.758,0.776,0.81,0.683,


0.928,0.963,0.997,0.743,
0.841,0.861,1,0.68,
0.884,0.907,0.953,0.689,
0.896,0.878,1,0.819,
0.803,0.81,1,0.586,
0.908,0.909,1,0.721,
0.896,0.965,1,0.647,
0.828,0.877,1,0.632,
0.865,0.875,1,0.622,
0.844,0.844,1,0.675,
0.924,0.958,1,0.671,
0.839,0.847,1,0.597,
0.823,0.841,1,0.585,
0.804,0.806,1,0.642,
0.892,0.916,0.977,0.681,
0.858,0.901,0.939,0.649,
0.808,0.809,1,0.573,
0.917,0.956,1,0.702,
0.846,0.838,1,0.693,
0.899,0.948,1,0.599,
0.794,0.766,1,0.68,
0.923,0.977,1,0.681,
0.938,0.976,1,0.772,
0.904,0.919,1,0.666,
0.893,0.877,0.993,0.745,
0.891,0.952,1,0.587,
0.866,0.883,1,0.688,
0.907,0.877,1,0.795,
0.914,0.919,1,0.682,
0.925,0.96,0.993,0.777,
0.903,0.944,1,0.646,
0.854,0.864,0.936,0.712,
0.841,0.871,0.885,0.71,
0.938,0.985,1,0.782,
0.804,0.798,0.898,0.625,
0.919,0.956,0.975,0.706,
0.833,0.863,0.935,0.653,
0.851,0.847,1,0.667,
0.851,0.857,1,0.658,
0.838,0.851,1,0.619,
0.804,0.775,1,0.659,
0.878,0.896,1,0.702,
0.801,0.821,0.923,0.627,
0.892,0.909,1,0.721,
0.702,0.726,0.948,0.521,
0.867,0.948,0.996,0.583,
0.838,0.889,1,0.607,
0.88,0.922,0.994,0.682,
0.846,0.833,1,0.627,
0.766,0.759,1,0.5,
0.931,0.965,1,0.723,
0.934,0.962,1,0.728,
0.774,0.77,1,0.627,
0.791,0.788,0.984,0.603,
0.88,0.893,1,0.674,
0.804,0.823,1,0.617,
0.812,0.794,1,0.716,
0.865,0.883,1,0.599,
0.822,0.825,1,0.644,
0.908,0.927,1,0.733,
0.825,0.873,0.913,0.714,
0.743,0.726,1,0.575,
0.936,0.962,1,0.795,
0.894,0.942,1,0.658,
0.892,0.91,0.966,0.709,
0.805,0.821,0.913,0.661,
0.931,0.982,1,0.718,
0.79,0.779,1,0.617,
0.908,0.972,1,0.717,
0.847,0.847,0.967,0.711,
0.939,0.96,1,0.767,
0.804,0.827,0.966,0.569,
0.923,0.947,0.989,0.692,
0.925,0.944,1,0.754,
0.886,0.903,1,0.726,
0.863,0.804,1,0.745,
0.917,0.966,1,0.744,
0.766,0.765,0.884,0.662,
0.883,0.908,1,0.64,
0.898,0.933,1,0.631,
0.808,0.784,1,0.63,
0.882,0.891,1,0.706,
0.927,0.96,1,0.716,
0.923,0.974,1,0.755,
0.928,0.957,0.995,0.744,
0.823,0.825,1,0.685,
0.733,0.752,0.883,0.553,
0.845,0.863,0.951,0.673,
0.942,0.994,0.999,0.772,
0.871,0.911,1,0.63,
0.848,0.871,1,0.669,
0.872,0.907,1,0.605,
0.831,0.824,0.95,0.716,
0.883,0.915,1,0.742,
0.9,0.926,1,0.689,
0.779,0.77,0.99,0.613,
0.92,0.946,1,0.757,
0.876,0.908,1,0.671,
0.91,0.925,1,0.714,
0.841,0.853,1,0.592,
0.841,0.87,1,0.553,
0.811,0.841,1,0.57,
0.862,0.909,1,0.588,
0.917,0.953,1,0.735,
0.869,0.901,1,0.615,
0.87,0.909,0.954,0.665,
0.924,0.954,1,0.751,
0.904,0.891,1,0.809,
0.86,0.905,0.951,0.64,
0.917,0.978,1,0.657,
0.708,0.696,0.909,0.546,
0.814,0.813,1,0.592,
0.825,0.847,0.895,0.665,
0.754,0.762,1,0.61,
0.688,0.638,0.887,0.538,
0.924,0.95,0.991,0.707,
0.965,0.992,1,0.8,
0.878,0.876,0.99,0.738,
0.855,0.869,1,0.697,
0.855,0.872,1,0.657,
0.806,0.808,1,0.607,
0.766,0.756,1,0.591,
0.923,0.966,1,0.732,
0.941,0.976,1,0.774,
0.938,0.954,1,0.792,
0.919,0.923,1,0.759,
0.934,0.976,1,0.692,
0.915,0.935,1,0.766,
0.898,0.944,0.986,0.684,
0.909,0.94,1,0.724,
0.892,0.885,1,0.684,
0.821,0.821,1,0.73,
0.818,0.858,0.897,0.632,
0.846,0.823,0.99,0.714,
0.906,0.951,1,0.626,
0.932,0.964,1,0.728,
0.828,0.811,1,0.684,
0.86,0.868,1,0.638,
0.722,0.754,1,0.46,
0.848,0.906,0.966,0.675,
0.857,0.913,1,0.596,
0.732,0.73,1,0.515,
0.784,0.756,1,0.64,
0.827,0.825,1,0.716,
0.906,0.925,0.983,0.681,
0.843,0.859,1,0.61,
0.915,0.951,1,0.778,
0.895,0.938,0.992,0.66,
0.913,0.949,1,0.744,
0.798,0.804,1,0.615,
0.907,0.934,1,0.625,
0.767,0.769,1,0.561,
0.78,0.793,0.898,0.629,
0.919,0.933,1,0.709,
0.889,0.902,1,0.655,
0.819,0.835,1,0.658,
0.933,0.947,1,0.825,
0.889,0.944,1,0.674,
0.898,0.954,1,0.595,
0.941,0.988,1,0.708,
0.857,0.889,0.992,0.662,
0.808,0.807,0.985,0.648,
0.752,0.784,0.961,0.584,
0.788,0.798,0.835,0.673,
0.946,0.965,1,0.756,
0.939,0.986,1,0.796,
0.812,0.815,1,0.657,
0.889,0.962,1,0.578,
0.816,0.811,1,0.58,
0.835,0.899,0.985,0.616,
0.938,0.98,1,0.743,
0.932,0.972,1,0.742,
0.896,0.932,1,0.691,
0.885,0.883,1,0.659,
0.891,0.938,1,0.663,
0.856,0.883,1,0.625,
0.901,0.949,1,0.715,
0.96,0.972,1,0.844,
0.81,0.829,1,0.647,
0.824,0.887,0.953,0.59,
0.766,0.754,1,0.604,
0.752,0.734,1,0.649,
0.861,0.851,1,0.598,
0.912,0.959,1,0.686,
0.962,0.978,1,0.847,
0.89,0.936,0.965,0.659,
0.813,0.804,1,0.565,
0.928,0.958,1,0.786,
0.959,0.976,0.997,0.785,
0.939,0.956,1,0.813,
0.812,0.819,0.892,0.653,
0.832,0.875,1,0.602,
0.844,0.81,1,0.733,
0.837,0.821,0.961,0.719,
0.893,0.911,0.993,0.732,
0.916,0.939,1,0.746,
0.912,0.938,1,0.727,
0.757,0.778,1,0.534,
0.847,0.838,1,0.717,
0.842,0.857,1,0.669,
0.904,0.909,1,0.697,
0.884,0.877,1,0.692,
0.858,0.873,1,0.672,
0.758,0.748,1,0.574,
0.95,0.965,1,0.795,
0.792,0.778,0.946,0.677,
0.816,0.836,1,0.621,
0.829,0.868,1,0.565,
0.92,0.964,1,0.71,
0.879,0.889,1,0.756,
0.762,0.751,1,0.576,
0.743,0.748,1,0.595,
0.903,0.912,1,0.748,
0.839,0.807,1,0.641,
0.816,0.81,0.93,0.683,
0.824,0.841,1,0.664,
0.811,0.821,1,0.582,
0.807,0.81,0.987,0.629,
0.857,0.855,1,0.647,
0.859,0.864,1,0.697,
0.906,0.938,0.997,0.74,
0.842,0.879,1,0.513,
0.849,0.922,1,0.544,
0.814,0.816,0.966,0.631,
0.897,0.924,1,0.735,
0.773,0.804,1,0.562,
0.92,0.935,1,0.749,
0.856,0.892,1,0.657,
0.87,0.875,1,0.703,
0.823,0.789,1,0.678,
0.889,0.896,1,0.721,
0.924,0.952,0.999,0.769,
0.82,0.815,1,0.724,
0.822,0.813,1,0.615,
0.769,0.784,1,0.507,
0.903,0.946,1,0.693,
0.781,0.796,0.851,0.626,
0.897,0.913,0.963,0.734,
0.846,0.893,1,0.629,
0.89,0.97,1,0.587,
0.873,0.903,1,0.623,
0.9,0.923,1,0.734,
0.937,0.986,1,0.764,
0.863,0.903,0.964,0.597,
0.935,0.959,1,0.794,
0.89,0.929,1,0.66,
0.791,0.789,1,0.639,
0.838,0.882,1,0.626,
0.912,0.966,1,0.75,
0.923,0.941,0.998,0.775,
0.943,0.972,1,0.761,
0.758,0.673,1,0.641,
0.923,0.902,1,0.858,
0.88,0.913,1,0.647,
0.934,0.978,1,0.744,
0.912,0.923,1,0.733,
0.921,0.953,1,0.689,
0.84,0.918,1,0.589,
0.865,0.871,1,0.608,
0.826,0.815,1,0.66,
0.928,0.974,1,0.688,
0.875,0.916,1,0.618,
0.887,0.901,1,0.708,
0.845,0.841,1,0.676,
0.862,0.894,1,0.627,
0.884,0.915,1,0.758,
0.945,0.957,1,0.758,
0.866,0.867,1,0.69,
0.913,0.968,1,0.602,
0.865,0.881,1,0.648,
0.883,0.907,1,0.639,
0.83,0.883,0.972,0.66,
0.953,0.982,1,0.776,
0.915,0.966,1,0.684,
0.843,0.846,1,0.611,
0.823,0.835,0.964,0.635,
0.896,0.929,0.98,0.666,
0.812,0.879,1,0.609,
0.83,0.924,1,0.594,
0.927,0.952,1,0.718,
0.821,0.81,1,0.619,
0.878,0.897,0.966,0.67,
0.915,0.966,1,0.698,
0.788,0.764,1,0.622,
0.954,0.986,1,0.784,
0.883,0.963,1,0.682,
0.901,0.975,1,0.61,
0.869,0.873,0.918,0.806,
0.896,0.93,1,0.629,
0.788,0.8,0.876,0.628,
0.93,0.968,1,0.778,
0.855,0.929,1,0.583,
0.855,0.859,1,0.745,
0.874,0.912,1,0.607,
0.911,0.934,1,0.737,
0.759,0.727,0.895,0.602,
0.836,0.883,0.927,0.597,
0.932,0.98,1,0.819,
0.769,0.784,0.91,0.594,
0.864,0.871,0.968,0.644,
0.913,0.931,0.986,0.76,
0.831,0.826,1,0.699,
0.866,0.861,0.988,0.741,
0.929,0.951,0.98,0.821,
0.865,0.889,1,0.705,
0.914,0.976,1,0.654,
0.89,0.925,1,0.637,
0.831,0.802,1,0.658,
0.915,0.966,1,0.684,
0.803,0.811,1,0.598,
0.824,0.814,1,0.626,
0.812,0.826,0.914,0.626,
0.771,0.781,1,0.623,
0.889,0.89,1,0.786,
0.797,0.86,1,0.573,
0.937,0.968,1,0.786,
0.812,0.819,1,0.548,
0.896,0.894,0.989,0.729,
0.793,0.784,0.914,0.624,
0.903,0.903,0.997,0.71,
0.897,0.944,1,0.655,
0.894,0.881,1,0.758,
0.823,0.853,0.896,0.66,
0.889,0.913,0.962,0.706,
0.825,0.857,1,0.587,
0.859,0.863,0.983,0.648,
0.851,0.863,1,0.577,
0.819,0.815,0.993,0.721,
0.895,0.899,0.995,0.728,
0.858,0.873,1,0.634,
0.832,0.844,0.892,0.713,
0.808,0.827,1,0.577,
0.858,0.901,1,0.645,
0.908,0.949,1,0.701,
0.855,0.881,1,0.706,
0.786,0.8,0.832,0.667,
0.858,0.924,1,0.601,
0.886,0.885,1,0.658,
0.939,0.965,1,0.756,
0.887,0.891,1,0.694,
0.898,0.918,1,0.737,
0.938,0.967,1,0.774,
0.897,0.879,0.999,0.693,
0.852,0.898,1,0.588,
0.818,0.871,1,0.543,
0.904,0.921,1,0.739,
0.862,0.853,1,0.693,
0.927,0.96,1,0.695,
0.927,0.944,1,0.703,
0.908,0.943,1,0.702,
0.868,0.895,1,0.671,
0.801,0.817,1,0.659,
0.872,0.889,1,0.691,
0.95,0.97,1,0.821,
0.942,0.978,1,0.745,
0.917,0.929,1,0.846,
0.879,0.925,1,0.59,
0.802,0.831,0.933,0.641,
0.722,0.728,1,0.518,
0.802,0.802,1,0.607,
0.92,0.944,0.992,0.807,
0.791,0.765,0.992,0.572,
0.854,0.869,0.961,0.664,
0.918,0.957,1,0.624,
0.795,0.786,1,0.625,
0.931,0.946,1,0.819,
0.756,0.702,0.909,0.603,
0.897,0.913,1,0.714,
0.777,0.783,1,0.59,
0.827,0.808,0.97,0.701,
0.931,0.972,1,0.736,
0.903,0.941,1,0.69,
0.888,0.964,1,0.658,
0.954,0.952,1,0.908,
0.782,0.805,0.819,0.676,
0.902,0.92,1,0.714,
0.932,0.96,0.985,0.829,
0.922,0.961,1,0.731,
0.872,0.869,0.999,0.724,
0.774,0.762,1,0.636,
0.851,0.875,0.937,0.667,
0.841,0.845,1,0.618,
0.782,0.82,1,0.523,
0.92,0.944,1,0.726,
0.729,0.688,1,0.588,
0.889,0.889,1,0.754,
0.899,0.972,1,0.63,
0.803,0.808,1,0.633,
0.899,0.925,1,0.674,
0.776,0.802,0.984,0.589,
0.827,0.835,0.932,0.675,
0.879,0.962,1,0.607,
0.904,0.912,1,0.73,
0.934,0.976,1,0.811,
0.857,0.846,1,0.679,
0.802,0.778,0.998,0.681,
0.913,0.948,0.994,0.659,
0.759,0.738,1,0.565,
0.904,0.917,1,0.75,
0.847,0.831,1,0.609,
0.876,0.925,1,0.581,
0.913,0.939,1,0.758,
0.883,0.874,1,0.71,
0.915,0.934,0.993,0.774,
0.896,0.907,0.977,0.76,
0.829,0.83,1,0.657,
0.93,0.974,1,0.74,
0.835,0.837,0.963,0.69,
0.845,0.836,1,0.727,
0.919,0.923,1,0.735,
0.786,0.835,0.88,0.562,
0.866,0.878,0.927,0.755,
0.809,0.839,1,0.646,
0.807,0.832,1,0.536,
0.897,0.944,0.998,0.641,
0.902,0.931,1,0.68,
0.899,0.936,1,0.746,
0.751,0.749,0.912,0.604,
0.833,0.825,1,0.673,
0.934,0.963,1,0.783,
0.919,0.948,1,0.703,
0.856,0.846,0.998,0.714,
0.883,0.886,0.984,0.764,
0.886,0.928,1,0.619,
0.939,0.984,1,0.763,
0.864,0.847,0.963,0.776,
0.828,0.838,1,0.627,
0.895,0.976,1,0.554,
0.905,0.945,1,0.66,
0.846,0.847,1,0.703,
0.819,0.815,1,0.596,
0.864,0.954,1,0.611,
0.94,0.976,1,0.717,
0.88,0.915,1,0.69,
0.946,0.963,1,0.849,
0.906,0.948,1,0.712,
0.925,0.952,1,0.792,
0.898,0.936,1,0.705,
0.855,0.847,1,0.753,
0.927,0.95,1,0.797,
0.94,0.976,1,0.775,
0.852,0.869,0.97,0.641,
0.856,0.854,1,0.601,
0.796,0.75,1,0.696,
0.866,0.902,0.913,0.666,
0.887,0.95,1,0.65,
0.945,0.984,1,0.761,
0.914,0.952,0.997,0.684,
0.921,0.927,1,0.798,
0.85,0.847,0.99,0.667,
0.889,0.864,1,0.784,
0.807,0.764,1,0.649,
0.838,0.87,0.941,0.688,
0.939,0.968,1,0.757,
0.934,0.965,0.999,0.727,
0.932,0.961,1,0.811,
0.851,0.891,1,0.64,
0.788,0.779,0.959,0.628,
0.931,0.959,1,0.719,
0.948,0.984,1,0.789,
0.911,0.96,1,0.647,
0.946,0.978,0.994,0.799,
0.913,0.949,1,0.745,
0.93,0.958,1,0.746,
0.885,0.892,1,0.655,
0.902,0.917,0.946,0.712,
0.89,0.923,0.962,0.758,
0.933,0.964,0.984,0.755,
0.916,0.935,1,0.798,
0.915,0.954,1,0.741,
0.805,0.801,1,0.724,
0.904,0.919,1,0.783,
0.901,0.925,1,0.662,
0.91,0.943,1,0.69,
0.903,0.977,1,0.731,
0.867,0.887,1,0.659,
0.921,0.977,1,0.655,
0.898,0.933,1,0.696,
0.945,0.994,1,0.79,
0.904,0.934,1,0.709,
0.909,0.972,1,0.661,
0.862,0.888,1,0.687,
0.762,0.75,1,0.667,
0.924,0.948,1,0.794,
0.853,0.847,0.981,0.661,
0.917,0.958,1,0.688,
0.847,0.865,0.984,0.622,
0.855,0.843,1,0.675,
0.886,0.953,1,0.644,
0.905,0.893,1,0.768,
0.848,0.861,1,0.67,
0.854,0.868,0.914,0.69,
0.898,0.903,1,0.754,
0.818,0.903,1,0.578,
0.89,0.919,1,0.65,
0.836,0.837,0.971,0.632,
0.858,0.855,0.971,0.67,
0.931,0.984,1,0.744,
0.808,0.823,0.924,0.64,
0.934,0.975,1,0.698,
0.842,0.843,0.967,0.69,
0.863,0.905,0.96,0.625,
0.897,0.952,1,0.596,
0.948,0.988,1,0.753,
0.814,0.871,1,0.589,
0.922,0.939,1,0.797,
0.868,0.853,1,0.645,
0.926,0.966,1,0.78,
0.862,0.873,0.994,0.678,
0.928,0.942,0.992,0.726,
0.908,0.98,1,0.741,
0.849,0.875,1,0.66,
0.813,0.814,0.976,0.643,
0.912,0.899,1,0.783,
0.847,0.861,0.979,0.599,
0.794,0.782,0.917,0.635,
0.84,0.863,0.975,0.662,
0.772,0.818,0.941,0.562,
0.836,0.833,0.986,0.697,
0.79,0.765,1,0.574,
0.731,0.712,1,0.647,
0.778,0.768,1,0.688,
0.831,0.798,1,0.632,
0.879,0.925,1,0.691,
0.874,0.943,1,0.689,
0.963,0.982,1,0.869,
0.799,0.815,1,0.659,
0.861,0.901,1,0.66,
0.776,0.795,1,0.612,
0.895,0.946,1,0.671,
0.919,0.954,1,0.679,
0.899,0.951,1,0.613,
0.94,0.972,1,0.755,
0.84,0.879,0.957,0.591,
0.858,0.878,1,0.685,
0.838,0.827,1,0.621,
0.93,0.959,1,0.715,
0.861,0.891,1,0.673,
0.934,0.976,1,0.807,
0.95,0.964,1,0.834,
0.945,0.974,1,0.768,
0.881,0.864,1,0.804,
0.833,0.847,1,0.687,
0.889,0.921,1,0.726,
0.962,0.986,1,0.822,
0.738,0.722,1,0.527,
0.914,0.917,1,0.774,
0.935,0.971,0.986,0.817,
0.754,0.75,1,0.546,
0.886,0.873,1,0.733,
0.874,0.875,1,0.685,
0.854,0.838,1,0.679,
0.903,0.967,1,0.723,
0.875,0.857,1,0.714,
0.777,0.782,1,0.629,
0.811,0.807,1,0.731,
0.751,0.728,0.902,0.643,
0.854,0.917,1,0.6,
0.921,0.967,1,0.744,
0.781,0.786,0.952,0.667,
0.946,0.986,1,0.757,
0.73,0.734,0.781,0.627,
0.915,0.974,1,0.771,
0.925,0.966,1,0.791,
0.876,0.879,1,0.741,
0.857,0.956,1,0.661,
0.908,0.933,0.979,0.784,
0.931,0.966,1,0.657,
0.852,0.903,0.957,0.583,
0.83,0.827,1,0.568,
0.952,0.972,1,0.836,
0.872,0.849,1,0.819,
0.899,0.933,1,0.758,
0.93,0.966,1,0.725,
0.853,0.851,1,0.67,
0.85,0.881,1,0.663,
0.943,0.972,1,0.823,
0.808,0.775,1,0.734,
0.837,0.851,1,0.661,
0.855,0.897,0.927,0.685,
0.823,0.793,1,0.662,
0.835,0.869,0.897,0.681,
0.898,0.955,1,0.686,
0.875,0.891,1,0.705,
0.823,0.796,1,0.738,
0.925,0.941,0.984,0.83,
0.891,0.909,1,0.76,
0.951,0.952,1,0.888,
0.948,0.965,0.996,0.824,
0.904,0.935,1,0.713,
0.924,0.963,1,0.689,
0.822,0.817,1,0.672,
0.843,0.858,1,0.678,
0.864,0.875,1,0.713,
0.89,0.907,0.931,0.79,
0.851,0.859,1,0.745,
0.917,0.945,1,0.77,
0.907,0.919,1,0.79,
0.847,0.831,1,0.715,
0.824,0.856,1,0.6,
0.876,0.883,1,0.782,
0.908,0.98,1,0.753,
0.856,0.897,1,0.735,
0.933,0.97,1,0.736,
0.891,0.903,1,0.774,
0.787,0.768,1,0.66,
0.804,0.819,0.925,0.659,
0.892,0.924,1,0.692,
0.836,0.863,1,0.674,
0.783,0.792,0.926,0.56,
0.966,0.967,1,0.926,
0.853,0.885,1,0.645,
0.775,0.69,1,0.636,
0.956,0.974,1,0.844,
0.832,0.826,1,0.658,
0.859,0.882,0.921,0.772,
0.875,0.882,1,0.741,
0.847,0.875,1,0.578,
0.884,0.917,1,0.692,
0.947,0.977,1,0.78,
0.852,0.873,0.96,0.644,
0.84,0.91,1,0.693,
0.879,0.846,1,0.735,
0.916,0.946,1,0.756,
0.921,0.934,1,0.788,
0.888,0.903,1,0.698,
0.818,0.806,1,0.727,
0.82,0.842,0.896,0.726,
0.88,0.872,1,0.781,
0.83,0.841,0.996,0.728,
0.922,0.929,0.982,0.848,
0.855,0.853,0.982,0.736,
0.897,0.939,1,0.634,
0.785,0.741,1,0.691,
0.948,0.957,1,0.851,
0.94,0.961,1,0.826,
0.914,0.932,1,0.738,
0.953,0.98,1,0.775,
0.776,0.754,1,0.719,
0.878,0.879,1,0.742,
0.853,0.816,1,0.731,
0.834,0.814,1,0.59,
0.801,0.762,1,0.72,
0.933,0.944,1,0.791,
0.925,0.96,0.98,0.731,
0.867,0.861,1,0.697,
0.92,0.962,1,0.774,
0.902,0.966,1,0.717,
0.775,0.79,0.835,0.685,
0.788,0.705,1,0.62,
0.893,0.921,1,0.683,
0.821,0.791,1,0.72,
0.876,0.891,1,0.754,
0.854,0.855,1,0.637,
0.877,0.873,1,0.716,
0.797,0.77,1,0.682,
0.937,0.969,1,0.784,
0.782,0.788,1,0.68,
0.836,0.871,1,0.65,
0.866,0.868,1,0.684,
0.854,0.879,1,0.704,
0.834,0.829,0.881,0.78,
0.9,0.921,0.992,0.721,
0.914,0.923,1,0.802,
0.862,0.891,0.917,0.692,
0.915,0.956,1,0.755,
0.927,0.968,1,0.779,
0.826,0.792,1,0.677,
0.907,0.938,1,0.723,
0.944,0.967,1,0.736,
0.79,0.782,0.943,0.62,
0.86,0.883,1,0.703,
0.828,0.826,1,0.589,
0.936,0.957,1,0.804,
0.85,0.835,1,0.769,
0.828,0.815,1,0.704,
0.872,0.855,1,0.665,
0.807,0.793,1,0.664,
0.884,0.903,1,0.62,
0.837,0.897,0.956,0.597,
0.869,0.879,1,0.574,
0.837,0.849,1,0.65,
0.927,0.936,0.987,0.846,
0.904,0.928,1,0.705,
0.862,0.792,1,0.715,
0.942,0.952,1,0.865,
0.881,0.905,1,0.722,
0.94,0.968,1,0.821,
0.9,0.877,1,0.79,
0.859,0.872,1,0.738,
0.883,0.895,1,0.721,
0.849,0.847,1,0.749,
0.873,0.889,0.952,0.7,
0.915,0.947,1,0.719,
0.859,0.901,1,0.657,
0.747,0.722,1,0.66,
0.891,0.909,1,0.749,
0.82,0.881,0.964,0.632,
0.847,0.851,1,0.627,
0.927,0.968,0.991,0.76,
0.935,0.956,1,0.8,
0.971,0.968,1,0.93,
0.728,0.703,0.906,0.585,
0.802,0.81,1,0.673,
0.886,0.925,1,0.707,
0.921,0.97,1,0.806,
0.915,0.95,1,0.752,
0.884,0.887,1,0.706,
0.851,0.832,0.965,0.762,
0.905,0.885,0.999,0.787,
0.87,0.896,1,0.646,
0.86,0.881,0.985,0.663,
0.897,0.919,1,0.787,
0.841,0.857,1,0.665,
0.922,0.959,1,0.785,
0.91,0.945,1,0.762,
0.882,0.883,0.963,0.742,
0.837,0.848,0.947,0.715,
0.909,0.907,1,0.821,
0.939,0.977,1,0.761,
0.853,0.858,1,0.652,
0.874,0.897,1,0.595,
0.87,0.839,1,0.779,
0.838,0.932,1,0.602,
0.942,0.97,1,0.762,
0.928,0.932,1,0.849,
0.902,0.899,1,0.775,
0.916,0.957,1,0.763,
0.907,0.972,1,0.755,
0.83,0.802,1,0.588,
0.882,0.859,1,0.753,
0.877,0.911,1,0.686,
0.894,0.897,1,0.791,
0.751,0.752,1,0.635,
0.915,0.958,1,0.756,
0.953,0.982,1,0.78,
0.84,0.846,1,0.683,
0.854,0.877,0.907,0.753,
0.918,0.955,1,0.772,
0.823,0.865,1,0.627,
0.887,0.951,1,0.678,
0.918,0.935,1,0.735,
0.913,0.977,1,0.748,
0.93,0.988,1,0.7,
0.922,0.956,1,0.714,
0.873,0.899,1,0.649,
0.922,0.968,1,0.777,
0.842,0.837,1,0.734,
0.887,0.881,1,0.798,
0.915,0.909,1,0.801,
0.852,0.849,1,0.74,
0.905,0.92,1,0.78,
0.871,0.891,1,0.707,
0.898,0.933,1,0.668,
0.945,0.964,1,0.822,
0.937,0.966,1,0.718,
0.858,0.851,1,0.698,
0.858,0.861,1,0.703,
0.886,0.887,1,0.683,
0.925,0.954,1,0.755,
0.84,0.815,0.954,0.772,
0.764,0.773,0.809,0.711,
0.902,0.952,1,0.666,
0.894,0.931,1,0.731,
0.956,0.974,1,0.882,
0.924,0.962,1,0.758,
0.779,0.756,1,0.657,
0.868,0.915,1,0.687,
0.755,0.724,1,0.637,
0.868,0.917,1,0.725,
0.872,0.885,1,0.738,
0.884,0.919,0.963,0.704,
0.912,0.944,1,0.688,
0.885,0.902,0.987,0.78,
0.768,0.772,0.884,0.678,
0.908,0.901,1,0.846,
0.939,0.977,1,0.761,
0.785,0.774,1,0.699,
0.903,0.91,1,0.765,
0.788,0.808,1,0.618,
0.835,0.831,0.936,0.706,
0.802,0.837,0.864,0.614,
0.765,0.758,0.91,0.667,
0.788,0.754,1,0.644,
0.911,0.961,1,0.696,
0.784,0.78,0.948,0.662,
0.928,0.937,1,0.811,
0.931,0.961,1,0.784,
0.956,0.964,1,0.866,
0.946,0.984,1,0.824,
0.934,0.942,1,0.783,
0.883,0.922,1,0.679,
0.856,0.875,0.994,0.72,
0.871,0.864,1,0.732,
0.844,0.873,1,0.616,
0.79,0.774,1,0.678,
0.893,0.927,1,0.692,
0.913,0.936,1,0.747,
0.928,0.958,1,0.798,
0.9,0.961,1,0.73,
0.909,0.955,0.968,0.673,
0.8,0.847,1,0.528,
0.922,0.953,1,0.809,
0.843,0.821,1,0.608,
0.869,0.859,1,0.759,
0.879,0.905,1,0.702,
0.774,0.766,1,0.59,
0.824,0.825,0.959,0.633,
0.782,0.769,1,0.725,
0.891,0.921,0.978,0.746,
0.903,0.921,0.983,0.794,
0.847,0.833,1,0.645,
0.919,0.975,1,0.742,
0.9,0.911,0.994,0.699,
0.897,0.902,1,0.768,
0.891,0.9,1,0.667,
0.872,0.901,0.949,0.65,
0.809,0.851,1,0.671,
0.84,0.851,0.949,0.708,
0.89,0.877,1,0.799,
0.915,0.923,0.968,0.784,
0.884,0.942,1,0.642,
0.955,0.972,0.996,0.837,
0.868,0.876,1,0.703,
0.892,0.932,1,0.729,
0.948,0.954,1,0.886,
0.936,0.973,1,0.708,
0.902,0.938,1,0.701,
0.886,0.916,1,0.676,
0.814,0.767,1,0.617,
0.773,0.758,1,0.601,
0.666,0.682,0.825,0.527,
0.793,0.806,1,0.659,
0.893,0.962,1,0.684,
0.92,0.923,0.976,0.806,
0.911,0.919,1,0.761,
0.873,0.863,1,0.735,
0.938,0.98,1,0.815,
0.783,0.72,1,0.641,
0.841,0.844,1,0.667,
0.785,0.742,1,0.642,
0.863,0.889,1,0.683,
0.763,0.793,1,0.599,
0.913,0.938,1,0.715,
0.823,0.797,1,0.652,
0.819,0.815,1,0.616,
0.823,0.857,1,0.624,
0.9,0.914,1,0.741,
0.877,0.89,0.995,0.744,
0.907,0.946,1,0.763,
0.906,0.927,1,0.688,
0.877,0.861,1,0.793,
0.885,0.919,0.98,0.709,
0.861,0.925,1,0.646,
0.873,0.865,1,0.726,
0.866,0.873,1,0.693,
0.865,0.882,1,0.763,
0.858,0.857,1,0.692,
0.906,0.93,1,0.738,
0.899,0.942,1,0.716,
0.794,0.815,1,0.647,
0.865,0.849,1,0.692,
0.777,0.827,1,0.613,
0.947,0.95,1,0.891,
0.775,0.78,0.934,0.633,
0.846,0.863,1,0.72,
0.886,0.896,1,0.715,
0.81,0.77,1,0.705,
0.812,0.781,1,0.726,
0.869,0.899,0.929,0.718,
0.965,0.982,0.998,0.833,
0.853,0.849,0.993,0.754,
0.902,0.938,1,0.703,
0.779,0.718,1,0.641,
0.764,0.804,1,0.593,
0.893,0.901,1,0.674,
0.887,0.842,1,0.768,
0.934,0.966,1,0.774,
0.855,0.854,1,0.771,
0.72,0.661,1,0.595,
0.852,0.883,1,0.702,
0.807,0.784,1,0.627,
0.785,0.79,1,0.555,
0.868,0.85,1,0.735,
0.712,0.728,1,0.559,
0.847,0.847,0.985,0.72,
0.823,0.78,1,0.708,
0.881,0.897,1,0.74,
0.914,0.932,0.975,0.812,
0.818,0.77,1,0.716,
0.868,0.863,0.982,0.689,
0.905,0.946,1,0.726,
0.899,0.917,0.967,0.736,
0.816,0.794,0.947,0.698,
0.873,0.905,0.974,0.739,
0.861,0.864,1,0.698,
0.789,0.782,1,0.607,
0.901,0.945,1,0.741,
0.893,0.931,1,0.71,
0.786,0.872,1,0.558,
0.913,0.96,1,0.78,
0.828,0.76,1,0.674,
0.781,0.776,1,0.64,
0.86,0.903,1,0.706,
0.858,0.853,0.992,0.767,
0.92,0.929,1,0.784,
0.808,0.798,1,0.682,
0.837,0.782,1,0.692,
0.832,0.837,0.87,0.729,
0.781,0.747,1,0.542,
0.855,0.871,0.951,0.72,
0.886,0.938,1,0.613,
0.828,0.825,1,0.662,
0.886,0.887,0.971,0.81,
0.784,0.76,1,0.634,
0.834,0.853,1,0.636,
0.874,0.897,0.996,0.695,
0.93,0.961,1,0.792,
0.904,0.925,0.978,0.705,
0.936,0.95,0.994,0.838,
0.905,0.914,0.997,0.683,
0.863,0.871,1,0.66,
0.948,0.96,1,0.852,
0.88,0.911,0.957,0.694,
0.839,0.897,1,0.636,
0.807,0.829,1,0.569,
0.843,0.882,1,0.555,
0.794,0.81,1,0.619,
0.912,0.935,1,0.752,
0.871,0.923,1,0.675,
0.841,0.873,1,0.646,
0.882,0.911,0.977,0.653,
0.915,0.958,1,0.671,
0.87,0.885,1,0.646,
0.919,0.968,1,0.627,
0.899,0.958,1,0.64,
0.758,0.744,0.959,0.656,
0.794,0.792,1,0.588,
0.808,0.81,1,0.651,
0.828,0.829,1,0.67,
0.896,0.903,1,0.721,
0.912,0.915,0.987,0.806,
0.825,0.79,0.951,0.66,
0.782,0.774,0.893,0.591,
0.808,0.865,0.905,0.602,
0.847,0.865,0.95,0.648,
0.893,0.905,1,0.681,
0.933,0.95,1,0.767,
0.884,0.909,1,0.71,
0.893,0.961,1,0.645,
0.889,0.927,1,0.666,
0.866,0.921,1,0.603,
0.91,0.921,0.986,0.809,
0.902,0.935,1,0.738,
0.914,0.952,1,0.652,
0.869,0.929,1,0.67,
0.793,0.771,1,0.689,
0.838,0.861,0.896,0.697,
0.791,0.8,0.982,0.675,
0.863,0.899,1,0.68,
0.932,0.949,1,0.727,
0.866,0.909,1,0.644,
0.834,0.802,1,0.675,
0.91,0.943,1,0.626,
0.914,0.944,0.981,0.789,
0.805,0.797,1,0.636,
0.822,0.816,1,0.728,
0.828,0.814,1,0.611,
0.906,0.96,1,0.694,
0.834,0.843,0.919,0.724,
0.864,0.873,1,0.733,
0.899,0.944,0.986,0.73,
0.913,0.982,1,0.626,
0.923,0.949,1,0.687,
0.842,0.841,0.991,0.718,
0.922,0.956,1,0.755,
0.873,0.906,1,0.623,
0.923,0.951,1,0.743,
0.897,0.94,1,0.67,
0.94,0.977,0.996,0.777,
0.879,0.874,1,0.686,
0.841,0.864,0.953,0.696,
0.811,0.781,1,0.65,
0.798,0.777,0.992,0.627,
0.824,0.8,1,0.652,
0.822,0.81,1,0.654,
0.859,0.845,1,0.731,
0.888,0.889,1,0.762,
0.917,0.978,1,0.695,
0.943,0.971,1,0.777,
0.949,0.974,0.997,0.861,
0.884,0.92,1,0.615,
0.858,0.85,1,0.791,
0.892,0.88,0.967,0.823,
0.891,0.933,1,0.718,
0.91,0.905,1,0.812,
0.865,0.903,0.94,0.709,
0.788,0.725,1,0.661,
0.899,0.875,1,0.817,
0.824,0.824,1,0.664,




Further Data analysis of all test cases 
avg med max min 
AVGs,0.54,0.537,0.675,0.401,
MEDs,0.53,0.526,0.685,0.385,
MAXs,0.642,0.639,0.823,0.455,
MINs,0.507,0.504,0.652,0.369,


AVGs,0.825,0.828,0.967,0.571,
MEDs,0.844,0.846,0.99,0.583,
MAXs,0.888,0.893,1,0.626,
MINs,0.673,0.67,0.852,0.484,


AVGs,0.868,0.874,0.971,0.666,
MEDs,0.885,0.896,0.994,0.638,
MAXs,0.989,1,1,0.781,
MINs,0.694,0.692,0.93,0.46,



