

Data analysis for each instance 
AVG,MED,MAX,MIN
0.522,0.5,0.64,0.489,
0.539,0.524,0.66,0.509,
0.538,0.516,0.662,0.502,
0.583,0.566,0.725,0.532,
0.626,0.602,0.767,0.579,
0.61,0.581,0.752,0.569,
0.504,0.482,0.593,0.478,
0.445,0.425,0.534,0.416,
0.499,0.492,0.598,0.461,
0.615,0.601,0.73,0.547,
0.629,0.621,0.755,0.58,
0.624,0.606,0.75,0.578,
0.525,0.508,0.644,0.49,
0.57,0.562,0.699,0.531,
0.638,0.617,0.774,0.591,
0.483,0.466,0.608,0.458,
0.503,0.48,0.653,0.454,
0.547,0.528,0.691,0.504,
0.604,0.588,0.776,0.531,
0.635,0.627,0.754,0.586,
0.587,0.574,0.711,0.541,
0.626,0.607,0.76,0.587,
0.485,0.473,0.59,0.447,
0.575,0.563,0.706,0.526,
0.565,0.542,0.703,0.523,
0.522,0.506,0.634,0.489,
0.524,0.504,0.662,0.485,
0.597,0.583,0.729,0.556,
0.558,0.539,0.678,0.528,
0.519,0.505,0.633,0.487,
0.541,0.526,0.646,0.51,
0.598,0.579,0.769,0.55,
0.595,0.563,0.776,0.543,
0.524,0.504,0.643,0.495,
0.602,0.569,0.759,0.564,
0.655,0.649,0.776,0.598,
0.566,0.542,0.698,0.535,
0.583,0.558,0.741,0.545,
0.552,0.534,0.694,0.521,
0.568,0.553,0.692,0.524,
0.606,0.593,0.738,0.567,
0.527,0.506,0.646,0.489,
0.557,0.548,0.672,0.517,
0.587,0.573,0.705,0.547,
0.526,0.526,0.628,0.482,
0.637,0.623,0.774,0.595,
0.621,0.6,0.743,0.568,
0.6,0.579,0.757,0.531,
0.628,0.617,0.759,0.581,
0.482,0.471,0.597,0.434,
0.561,0.538,0.688,0.531,
0.521,0.508,0.637,0.485,
0.549,0.532,0.673,0.516,
0.519,0.51,0.641,0.485,
0.603,0.585,0.695,0.572,
0.56,0.547,0.676,0.52,
0.59,0.577,0.728,0.552,
0.467,0.447,0.573,0.434,
0.582,0.571,0.69,0.528,
0.521,0.494,0.647,0.49,
0.569,0.55,0.742,0.511,
0.512,0.499,0.628,0.474,
0.595,0.577,0.778,0.534,
0.572,0.554,0.701,0.531,
0.605,0.576,0.751,0.57,
0.583,0.582,0.705,0.513,
0.5,0.484,0.612,0.471,
0.538,0.525,0.661,0.504,
0.596,0.576,0.726,0.571,
0.637,0.616,0.779,0.592,
0.527,0.512,0.651,0.502,
0.546,0.536,0.656,0.509,
0.635,0.621,0.768,0.6,
0.578,0.54,0.769,0.521,
0.536,0.512,0.66,0.504,
0.589,0.577,0.726,0.539,
0.573,0.557,0.71,0.534,
0.581,0.567,0.766,0.524,
0.5,0.493,0.602,0.464,
0.497,0.489,0.6,0.465,
0.575,0.56,0.724,0.517,
0.512,0.5,0.629,0.482,
0.611,0.589,0.75,0.578,
0.526,0.506,0.643,0.501,
0.484,0.473,0.581,0.448,
0.552,0.534,0.701,0.515,
0.505,0.494,0.62,0.478,
0.648,0.637,0.773,0.593,
0.578,0.554,0.711,0.54,
0.502,0.485,0.615,0.461,
0.609,0.589,0.749,0.572,
0.511,0.499,0.614,0.476,
0.537,0.525,0.653,0.492,
0.484,0.465,0.598,0.447,
0.615,0.595,0.743,0.56,
0.65,0.639,0.763,0.619,
0.594,0.567,0.737,0.557,
0.523,0.511,0.642,0.491,
0.581,0.575,0.614,0.565,
0.542,0.528,0.647,0.507,
0.533,0.518,0.678,0.503,
0.576,0.554,0.689,0.529,
0.5,0.483,0.61,0.454,
0.613,0.597,0.765,0.575,
0.539,0.525,0.646,0.508,
0.519,0.499,0.636,0.484,
0.536,0.521,0.667,0.493,
0.563,0.552,0.687,0.521,
0.656,0.643,0.836,0.586,
0.599,0.584,0.694,0.536,
0.51,0.502,0.639,0.443,
0.59,0.581,0.681,0.558,
0.529,0.524,0.645,0.474,
0.576,0.558,0.699,0.542,
0.642,0.621,0.775,0.61,
0.521,0.512,0.617,0.49,
0.543,0.516,0.689,0.509,
0.585,0.572,0.719,0.545,
0.511,0.499,0.622,0.475,
0.568,0.544,0.708,0.542,
0.532,0.511,0.667,0.504,
0.521,0.505,0.657,0.48,
0.515,0.502,0.618,0.468,
0.514,0.495,0.636,0.483,
0.544,0.526,0.67,0.512,
0.615,0.587,0.762,0.574,
0.521,0.499,0.632,0.485,
0.54,0.516,0.658,0.511,
0.532,0.506,0.655,0.499,
0.57,0.555,0.695,0.532,
0.522,0.499,0.643,0.488,
0.559,0.538,0.696,0.519,
0.595,0.579,0.754,0.556,
0.585,0.56,0.725,0.554,
0.486,0.471,0.592,0.465,
0.563,0.538,0.715,0.526,
0.582,0.554,0.736,0.531,
0.561,0.536,0.7,0.531,
0.484,0.471,0.594,0.441,
0.596,0.587,0.741,0.543,
0.549,0.532,0.653,0.512,
0.574,0.561,0.704,0.506,
0.595,0.573,0.739,0.535,
0.586,0.56,0.732,0.552,
0.563,0.549,0.673,0.53,
0.57,0.544,0.738,0.529,
0.527,0.506,0.659,0.494,
0.557,0.53,0.683,0.524,
0.586,0.568,0.718,0.539,
0.489,0.471,0.602,0.461,
0.468,0.461,0.56,0.425,
0.512,0.493,0.625,0.475,
0.556,0.534,0.67,0.525,
0.555,0.534,0.71,0.504,
0.56,0.546,0.676,0.518,
0.562,0.538,0.687,0.532,
0.519,0.501,0.643,0.486,
0.53,0.51,0.647,0.496,
0.501,0.48,0.612,0.46,
0.532,0.514,0.65,0.501,
0.498,0.469,0.621,0.458,
0.579,0.563,0.719,0.544,
0.513,0.501,0.626,0.466,
0.604,0.586,0.734,0.563,
0.621,0.607,0.789,0.584,
0.618,0.595,0.745,0.585,
0.609,0.589,0.757,0.555,
0.558,0.538,0.672,0.524,
0.563,0.544,0.688,0.529,
0.584,0.563,0.721,0.544,
0.577,0.556,0.711,0.544,
0.526,0.513,0.648,0.483,
0.582,0.568,0.735,0.519,
0.547,0.534,0.658,0.505,
0.599,0.583,0.735,0.565,
0.561,0.554,0.611,0.528,
0.6,0.583,0.753,0.548,
0.506,0.487,0.628,0.484,
0.528,0.514,0.653,0.49,
0.581,0.559,0.708,0.538,
0.587,0.569,0.733,0.531,
0.583,0.56,0.728,0.539,
0.547,0.54,0.618,0.51,
0.501,0.477,0.617,0.473,
0.582,0.558,0.731,0.536,
0.603,0.577,0.752,0.569,
0.576,0.564,0.7,0.551,
0.603,0.597,0.757,0.54,
0.628,0.632,0.754,0.546,
0.527,0.514,0.648,0.496,
0.639,0.631,0.779,0.577,
0.605,0.588,0.756,0.549,
0.562,0.546,0.678,0.538,
0.647,0.648,0.755,0.588,
0.602,0.575,0.753,0.552,
0.517,0.491,0.65,0.484,
0.569,0.554,0.703,0.524,
0.521,0.493,0.64,0.489,
0.542,0.518,0.665,0.503,
0.582,0.56,0.732,0.537,
0.492,0.468,0.603,0.458,
0.6,0.583,0.724,0.542,
0.571,0.546,0.703,0.537,
0.541,0.522,0.676,0.497,
0.627,0.613,0.792,0.587,
0.606,0.589,0.741,0.576,
0.528,0.514,0.648,0.501,
0.495,0.485,0.578,0.428,
0.607,0.581,0.792,0.536,
0.583,0.563,0.716,0.528,
0.588,0.581,0.704,0.545,
0.632,0.615,0.763,0.592,
0.571,0.546,0.706,0.534,
0.572,0.545,0.703,0.533,
0.631,0.623,0.768,0.588,
0.575,0.55,0.699,0.534,
0.539,0.52,0.689,0.483,
0.606,0.588,0.766,0.567,
0.536,0.524,0.649,0.501,
0.554,0.542,0.676,0.522,
0.597,0.583,0.78,0.543,
0.497,0.487,0.61,0.465,
0.511,0.496,0.629,0.478,
0.644,0.613,0.786,0.602,
0.527,0.507,0.645,0.495,
0.457,0.442,0.566,0.425,
0.607,0.581,0.77,0.562,
0.546,0.525,0.673,0.513,
0.557,0.538,0.664,0.527,
0.571,0.551,0.688,0.53,
0.521,0.512,0.666,0.459,
0.561,0.538,0.7,0.534,
0.566,0.546,0.694,0.514,
0.595,0.577,0.722,0.556,
0.569,0.549,0.705,0.54,
0.596,0.568,0.728,0.561,
0.611,0.595,0.758,0.574,
0.437,0.424,0.534,0.403,
0.596,0.569,0.742,0.563,
0.527,0.512,0.644,0.493,
0.572,0.557,0.693,0.532,
0.611,0.591,0.75,0.58,
0.592,0.578,0.776,0.531,
0.655,0.637,0.777,0.623,
0.522,0.492,0.703,0.46,
0.548,0.534,0.652,0.521,
0.545,0.534,0.676,0.508,
0.51,0.491,0.63,0.476,
0.592,0.581,0.726,0.546,
0.513,0.504,0.64,0.471,
0.593,0.569,0.758,0.537,
0.557,0.546,0.673,0.521,
0.546,0.527,0.654,0.518,
0.476,0.446,0.625,0.438,
0.581,0.561,0.707,0.539,
0.516,0.498,0.641,0.477,
0.524,0.502,0.64,0.494,
0.519,0.513,0.623,0.475,
0.564,0.544,0.677,0.522,
0.531,0.508,0.63,0.497,
0.542,0.528,0.663,0.504,
0.561,0.541,0.687,0.533,
0.572,0.546,0.715,0.522,
0.586,0.565,0.733,0.555,
0.618,0.601,0.759,0.58,
0.53,0.516,0.637,0.501,
0.555,0.528,0.703,0.512,
0.56,0.543,0.684,0.53,
0.534,0.521,0.661,0.495,
0.598,0.587,0.716,0.57,
0.604,0.577,0.741,0.572,
0.53,0.518,0.654,0.48,
0.553,0.536,0.678,0.522,
0.563,0.542,0.695,0.534,
0.531,0.522,0.645,0.489,
0.612,0.595,0.767,0.576,
0.556,0.536,0.674,0.504,
0.6,0.59,0.747,0.555,
0.662,0.651,0.79,0.616,
0.512,0.488,0.656,0.478,
0.518,0.504,0.616,0.487,
0.522,0.502,0.652,0.491,
0.52,0.5,0.633,0.488,
0.609,0.587,0.77,0.555,
0.627,0.599,0.763,0.573,
0.641,0.633,0.778,0.591,
0.574,0.556,0.699,0.533,
0.555,0.534,0.671,0.515,
0.605,0.591,0.713,0.554,
0.573,0.549,0.714,0.532,
0.523,0.509,0.634,0.491,
0.601,0.588,0.719,0.558,
0.617,0.603,0.723,0.568,
0.555,0.545,0.686,0.52,
0.553,0.536,0.687,0.52,
0.604,0.591,0.734,0.557,
0.559,0.536,0.688,0.528,
0.591,0.571,0.733,0.55,
0.582,0.567,0.727,0.539,
0.561,0.54,0.684,0.525,
0.569,0.552,0.693,0.534,
0.563,0.544,0.697,0.521,
0.597,0.587,0.732,0.543,
0.619,0.614,0.781,0.573,
0.577,0.575,0.718,0.511,
0.452,0.431,0.56,0.428,
0.491,0.47,0.611,0.463,
0.555,0.532,0.692,0.508,
0.598,0.578,0.734,0.554,
0.483,0.459,0.592,0.451,
0.524,0.51,0.643,0.493,
0.544,0.521,0.67,0.517,
0.547,0.536,0.66,0.51,
0.616,0.585,0.754,0.578,
0.584,0.56,0.705,0.546,
0.45,0.438,0.552,0.429,
0.635,0.618,0.763,0.592,
0.56,0.536,0.71,0.522,
0.564,0.559,0.696,0.498,
0.54,0.518,0.679,0.515,
0.526,0.51,0.656,0.47,
0.568,0.532,0.765,0.501,
0.624,0.609,0.77,0.591,
0.578,0.567,0.693,0.526,
0.542,0.522,0.665,0.511,
0.639,0.635,0.78,0.58,
0.525,0.501,0.648,0.488,
0.607,0.575,0.759,0.568,
0.586,0.563,0.731,0.516,
0.504,0.488,0.624,0.477,
0.594,0.573,0.76,0.531,
0.512,0.505,0.603,0.461,
0.544,0.531,0.671,0.514,
0.525,0.502,0.66,0.484,
0.56,0.544,0.676,0.517,
0.621,0.605,0.775,0.568,
0.606,0.593,0.745,0.539,
0.494,0.482,0.596,0.459,
0.556,0.533,0.689,0.517,
0.577,0.555,0.708,0.549,
0.54,0.524,0.671,0.503,
0.547,0.538,0.678,0.505,
0.565,0.542,0.69,0.526,
0.528,0.52,0.636,0.485,
0.605,0.589,0.735,0.558,
0.577,0.556,0.711,0.539,
0.555,0.541,0.706,0.51,
0.588,0.582,0.708,0.529,
0.563,0.552,0.686,0.529,
0.484,0.478,0.565,0.444,
0.582,0.563,0.721,0.529,
0.61,0.595,0.768,0.563,
0.588,0.566,0.741,0.544,
0.486,0.468,0.592,0.451,
0.553,0.537,0.686,0.512,
0.599,0.575,0.747,0.556,
0.648,0.629,0.777,0.603,
0.523,0.522,0.597,0.483,
0.588,0.572,0.729,0.562,
0.554,0.534,0.686,0.525,
0.605,0.599,0.736,0.55,
0.564,0.546,0.703,0.519,
0.532,0.516,0.648,0.499,
0.471,0.457,0.582,0.436,
0.524,0.508,0.668,0.469,
0.542,0.524,0.662,0.508,
0.538,0.528,0.62,0.517,
0.528,0.512,0.643,0.49,
0.507,0.487,0.634,0.474,
0.633,0.615,0.817,0.574,
0.522,0.497,0.645,0.492,
0.526,0.511,0.65,0.493,
0.553,0.538,0.674,0.516,
0.515,0.504,0.634,0.474,
0.568,0.554,0.708,0.538,
0.533,0.522,0.656,0.491,
0.609,0.605,0.783,0.535,
0.502,0.49,0.604,0.474,
0.524,0.507,0.673,0.484,
0.613,0.596,0.752,0.575,
0.567,0.538,0.745,0.521,
0.549,0.53,0.69,0.503,
0.53,0.515,0.645,0.502,
0.617,0.589,0.766,0.576,
0.653,0.645,0.767,0.612,
0.554,0.542,0.666,0.515,
0.608,0.598,0.687,0.574,
0.601,0.579,0.724,0.577,
0.619,0.593,0.761,0.579,
0.59,0.576,0.717,0.542,
0.617,0.591,0.795,0.577,
0.592,0.575,0.735,0.566,
0.52,0.501,0.638,0.489,
0.582,0.563,0.724,0.505,
0.54,0.516,0.67,0.51,
0.607,0.586,0.757,0.555,
0.626,0.615,0.75,0.587,
0.515,0.497,0.622,0.485,
0.653,0.653,0.779,0.595,
0.561,0.537,0.69,0.529,
0.533,0.517,0.642,0.5,
0.516,0.503,0.626,0.471,
0.565,0.55,0.696,0.533,
0.569,0.54,0.737,0.509,
0.628,0.604,0.793,0.566,
0.628,0.605,0.759,0.586,
0.545,0.528,0.661,0.509,
0.581,0.567,0.744,0.535,
0.52,0.485,0.64,0.477,
0.552,0.53,0.691,0.519,
0.527,0.502,0.645,0.495,
0.67,0.657,0.805,0.635,
0.628,0.611,0.754,0.582,
0.56,0.54,0.674,0.529,
0.554,0.534,0.67,0.524,
0.524,0.506,0.642,0.483,
0.587,0.569,0.718,0.554,
0.599,0.593,0.721,0.553,
0.566,0.532,0.757,0.509,
0.503,0.484,0.625,0.48,
0.536,0.519,0.661,0.501,
0.528,0.508,0.676,0.5,
0.581,0.56,0.707,0.543,
0.546,0.527,0.655,0.496,
0.521,0.504,0.648,0.498,
0.608,0.603,0.721,0.559,
0.574,0.546,0.722,0.536,
0.511,0.49,0.622,0.476,
0.529,0.503,0.654,0.497,
0.583,0.55,0.773,0.513,
0.534,0.518,0.643,0.504,
0.57,0.552,0.686,0.539,
0.633,0.615,0.786,0.594,
0.517,0.5,0.638,0.486,
0.492,0.48,0.58,0.468,
0.563,0.546,0.695,0.529,
0.595,0.575,0.769,0.567,
0.555,0.533,0.684,0.525,
0.603,0.605,0.755,0.521,
0.533,0.514,0.654,0.503,
0.521,0.497,0.647,0.492,
0.583,0.575,0.708,0.542,
0.526,0.506,0.67,0.473,
0.572,0.548,0.713,0.539,
0.571,0.554,0.71,0.522,
0.625,0.615,0.753,0.576,
0.566,0.56,0.683,0.527,
0.552,0.538,0.666,0.511,
0.537,0.518,0.652,0.505,
0.572,0.552,0.733,0.523,
0.509,0.488,0.621,0.472,
0.557,0.538,0.676,0.529,
0.571,0.551,0.702,0.534,
0.647,0.62,0.803,0.607,
0.541,0.516,0.674,0.494,
0.635,0.638,0.776,0.515,
0.583,0.56,0.715,0.545,
0.519,0.494,0.611,0.465,
0.595,0.567,0.772,0.549,
0.589,0.567,0.717,0.552,
0.536,0.522,0.669,0.498,
0.509,0.495,0.618,0.482,
0.534,0.514,0.67,0.494,
0.537,0.516,0.655,0.5,
0.571,0.557,0.701,0.52,
0.581,0.567,0.706,0.55,
0.597,0.577,0.739,0.558,
0.577,0.554,0.708,0.534,
0.589,0.562,0.734,0.552,
0.586,0.561,0.715,0.557,
0.552,0.542,0.662,0.517,
0.572,0.549,0.708,0.539,
0.578,0.537,0.783,0.534,
0.554,0.536,0.68,0.526,
0.49,0.466,0.598,0.454,
0.539,0.52,0.659,0.509,
0.533,0.519,0.657,0.5,
0.594,0.569,0.733,0.562,
0.61,0.587,0.777,0.568,
0.613,0.583,0.779,0.559,
0.548,0.537,0.658,0.511,
0.531,0.506,0.629,0.483,
0.551,0.536,0.665,0.514,
0.564,0.542,0.746,0.508,
0.524,0.503,0.648,0.479,
0.513,0.504,0.618,0.482,
0.538,0.518,0.654,0.508,
0.653,0.627,0.793,0.602,
0.533,0.514,0.653,0.503,
0.516,0.5,0.628,0.484,
0.567,0.544,0.7,0.515,
0.587,0.564,0.775,0.537,
0.639,0.639,0.785,0.562,
0.559,0.536,0.681,0.526,
0.476,0.465,0.566,0.445,
0.632,0.602,0.778,0.596,
0.586,0.558,0.728,0.55,
0.602,0.594,0.755,0.548,
0.568,0.548,0.696,0.53,
0.546,0.528,0.668,0.511,
0.591,0.575,0.721,0.547,
0.515,0.493,0.634,0.48,
0.449,0.435,0.544,0.426,
0.562,0.534,0.704,0.521,
0.538,0.516,0.666,0.501,
0.568,0.542,0.709,0.531,
0.54,0.514,0.665,0.504,
0.614,0.592,0.758,0.576,
0.559,0.535,0.692,0.524,
0.646,0.645,0.77,0.589,
0.631,0.611,0.799,0.588,
0.615,0.597,0.764,0.578,
0.517,0.499,0.637,0.484,
0.624,0.601,0.785,0.584,
0.538,0.526,0.653,0.494,
0.61,0.591,0.743,0.568,
0.583,0.572,0.717,0.549,
0.529,0.516,0.649,0.498,
0.596,0.567,0.747,0.534,
0.45,0.435,0.555,0.416,
0.597,0.599,0.662,0.513,
0.524,0.5,0.652,0.478,
0.504,0.48,0.619,0.474,
0.607,0.584,0.755,0.572,
0.653,0.633,0.791,0.605,
0.602,0.586,0.751,0.569,
0.55,0.534,0.672,0.513,
0.512,0.499,0.629,0.474,
0.525,0.507,0.644,0.491,
0.604,0.582,0.765,0.555,
0.546,0.536,0.659,0.504,
0.484,0.467,0.585,0.452,
0.562,0.538,0.687,0.528,
0.473,0.459,0.581,0.443,
0.557,0.554,0.663,0.512,
0.597,0.581,0.719,0.546,
0.709,0.675,0.972,0.664,
0.564,0.542,0.802,0.509,
0.657,0.614,0.953,0.595,
0.655,0.614,0.93,0.602,
0.629,0.603,0.848,0.574,
0.682,0.651,0.951,0.637,
0.546,0.503,0.813,0.488,
0.614,0.592,0.834,0.539,
0.649,0.614,0.92,0.601,
0.567,0.541,0.792,0.514,
0.659,0.628,0.945,0.592,
0.64,0.601,0.95,0.57,
0.579,0.552,0.808,0.545,
0.633,0.603,0.86,0.591,
0.668,0.627,0.941,0.599,
0.598,0.569,0.833,0.554,
0.696,0.665,0.949,0.642,
0.626,0.568,0.94,0.56,
0.637,0.602,0.915,0.586,
0.528,0.506,0.734,0.479,
0.592,0.558,0.832,0.539,
0.606,0.585,0.854,0.557,
0.676,0.651,0.924,0.634,
0.665,0.623,0.934,0.585,
0.665,0.627,0.938,0.613,
0.661,0.625,0.93,0.611,
0.622,0.597,0.85,0.555,
0.667,0.625,0.962,0.617,
0.651,0.627,0.909,0.603,
0.676,0.643,0.923,0.629,
0.659,0.628,0.948,0.586,
0.699,0.673,0.941,0.65,
0.594,0.575,0.857,0.526,
0.599,0.56,0.84,0.541,
0.615,0.567,0.925,0.542,
0.596,0.566,0.811,0.552,
0.649,0.613,0.937,0.598,
0.681,0.648,0.932,0.63,
0.534,0.497,0.774,0.488,
0.601,0.558,0.927,0.541,
0.616,0.584,0.866,0.557,
0.62,0.583,0.871,0.573,
0.68,0.654,0.906,0.611,
0.624,0.587,0.882,0.578,
0.692,0.657,0.948,0.649,
0.659,0.628,0.944,0.583,
0.673,0.635,0.94,0.627,
0.664,0.633,0.947,0.611,
0.638,0.609,0.876,0.596,
0.634,0.603,0.869,0.596,
0.678,0.653,0.934,0.613,
0.687,0.657,0.96,0.628,
0.639,0.615,0.918,0.578,
0.685,0.647,0.972,0.63,
0.7,0.665,0.948,0.642,
0.639,0.598,0.927,0.59,
0.609,0.583,0.815,0.557,
0.636,0.594,0.938,0.566,
0.674,0.637,0.934,0.612,
0.58,0.549,0.806,0.541,
0.634,0.603,0.901,0.58,
0.619,0.585,0.87,0.574,
0.652,0.633,0.894,0.575,
0.638,0.591,0.968,0.587,
0.626,0.595,0.886,0.581,
0.614,0.581,0.868,0.567,
0.686,0.657,0.94,0.645,
0.685,0.658,0.921,0.627,
0.657,0.637,0.881,0.596,
0.707,0.696,0.949,0.621,
0.656,0.619,0.94,0.585,
0.704,0.675,0.967,0.649,
0.609,0.582,0.857,0.534,
0.687,0.659,0.935,0.625,
0.668,0.632,0.952,0.603,
0.541,0.522,0.78,0.479,
0.697,0.663,0.936,0.635,
0.595,0.56,0.872,0.551,
0.556,0.523,0.777,0.48,
0.651,0.604,0.937,0.582,
0.68,0.655,0.935,0.628,
0.615,0.583,0.902,0.55,
0.612,0.556,0.945,0.551,
0.631,0.603,0.896,0.582,
0.65,0.608,0.942,0.594,
0.674,0.645,0.939,0.61,
0.588,0.548,0.853,0.544,
0.661,0.639,0.884,0.588,
0.57,0.537,0.779,0.513,
0.633,0.61,0.898,0.57,
0.542,0.495,0.755,0.483,
0.607,0.583,0.82,0.567,
0.604,0.569,0.842,0.531,
0.611,0.565,0.933,0.563,
0.682,0.66,0.936,0.634,
0.617,0.587,0.879,0.574,
0.643,0.615,0.887,0.582,
0.659,0.615,0.945,0.599,
0.619,0.597,0.816,0.563,
0.701,0.683,0.943,0.646,
0.668,0.631,0.938,0.601,
0.654,0.626,0.901,0.586,
0.507,0.477,0.735,0.46,
0.629,0.585,0.9,0.577,
0.647,0.619,0.877,0.601,
0.556,0.536,0.78,0.48,
0.547,0.517,0.769,0.503,
0.659,0.632,0.936,0.561,
0.702,0.684,0.943,0.63,
0.675,0.637,0.946,0.611,
0.638,0.607,0.94,0.567,
0.616,0.587,0.847,0.535,
0.665,0.636,0.929,0.61,
0.671,0.655,0.881,0.591,
0.607,0.567,0.853,0.555,
0.651,0.613,0.923,0.602,
0.613,0.581,0.86,0.559,
0.575,0.534,0.844,0.534,
0.673,0.643,0.937,0.607,
0.556,0.54,0.778,0.485,
0.601,0.559,0.826,0.554,
0.611,0.587,0.836,0.55,
0.701,0.673,0.939,0.64,
0.615,0.593,0.886,0.534,
0.658,0.625,0.957,0.582,
0.676,0.639,0.95,0.61,
0.689,0.657,0.953,0.64,
0.65,0.623,0.904,0.593,
0.637,0.598,0.912,0.591,
0.64,0.603,0.929,0.579,
0.651,0.619,0.942,0.58,
0.623,0.581,0.85,0.566,
0.625,0.59,0.852,0.581,
0.681,0.644,0.945,0.632,
0.659,0.62,0.923,0.619,
0.704,0.69,0.949,0.637,
0.618,0.577,0.884,0.559,
0.679,0.658,0.952,0.613,
0.582,0.548,0.844,0.533,
0.589,0.544,0.858,0.544,
0.676,0.644,0.947,0.622,
0.597,0.565,0.865,0.527,
0.636,0.611,0.865,0.582,
0.647,0.618,0.887,0.571,
0.713,0.688,0.957,0.662,
0.691,0.665,0.934,0.619,
0.563,0.522,0.891,0.506,
0.653,0.601,0.943,0.593,
0.691,0.662,0.954,0.633,
0.677,0.647,0.913,0.624,
0.605,0.586,0.814,0.543,
0.587,0.549,0.823,0.539,
0.597,0.558,0.951,0.517,
0.607,0.559,0.889,0.536,
0.584,0.556,0.815,0.529,
0.605,0.578,0.872,0.547,
0.6,0.56,0.824,0.552,
0.632,0.603,0.887,0.581,
0.706,0.674,0.954,0.66,
0.713,0.692,0.93,0.664,
0.617,0.581,0.882,0.55,
0.694,0.669,0.946,0.63,
0.673,0.638,0.944,0.628,
0.515,0.492,0.753,0.451,
0.657,0.618,0.926,0.606,
0.713,0.698,0.962,0.645,
0.673,0.637,0.938,0.599,
0.637,0.599,0.976,0.575,
0.574,0.536,0.812,0.512,
0.708,0.692,0.94,0.649,
0.68,0.643,0.967,0.636,
0.586,0.559,0.802,0.518,
0.669,0.632,0.934,0.599,
0.55,0.494,0.849,0.487,
0.634,0.613,0.894,0.56,
0.627,0.593,0.875,0.573,
0.581,0.548,0.828,0.522,
0.656,0.618,0.918,0.613,
0.559,0.534,0.78,0.521,
0.59,0.568,0.795,0.522,
0.648,0.587,0.94,0.58,
0.56,0.522,0.866,0.488,
0.685,0.649,0.957,0.636,
0.62,0.586,0.837,0.569,
0.678,0.649,0.946,0.618,
0.627,0.593,0.896,0.552,
0.582,0.554,0.808,0.538,
0.635,0.607,0.936,0.56,
0.65,0.625,0.871,0.586,
0.617,0.594,0.81,0.565,
0.64,0.607,0.924,0.559,
0.624,0.588,0.943,0.567,
0.568,0.54,0.797,0.527,
0.661,0.645,0.881,0.606,
0.652,0.617,0.929,0.594,
0.651,0.615,0.89,0.604,
0.619,0.579,0.923,0.569,
0.594,0.564,0.832,0.541,
0.693,0.661,0.96,0.641,
0.632,0.596,0.883,0.582,
0.603,0.557,0.886,0.55,
0.648,0.614,0.93,0.594,
0.674,0.639,0.969,0.606,
0.683,0.655,0.926,0.632,
0.584,0.552,0.827,0.547,
0.617,0.571,0.925,0.568,
0.603,0.569,0.884,0.54,
0.698,0.667,0.963,0.637,
0.694,0.673,0.939,0.626,
0.658,0.619,0.926,0.584,
0.62,0.591,0.884,0.566,
0.558,0.524,0.821,0.499,
0.665,0.628,0.926,0.622,
0.671,0.632,0.933,0.612,
0.59,0.557,0.846,0.541,
0.573,0.54,0.799,0.525,
0.685,0.653,0.958,0.632,
0.666,0.639,0.951,0.595,
0.647,0.613,0.94,0.578,
0.699,0.666,0.969,0.63,
0.574,0.544,0.828,0.512,
0.651,0.621,0.896,0.607,
0.652,0.627,0.884,0.604,
0.629,0.599,0.873,0.579,
0.655,0.623,0.934,0.601,
0.68,0.653,0.928,0.622,
0.629,0.604,0.864,0.582,
0.676,0.644,0.955,0.621,
0.666,0.623,0.936,0.61,
0.661,0.629,0.905,0.594,
0.62,0.595,0.888,0.545,
0.615,0.581,0.875,0.557,
0.695,0.679,0.948,0.644,
0.678,0.645,0.938,0.627,
0.572,0.544,0.83,0.509,
0.649,0.619,0.911,0.584,
0.58,0.553,0.811,0.546,
0.597,0.562,0.868,0.525,
0.634,0.599,0.899,0.57,
0.603,0.577,0.822,0.549,
0.614,0.583,0.901,0.53,
0.63,0.584,0.923,0.573,
0.627,0.598,0.897,0.569,
0.649,0.617,0.894,0.61,
0.56,0.529,0.771,0.504,
0.661,0.617,0.942,0.596,
0.595,0.561,0.849,0.547,
0.575,0.546,0.859,0.505,
0.596,0.568,0.847,0.536,
0.643,0.615,0.913,0.584,
0.69,0.665,0.946,0.617,
0.63,0.577,0.946,0.569,
0.671,0.643,0.946,0.578,
0.666,0.633,0.929,0.608,
0.651,0.625,0.886,0.599,
0.526,0.493,0.768,0.457,
0.663,0.624,0.947,0.603,
0.611,0.561,0.93,0.551,
0.621,0.587,0.888,0.552,
0.671,0.636,0.959,0.629,
0.673,0.635,0.951,0.621,
0.645,0.62,0.928,0.572,
0.625,0.605,0.876,0.577,
0.688,0.657,0.951,0.63,
0.661,0.623,0.924,0.612,
0.632,0.601,0.887,0.59,
0.56,0.516,0.885,0.505,
0.61,0.583,0.876,0.529,
0.61,0.579,0.845,0.569,
0.594,0.549,0.888,0.53,
0.595,0.566,0.833,0.549,
0.59,0.554,0.839,0.542,
0.587,0.555,0.816,0.546,
0.668,0.633,0.933,0.628,
0.594,0.554,0.859,0.552,
0.674,0.645,0.931,0.618,
0.679,0.65,0.921,0.632,
0.627,0.591,0.909,0.564,
0.675,0.649,0.938,0.621,
0.551,0.52,0.787,0.509,
0.532,0.495,0.762,0.477,
0.617,0.58,0.892,0.554,
0.618,0.584,0.864,0.574,
0.57,0.538,0.801,0.536,
0.67,0.636,0.942,0.602,
0.702,0.692,0.948,0.643,
0.632,0.597,0.904,0.594,
0.589,0.546,0.883,0.496,
0.577,0.53,0.868,0.522,
0.537,0.511,0.768,0.481,
0.53,0.501,0.732,0.479,
0.633,0.606,0.865,0.597,
0.678,0.649,0.931,0.623,
0.558,0.514,0.764,0.509,
0.65,0.614,0.934,0.6,
0.717,0.7,0.937,0.664,
0.591,0.569,0.829,0.539,
0.566,0.54,0.733,0.517,
0.55,0.503,0.812,0.496,
0.655,0.625,0.896,0.618,
0.585,0.548,0.846,0.529,
0.594,0.569,0.859,0.524,
0.682,0.649,0.956,0.642,
0.608,0.575,0.904,0.543,
0.645,0.609,0.898,0.594,
0.677,0.646,0.943,0.621,
0.688,0.664,0.935,0.608,
0.6,0.575,0.858,0.526,
0.616,0.587,0.885,0.566,
0.695,0.671,0.945,0.635,
0.61,0.582,0.831,0.555,
0.572,0.568,0.798,0.507,
0.669,0.643,0.902,0.611,
0.557,0.532,0.801,0.503,
0.556,0.524,0.794,0.506,
0.698,0.665,0.977,0.62,
0.628,0.592,0.906,0.554,
0.615,0.585,0.837,0.572,
0.716,0.69,0.953,0.628,
0.654,0.629,0.889,0.573,
0.625,0.582,0.923,0.561,
0.634,0.619,0.861,0.582,
0.669,0.637,0.943,0.622,
0.534,0.508,0.761,0.481,
0.598,0.558,0.907,0.539,
0.588,0.562,0.806,0.545,
0.623,0.589,0.887,0.564,
0.588,0.556,0.797,0.549,
0.63,0.611,0.819,0.584,
0.52,0.502,0.72,0.478,
0.619,0.583,0.859,0.547,
0.662,0.629,0.944,0.586,
0.577,0.556,0.768,0.513,
0.581,0.541,0.852,0.533,
0.681,0.655,0.948,0.607,
0.569,0.524,0.834,0.502,
0.693,0.658,0.959,0.636,
0.613,0.59,0.845,0.561,
0.633,0.605,0.894,0.572,
0.627,0.59,0.937,0.571,
0.663,0.651,0.882,0.584,
0.62,0.591,0.862,0.58,
0.674,0.643,0.917,0.615,
0.589,0.542,0.852,0.535,
0.646,0.622,0.869,0.602,
0.539,0.512,0.758,0.475,
0.681,0.629,0.938,0.617,
0.622,0.593,0.84,0.578,
0.654,0.625,0.904,0.606,
0.642,0.607,0.94,0.578,
0.657,0.636,0.92,0.58,
0.682,0.649,0.953,0.637,
0.654,0.626,0.935,0.594,
0.702,0.67,0.954,0.649,
0.678,0.643,0.946,0.638,
0.587,0.541,0.804,0.534,
0.664,0.627,0.938,0.612,
0.609,0.572,0.887,0.545,
0.63,0.593,0.912,0.553,
0.629,0.581,0.947,0.561,
0.681,0.647,0.951,0.638,
0.65,0.615,0.959,0.571,
0.572,0.54,0.792,0.522,
0.667,0.631,0.916,0.621,
0.66,0.621,0.944,0.599,
0.7,0.667,0.958,0.657,
0.641,0.601,0.96,0.574,
0.612,0.556,0.931,0.529,
0.629,0.598,0.859,0.56,
0.685,0.645,0.965,0.645,
0.633,0.605,0.888,0.587,
0.706,0.675,0.95,0.659,
0.681,0.655,0.907,0.628,
0.551,0.508,0.746,0.496,
0.653,0.616,0.904,0.607,
0.69,0.656,0.95,0.636,
0.639,0.593,0.917,0.571,
0.576,0.544,0.847,0.51,
0.581,0.538,0.796,0.536,
0.696,0.674,0.943,0.601,
0.662,0.647,0.948,0.558,
0.681,0.651,0.965,0.596,
0.634,0.591,0.942,0.585,
0.648,0.614,0.934,0.585,
0.507,0.492,0.624,0.475,
0.606,0.583,0.747,0.574,
0.536,0.524,0.653,0.503,
0.589,0.575,0.708,0.547,
0.542,0.524,0.641,0.499,
0.552,0.532,0.673,0.515,
0.524,0.501,0.659,0.494,
0.575,0.538,0.766,0.516,
0.535,0.516,0.658,0.496,
0.569,0.547,0.706,0.534,
0.5,0.481,0.644,0.439,
0.56,0.54,0.679,0.532,
0.492,0.474,0.594,0.458,
0.562,0.552,0.719,0.493,
0.637,0.615,0.778,0.596,
0.649,0.639,0.764,0.617,
0.581,0.585,0.678,0.526,
0.577,0.564,0.704,0.541,
0.557,0.542,0.674,0.517,
0.597,0.581,0.723,0.567,
0.556,0.538,0.69,0.525,
0.624,0.609,0.785,0.536,
0.646,0.623,0.788,0.606,
0.565,0.55,0.698,0.506,
0.487,0.47,0.588,0.458,
0.525,0.5,0.649,0.492,
0.499,0.489,0.603,0.471,
0.568,0.553,0.708,0.526,
0.585,0.562,0.736,0.548,
0.522,0.52,0.635,0.477,
0.593,0.584,0.685,0.571,
0.528,0.51,0.634,0.499,
0.599,0.573,0.82,0.52,
0.647,0.601,0.942,0.592,
0.531,0.518,0.639,0.499,
0.589,0.561,0.828,0.544,
0.597,0.566,0.781,0.547,
0.656,0.613,0.931,0.61,
0.685,0.649,0.982,0.595,
0.659,0.631,0.947,0.587,
0.623,0.592,0.894,0.566,
0.691,0.651,0.948,0.64,
0.679,0.649,0.947,0.636,
0.683,0.651,0.942,0.634,
0.628,0.599,0.849,0.582,
0.653,0.623,0.939,0.588,
0.54,0.514,0.754,0.491,
0.656,0.619,0.922,0.603,
0.572,0.542,0.689,0.531,
0.617,0.593,0.78,0.566,
0.572,0.546,0.695,0.53,
0.594,0.584,0.736,0.521,
0.471,0.459,0.581,0.444,
0.521,0.506,0.638,0.492,
0.576,0.557,0.72,0.524,
0.555,0.538,0.685,0.521,
0.63,0.595,0.783,0.587,
0.541,0.519,0.661,0.51,
0.517,0.5,0.647,0.484,
0.589,0.562,0.72,0.539,
0.538,0.542,0.653,0.476,
0.571,0.552,0.691,0.532,
0.55,0.542,0.662,0.49,
0.569,0.552,0.71,0.526,
0.609,0.581,0.851,0.523,
0.622,0.578,0.947,0.573,
0.59,0.554,0.816,0.545,
0.63,0.605,0.853,0.585,
0.694,0.665,0.963,0.625,
0.602,0.577,0.884,0.535,
0.606,0.581,0.812,0.56,
0.517,0.488,0.719,0.485,
0.704,0.687,0.945,0.646,
0.662,0.627,0.94,0.586,
0.583,0.57,0.826,0.509,
0.559,0.536,0.783,0.511,
0.641,0.616,0.924,0.59,
0.687,0.651,0.957,0.644,
0.666,0.643,0.897,0.618,
0.604,0.556,0.903,0.547,


0.851,0.88,0.905,0.661,
0.863,0.89,0.942,0.685,
0.833,0.847,0.868,0.693,
0.91,0.928,0.962,0.759,
0.952,0.968,1,0.81,
0.944,0.962,0.977,0.782,
0.753,0.772,0.789,0.631,
0.69,0.685,0.786,0.557,
0.722,0.734,0.746,0.637,
0.913,0.926,0.94,0.779,
0.946,0.966,0.979,0.802,
0.929,0.957,0.97,0.79,
0.781,0.792,0.809,0.68,
0.893,0.901,0.974,0.728,
0.965,0.984,1,0.817,
0.879,0.913,0.983,0.638,
0.884,0.911,0.941,0.69,
0.902,0.933,0.939,0.716,
0.952,0.972,0.975,0.827,
0.954,0.975,1,0.781,
0.889,0.901,0.927,0.758,
0.954,0.966,0.984,0.798,
0.791,0.813,0.862,0.623,
0.918,0.937,0.983,0.743,
0.872,0.883,0.919,0.74,
0.792,0.817,0.84,0.659,
0.891,0.907,1,0.705,
0.896,0.913,0.928,0.77,
0.844,0.856,0.886,0.71,
0.772,0.782,0.802,0.67,
0.79,0.798,0.813,0.683,
0.943,0.972,0.993,0.826,
0.948,0.98,0.998,0.823,
0.807,0.827,0.831,0.67,
0.941,0.958,0.974,0.796,
0.958,0.97,1,0.826,
0.869,0.885,0.897,0.75,
0.927,0.968,0.979,0.789,
0.851,0.874,0.909,0.728,
0.875,0.893,0.906,0.729,
0.892,0.913,0.925,0.775,
0.826,0.847,0.867,0.673,
0.887,0.922,0.971,0.715,
0.849,0.85,0.889,0.761,
0.755,0.766,0.813,0.656,
0.947,0.968,0.978,0.81,
0.937,0.966,0.986,0.791,
0.943,0.956,1,0.81,
0.957,0.964,1,0.816,
0.743,0.759,0.788,0.631,
0.881,0.909,0.927,0.72,
0.855,0.888,0.896,0.676,
0.831,0.851,0.858,0.71,
0.834,0.786,0.972,0.685,
0.924,0.96,0.973,0.734,
0.866,0.894,0.91,0.718,
0.857,0.882,0.928,0.75,
0.704,0.712,0.731,0.604,
0.901,0.923,1,0.7,
0.89,0.905,1,0.687,
0.92,0.936,0.961,0.798,
0.797,0.812,0.84,0.673,
0.948,0.95,0.993,0.834,
0.875,0.887,0.916,0.737,
0.948,0.96,0.992,0.798,
0.856,0.887,0.9,0.756,
0.812,0.831,0.854,0.644,
0.811,0.822,0.841,0.7,
0.903,0.93,0.939,0.764,
0.956,0.978,1,0.833,
0.815,0.832,0.838,0.69,
0.825,0.831,0.875,0.701,
0.955,0.972,1,0.815,
0.932,0.97,0.987,0.812,
0.857,0.881,0.897,0.689,
0.868,0.893,0.907,0.769,
0.862,0.879,0.89,0.75,
0.936,0.964,0.986,0.824,
0.765,0.782,0.794,0.642,
0.747,0.762,0.776,0.618,
0.897,0.915,0.944,0.752,
0.858,0.889,0.896,0.666,
0.938,0.954,0.981,0.803,
0.77,0.781,0.796,0.674,
0.817,0.845,0.875,0.612,
0.842,0.863,0.888,0.746,
0.76,0.762,0.809,0.652,
0.953,0.968,0.976,0.827,
0.881,0.897,1,0.744,
0.751,0.764,0.786,0.622,
0.924,0.946,0.98,0.79,
0.772,0.786,0.799,0.651,
0.899,0.936,0.962,0.7,
0.741,0.764,0.768,0.617,
0.918,0.953,0.966,0.767,
0.921,0.935,0.952,0.801,
0.899,0.919,0.924,0.779,
0.808,0.829,0.837,0.678,
0.834,0.866,0.887,0.65,
0.798,0.82,0.845,0.69,
0.809,0.82,0.884,0.694,
0.935,0.974,1,0.721,
0.785,0.804,0.817,0.627,
0.953,0.972,1,0.827,
0.824,0.842,0.862,0.674,
0.775,0.79,0.795,0.676,
0.868,0.913,0.927,0.7,
0.84,0.854,0.876,0.728,
0.929,0.936,0.957,0.883,
0.903,0.913,0.975,0.737,
0.81,0.832,0.858,0.665,
0.916,0.942,0.993,0.715,
0.865,0.869,0.923,0.692,
0.886,0.901,1,0.725,
0.956,0.972,1,0.811,
0.753,0.764,0.771,0.659,
0.85,0.867,0.872,0.728,
0.885,0.91,0.924,0.749,
0.788,0.796,0.82,0.66,
0.858,0.868,0.9,0.75,
0.845,0.865,0.868,0.696,
0.816,0.837,0.852,0.69,
0.804,0.831,0.85,0.645,
0.791,0.802,0.82,0.662,
0.832,0.859,0.877,0.711,
0.952,0.962,1,0.823,
0.806,0.828,0.833,0.664,
0.815,0.829,0.846,0.689,
0.895,0.933,0.979,0.692,
0.847,0.86,0.894,0.735,
0.807,0.821,0.845,0.679,
0.849,0.877,0.882,0.722,
0.916,0.903,1,0.803,
0.921,0.942,0.975,0.77,
0.737,0.75,0.775,0.63,
0.878,0.903,0.957,0.754,
0.902,0.944,0.974,0.74,
0.891,0.917,0.937,0.741,
0.733,0.742,0.775,0.627,
0.91,0.944,0.964,0.785,
0.908,0.95,0.976,0.694,
0.827,0.889,0.945,0.607,
0.898,0.93,0.94,0.763,
0.872,0.895,0.92,0.752,
0.885,0.911,0.939,0.732,
0.893,0.911,0.93,0.78,
0.845,0.859,0.88,0.698,
0.848,0.863,0.871,0.728,
0.871,0.893,0.92,0.748,
0.771,0.761,0.91,0.632,
0.706,0.711,0.76,0.594,
0.878,0.903,0.981,0.658,
0.823,0.839,0.846,0.717,
0.91,0.94,0.957,0.739,
0.851,0.869,0.881,0.717,
0.869,0.894,0.913,0.727,
0.795,0.8,0.826,0.68,
0.815,0.833,0.853,0.683,
0.776,0.79,0.818,0.628,
0.813,0.836,0.848,0.683,
0.829,0.843,0.905,0.646,
0.891,0.909,0.918,0.75,
0.778,0.815,0.827,0.656,
0.91,0.931,0.94,0.772,
0.947,0.976,1,0.823,
0.934,0.96,0.968,0.787,
0.936,0.961,0.966,0.789,
0.857,0.885,0.939,0.71,
0.842,0.864,0.867,0.717,
0.907,0.922,0.941,0.778,
0.875,0.893,0.913,0.756,
0.803,0.814,0.879,0.671,
0.906,0.941,0.993,0.79,
0.808,0.819,0.84,0.69,
0.901,0.913,0.922,0.778,
0.828,0.859,0.885,0.632,
0.898,0.897,0.995,0.79,
0.827,0.857,0.873,0.666,
0.806,0.821,0.844,0.695,
0.863,0.875,0.894,0.76,
0.868,0.913,0.942,0.724,
0.918,0.927,0.97,0.767,
0.855,0.873,0.886,0.701,
0.821,0.851,0.869,0.664,
0.888,0.901,0.914,0.778,
0.923,0.939,0.959,0.792,
0.941,0.984,1,0.738,
0.929,0.952,0.996,0.807,
0.947,0.983,1,0.802,
0.839,0.875,0.886,0.674,
0.944,0.968,0.988,0.811,
0.899,0.865,1,0.787,
0.855,0.872,0.884,0.716,
0.904,0.93,0.954,0.799,
0.922,0.942,0.95,0.801,
0.821,0.834,0.853,0.68,
0.923,0.954,0.97,0.757,
0.83,0.862,0.879,0.677,
0.905,0.936,0.958,0.701,
0.899,0.917,0.936,0.769,
0.783,0.812,0.823,0.624,
0.878,0.877,1,0.768,
0.875,0.897,0.923,0.73,
0.804,0.809,0.885,0.693,
0.96,0.978,1,0.836,
0.933,0.959,0.973,0.78,
0.842,0.863,0.879,0.673,
0.819,0.843,0.874,0.597,
0.933,0.974,1,0.748,
0.874,0.894,0.906,0.768,
0.834,0.839,0.884,0.749,
0.964,0.986,0.997,0.8,
0.859,0.877,0.89,0.752,
0.864,0.884,0.896,0.737,
0.946,0.958,0.997,0.799,
0.915,0.933,0.975,0.729,
0.9,0.919,1,0.724,
0.951,0.973,1,0.804,
0.803,0.817,0.857,0.672,
0.833,0.853,0.875,0.726,
0.904,0.917,1,0.771,
0.734,0.751,0.755,0.65,
0.784,0.8,0.81,0.709,
0.96,0.973,0.995,0.837,
0.811,0.827,0.84,0.683,
0.701,0.722,0.79,0.597,
0.923,0.941,0.99,0.806,
0.831,0.847,0.872,0.723,
0.828,0.843,0.854,0.705,
0.876,0.9,0.912,0.738,
0.828,0.845,0.856,0.701,
0.865,0.889,0.901,0.742,
0.907,0.92,0.971,0.729,
0.914,0.921,1,0.764,
0.89,0.919,0.932,0.755,
0.944,0.958,0.998,0.773,
0.87,0.89,1,0.755,
0.749,0.774,0.83,0.576,
0.899,0.917,0.945,0.797,
0.821,0.841,0.849,0.681,
0.857,0.879,0.886,0.733,
0.938,0.962,0.977,0.781,
0.94,0.964,1,0.825,
0.95,0.963,0.975,0.818,
0.868,0.887,0.929,0.758,
0.821,0.839,0.856,0.687,
0.832,0.858,0.878,0.727,
0.767,0.782,0.818,0.67,
0.908,0.938,0.943,0.783,
0.788,0.809,0.83,0.67,
0.947,0.974,1,0.793,
0.848,0.873,0.881,0.707,
0.827,0.844,0.872,0.687,
0.821,0.829,0.899,0.655,
0.901,0.925,0.938,0.74,
0.858,0.887,0.9,0.674,
0.778,0.786,0.803,0.665,
0.837,0.859,0.903,0.669,
0.869,0.882,0.916,0.71,
0.863,0.91,0.919,0.673,
0.803,0.822,0.847,0.685,
0.877,0.899,0.921,0.726,
0.854,0.865,0.901,0.762,
0.881,0.895,0.931,0.768,
0.951,0.973,0.982,0.808,
0.805,0.819,0.837,0.674,
0.89,0.904,0.914,0.753,
0.873,0.903,0.914,0.715,
0.818,0.843,0.863,0.664,
0.895,0.918,0.933,0.749,
0.938,0.95,0.975,0.774,
0.828,0.845,0.854,0.687,
0.829,0.847,0.87,0.709,
0.893,0.893,1,0.73,
0.796,0.815,0.831,0.684,
0.945,0.979,1,0.801,
0.913,0.952,0.973,0.715,
0.921,0.945,0.973,0.765,
0.971,0.987,1,0.829,
0.836,0.847,0.906,0.682,
0.847,0.877,0.907,0.636,
0.907,0.946,0.972,0.691,
0.851,0.903,0.92,0.659,
0.954,0.972,1,0.817,
0.942,0.96,0.981,0.814,
0.949,0.975,1,0.827,
0.874,0.893,0.919,0.747,
0.873,0.893,0.915,0.707,
0.929,0.951,0.979,0.756,
0.883,0.897,0.917,0.763,
0.787,0.802,0.815,0.664,
0.901,0.923,0.929,0.757,
0.919,0.932,0.976,0.776,
0.806,0.814,0.876,0.735,
0.837,0.855,0.863,0.719,
0.92,0.935,0.956,0.787,
0.864,0.865,0.965,0.724,
0.928,0.956,0.979,0.78,
0.911,0.927,0.949,0.771,
0.867,0.884,0.899,0.736,
0.878,0.899,0.914,0.718,
0.852,0.87,0.884,0.746,
0.955,0.988,1,0.768,
0.932,0.954,0.997,0.856,
0.883,0.913,0.942,0.769,
0.705,0.73,0.735,0.586,
0.749,0.76,0.769,0.651,
0.901,0.925,0.933,0.736,
0.906,0.922,0.934,0.759,
0.718,0.73,0.739,0.629,
0.793,0.808,0.824,0.679,
0.821,0.836,0.85,0.709,
0.823,0.835,0.854,0.693,
0.942,0.958,0.979,0.807,
0.919,0.935,0.953,0.757,
0.679,0.69,0.739,0.583,
0.956,0.974,1,0.794,
0.883,0.899,0.93,0.734,
0.828,0.867,0.951,0.651,
0.874,0.89,0.995,0.713,
0.799,0.812,0.826,0.688,
0.943,0.964,0.989,0.819,
0.953,0.984,0.995,0.821,
0.857,0.866,0.895,0.737,
0.876,0.911,0.92,0.687,
0.95,0.966,0.994,0.823,
0.802,0.826,0.831,0.676,
0.958,0.97,1,0.83,
0.952,0.968,1,0.764,
0.787,0.799,0.941,0.654,
0.906,0.926,0.978,0.807,
0.795,0.813,0.852,0.636,
0.84,0.864,0.876,0.716,
0.821,0.841,0.854,0.697,
0.852,0.871,0.89,0.722,
0.95,0.978,0.994,0.829,
0.902,0.936,0.979,0.761,
0.781,0.802,0.816,0.626,
0.837,0.853,0.863,0.745,
0.872,0.882,0.907,0.754,
0.845,0.866,0.873,0.71,
0.822,0.836,0.858,0.706,
0.82,0.827,0.851,0.727,
0.79,0.804,0.81,0.676,
0.935,0.967,1,0.799,
0.895,0.924,0.936,0.744,
0.883,0.911,0.922,0.737,
0.881,0.899,0.907,0.755,
0.833,0.85,0.86,0.712,
0.727,0.736,0.776,0.596,
0.899,0.913,0.926,0.755,
0.952,0.979,0.994,0.814,
0.947,0.962,0.984,0.797,
0.785,0.777,0.888,0.628,
0.842,0.853,0.879,0.718,
0.923,0.94,0.985,0.792,
0.968,0.987,0.992,0.819,
0.781,0.822,0.883,0.631,
0.905,0.924,0.933,0.778,
0.848,0.867,0.881,0.727,
0.931,0.96,0.974,0.777,
0.894,0.911,0.936,0.741,
0.825,0.847,0.874,0.681,
0.713,0.736,0.77,0.557,
0.809,0.82,0.857,0.694,
0.797,0.837,0.868,0.689,
0.777,0.79,0.801,0.66,
0.842,0.867,0.868,0.683,
0.807,0.809,0.884,0.664,
0.972,0.992,1,0.876,
0.871,0.901,0.912,0.681,
0.826,0.852,0.873,0.672,
0.854,0.874,0.889,0.722,
0.783,0.8,0.839,0.686,
0.895,0.899,0.946,0.722,
0.932,0.992,1,0.684,
0.927,0.949,1,0.807,
0.766,0.779,0.806,0.644,
0.845,0.869,0.898,0.704,
0.957,0.968,1,0.795,
0.925,0.946,0.97,0.776,
0.865,0.892,0.904,0.725,
0.84,0.863,0.884,0.676,
0.958,0.98,1,0.807,
0.969,0.994,1,0.811,
0.841,0.86,0.89,0.699,
0.915,0.943,0.968,0.721,
0.916,0.942,0.969,0.765,
0.947,0.96,1,0.786,
0.881,0.897,0.92,0.77,
0.964,0.984,1,0.845,
0.904,0.925,0.938,0.777,
0.858,0.878,0.993,0.665,
0.915,0.936,0.965,0.761,
0.854,0.879,0.896,0.697,
0.94,0.95,0.962,0.857,
0.922,0.933,0.949,0.803,
0.798,0.812,0.854,0.667,
0.928,0.936,0.974,0.829,
0.874,0.899,0.903,0.736,
0.819,0.843,0.855,0.68,
0.809,0.831,0.862,0.672,
0.848,0.865,0.885,0.741,
0.836,0.897,1,0.598,
0.936,0.948,1,0.867,
0.948,0.966,0.989,0.796,
0.839,0.857,0.876,0.691,
0.86,0.869,0.914,0.8,
0.858,0.89,0.898,0.672,
0.837,0.851,0.891,0.729,
0.79,0.8,0.818,0.688,
0.961,0.988,1,0.861,
0.933,0.948,0.976,0.797,
0.907,0.928,0.958,0.701,
0.855,0.883,0.897,0.709,
0.833,0.859,0.878,0.673,
0.884,0.899,0.91,0.758,
0.893,0.913,0.938,0.754,
0.944,0.972,0.988,0.795,
0.77,0.784,0.796,0.658,
0.879,0.909,0.946,0.698,
0.817,0.847,0.883,0.683,
0.897,0.925,0.93,0.746,
0.848,0.869,0.882,0.688,
0.787,0.801,0.81,0.669,
0.901,0.927,0.938,0.761,
0.938,0.956,1,0.759,
0.793,0.816,0.825,0.655,
0.831,0.855,0.866,0.677,
0.94,0.954,0.997,0.828,
0.782,0.796,0.806,0.667,
0.844,0.857,0.868,0.721,
0.94,0.945,1,0.833,
0.78,0.79,0.812,0.672,
0.729,0.744,0.782,0.614,
0.871,0.895,0.919,0.718,
0.941,0.966,1,0.828,
0.847,0.859,0.879,0.732,
0.903,0.937,0.974,0.801,
0.852,0.872,0.897,0.688,
0.842,0.861,0.879,0.687,
0.911,0.945,0.978,0.759,
0.868,0.907,0.964,0.7,
0.853,0.859,0.892,0.745,
0.909,0.935,0.965,0.76,
0.923,0.942,0.963,0.794,
0.856,0.888,0.912,0.719,
0.82,0.832,0.863,0.699,
0.818,0.828,0.858,0.688,
0.916,0.935,0.959,0.766,
0.756,0.77,0.779,0.656,
0.859,0.885,0.89,0.708,
0.857,0.861,0.89,0.757,
0.978,0.996,1,0.84,
0.844,0.859,0.882,0.715,
0.895,0.914,1,0.721,
0.893,0.92,0.942,0.758,
0.835,0.858,0.888,0.655,
0.956,0.978,0.998,0.813,
0.888,0.909,0.919,0.748,
0.832,0.851,0.868,0.75,
0.824,0.802,0.939,0.654,
0.841,0.853,0.89,0.707,
0.843,0.853,0.892,0.674,
0.873,0.894,0.917,0.728,
0.893,0.908,0.943,0.725,
0.878,0.89,0.929,0.77,
0.877,0.908,0.922,0.748,
0.927,0.96,0.972,0.785,
0.916,0.95,0.979,0.742,
0.82,0.843,0.859,0.684,
0.887,0.911,0.923,0.76,
0.954,0.964,1,0.83,
0.849,0.861,0.897,0.726,
0.761,0.782,0.816,0.636,
0.816,0.829,0.841,0.688,
0.815,0.824,0.855,0.711,
0.929,0.944,0.966,0.76,
0.962,0.994,1,0.825,
0.962,0.987,0.999,0.818,
0.816,0.829,0.871,0.694,
0.831,0.847,0.891,0.663,
0.805,0.834,0.854,0.698,
0.909,0.91,1,0.789,
0.828,0.838,0.864,0.677,
0.871,0.936,0.952,0.658,
0.819,0.835,0.849,0.694,
0.955,0.972,1,0.852,
0.844,0.871,0.897,0.676,
0.78,0.782,0.856,0.658,
0.875,0.898,0.911,0.726,
0.943,0.96,0.979,0.81,
0.905,0.902,1,0.769,
0.91,0.913,0.994,0.718,
0.709,0.726,0.739,0.597,
0.966,0.982,1,0.82,
0.887,0.902,0.928,0.771,
0.958,0.98,0.995,0.777,
0.859,0.875,0.882,0.728,
0.826,0.84,0.853,0.699,
0.873,0.895,0.903,0.769,
0.768,0.774,0.795,0.666,
0.679,0.687,0.709,0.574,
0.851,0.864,0.901,0.75,
0.799,0.847,0.88,0.676,
0.92,0.948,0.962,0.751,
0.815,0.829,0.844,0.688,
0.928,0.945,0.962,0.799,
0.857,0.869,0.888,0.739,
0.942,0.952,0.983,0.8,
0.955,0.964,0.987,0.873,
0.947,0.965,0.984,0.8,
0.766,0.777,0.793,0.68,
0.96,0.978,0.999,0.85,
0.817,0.814,0.864,0.695,
0.938,0.962,0.982,0.797,
0.88,0.901,0.91,0.762,
0.828,0.825,0.903,0.693,
0.897,0.923,0.945,0.785,
0.695,0.712,0.726,0.593,
0.906,0.942,0.973,0.684,
0.826,0.853,0.876,0.665,
0.836,0.855,0.878,0.647,
0.927,0.95,0.97,0.787,
0.97,0.991,0.998,0.838,
0.906,0.917,0.95,0.798,
0.868,0.889,0.906,0.715,
0.789,0.8,0.816,0.673,
0.781,0.792,0.811,0.666,
0.935,0.974,1,0.795,
0.826,0.839,0.864,0.702,
0.708,0.722,0.736,0.599,
0.932,0.987,1,0.738,
0.721,0.733,0.74,0.623,
0.869,0.905,0.912,0.692,
0.898,0.917,0.971,0.762,
0.893,0.88,1,0.842,
0.771,0.769,0.905,0.622,
0.856,0.835,1,0.822,
0.886,0.871,0.972,0.839,
0.771,0.769,0.901,0.718,
0.886,0.873,1,0.847,
0.775,0.75,0.915,0.714,
0.806,0.778,0.975,0.714,
0.878,0.867,0.995,0.838,
0.814,0.823,1,0.723,
0.872,0.856,1,0.829,
0.839,0.815,0.997,0.796,
0.799,0.829,0.937,0.702,
0.816,0.817,0.904,0.756,
0.88,0.87,1,0.806,
0.774,0.764,0.874,0.736,
0.917,0.899,1,0.865,
0.841,0.815,1,0.701,
0.851,0.85,0.959,0.784,
0.725,0.712,0.843,0.654,
0.848,0.831,1,0.769,
0.809,0.798,0.894,0.738,
0.875,0.842,0.965,0.817,
0.919,0.913,0.984,0.871,
0.891,0.879,1,0.821,
0.878,0.869,1,0.81,
0.766,0.751,0.921,0.698,
0.885,0.87,1,0.819,
0.796,0.784,0.942,0.765,
0.842,0.826,0.998,0.793,
0.869,0.871,0.998,0.786,
0.898,0.9,1,0.857,
0.818,0.797,0.94,0.744,
0.85,0.853,0.926,0.784,
0.806,0.774,1,0.711,
0.811,0.829,0.905,0.723,
0.844,0.804,1,0.766,
0.891,0.888,0.966,0.823,
0.68,0.655,0.836,0.635,
0.851,0.823,1,0.716,
0.748,0.743,0.91,0.677,
0.887,0.876,1,0.819,
0.904,0.911,0.962,0.827,
0.83,0.821,0.91,0.779,
0.913,0.9,1,0.846,
0.888,0.874,0.985,0.828,
0.869,0.855,0.998,0.832,
0.842,0.814,1,0.786,
0.93,0.93,0.989,0.886,
0.848,0.845,1,0.754,
0.862,0.843,0.971,0.815,
0.891,0.887,1,0.853,
0.852,0.843,0.961,0.734,
0.861,0.841,1,0.787,
0.889,0.873,1,0.852,
0.829,0.812,0.964,0.782,
0.808,0.79,1,0.713,
0.879,0.861,1,0.801,
0.899,0.913,1,0.803,
0.744,0.732,0.852,0.72,
0.838,0.841,0.957,0.761,
0.809,0.79,0.944,0.76,
0.9,0.88,1,0.824,
0.81,0.785,1,0.765,
0.842,0.831,0.941,0.802,
0.817,0.788,0.925,0.755,
0.894,0.881,1,0.848,
0.9,0.893,0.969,0.869,
0.895,0.88,0.948,0.851,
0.918,0.913,1,0.852,
0.838,0.823,1,0.757,
0.892,0.883,1,0.852,
0.824,0.815,0.903,0.761,
0.886,0.879,0.999,0.802,
0.933,0.93,1,0.884,
0.695,0.634,0.927,0.604,
0.933,0.929,1,0.872,
0.797,0.75,0.945,0.728,
0.742,0.728,0.827,0.694,
0.882,0.852,1,0.812,
0.878,0.867,1,0.801,
0.811,0.8,0.957,0.751,
0.895,0.893,1,0.756,
0.831,0.816,0.944,0.807,
0.843,0.814,1,0.8,
0.91,0.897,1,0.853,
0.757,0.746,0.914,0.698,
0.921,0.904,1,0.849,
0.777,0.748,1,0.667,
0.832,0.818,0.949,0.798,
0.889,0.883,1,0.797,
0.778,0.763,0.905,0.724,
0.883,0.877,1,0.768,
0.836,0.798,1,0.763,
0.897,0.905,0.969,0.81,
0.771,0.76,0.913,0.704,
0.816,0.757,1,0.713,
0.881,0.867,1,0.813,
0.803,0.796,1,0.696,
0.857,0.834,1,0.818,
0.86,0.84,0.993,0.828,
0.88,0.883,0.943,0.8,
0.71,0.706,0.775,0.645,
0.77,0.706,1,0.686,
0.826,0.811,0.96,0.749,
0.717,0.702,0.806,0.679,
0.711,0.698,0.81,0.686,
0.868,0.847,1,0.805,
0.913,0.914,1,0.847,
0.873,0.86,1,0.839,
0.832,0.825,1,0.738,
0.791,0.77,0.933,0.734,
0.878,0.856,1,0.795,
0.916,0.928,1,0.795,
0.838,0.823,1,0.764,
0.867,0.84,0.97,0.809,
0.773,0.748,0.913,0.739,
0.822,0.814,1,0.714,
0.891,0.871,1,0.83,
0.802,0.8,0.944,0.674,
0.819,0.806,0.877,0.772,
0.823,0.805,1,0.705,
0.902,0.893,1,0.839,
0.816,0.808,0.945,0.758,
0.84,0.827,0.995,0.786,
0.897,0.883,1,0.851,
0.84,0.818,0.996,0.791,
0.881,0.874,1,0.786,
0.831,0.821,0.973,0.796,
0.831,0.812,0.975,0.791,
0.862,0.853,1,0.806,
0.828,0.796,0.943,0.726,
0.785,0.773,0.908,0.725,
0.879,0.857,0.999,0.826,
0.9,0.909,0.998,0.763,
0.919,0.899,0.995,0.842,
0.883,0.868,0.973,0.85,
0.866,0.857,1,0.73,
0.834,0.8,1,0.743,
0.803,0.784,0.903,0.775,
0.852,0.833,1,0.812,
0.781,0.777,0.911,0.72,
0.835,0.798,0.997,0.796,
0.874,0.881,1,0.767,
0.931,0.921,1,0.881,
0.885,0.877,0.964,0.84,
0.885,0.935,1,0.713,
0.904,0.871,1,0.844,
0.923,0.913,1,0.881,
0.882,0.87,0.975,0.804,
0.827,0.81,1,0.732,
0.814,0.784,1,0.698,
0.8,0.75,1,0.718,
0.787,0.768,0.941,0.713,
0.753,0.749,0.856,0.708,
0.826,0.805,0.939,0.78,
0.794,0.761,0.987,0.698,
0.792,0.781,0.943,0.727,
0.948,0.963,1,0.87,
0.882,0.871,1,0.821,
0.778,0.755,0.913,0.735,
0.859,0.825,1,0.814,
0.873,0.855,0.991,0.837,
0.733,0.72,0.833,0.664,
0.851,0.819,1,0.78,
0.904,0.909,1,0.834,
0.896,0.877,0.995,0.863,
0.834,0.816,1,0.777,
0.793,0.73,1,0.702,
0.893,0.893,0.982,0.815,
0.884,0.875,1,0.824,
0.779,0.777,0.844,0.737,
0.859,0.845,0.992,0.795,
0.87,0.898,1,0.705,
0.848,0.842,0.941,0.781,
0.841,0.827,0.907,0.798,
0.828,0.795,0.957,0.717,
0.902,0.893,1,0.844,
0.714,0.681,0.901,0.656,
0.859,0.849,1,0.781,
0.921,0.923,0.998,0.858,
0.834,0.825,0.962,0.715,
0.886,0.862,0.993,0.834,
0.876,0.877,0.909,0.847,
0.886,0.877,1,0.822,
0.816,0.796,0.959,0.768,
0.742,0.74,0.852,0.701,
0.82,0.788,1,0.757,
0.902,0.901,0.998,0.803,
0.781,0.779,0.934,0.706,
0.846,0.827,1,0.79,
0.86,0.827,1,0.794,
0.7,0.685,0.844,0.662,
0.839,0.812,0.973,0.802,
0.857,0.843,1,0.789,
0.902,0.899,1,0.807,
0.891,0.884,0.991,0.77,
0.782,0.762,0.893,0.729,
0.916,0.921,0.969,0.867,
0.819,0.81,0.933,0.749,
0.776,0.75,0.958,0.713,
0.848,0.829,1,0.779,
0.855,0.835,1,0.791,
0.896,0.897,1,0.82,
0.755,0.743,0.864,0.732,
0.783,0.768,0.959,0.714,
0.78,0.758,0.937,0.725,
0.909,0.904,1,0.833,
0.87,0.863,1,0.813,
0.911,0.897,0.997,0.868,
0.778,0.758,0.93,0.728,
0.75,0.74,0.865,0.682,
0.851,0.835,1,0.8,
0.9,0.879,1,0.84,
0.742,0.716,0.881,0.699,
0.769,0.756,0.849,0.707,
0.886,0.883,1,0.841,
0.855,0.842,1,0.798,
0.797,0.766,1,0.735,
0.896,0.888,1,0.803,
0.759,0.748,0.857,0.72,
0.851,0.829,0.978,0.779,
0.841,0.815,0.958,0.789,
0.842,0.835,0.914,0.793,
0.855,0.829,1,0.785,
0.918,0.915,1,0.865,
0.865,0.853,1,0.786,
0.846,0.835,1,0.789,
0.842,0.825,1,0.764,
0.859,0.839,0.972,0.814,
0.842,0.825,0.919,0.802,
0.824,0.812,0.928,0.779,
0.878,0.864,1,0.836,
0.877,0.876,0.991,0.816,
0.791,0.758,1,0.724,
0.884,0.872,0.962,0.798,
0.738,0.734,0.853,0.691,
0.792,0.777,0.924,0.76,
0.821,0.774,1,0.76,
0.783,0.746,1,0.688,
0.841,0.798,0.967,0.766,
0.848,0.845,1,0.747,
0.8,0.771,0.944,0.745,
0.881,0.879,0.966,0.812,
0.805,0.809,1,0.647,
0.891,0.882,1,0.836,
0.769,0.762,0.896,0.707,
0.89,0.905,0.943,0.764,
0.809,0.801,0.883,0.771,
0.864,0.858,1,0.764,
0.869,0.853,0.998,0.812,
0.834,0.809,1,0.734,
0.898,0.881,1,0.828,
0.847,0.826,1,0.79,
0.863,0.859,0.969,0.759,
0.724,0.714,0.826,0.661,
0.89,0.889,1,0.832,
0.828,0.798,0.998,0.742,
0.812,0.8,0.935,0.714,
0.89,0.881,1,0.85,
0.891,0.877,1,0.836,
0.906,0.91,1,0.786,
0.832,0.815,0.932,0.81,
0.899,0.905,0.992,0.811,
0.903,0.926,0.978,0.812,
0.82,0.778,1,0.765,
0.792,0.766,0.938,0.737,
0.769,0.75,0.926,0.739,
0.784,0.768,0.897,0.738,
0.828,0.786,0.953,0.774,
0.778,0.771,0.877,0.717,
0.872,0.877,1,0.742,
0.762,0.746,0.875,0.728,
0.816,0.79,1,0.738,
0.857,0.825,1,0.778,
0.879,0.879,0.987,0.798,
0.901,0.905,0.967,0.858,
0.825,0.817,0.968,0.774,
0.813,0.786,1,0.769,
0.714,0.706,0.822,0.653,
0.749,0.742,0.85,0.702,
0.784,0.778,0.928,0.745,
0.789,0.76,0.933,0.734,
0.746,0.746,1,0.598,
0.887,0.845,1,0.833,
0.913,0.929,0.995,0.843,
0.785,0.761,0.966,0.687,
0.792,0.774,0.951,0.728,
0.779,0.758,0.924,0.741,
0.729,0.707,0.887,0.659,
0.75,0.77,0.909,0.591,
0.823,0.817,0.908,0.761,
0.924,0.932,1,0.844,
0.798,0.78,0.948,0.757,
0.815,0.796,1,0.765,
0.903,0.899,1,0.831,
0.77,0.76,0.917,0.689,
0.802,0.766,1,0.686,
0.77,0.758,0.864,0.734,
0.822,0.808,0.952,0.787,
0.788,0.788,0.901,0.725,
0.78,0.769,0.922,0.71,
0.889,0.882,1,0.85,
0.849,0.816,1,0.784,
0.848,0.831,0.952,0.803,
0.865,0.841,0.986,0.803,
0.853,0.851,0.958,0.799,
0.781,0.768,0.9,0.751,
0.806,0.792,0.934,0.781,
0.889,0.883,0.986,0.839,
0.85,0.857,1,0.771,
0.814,0.756,1,0.728,
0.872,0.853,0.981,0.805,
0.718,0.7,0.833,0.673,
0.781,0.768,0.898,0.71,
0.903,0.922,1,0.82,
0.851,0.841,0.956,0.826,
0.784,0.766,0.871,0.753,
0.906,0.903,0.987,0.852,
0.917,0.915,1,0.821,
0.866,0.853,0.98,0.797,
0.826,0.825,0.909,0.78,
0.859,0.835,1,0.816,
0.699,0.679,0.833,0.666,
0.855,0.827,0.956,0.793,
0.743,0.727,0.837,0.688,
0.829,0.807,0.928,0.757,
0.75,0.712,0.947,0.692,
0.829,0.821,0.933,0.718,
0.686,0.683,0.751,0.637,
0.806,0.787,0.902,0.767,
0.886,0.873,0.996,0.851,
0.768,0.78,0.883,0.685,
0.803,0.792,0.9,0.744,
0.889,0.888,1,0.83,
0.777,0.767,0.893,0.717,
0.933,0.938,0.998,0.881,
0.818,0.796,0.945,0.768,
0.825,0.806,0.927,0.768,
0.827,0.807,1,0.765,
0.88,0.871,1,0.773,
0.821,0.816,0.931,0.734,
0.847,0.832,1,0.78,
0.878,0.889,0.934,0.8,
0.865,0.874,0.934,0.768,
0.711,0.667,0.935,0.613,
0.874,0.849,0.987,0.827,
0.761,0.756,0.875,0.718,
0.863,0.855,0.941,0.825,
0.864,0.847,0.993,0.823,
0.921,0.92,1,0.845,
0.867,0.85,1,0.831,
0.826,0.802,1,0.783,
0.897,0.886,0.978,0.845,
0.868,0.849,0.98,0.841,
0.841,0.833,1,0.738,
0.875,0.86,1,0.843,
0.852,0.83,1,0.729,
0.834,0.824,0.954,0.78,
0.879,0.871,1,0.82,
0.875,0.859,1,0.832,
0.845,0.828,1,0.812,
0.775,0.788,0.898,0.697,
0.87,0.834,1,0.817,
0.886,0.878,1,0.791,
0.937,0.919,0.995,0.889,
0.84,0.816,1,0.769,
0.893,0.885,0.976,0.854,
0.859,0.862,1,0.761,
0.871,0.857,1,0.82,
0.82,0.804,0.934,0.772,
0.93,0.917,0.999,0.882,
0.903,0.913,1,0.826,
0.823,0.82,0.942,0.736,
0.836,0.805,0.956,0.77,
0.894,0.877,1,0.834,
0.883,0.875,0.964,0.814,
0.774,0.768,0.891,0.712,
0.799,0.789,0.98,0.675,
0.84,0.835,0.987,0.786,
0.876,0.865,1,0.78,
0.874,0.855,1,0.831,
0.847,0.835,1,0.772,
0.805,0.784,1,0.719,
0.848,0.889,0.909,0.663,
0.938,0.963,0.973,0.789,
0.801,0.818,0.825,0.688,
0.929,0.962,1,0.745,
0.8,0.814,0.836,0.698,
0.939,0.992,1,0.713,
0.891,0.917,0.963,0.701,
0.944,0.973,0.992,0.8,
0.812,0.828,0.869,0.694,
0.884,0.901,0.926,0.733,
0.879,0.905,0.961,0.688,
0.836,0.841,0.87,0.729,
0.76,0.772,0.789,0.642,
0.884,0.905,0.928,0.748,
0.955,0.972,0.986,0.809,
0.948,0.963,0.98,0.788,
0.847,0.879,0.895,0.709,
0.868,0.887,0.939,0.73,
0.935,0.966,0.99,0.716,
0.901,0.925,0.934,0.744,
0.879,0.897,0.912,0.738,
0.895,0.915,1,0.707,
0.972,0.988,0.997,0.856,
0.841,0.871,0.893,0.744,
0.73,0.743,0.751,0.626,
0.864,0.883,0.93,0.688,
0.767,0.786,0.798,0.644,
0.887,0.903,0.91,0.741,
0.888,0.905,0.932,0.785,
0.785,0.806,0.813,0.661,
0.847,0.866,0.897,0.713,
0.781,0.794,0.815,0.662,
0.818,0.798,1,0.646,
0.878,0.87,1,0.782,
0.792,0.808,0.823,0.665,
0.808,0.797,1,0.707,
0.807,0.774,1,0.724,
0.809,0.778,0.982,0.723,
0.845,0.806,0.983,0.792,
0.855,0.843,0.995,0.794,
0.806,0.782,0.941,0.76,
0.877,0.857,1,0.822,
0.881,0.855,1,0.821,
0.886,0.871,1,0.833,
0.802,0.795,0.87,0.749,
0.843,0.833,1,0.751,
0.72,0.692,0.862,0.654,
0.866,0.863,0.983,0.795,
0.908,0.948,0.98,0.73,
0.945,0.96,0.986,0.829,
0.855,0.873,0.881,0.74,
0.885,0.893,0.963,0.762,
0.709,0.712,0.741,0.611,
0.785,0.798,0.813,0.686,
0.883,0.898,0.918,0.746,
0.839,0.853,0.875,0.726,
0.972,0.986,0.997,0.822,
0.841,0.859,0.872,0.714,
0.802,0.825,0.859,0.676,
0.884,0.898,0.921,0.766,
0.778,0.808,0.835,0.688,
0.885,0.889,0.933,0.731,
0.885,0.904,0.926,0.719,
0.896,0.921,0.934,0.745,
0.867,0.864,0.912,0.831,
0.854,0.84,0.998,0.742,
0.825,0.817,0.962,0.729,
0.778,0.772,0.893,0.722,
0.897,0.89,1,0.828,
0.813,0.788,0.927,0.749,
0.765,0.723,1,0.678,
0.666,0.645,0.754,0.623,
0.908,0.901,1,0.859,
0.892,0.875,1,0.848,
0.754,0.744,0.874,0.684,
0.716,0.673,0.926,0.661,
0.866,0.874,0.97,0.768,
0.917,0.909,1,0.844,
0.895,0.886,0.947,0.826,
0.801,0.77,1,0.711,


0.832,0.829,1,0.63,
0.86,0.894,1,0.69,
0.859,0.875,1,0.67,
0.877,0.833,1,0.768,
0.944,0.956,0.985,0.817,
0.951,0.98,1,0.782,
0.824,0.811,1,0.624,
0.778,0.746,1,0.661,
0.772,0.758,1,0.665,
0.956,0.982,1,0.779,
0.946,0.958,1,0.821,
0.942,0.944,1,0.848,
0.802,0.766,1,0.663,
0.922,0.95,1,0.762,
0.962,0.986,0.998,0.813,
0.881,0.856,1,0.745,
0.887,0.918,1,0.739,
0.857,0.87,1,0.68,
0.96,0.972,1,0.827,
0.849,0.854,0.969,0.709,
0.949,0.974,1,0.813,
0.962,0.974,1,0.815,
0.892,0.925,1,0.631,
0.924,0.942,1,0.743,
0.934,0.963,1,0.733,
0.9,0.923,1,0.663,
0.836,0.839,0.924,0.705,
0.957,0.985,1,0.78,
0.879,0.972,1,0.7,
0.922,0.952,1,0.707,
0.823,0.8,1,0.686,
0.928,0.936,1,0.833,
0.965,0.99,1,0.823,
0.88,0.891,1,0.675,
0.945,0.954,1,0.796,
0.958,0.97,0.994,0.832,
0.868,0.884,0.892,0.75,
0.934,0.968,1,0.789,
0.896,0.936,1,0.729,
0.938,0.949,1,0.759,
0.943,0.972,1,0.799,
0.861,0.852,1,0.729,
0.873,0.896,0.953,0.723,
0.944,0.976,1,0.761,
0.844,0.891,1,0.656,
0.931,0.943,1,0.811,
0.959,0.978,1,0.847,
0.916,0.925,0.973,0.81,
0.937,0.952,0.97,0.812,
0.798,0.764,1,0.684,
0.93,0.966,1,0.717,
0.885,0.902,1,0.768,
0.896,0.875,1,0.816,
0.91,0.952,1,0.776,
0.921,0.974,1,0.729,
0.944,0.984,1,0.728,
0.935,0.958,1,0.768,
0.894,0.929,1,0.657,
0.894,0.911,0.999,0.741,
0.899,0.927,0.968,0.699,
0.918,0.933,0.962,0.798,
0.883,0.913,1,0.771,
0.944,0.964,1,0.832,
0.88,0.889,1,0.737,
0.961,0.984,1,0.798,
0.857,0.865,0.933,0.756,
0.866,0.882,1,0.72,
0.855,0.851,1,0.702,
0.947,0.986,1,0.787,
0.964,0.978,1,0.833,
0.906,0.948,1,0.653,
0.808,0.802,1,0.675,
0.913,0.927,0.953,0.784,
0.903,0.907,1,0.799,
0.922,0.939,1,0.76,
0.921,0.947,1,0.737,
0.928,0.986,1,0.735,
0.94,0.948,1,0.824,
0.796,0.79,1,0.645,
0.873,0.961,1,0.631,
0.918,0.962,1,0.776,
0.933,0.978,1,0.704,
0.949,0.964,1,0.803,
0.9,0.978,1,0.694,
0.895,0.933,1,0.704,
0.917,0.951,1,0.746,
0.833,0.844,0.984,0.651,
0.962,0.976,1,0.827,
0.876,0.889,0.996,0.744,
0.93,0.966,1,0.68,
0.965,0.986,1,0.86,
0.861,0.921,1,0.655,
0.92,0.968,1,0.743,
0.816,0.834,1,0.67,
0.92,0.93,1,0.767,
0.952,0.968,1,0.785,
0.968,0.982,1,0.877,
0.904,0.942,1,0.708,
0.83,0.832,1,0.655,
0.859,0.905,1,0.69,
0.861,0.846,1,0.589,
0.924,0.948,0.983,0.717,
0.779,0.769,1,0.634,
0.94,0.961,0.978,0.827,
0.885,0.96,1,0.671,
0.875,0.861,1,0.679,
0.885,0.956,1,0.629,
0.938,0.974,1,0.731,
0.96,0.981,1,0.836,
0.946,0.966,1,0.745,
0.833,0.823,1,0.665,
0.926,0.957,1,0.715,
0.886,0.925,1,0.692,
0.899,0.89,0.949,0.84,
0.893,0.891,0.954,0.785,
0.838,0.8,1,0.706,
0.855,0.841,1,0.728,
0.939,0.96,1,0.749,
0.894,0.89,1,0.702,
0.928,0.95,1,0.758,
0.882,0.841,1,0.808,
0.852,0.859,1,0.674,
0.829,0.895,1,0.589,
0.849,0.867,1,0.672,
0.861,0.845,1,0.792,
0.948,0.966,0.985,0.823,
0.852,0.864,1,0.656,
0.921,0.955,1,0.686,
0.871,0.879,1,0.694,
0.914,0.911,1,0.848,
0.863,0.833,1,0.746,
0.913,0.957,1,0.781,
0.931,0.969,0.986,0.803,
0.925,0.916,1,0.88,
0.794,0.713,1,0.63,
0.87,0.868,1,0.754,
0.911,0.942,1,0.77,
0.945,0.981,1,0.798,
0.787,0.752,1,0.539,
0.916,0.944,1,0.725,
0.903,0.952,1,0.72,
0.844,0.899,0.953,0.681,
0.934,0.954,1,0.824,
0.929,0.955,1,0.765,
0.891,0.887,1,0.716,
0.909,0.922,1,0.734,
0.908,0.938,1,0.7,
0.925,0.97,1,0.715,
0.925,0.954,1,0.793,
0.789,0.778,1,0.601,
0.914,0.966,1,0.594,
0.892,0.917,1,0.678,
0.864,0.814,1,0.728,
0.926,0.923,1,0.768,
0.93,0.976,1,0.703,
0.92,0.937,1,0.771,
0.905,0.927,1,0.78,
0.861,0.863,1,0.658,
0.778,0.769,1,0.606,
0.927,0.974,1,0.683,
0.844,0.855,1,0.715,
0.933,0.95,1,0.789,
0.841,0.899,0.953,0.656,
0.941,0.96,1,0.815,
0.929,0.96,0.983,0.823,
0.958,0.98,1,0.844,
0.933,0.951,1,0.789,
0.839,0.848,1,0.713,
0.918,0.929,1,0.697,
0.952,0.972,1,0.783,
0.928,0.961,1,0.739,
0.891,0.945,1,0.721,
0.902,0.956,1,0.715,
0.86,0.843,1,0.716,
0.949,0.968,1,0.858,
0.823,0.812,1,0.718,
0.914,0.913,1,0.804,
0.88,0.891,1,0.691,
0.896,0.942,1,0.6,
0.943,0.965,1,0.752,
0.936,0.952,1,0.813,
0.943,0.938,1,0.91,
0.839,0.779,1,0.658,
0.904,0.956,1,0.703,
0.917,0.924,1,0.764,
0.955,0.97,1,0.791,
0.869,0.88,0.947,0.783,
0.932,0.968,1,0.807,
0.952,0.987,1,0.802,
0.917,0.968,1,0.677,
0.95,0.964,1,0.811,
0.892,0.891,0.998,0.787,
0.926,0.95,1,0.72,
0.903,0.942,1,0.799,
0.95,0.97,1,0.828,
0.853,0.841,1,0.688,
0.914,0.968,1,0.729,
0.886,0.865,1,0.681,
0.877,0.905,1,0.728,
0.925,0.927,1,0.834,
0.936,0.966,1,0.744,
0.894,0.921,0.977,0.768,
0.887,0.871,1,0.82,
0.857,0.855,1,0.716,
0.961,0.972,0.992,0.836,
0.935,0.962,1,0.78,
0.891,0.902,1,0.71,
0.799,0.764,1,0.691,
0.942,0.952,0.993,0.838,
0.89,0.933,1,0.763,
0.945,0.943,1,0.874,
0.978,0.976,1,0.957,
0.941,0.985,1,0.762,
0.923,0.969,1,0.767,
0.942,0.958,1,0.799,
0.924,0.968,1,0.678,
0.883,0.919,0.934,0.724,
0.954,0.97,0.994,0.804,
0.784,0.756,1,0.666,
0.892,0.931,1,0.739,
0.897,0.893,1,0.771,
0.893,0.955,1,0.642,
0.854,0.837,1,0.73,
0.961,0.978,1,0.841,
0.941,0.984,1,0.684,
0.785,0.842,1,0.581,
0.931,0.946,1,0.806,
0.931,0.966,1,0.703,
0.846,0.845,1,0.695,
0.913,0.951,1,0.718,
0.921,0.974,1,0.693,
0.901,0.927,1,0.723,
0.931,0.967,1,0.763,
0.896,0.909,0.948,0.764,
0.948,0.969,1,0.768,
0.965,0.978,1,0.823,
0.91,0.938,0.962,0.722,
0.882,0.872,1,0.746,
0.942,0.968,1,0.806,
0.746,0.708,1,0.631,
0.912,0.939,1,0.745,
0.945,0.959,1,0.819,
0.944,0.979,0.993,0.825,
0.95,0.958,1,0.826,
0.922,0.951,1,0.758,
0.912,0.937,1,0.683,
0.894,0.928,1,0.678,
0.779,0.771,1,0.67,
0.925,0.939,1,0.824,
0.855,0.913,1,0.67,
0.943,0.97,0.998,0.793,
0.926,0.934,1,0.764,
0.9,0.958,1,0.675,
0.845,0.858,1,0.655,
0.951,0.996,1,0.787,
0.875,0.885,1,0.75,
0.78,0.774,1,0.665,
0.824,0.856,1,0.68,
0.889,0.886,1,0.71,
0.888,0.879,1,0.72,
0.817,0.736,1,0.679,
0.938,0.968,1,0.785,
0.908,0.936,1,0.762,
0.935,0.976,1,0.744,
0.926,0.927,1,0.807,
0.874,0.887,1,0.681,
0.902,0.869,1,0.753,
0.896,0.847,1,0.816,
0.776,0.75,1,0.669,
0.904,0.944,1,0.74,
0.951,0.973,1,0.777,
0.923,0.955,1,0.698,
0.849,0.842,1,0.684,
0.896,0.938,0.959,0.735,
0.918,0.962,1,0.678,
0.95,0.959,0.993,0.855,
0.91,0.919,1,0.715,
0.949,0.984,1,0.77,
0.933,0.94,0.997,0.828,
0.88,0.899,1,0.719,
0.912,0.968,1,0.703,
0.906,0.92,1,0.688,
0.897,0.92,1,0.679,
0.949,0.973,0.99,0.817,
0.958,0.974,1,0.892,
0.961,0.978,1,0.856,
0.958,0.982,1,0.825,
0.917,0.954,1,0.703,
0.929,0.962,1,0.75,
0.947,0.959,1,0.763,
0.858,0.868,1,0.677,
0.95,0.976,1,0.784,
0.948,0.976,1,0.778,
0.92,0.977,1,0.682,
0.927,0.964,1,0.703,
0.922,0.941,0.976,0.787,
0.938,0.968,1,0.755,
0.931,0.941,1,0.78,
0.917,0.925,0.982,0.784,
0.884,0.898,1,0.709,
0.91,0.967,1,0.784,
0.913,0.946,1,0.746,
0.928,0.946,0.997,0.768,
0.926,0.936,1,0.796,
0.885,0.872,1,0.769,
0.85,0.855,1,0.694,
0.757,0.756,1,0.651,
0.906,0.876,1,0.817,
0.94,0.986,1,0.75,
0.859,0.837,1,0.774,
0.832,0.819,1,0.774,
0.808,0.758,1,0.668,
0.923,0.948,1,0.724,
0.951,0.948,1,0.882,
0.94,0.954,1,0.818,
0.863,0.901,1,0.645,
0.951,0.964,0.995,0.8,
0.877,0.844,1,0.753,
0.844,0.886,0.948,0.631,
0.925,0.944,1,0.772,
0.92,0.962,1,0.695,
0.955,0.984,1,0.835,
0.947,0.974,1,0.821,
0.882,0.863,1,0.81,
0.917,0.974,1,0.781,
0.955,0.978,1,0.814,
0.885,0.896,1,0.736,
0.918,0.944,0.987,0.787,
0.939,0.958,0.993,0.764,
0.814,0.812,1,0.671,
0.924,0.945,0.974,0.825,
0.925,0.962,1,0.677,
0.871,0.825,1,0.758,
0.825,0.826,1,0.697,
0.946,0.981,1,0.725,
0.957,0.978,1,0.892,
0.931,0.972,1,0.729,
0.828,0.867,1,0.597,
0.934,0.974,1,0.738,
0.944,0.966,1,0.754,
0.912,0.948,1,0.689,
0.887,0.871,1,0.832,
0.949,0.985,1,0.756,
0.904,0.923,1,0.731,
0.93,0.933,0.993,0.878,
0.94,0.961,1,0.736,
0.93,0.946,1,0.783,
0.932,0.958,1,0.755,
0.858,0.812,1,0.696,
0.867,0.867,1,0.633,
0.925,0.948,1,0.755,
0.947,0.965,1,0.814,
0.945,0.963,1,0.807,
0.904,0.917,1,0.763,
0.877,0.845,1,0.768,
0.938,0.955,1,0.792,
0.938,0.945,1,0.819,
0.803,0.846,0.895,0.651,
0.943,0.946,1,0.845,
0.873,0.873,1,0.797,
0.961,0.981,1,0.777,
0.915,0.949,1,0.719,
0.861,0.827,1,0.666,
0.708,0.69,1,0.581,
0.864,0.851,1,0.714,
0.901,0.917,1,0.702,
0.784,0.77,1,0.668,
0.885,0.886,1,0.668,
0.901,0.965,1,0.692,
0.961,0.986,0.997,0.886,
0.936,0.964,1,0.802,
0.911,0.916,1,0.823,
0.916,0.926,1,0.816,
0.816,0.903,1,0.608,
0.92,0.923,1,0.759,
0.875,0.885,0.927,0.779,
0.927,0.964,0.997,0.808,
0.942,0.987,1,0.732,
0.886,0.877,1,0.703,
0.963,0.982,0.998,0.795,
0.937,0.972,1,0.759,
0.878,0.887,1,0.746,
0.846,0.843,1,0.717,
0.943,0.969,0.988,0.781,
0.849,0.849,0.91,0.757,
0.799,0.749,1,0.63,
0.929,0.976,1,0.72,
0.938,0.966,1,0.779,
0.948,0.959,0.988,0.886,
0.905,0.901,1,0.826,
0.963,0.984,1,0.845,
0.957,0.976,1,0.821,
0.874,0.855,1,0.671,
0.881,0.853,1,0.77,
0.898,0.927,1,0.771,
0.945,0.966,1,0.816,
0.953,0.962,1,0.796,
0.863,0.867,1,0.691,
0.951,0.972,1,0.882,
0.897,0.883,1,0.774,
0.897,0.935,1,0.651,
0.91,0.945,1,0.706,
0.899,0.955,1,0.751,
0.838,0.899,1,0.615,
0.929,0.948,0.995,0.847,
0.959,0.988,1,0.809,
0.936,0.976,1,0.704,
0.88,0.873,1,0.788,
0.917,0.924,1,0.764,
0.851,0.863,1,0.741,
0.793,0.782,1,0.658,
0.956,0.996,0.999,0.809,
0.945,0.944,1,0.909,
0.933,0.964,1,0.749,
0.885,0.923,1,0.708,
0.89,0.893,1,0.76,
0.913,0.924,1,0.756,
0.929,0.94,1,0.846,
0.939,0.957,1,0.795,
0.87,0.904,1,0.645,
0.87,0.895,1,0.656,
0.834,0.853,1,0.695,
0.954,0.98,1,0.801,
0.914,0.96,1,0.717,
0.885,0.882,1,0.71,
0.892,0.913,1,0.771,
0.895,0.922,0.985,0.741,
0.927,0.972,1,0.701,
0.904,0.919,1,0.774,
0.949,0.98,1,0.828,
0.881,0.984,1,0.671,
0.862,0.834,1,0.712,
0.928,0.938,0.978,0.804,
0.898,0.962,1,0.679,
0.834,0.881,1,0.585,
0.925,0.961,1,0.788,
0.925,0.943,0.981,0.828,
0.932,0.958,1,0.726,
0.909,0.924,1,0.801,
0.914,0.938,1,0.73,
0.922,0.943,1,0.692,
0.889,0.919,1,0.722,
0.876,0.892,1,0.7,
0.941,0.96,1,0.813,
0.922,0.952,1,0.76,
0.94,0.944,1,0.806,
0.887,0.907,1,0.722,
0.837,0.758,1,0.666,
0.839,0.837,1,0.676,
0.952,0.97,1,0.766,
0.839,0.881,1,0.674,
0.925,0.972,1,0.71,
0.946,0.966,1,0.76,
0.952,0.966,0.996,0.84,
0.847,0.849,1,0.715,
0.899,0.905,1,0.721,
0.933,0.949,1,0.801,
0.847,0.85,1,0.722,
0.957,0.958,1,0.853,
0.957,0.981,1,0.767,
0.899,0.887,1,0.768,
0.893,0.902,1,0.668,
0.851,0.858,1,0.699,
0.871,0.87,1,0.71,
0.936,0.976,1,0.763,
0.948,0.982,1,0.744,
0.925,0.957,1,0.776,
0.922,0.982,1,0.748,
0.914,0.943,1,0.785,
0.941,0.974,1,0.727,
0.845,0.83,1,0.692,
0.922,0.95,1,0.742,
0.959,0.976,1,0.83,
0.881,0.909,1,0.729,
0.832,0.829,1,0.747,
0.842,0.847,1,0.701,
0.832,0.829,1,0.693,
0.943,0.966,1,0.761,
0.957,0.98,1,0.825,
0.965,0.988,1,0.818,
0.871,0.87,1,0.715,
0.834,0.859,1,0.626,
0.893,0.918,1,0.698,
0.913,0.91,1,0.789,
0.883,0.855,1,0.828,
0.888,0.913,1,0.724,
0.827,0.802,1,0.686,
0.957,0.978,0.986,0.852,
0.911,0.964,1,0.656,
0.869,0.867,1,0.658,
0.933,0.956,1,0.726,
0.936,0.958,1,0.81,
0.903,0.902,0.999,0.805,
0.936,0.971,1,0.752,
0.759,0.716,1,0.62,
0.963,0.98,0.988,0.82,
0.905,0.894,1,0.767,
0.955,0.969,1,0.777,
0.791,0.784,1,0.705,
0.825,0.834,1,0.657,
0.931,0.964,1,0.788,
0.836,0.839,1,0.666,
0.771,0.709,1,0.573,
0.883,0.886,1,0.75,
0.822,0.781,1,0.699,
0.941,0.974,1,0.802,
0.904,0.955,1,0.696,
0.96,0.986,1,0.807,
0.944,0.98,1,0.739,
0.96,0.98,1,0.8,
0.961,0.968,1,0.888,
0.943,0.966,1,0.791,
0.831,0.82,1,0.633,
0.962,0.976,1,0.85,
0.873,0.942,1,0.69,
0.939,0.976,0.996,0.822,
0.925,0.934,1,0.765,
0.899,0.903,1,0.693,
0.936,0.964,1,0.785,
0.799,0.8,1,0.593,
0.92,0.932,1,0.74,
0.898,0.935,1,0.733,
0.893,0.927,1,0.713,
0.956,0.979,1,0.793,
0.945,0.932,1,0.891,
0.928,0.943,1,0.798,
0.923,0.981,1,0.701,
0.816,0.742,1,0.68,
0.926,0.967,1,0.682,
0.919,0.96,0.999,0.765,
0.867,0.855,1,0.783,
0.804,0.743,1,0.599,
0.927,0.95,0.995,0.8,
0.816,0.754,1,0.652,
0.905,0.954,1,0.692,
0.92,0.935,1,0.775,
0.845,0.831,0.941,0.81,
0.774,0.724,1,0.641,
0.856,0.835,1,0.822,
0.85,0.802,1,0.78,
0.771,0.745,1,0.71,
0.869,0.855,1,0.803,
0.809,0.748,1,0.679,
0.806,0.783,1,0.72,
0.827,0.806,1,0.779,
0.767,0.722,0.891,0.698,
0.872,0.856,1,0.829,
0.91,0.911,1,0.811,
0.803,0.799,1,0.659,
0.795,0.768,1,0.722,
0.856,0.82,1,0.811,
0.753,0.732,1,0.684,
0.872,0.851,0.989,0.818,
0.841,0.815,1,0.701,
0.874,0.869,1,0.758,
0.709,0.669,1,0.635,
0.861,0.873,0.954,0.775,
0.876,0.865,1,0.746,
0.907,0.899,1,0.825,
0.923,0.938,1,0.803,
0.871,0.841,0.977,0.806,
0.852,0.825,0.975,0.798,
0.761,0.738,1,0.714,
0.837,0.818,1,0.762,
0.785,0.756,1,0.749,
0.854,0.845,1,0.802,
0.846,0.837,1,0.781,
0.866,0.847,0.988,0.816,
0.786,0.744,1,0.716,
0.866,0.868,1,0.729,
0.842,0.819,1,0.73,
0.736,0.708,1,0.682,
0.818,0.786,1,0.742,
0.866,0.849,1,0.817,
0.7,0.675,1,0.615,
0.869,0.827,1,0.785,
0.784,0.751,1,0.671,
0.847,0.847,0.931,0.787,
0.888,0.853,1,0.75,
0.785,0.737,1,0.706,
0.832,0.831,0.937,0.793,
0.814,0.79,1,0.754,
0.857,0.845,1,0.797,
0.794,0.776,0.971,0.738,
0.888,0.869,1,0.795,
0.787,0.744,0.929,0.718,
0.87,0.867,1,0.777,
0.882,0.864,1,0.846,
0.819,0.798,1,0.792,
0.851,0.828,1,0.81,
0.804,0.79,0.958,0.744,
0.844,0.833,1,0.787,
0.758,0.741,0.911,0.708,
0.87,0.843,1,0.812,
0.899,0.913,1,0.803,
0.763,0.736,1,0.718,
0.872,0.904,1,0.759,
0.827,0.78,1,0.748,
0.821,0.815,0.892,0.753,
0.821,0.806,1,0.763,
0.83,0.806,1,0.747,
0.841,0.778,1,0.721,
0.859,0.844,0.989,0.807,
0.872,0.877,1,0.726,
0.845,0.826,1,0.786,
0.845,0.835,0.981,0.792,
0.832,0.812,1,0.767,
0.864,0.845,0.981,0.821,
0.825,0.856,1,0.706,
0.865,0.859,1,0.817,
0.915,0.901,1,0.87,
0.746,0.68,1,0.641,
0.902,0.903,0.983,0.848,
0.798,0.767,1,0.665,
0.75,0.709,1,0.653,
0.882,0.852,1,0.812,
0.843,0.81,0.99,0.789,
0.831,0.782,1,0.755,
0.854,0.87,1,0.722,
0.889,0.885,1,0.809,
0.82,0.791,0.971,0.777,
0.874,0.865,0.998,0.824,
0.78,0.749,1,0.728,
0.842,0.825,0.934,0.802,
0.772,0.722,0.993,0.627,
0.79,0.769,1,0.737,
0.783,0.754,0.983,0.677,
0.94,0.97,1,0.75,
0.77,0.783,0.873,0.678,
0.834,0.831,1,0.743,
0.863,0.853,1,0.802,
0.813,0.76,1,0.712,
0.855,0.833,0.966,0.759,
0.889,0.899,1,0.775,
0.746,0.73,0.846,0.678,
0.842,0.83,0.996,0.787,
0.849,0.827,1,0.807,
0.94,0.96,1,0.785,
0.732,0.704,1,0.659,
0.77,0.706,1,0.686,
0.791,0.781,1,0.729,
0.813,0.801,1,0.643,
0.755,0.726,1,0.673,
0.84,0.821,1,0.795,
0.881,0.869,0.99,0.814,
0.875,0.862,1,0.838,
0.837,0.826,1,0.749,
0.818,0.756,1,0.721,
0.848,0.822,1,0.783,
0.812,0.807,0.924,0.753,
0.771,0.749,0.916,0.72,
0.858,0.833,1,0.79,
0.785,0.762,1,0.736,
0.805,0.78,1,0.673,
0.877,0.867,1,0.833,
0.861,0.818,1,0.778,
0.783,0.756,1,0.716,
0.769,0.762,0.929,0.697,
0.871,0.855,0.998,0.831,
0.796,0.783,1,0.735,
0.827,0.798,1,0.785,
0.899,0.895,1,0.84,
0.858,0.841,1,0.8,
0.814,0.806,0.92,0.739,
0.815,0.79,1,0.77,
0.812,0.79,1,0.751,
0.824,0.783,0.983,0.77,
0.785,0.738,1,0.707,
0.823,0.772,1,0.747,
0.888,0.876,1,0.83,
0.848,0.825,1,0.76,
0.866,0.847,1,0.783,
0.802,0.79,1,0.7,
0.789,0.763,1,0.737,
0.739,0.75,0.895,0.651,
0.735,0.685,1,0.671,
0.848,0.841,0.975,0.797,
0.875,0.87,1,0.79,
0.844,0.811,1,0.776,
0.772,0.763,0.956,0.702,
0.872,0.854,0.994,0.791,
0.862,0.834,1,0.815,
0.825,0.806,0.951,0.713,
0.847,0.831,0.979,0.784,
0.84,0.833,0.97,0.774,
0.861,0.855,1,0.801,
0.809,0.839,0.955,0.675,
0.792,0.78,0.993,0.662,
0.8,0.75,1,0.718,
0.763,0.718,1,0.69,
0.814,0.788,1,0.707,
0.846,0.825,1,0.794,
0.794,0.777,1,0.697,
0.786,0.775,1,0.718,
0.852,0.837,0.986,0.798,
0.846,0.822,0.972,0.781,
0.778,0.757,1,0.731,
0.847,0.834,0.998,0.741,
0.878,0.861,1,0.832,
0.792,0.793,1,0.648,
0.851,0.819,1,0.78,
0.852,0.833,0.994,0.806,
0.868,0.857,1,0.814,
0.848,0.851,1,0.673,
0.794,0.738,1,0.669,
0.893,0.892,1,0.809,
0.889,0.891,1,0.803,
0.736,0.715,1,0.684,
0.876,0.833,1,0.82,
0.87,0.898,1,0.705,
0.781,0.741,1,0.711,
0.781,0.737,1,0.701,
0.811,0.772,1,0.726,
0.85,0.84,0.962,0.782,
0.747,0.722,1,0.676,
0.716,0.702,0.893,0.662,
0.867,0.849,1,0.839,
0.808,0.79,1,0.68,
0.869,0.851,1,0.812,
0.826,0.796,1,0.749,
0.805,0.788,0.927,0.773,
0.852,0.84,1,0.717,
0.735,0.712,1,0.678,
0.84,0.863,1,0.726,
0.8,0.788,1,0.747,
0.804,0.75,1,0.706,
0.846,0.827,1,0.79,
0.836,0.8,1,0.766,
0.747,0.716,1,0.701,
0.852,0.833,1,0.77,
0.827,0.81,0.981,0.782,
0.813,0.794,0.932,0.76,
0.852,0.833,1,0.778,
0.755,0.722,1,0.696,
0.917,0.908,1,0.845,
0.822,0.795,1,0.742,
0.781,0.758,1,0.721,
0.848,0.829,1,0.779,
0.85,0.829,0.993,0.786,
0.891,0.874,0.997,0.841,
0.869,0.847,1,0.727,
0.802,0.766,1,0.727,
0.768,0.732,1,0.663,
0.848,0.832,0.998,0.804,
0.833,0.814,0.984,0.792,
0.883,0.869,1,0.833,
0.788,0.764,1,0.711,
0.735,0.677,1,0.64,
0.822,0.817,0.979,0.775,
0.888,0.881,0.989,0.852,
0.766,0.735,1,0.644,
0.744,0.724,1,0.671,
0.841,0.827,0.994,0.797,
0.828,0.802,0.97,0.757,
0.826,0.808,1,0.76,
0.843,0.829,1,0.806,
0.718,0.688,1,0.65,
0.828,0.803,1,0.709,
0.895,0.887,1,0.788,
0.875,0.876,1,0.753,
0.889,0.863,1,0.837,
0.876,0.877,0.98,0.812,
0.847,0.825,0.963,0.794,
0.824,0.804,0.994,0.773,
0.806,0.768,1,0.728,
0.874,0.841,1,0.792,
0.871,0.862,1,0.761,
0.768,0.74,1,0.725,
0.886,0.873,0.997,0.823,
0.856,0.838,1,0.802,
0.781,0.739,0.98,0.715,
0.828,0.792,1,0.775,
0.751,0.718,1,0.703,
0.791,0.764,1,0.735,
0.821,0.774,1,0.76,
0.752,0.714,0.972,0.619,
0.809,0.774,1,0.762,
0.89,0.907,1,0.751,
0.84,0.794,1,0.666,
0.946,0.958,1,0.797,
0.751,0.684,1,0.652,
0.858,0.841,0.974,0.82,
0.775,0.746,1,0.734,
0.885,0.898,1,0.668,
0.775,0.744,1,0.704,
0.843,0.817,0.967,0.775,
0.854,0.821,1,0.815,
0.84,0.806,1,0.773,
0.879,0.867,1,0.823,
0.847,0.829,0.975,0.794,
0.909,0.942,1,0.69,
0.748,0.713,1,0.645,
0.872,0.871,1,0.786,
0.792,0.775,1,0.713,
0.764,0.738,1,0.666,
0.843,0.837,0.965,0.768,
0.851,0.829,1,0.772,
0.867,0.85,0.988,0.814,
0.807,0.78,1,0.757,
0.854,0.847,1,0.788,
0.893,0.881,1,0.838,
0.808,0.797,0.94,0.755,
0.827,0.782,1,0.748,
0.778,0.752,1,0.722,
0.77,0.755,1,0.702,
0.838,0.817,1,0.705,
0.789,0.768,1,0.683,
0.819,0.791,0.974,0.745,
0.75,0.725,1,0.696,
0.816,0.789,1,0.738,
0.825,0.789,0.935,0.76,
0.898,0.897,1,0.752,
0.878,0.875,1,0.773,
0.81,0.79,1,0.755,
0.818,0.788,1,0.766,
0.763,0.714,1,0.638,
0.757,0.715,1,0.661,
0.846,0.832,1,0.758,
0.774,0.749,1,0.702,
0.694,0.686,0.824,0.583,
0.887,0.845,1,0.833,
0.884,0.875,1,0.815,
0.751,0.708,1,0.694,
0.767,0.754,1,0.691,
0.752,0.728,1,0.661,
0.766,0.744,1,0.69,
0.718,0.691,1,0.597,
0.842,0.825,1,0.793,
0.865,0.849,0.993,0.832,
0.846,0.812,1,0.773,
0.815,0.796,1,0.765,
0.862,0.851,0.993,0.813,
0.818,0.817,1,0.672,
0.804,0.827,0.886,0.703,
0.776,0.746,1,0.702,
0.892,0.892,1,0.8,
0.785,0.756,1,0.726,
0.784,0.756,1,0.736,
0.876,0.863,0.987,0.819,
0.829,0.817,0.967,0.725,
0.839,0.809,1,0.772,
0.884,0.871,1,0.824,
0.898,0.901,1,0.794,
0.83,0.801,1,0.739,
0.853,0.841,1,0.79,
0.833,0.814,1,0.799,
0.799,0.78,0.89,0.762,
0.755,0.742,0.856,0.732,
0.838,0.816,1,0.809,
0.692,0.647,1,0.634,
0.725,0.692,1,0.668,
0.869,0.857,0.992,0.826,
0.898,0.929,1,0.72,
0.892,0.889,1,0.809,
0.877,0.849,1,0.823,
0.875,0.859,0.978,0.802,
0.822,0.807,1,0.758,
0.788,0.757,1,0.743,
0.856,0.847,1,0.8,
0.746,0.681,1,0.632,
0.805,0.801,1,0.652,
0.727,0.69,1,0.654,
0.897,0.969,1,0.757,
0.734,0.68,1,0.675,
0.735,0.712,0.907,0.699,
0.743,0.718,1,0.622,
0.79,0.768,1,0.72,
0.9,0.871,1,0.851,
0.737,0.709,1,0.635,
0.838,0.8,1,0.743,
0.886,0.883,0.984,0.827,
0.836,0.795,1,0.678,
0.844,0.829,1,0.799,
0.847,0.851,1,0.708,
0.855,0.808,1,0.769,
0.833,0.817,1,0.774,
0.822,0.756,0.968,0.713,
0.767,0.754,1,0.71,
0.817,0.802,0.948,0.778,
0.83,0.768,1,0.705,
0.81,0.773,1,0.75,
0.708,0.661,1,0.645,
0.847,0.838,1,0.751,
0.818,0.772,1,0.689,
0.865,0.902,1,0.712,
0.886,0.878,1,0.848,
0.915,0.939,0.989,0.803,
0.836,0.831,0.991,0.765,
0.845,0.825,1,0.775,
0.845,0.833,1,0.778,
0.87,0.852,1,0.84,
0.764,0.743,0.892,0.665,
0.842,0.821,0.999,0.794,
0.852,0.83,1,0.729,
0.83,0.8,1,0.782,
0.828,0.799,1,0.736,
0.875,0.851,1,0.785,
0.845,0.828,1,0.812,
0.749,0.726,1,0.696,
0.766,0.754,0.893,0.725,
0.858,0.833,0.988,0.773,
0.953,0.951,1,0.899,
0.882,0.863,1,0.813,
0.83,0.822,1,0.747,
0.794,0.77,0.917,0.742,
0.871,0.857,1,0.82,
0.877,0.871,1,0.802,
0.852,0.823,1,0.797,
0.761,0.751,0.871,0.723,
0.729,0.704,1,0.663,
0.848,0.809,1,0.761,
0.813,0.799,0.962,0.76,
0.844,0.849,1,0.713,
0.746,0.704,1,0.685,
0.771,0.749,1,0.713,
0.805,0.775,1,0.744,
0.813,0.791,0.927,0.723,
0.869,0.849,0.989,0.828,
0.838,0.817,1,0.75,
0.794,0.771,1,0.73,
0.912,0.972,1,0.716,
0.963,0.99,1,0.789,
0.906,0.933,1,0.696,
0.891,0.899,0.946,0.747,
0.784,0.792,1,0.58,
0.908,0.937,0.946,0.764,
0.916,0.962,1,0.687,
0.946,0.968,1,0.8,
0.884,0.903,1,0.694,
0.933,0.939,1,0.785,
0.894,0.917,1,0.733,
0.866,0.87,1,0.717,
0.783,0.748,1,0.636,
0.896,0.927,1,0.719,
0.957,0.972,1,0.803,
0.91,0.909,1,0.773,
0.904,0.932,1,0.713,
0.918,0.921,1,0.768,
0.943,0.986,1,0.754,
0.935,0.974,1,0.765,
0.905,0.871,1,0.806,
0.893,0.921,0.999,0.707,
0.975,0.986,1,0.896,
0.806,0.76,1,0.734,
0.733,0.685,1,0.627,
0.86,0.834,1,0.762,
0.928,0.971,1,0.69,
0.906,0.91,1,0.741,
0.94,0.966,1,0.785,
0.782,0.791,1,0.642,
0.859,0.867,1,0.713,
0.88,0.953,1,0.671,
0.731,0.7,0.876,0.604,
0.869,0.822,1,0.787,
0.936,0.983,1,0.696,
0.774,0.733,0.873,0.701,
0.841,0.862,0.945,0.667,
0.83,0.817,1,0.705,
0.855,0.854,1,0.757,
0.849,0.834,1,0.805,
0.827,0.798,1,0.773,
0.89,0.921,0.974,0.792,
0.876,0.867,0.988,0.806,
0.841,0.836,0.954,0.79,
0.785,0.761,1,0.739,
0.789,0.764,1,0.696,
0.7,0.655,1,0.621,
0.816,0.778,1,0.758,
0.946,0.976,1,0.815,
0.968,0.986,1,0.829,
0.94,0.965,1,0.746,
0.936,0.966,1,0.777,
0.704,0.694,1,0.609,
0.825,0.796,1,0.687,
0.935,0.96,1,0.746,
0.935,0.965,1,0.717,
0.973,0.99,1,0.822,
0.926,0.952,1,0.713,
0.861,0.872,1,0.676,
0.943,0.972,1,0.766,
0.846,0.851,1,0.68,
0.915,0.933,1,0.784,
0.92,0.966,1,0.743,
0.908,0.917,1,0.745,
0.828,0.821,1,0.697,
0.852,0.827,1,0.71,
0.783,0.738,1,0.69,
0.77,0.74,1,0.72,
0.864,0.854,0.973,0.822,
0.752,0.721,1,0.697,
0.767,0.713,0.956,0.667,
0.667,0.624,1,0.586,
0.82,0.786,0.993,0.776,
0.864,0.873,0.961,0.778,
0.781,0.805,1,0.665,
0.71,0.657,1,0.643,
0.83,0.768,1,0.745,
0.837,0.829,0.967,0.751,
0.838,0.823,1,0.768,
0.844,0.808,0.988,0.738,




Further Data analysis of all test cases 
avg med max min 
AVGs,0.592,0.59,0.717,0.437,
MEDs,0.568,0.567,0.7,0.424,
MAXs,0.774,0.755,0.982,0.534,
MINs,0.544,0.541,0.664,0.403,


AVGs,0.855,0.857,0.978,0.666,
MEDs,0.86,0.864,0.996,0.634,
MAXs,0.934,0.945,1,0.709,
MINs,0.746,0.748,0.889,0.557,


AVGs,0.869,0.875,0.978,0.667,
MEDs,0.87,0.871,0.996,0.624,
MAXs,0.993,1,1,0.824,
MINs,0.745,0.749,0.957,0.539,



