

Data analysis for each instance 
AVG,MED,MAX,MIN
0.443,0.449,0.461,0.395,
0.392,0.378,0.452,0.322,
0.36,0.371,0.391,0.317,
0.46,0.46,0.471,0.441,
0.362,0.374,0.396,0.315,
0.418,0.414,0.436,0.395,
0.409,0.41,0.44,0.365,
0.366,0.367,0.387,0.347,
0.335,0.335,0.338,0.331,
0.4,0.4,0.42,0.392,
0.321,0.321,0.328,0.315,
0.478,0.488,0.494,0.41,
0.344,0.343,0.361,0.33,
0.462,0.453,0.521,0.416,
0.387,0.387,0.414,0.342,
0.369,0.363,0.411,0.322,
0.385,0.389,0.397,0.34,
0.471,0.473,0.486,0.441,
0.526,0.521,0.572,0.496,
0.413,0.414,0.417,0.401,
0.426,0.423,0.45,0.415,
0.349,0.355,0.369,0.313,
0.465,0.458,0.509,0.421,
0.43,0.415,0.465,0.4,
0.368,0.371,0.381,0.342,
0.315,0.319,0.325,0.292,
0.451,0.47,0.499,0.388,
0.364,0.368,0.378,0.345,
0.34,0.342,0.343,0.331,
0.375,0.381,0.398,0.352,
0.34,0.341,0.342,0.335,
0.561,0.569,0.6,0.509,
0.504,0.512,0.54,0.45,
0.35,0.345,0.399,0.307,
0.485,0.466,0.54,0.412,
0.397,0.393,0.421,0.376,
0.453,0.433,0.556,0.396,
0.493,0.495,0.524,0.457,
0.536,0.552,0.571,0.484,
0.442,0.443,0.453,0.42,
0.431,0.428,0.458,0.408,
0.351,0.351,0.367,0.334,
0.554,0.558,0.592,0.515,
0.327,0.326,0.34,0.32,
0.425,0.419,0.468,0.405,
0.314,0.313,0.328,0.307,
0.502,0.5,0.536,0.458,
0.488,0.495,0.501,0.457,
0.393,0.399,0.404,0.351,
0.411,0.411,0.43,0.391,
0.434,0.436,0.438,0.423,
0.362,0.368,0.373,0.339,
0.417,0.421,0.424,0.397,
0.403,0.398,0.524,0.355,
0.383,0.384,0.399,0.366,
0.35,0.357,0.36,0.326,
0.384,0.383,0.405,0.376,
0.296,0.295,0.313,0.29,
0.491,0.499,0.521,0.446,
0.413,0.424,0.426,0.358,
0.495,0.51,0.548,0.393,
0.411,0.414,0.418,0.392,
0.453,0.452,0.479,0.436,
0.435,0.436,0.462,0.404,
0.457,0.456,0.473,0.44,
0.552,0.548,0.598,0.509,
0.38,0.376,0.412,0.347,
0.437,0.441,0.452,0.415,
0.455,0.458,0.467,0.43,
0.526,0.528,0.577,0.455,
0.297,0.302,0.307,0.28,
0.42,0.406,0.543,0.4,
0.382,0.387,0.396,0.346,
0.489,0.487,0.515,0.474,
0.411,0.418,0.42,0.382,
0.452,0.458,0.485,0.407,
0.419,0.418,0.429,0.41,
0.49,0.497,0.527,0.419,
0.366,0.366,0.367,0.363,
0.348,0.348,0.354,0.343,
0.422,0.422,0.46,0.401,
0.27,0.274,0.288,0.252,
0.432,0.432,0.461,0.402,
0.315,0.316,0.316,0.313,
0.411,0.419,0.441,0.365,
0.434,0.436,0.462,0.399,
0.42,0.427,0.466,0.375,
0.425,0.402,0.534,0.375,
0.518,0.524,0.545,0.477,
0.305,0.311,0.328,0.266,
0.384,0.386,0.389,0.369,
0.373,0.377,0.386,0.353,
0.535,0.53,0.58,0.477,
0.424,0.422,0.449,0.412,
0.53,0.532,0.588,0.468,
0.315,0.298,0.457,0.293,
0.363,0.378,0.38,0.323,
0.374,0.372,0.403,0.35,
0.502,0.511,0.535,0.448,
0.459,0.46,0.501,0.387,
0.496,0.504,0.514,0.442,
0.374,0.373,0.403,0.342,
0.315,0.316,0.317,0.31,
0.451,0.448,0.471,0.433,
0.346,0.351,0.354,0.318,
0.36,0.362,0.364,0.352,
0.491,0.499,0.517,0.425,
0.358,0.357,0.38,0.342,
0.348,0.345,0.363,0.33,
0.335,0.336,0.341,0.328,
0.455,0.447,0.514,0.412,
0.539,0.55,0.559,0.485,
0.471,0.463,0.564,0.407,
0.38,0.38,0.384,0.37,
0.389,0.36,0.478,0.344,
0.44,0.421,0.528,0.409,
0.483,0.481,0.518,0.461,
0.476,0.469,0.496,0.458,
0.354,0.357,0.362,0.337,
0.495,0.492,0.515,0.474,
0.361,0.364,0.368,0.349,
0.363,0.361,0.388,0.333,
0.368,0.371,0.379,0.347,
0.413,0.415,0.421,0.398,
0.403,0.403,0.42,0.394,
0.369,0.37,0.407,0.345,
0.392,0.395,0.406,0.378,
0.329,0.334,0.336,0.309,
0.386,0.388,0.408,0.343,
0.395,0.396,0.409,0.377,
0.385,0.387,0.392,0.369,
0.504,0.496,0.554,0.478,
0.537,0.542,0.571,0.487,
0.476,0.47,0.55,0.453,
0.371,0.376,0.384,0.345,
0.502,0.5,0.511,0.485,
0.578,0.581,0.617,0.515,
0.42,0.428,0.432,0.367,
0.437,0.443,0.5,0.342,
0.351,0.349,0.368,0.325,
0.541,0.566,0.569,0.446,
0.486,0.482,0.557,0.418,
0.399,0.398,0.422,0.375,
0.445,0.446,0.47,0.423,
0.484,0.486,0.517,0.435,
0.416,0.42,0.428,0.394,
0.401,0.404,0.419,0.372,
0.422,0.413,0.496,0.407,
0.45,0.456,0.491,0.404,
0.505,0.515,0.517,0.427,
0.391,0.403,0.404,0.322,
0.367,0.381,0.389,0.318,
0.469,0.447,0.545,0.433,
0.438,0.438,0.45,0.414,
0.398,0.399,0.404,0.387,
0.426,0.43,0.439,0.381,
0.296,0.297,0.301,0.289,
0.37,0.371,0.397,0.344,
0.357,0.358,0.364,0.339,
0.445,0.448,0.455,0.426,
0.422,0.43,0.458,0.383,
0.389,0.392,0.403,0.353,
0.377,0.37,0.416,0.344,
0.452,0.438,0.52,0.416,
0.524,0.526,0.553,0.456,
0.422,0.429,0.442,0.395,
0.44,0.442,0.484,0.396,
0.411,0.415,0.418,0.374,
0.39,0.395,0.399,0.359,
0.417,0.405,0.467,0.37,
0.369,0.363,0.401,0.359,
0.495,0.495,0.522,0.45,
0.521,0.52,0.552,0.493,
0.355,0.352,0.367,0.35,
0.398,0.399,0.43,0.357,
0.503,0.504,0.552,0.463,
0.539,0.55,0.582,0.482,
0.377,0.377,0.389,0.354,
0.345,0.346,0.367,0.315,
0.372,0.362,0.459,0.353,
0.524,0.532,0.554,0.468,
0.358,0.359,0.366,0.341,
0.38,0.386,0.389,0.343,
0.378,0.379,0.389,0.362,
0.315,0.31,0.36,0.305,
0.424,0.43,0.446,0.375,
0.443,0.449,0.474,0.403,
0.548,0.554,0.588,0.501,
0.54,0.542,0.578,0.478,
0.297,0.298,0.302,0.29,
0.528,0.525,0.597,0.454,
0.53,0.536,0.572,0.473,
0.338,0.339,0.34,0.332,
0.581,0.57,0.668,0.512,
0.447,0.452,0.465,0.414,
0.453,0.456,0.468,0.421,
0.38,0.384,0.388,0.341,
0.4,0.402,0.407,0.377,
0.432,0.438,0.446,0.407,
0.4,0.403,0.422,0.365,
0.311,0.306,0.378,0.28,
0.437,0.434,0.461,0.424,
0.379,0.384,0.395,0.349,
0.437,0.436,0.464,0.406,
0.505,0.504,0.531,0.487,
0.569,0.564,0.613,0.524,
0.384,0.386,0.413,0.361,
0.472,0.481,0.483,0.426,
0.486,0.49,0.515,0.444,
0.499,0.505,0.51,0.468,
0.439,0.431,0.509,0.353,
0.443,0.446,0.45,0.426,
0.429,0.425,0.466,0.414,
0.46,0.464,0.481,0.431,
0.472,0.459,0.567,0.415,
0.384,0.388,0.391,0.36,
0.485,0.476,0.56,0.43,
0.508,0.507,0.521,0.48,
0.301,0.301,0.307,0.295,
0.453,0.453,0.48,0.434,
0.603,0.614,0.675,0.524,
0.412,0.412,0.436,0.388,
0.392,0.399,0.413,0.368,
0.414,0.41,0.462,0.391,
0.354,0.37,0.379,0.306,
0.336,0.348,0.381,0.28,
0.496,0.496,0.517,0.479,
0.321,0.329,0.337,0.283,
0.345,0.349,0.351,0.331,
0.435,0.434,0.471,0.406,
0.338,0.34,0.346,0.324,
0.414,0.404,0.454,0.401,
0.406,0.405,0.428,0.383,
0.563,0.579,0.597,0.491,
0.38,0.383,0.389,0.353,
0.389,0.393,0.396,0.372,
0.387,0.38,0.445,0.353,
0.436,0.456,0.459,0.338,
0.403,0.403,0.435,0.361,
0.344,0.345,0.346,0.333,
0.395,0.398,0.402,0.376,
0.477,0.477,0.501,0.459,
0.489,0.489,0.518,0.453,
0.324,0.323,0.334,0.321,
0.457,0.46,0.466,0.433,
0.355,0.357,0.36,0.341,
0.447,0.448,0.469,0.428,
0.434,0.419,0.507,0.4,
0.428,0.429,0.442,0.396,
0.386,0.381,0.421,0.365,
0.55,0.556,0.588,0.501,
0.322,0.329,0.331,0.282,
0.393,0.394,0.401,0.374,
0.452,0.444,0.492,0.396,
0.397,0.401,0.402,0.378,
0.425,0.434,0.468,0.382,
0.343,0.343,0.35,0.338,
0.465,0.469,0.482,0.432,
0.363,0.362,0.373,0.355,
0.457,0.455,0.481,0.432,
0.414,0.415,0.42,0.398,
0.362,0.367,0.375,0.328,
0.467,0.47,0.488,0.432,
0.488,0.493,0.503,0.458,
0.435,0.437,0.443,0.419,
0.405,0.403,0.423,0.377,
0.439,0.443,0.447,0.43,
0.433,0.436,0.457,0.408,
0.314,0.315,0.324,0.293,
0.415,0.422,0.433,0.383,
0.337,0.337,0.338,0.334,
0.466,0.464,0.509,0.378,
0.452,0.452,0.465,0.42,
0.394,0.402,0.407,0.361,
0.3,0.3,0.315,0.286,
0.556,0.553,0.583,0.527,
0.507,0.514,0.526,0.461,
0.38,0.386,0.389,0.35,
0.389,0.391,0.394,0.38,
0.435,0.438,0.447,0.414,
0.426,0.419,0.482,0.393,
0.376,0.383,0.399,0.336,
0.321,0.327,0.328,0.3,
0.472,0.47,0.494,0.459,
0.37,0.372,0.398,0.336,
0.426,0.429,0.454,0.381,
0.342,0.344,0.347,0.323,
0.374,0.382,0.384,0.337,
0.489,0.495,0.524,0.416,
0.467,0.453,0.528,0.419,
0.329,0.333,0.342,0.297,
0.431,0.435,0.478,0.364,
0.484,0.489,0.504,0.451,
0.349,0.349,0.362,0.334,
0.438,0.441,0.458,0.409,
0.447,0.446,0.529,0.397,
0.416,0.413,0.473,0.354,
0.466,0.462,0.509,0.447,
0.454,0.451,0.494,0.421,
0.468,0.452,0.547,0.443,
0.475,0.479,0.482,0.454,
0.449,0.451,0.478,0.423,
0.453,0.454,0.468,0.436,
0.513,0.512,0.547,0.465,
0.49,0.494,0.531,0.386,
0.323,0.318,0.354,0.296,
0.42,0.423,0.426,0.395,
0.417,0.416,0.441,0.408,
0.384,0.393,0.401,0.359,
0.329,0.33,0.361,0.309,
0.413,0.415,0.421,0.39,
0.403,0.407,0.451,0.365,
0.389,0.395,0.399,0.371,
0.387,0.387,0.409,0.377,
0.422,0.434,0.437,0.366,
0.343,0.349,0.352,0.314,
0.359,0.37,0.375,0.31,
0.482,0.486,0.498,0.461,
0.565,0.557,0.635,0.489,
0.418,0.421,0.45,0.359,
0.4,0.398,0.411,0.388,
0.465,0.445,0.559,0.383,
0.535,0.547,0.584,0.481,
0.448,0.451,0.469,0.418,
0.447,0.463,0.47,0.394,
0.525,0.528,0.565,0.488,
0.332,0.33,0.346,0.312,
0.552,0.567,0.589,0.495,
0.551,0.565,0.567,0.481,
0.458,0.461,0.474,0.417,
0.518,0.527,0.566,0.448,
0.322,0.324,0.339,0.3,
0.372,0.376,0.377,0.353,
0.467,0.47,0.476,0.448,
0.374,0.375,0.385,0.363,
0.421,0.419,0.449,0.402,
0.423,0.426,0.451,0.38,
0.333,0.336,0.34,0.31,
0.369,0.36,0.395,0.356,
0.35,0.351,0.353,0.342,
0.448,0.452,0.455,0.422,
0.411,0.414,0.439,0.379,
0.351,0.35,0.37,0.345,
0.327,0.319,0.379,0.302,
0.529,0.535,0.541,0.491,
0.405,0.411,0.418,0.383,
0.387,0.389,0.41,0.373,
0.416,0.415,0.43,0.396,
0.365,0.365,0.371,0.36,
0.302,0.303,0.318,0.287,
0.433,0.425,0.467,0.407,
0.483,0.482,0.509,0.466,
0.436,0.435,0.468,0.411,
0.315,0.314,0.329,0.3,
0.361,0.362,0.379,0.333,
0.477,0.477,0.495,0.464,
0.323,0.322,0.33,0.32,
0.488,0.481,0.538,0.45,
0.373,0.375,0.383,0.349,
0.389,0.39,0.404,0.372,
0.489,0.488,0.518,0.453,
0.423,0.419,0.451,0.378,
0.447,0.469,0.489,0.378,
0.421,0.424,0.428,0.407,
0.443,0.445,0.459,0.414,
0.446,0.447,0.473,0.418,
0.441,0.411,0.548,0.391,
0.36,0.358,0.383,0.334,
0.492,0.506,0.509,0.429,
0.542,0.539,0.574,0.507,
0.416,0.422,0.425,0.389,
0.382,0.387,0.396,0.364,
0.386,0.389,0.397,0.362,
0.498,0.502,0.512,0.464,
0.541,0.547,0.58,0.489,
0.375,0.381,0.388,0.334,
0.588,0.593,0.628,0.536,
0.289,0.291,0.292,0.269,
0.432,0.431,0.455,0.394,
0.492,0.496,0.501,0.456,
0.529,0.535,0.629,0.438,
0.396,0.397,0.418,0.364,
0.4,0.402,0.405,0.384,
0.463,0.467,0.476,0.442,
0.413,0.415,0.416,0.399,
0.418,0.42,0.423,0.405,
0.428,0.435,0.448,0.386,
0.463,0.462,0.511,0.434,
0.337,0.34,0.346,0.318,
0.454,0.453,0.473,0.438,
0.496,0.505,0.516,0.45,
0.405,0.411,0.422,0.361,
0.385,0.392,0.4,0.346,
0.408,0.407,0.429,0.396,
0.401,0.403,0.409,0.39,
0.41,0.409,0.436,0.378,
0.309,0.307,0.322,0.305,
0.447,0.46,0.481,0.381,
0.497,0.497,0.543,0.446,
0.382,0.379,0.413,0.341,
0.318,0.324,0.327,0.289,
0.369,0.371,0.377,0.352,
0.439,0.443,0.451,0.42,
0.593,0.605,0.642,0.506,
0.531,0.533,0.571,0.474,
0.422,0.427,0.433,0.393,
0.398,0.401,0.405,0.381,
0.595,0.601,0.665,0.458,
0.382,0.378,0.415,0.35,
0.377,0.38,0.382,0.367,
0.347,0.325,0.421,0.315,
0.622,0.619,0.675,0.566,
0.499,0.505,0.511,0.467,
0.392,0.4,0.42,0.355,
0.52,0.523,0.535,0.497,
0.423,0.427,0.431,0.405,
0.415,0.415,0.425,0.399,
0.524,0.56,0.597,0.412,
0.441,0.444,0.477,0.404,
0.393,0.396,0.411,0.356,
0.423,0.43,0.434,0.388,
0.55,0.548,0.585,0.515,
0.411,0.414,0.416,0.386,
0.411,0.413,0.427,0.382,
0.372,0.378,0.379,0.345,
0.45,0.45,0.468,0.436,
0.43,0.423,0.467,0.391,
0.35,0.353,0.356,0.337,
0.349,0.35,0.36,0.333,
0.504,0.508,0.537,0.456,
0.328,0.329,0.331,0.317,
0.333,0.333,0.341,0.328,
0.427,0.427,0.445,0.42,
0.297,0.297,0.305,0.28,
0.374,0.379,0.384,0.346,
0.367,0.365,0.392,0.338,
0.533,0.536,0.567,0.492,
0.424,0.427,0.452,0.378,
0.429,0.449,0.485,0.332,
0.321,0.323,0.327,0.303,
0.327,0.33,0.331,0.314,
0.492,0.492,0.549,0.438,
0.452,0.454,0.48,0.417,
0.402,0.403,0.426,0.36,
0.498,0.505,0.509,0.468,
0.37,0.367,0.384,0.358,
0.417,0.421,0.429,0.39,
0.326,0.326,0.328,0.321,
0.422,0.426,0.434,0.4,
0.469,0.478,0.513,0.413,
0.442,0.442,0.457,0.43,
0.383,0.389,0.391,0.358,
0.374,0.371,0.387,0.367,
0.371,0.369,0.384,0.36,
0.483,0.47,0.585,0.419,
0.577,0.589,0.624,0.508,
0.44,0.427,0.487,0.376,
0.463,0.455,0.502,0.415,
0.391,0.388,0.409,0.374,
0.336,0.337,0.351,0.324,
0.369,0.378,0.394,0.319,
0.398,0.405,0.42,0.365,
0.392,0.395,0.399,0.372,
0.376,0.376,0.39,0.361,
0.36,0.363,0.372,0.338,
0.465,0.471,0.478,0.439,
0.44,0.441,0.456,0.42,
0.465,0.466,0.494,0.425,
0.385,0.383,0.398,0.374,
0.364,0.369,0.378,0.33,
0.378,0.382,0.385,0.355,
0.442,0.442,0.453,0.425,
0.472,0.473,0.496,0.428,
0.401,0.403,0.408,0.387,
0.408,0.409,0.414,0.378,
0.373,0.376,0.384,0.346,
0.355,0.356,0.379,0.322,
0.448,0.449,0.487,0.401,
0.553,0.556,0.591,0.502,
0.48,0.482,0.508,0.441,
0.413,0.421,0.426,0.376,
0.424,0.422,0.467,0.381,
0.426,0.423,0.449,0.42,
0.585,0.591,0.629,0.527,
0.446,0.446,0.462,0.426,
0.451,0.458,0.463,0.414,
0.334,0.334,0.338,0.33,
0.412,0.417,0.462,0.372,
0.391,0.398,0.402,0.366,
0.381,0.393,0.396,0.332,
0.467,0.475,0.485,0.431,
0.529,0.525,0.567,0.488,
0.46,0.475,0.513,0.343,
0.406,0.412,0.426,0.363,
0.322,0.321,0.328,0.317,
0.454,0.453,0.49,0.427,
0.421,0.424,0.437,0.401,
0.43,0.43,0.454,0.41,
0.448,0.426,0.539,0.415,
0.317,0.315,0.329,0.306,
0.455,0.454,0.49,0.432,
0.39,0.39,0.407,0.361,
0.311,0.312,0.317,0.3,
0.493,0.492,0.522,0.47,
0.497,0.499,0.529,0.455,
0.391,0.396,0.407,0.359,
0.435,0.443,0.447,0.386,
0.42,0.423,0.437,0.392,
0.48,0.465,0.54,0.453,
0.441,0.439,0.458,0.425,
0.502,0.509,0.517,0.465,
0.546,0.567,0.575,0.486,
0.378,0.38,0.408,0.347,
0.496,0.497,0.527,0.466,
0.396,0.378,0.481,0.369,
0.467,0.472,0.502,0.412,
0.44,0.444,0.46,0.399,
0.478,0.479,0.524,0.405,
0.495,0.492,0.524,0.459,
0.409,0.421,0.426,0.336,
0.409,0.418,0.422,0.372,
0.453,0.457,0.465,0.428,
0.446,0.451,0.464,0.408,
0.435,0.439,0.443,0.407,
0.506,0.512,0.52,0.472,
0.52,0.522,0.552,0.481,
0.404,0.416,0.42,0.361,
0.382,0.386,0.387,0.358,
0.34,0.343,0.356,0.304,
0.565,0.573,0.592,0.497,
0.414,0.413,0.435,0.405,
0.332,0.333,0.337,0.321,
0.443,0.447,0.456,0.423,
0.311,0.291,0.39,0.267,
0.431,0.437,0.441,0.412,
0.41,0.41,0.42,0.401,
0.356,0.355,0.382,0.338,
0.455,0.465,0.516,0.377,
0.398,0.4,0.437,0.372,
0.393,0.393,0.416,0.368,
0.36,0.364,0.367,0.339,
0.357,0.357,0.376,0.334,
0.394,0.399,0.41,0.364,
0.488,0.496,0.507,0.451,
0.434,0.433,0.448,0.418,
0.351,0.353,0.373,0.309,
0.341,0.337,0.367,0.33,
0.494,0.512,0.565,0.407,
0.483,0.495,0.51,0.43,
0.32,0.323,0.328,0.303,
0.365,0.369,0.403,0.318,
0.384,0.385,0.406,0.358,
0.272,0.273,0.3,0.26,
0.537,0.546,0.598,0.456,
0.362,0.377,0.384,0.302,
0.383,0.378,0.431,0.36,
0.477,0.48,0.506,0.432,
0.389,0.393,0.422,0.356,
0.282,0.279,0.308,0.269,
0.451,0.459,0.469,0.421,
0.413,0.413,0.43,0.393,
0.46,0.467,0.49,0.404,
0.339,0.341,0.342,0.323,
0.379,0.381,0.386,0.363,
0.442,0.443,0.471,0.413,
0.291,0.289,0.319,0.278,
0.41,0.411,0.416,0.386,
0.297,0.295,0.313,0.286,
0.458,0.458,0.487,0.429,
0.361,0.363,0.366,0.339,
0.385,0.382,0.423,0.365,
0.443,0.442,0.481,0.413,
0.6,0.614,0.682,0.515,
0.311,0.311,0.313,0.304,
0.359,0.361,0.386,0.326,
0.401,0.405,0.448,0.366,
0.409,0.408,0.451,0.391,
0.419,0.42,0.436,0.395,
0.365,0.369,0.377,0.324,
0.362,0.366,0.376,0.335,
0.335,0.334,0.354,0.319,
0.435,0.424,0.489,0.387,
0.298,0.299,0.303,0.286,
0.341,0.338,0.356,0.333,
0.349,0.348,0.373,0.328,
0.396,0.394,0.434,0.369,
0.294,0.293,0.314,0.279,
0.353,0.352,0.376,0.341,
0.395,0.392,0.431,0.377,
0.356,0.358,0.364,0.336,
0.349,0.349,0.364,0.334,
0.432,0.427,0.489,0.357,
0.345,0.347,0.352,0.318,
0.367,0.372,0.38,0.337,
0.43,0.424,0.489,0.408,
0.304,0.303,0.328,0.294,
0.425,0.427,0.441,0.394,
0.408,0.409,0.453,0.37,
0.374,0.376,0.381,0.355,
0.502,0.508,0.564,0.441,
0.424,0.425,0.47,0.392,
0.409,0.413,0.439,0.342,
0.276,0.273,0.299,0.255,
0.379,0.38,0.388,0.363,
0.264,0.266,0.281,0.245,
0.352,0.333,0.442,0.312,
0.301,0.306,0.341,0.234,
0.317,0.319,0.328,0.296,
0.368,0.371,0.388,0.34,
0.415,0.41,0.44,0.391,
0.415,0.415,0.445,0.387,
0.315,0.316,0.324,0.306,
0.261,0.259,0.27,0.254,
0.343,0.345,0.383,0.307,
0.424,0.426,0.439,0.401,
0.527,0.524,0.553,0.489,
0.348,0.333,0.385,0.306,
0.438,0.447,0.478,0.392,
0.408,0.408,0.453,0.365,
0.366,0.37,0.377,0.334,
0.368,0.378,0.393,0.321,
0.376,0.374,0.406,0.355,
0.373,0.371,0.445,0.322,
0.419,0.423,0.429,0.396,
0.41,0.406,0.447,0.386,
0.36,0.358,0.393,0.328,
0.406,0.412,0.422,0.375,
0.484,0.485,0.528,0.443,
0.421,0.421,0.442,0.401,
0.439,0.442,0.494,0.389,
0.346,0.344,0.369,0.333,
0.459,0.461,0.483,0.404,
0.353,0.354,0.374,0.326,
0.445,0.448,0.46,0.417,
0.426,0.425,0.459,0.406,
0.29,0.287,0.326,0.278,
0.349,0.348,0.365,0.338,
0.328,0.327,0.368,0.298,
0.369,0.377,0.386,0.336,
0.486,0.49,0.548,0.431,
0.377,0.377,0.394,0.357,
0.325,0.327,0.333,0.295,
0.331,0.329,0.39,0.294,
0.369,0.367,0.407,0.346,
0.336,0.34,0.346,0.292,
0.362,0.357,0.394,0.348,
0.428,0.431,0.441,0.397,
0.439,0.449,0.475,0.386,
0.506,0.502,0.544,0.471,
0.257,0.253,0.267,0.25,
0.384,0.383,0.41,0.358,
0.414,0.422,0.425,0.379,
0.355,0.358,0.362,0.335,
0.534,0.524,0.612,0.479,
0.373,0.372,0.408,0.353,
0.358,0.359,0.397,0.325,
0.357,0.358,0.375,0.334,
0.432,0.44,0.451,0.388,
0.32,0.319,0.331,0.316,
0.394,0.397,0.411,0.375,
0.472,0.478,0.545,0.379,
0.437,0.442,0.446,0.398,
0.312,0.319,0.324,0.292,
0.333,0.337,0.341,0.297,
0.43,0.441,0.444,0.403,
0.411,0.406,0.447,0.383,
0.346,0.347,0.373,0.323,
0.42,0.423,0.429,0.381,
0.379,0.381,0.4,0.327,
0.306,0.304,0.329,0.298,
0.454,0.452,0.489,0.417,
0.311,0.305,0.341,0.298,
0.375,0.378,0.4,0.316,
0.362,0.364,0.375,0.34,
0.443,0.441,0.486,0.427,
0.455,0.455,0.486,0.435,
0.335,0.336,0.338,0.327,
0.365,0.37,0.395,0.338,
0.35,0.351,0.388,0.321,
0.47,0.459,0.535,0.441,
0.279,0.275,0.306,0.258,
0.324,0.328,0.351,0.298,
0.499,0.502,0.559,0.462,
0.402,0.399,0.432,0.389,
0.32,0.319,0.333,0.316,
0.326,0.329,0.331,0.316,
0.432,0.437,0.44,0.395,
0.455,0.458,0.509,0.4,
0.526,0.532,0.57,0.465,
0.376,0.382,0.387,0.355,
0.33,0.335,0.337,0.309,
0.485,0.492,0.547,0.415,
0.45,0.455,0.477,0.406,
0.423,0.426,0.434,0.398,
0.367,0.354,0.488,0.347,
0.28,0.28,0.284,0.276,
0.372,0.374,0.379,0.353,
0.429,0.428,0.45,0.405,
0.366,0.367,0.369,0.357,
0.444,0.443,0.486,0.418,
0.414,0.413,0.464,0.356,
0.303,0.301,0.315,0.297,
0.402,0.403,0.411,0.387,
0.362,0.367,0.398,0.319,
0.49,0.486,0.525,0.462,
0.296,0.292,0.316,0.28,
0.38,0.385,0.389,0.34,
0.386,0.389,0.392,0.369,
0.382,0.387,0.4,0.348,
0.453,0.452,0.539,0.38,
0.358,0.361,0.366,0.333,
0.389,0.394,0.419,0.338,
0.414,0.416,0.423,0.395,
0.355,0.352,0.382,0.336,
0.268,0.267,0.295,0.252,
0.39,0.39,0.41,0.36,
0.392,0.385,0.433,0.377,
0.549,0.561,0.62,0.474,
0.368,0.369,0.383,0.342,
0.357,0.363,0.367,0.328,
0.347,0.346,0.354,0.337,
0.398,0.404,0.456,0.328,
0.356,0.356,0.373,0.337,
0.325,0.331,0.348,0.281,
0.436,0.442,0.444,0.403,
0.439,0.437,0.484,0.422,
0.46,0.46,0.469,0.446,
0.385,0.384,0.424,0.368,
0.354,0.355,0.373,0.311,
0.304,0.301,0.332,0.289,
0.359,0.362,0.39,0.323,
0.28,0.277,0.306,0.273,
0.437,0.439,0.485,0.384,
0.379,0.385,0.39,0.323,
0.345,0.347,0.364,0.316,
0.338,0.337,0.351,0.325,
0.365,0.37,0.389,0.329,
0.468,0.47,0.513,0.432,
0.373,0.378,0.383,0.345,
0.375,0.377,0.385,0.363,
0.372,0.37,0.401,0.326,
0.369,0.372,0.381,0.337,
0.396,0.401,0.42,0.364,
0.325,0.328,0.338,0.307,
0.265,0.265,0.267,0.264,
0.425,0.427,0.437,0.397,
0.361,0.363,0.375,0.331,
0.332,0.334,0.339,0.304,
0.35,0.349,0.363,0.341,
0.345,0.343,0.376,0.336,
0.41,0.411,0.465,0.372,
0.373,0.375,0.386,0.348,
0.345,0.35,0.352,0.324,
0.319,0.319,0.322,0.316,
0.488,0.489,0.521,0.44,
0.362,0.359,0.396,0.351,
0.484,0.481,0.546,0.449,
0.397,0.401,0.412,0.364,
0.384,0.388,0.397,0.362,
0.282,0.282,0.299,0.259,
0.409,0.406,0.457,0.367,
0.422,0.415,0.465,0.397,
0.253,0.251,0.264,0.25,
0.361,0.364,0.371,0.34,
0.42,0.426,0.462,0.378,
0.386,0.39,0.398,0.366,
0.347,0.346,0.36,0.336,
0.396,0.4,0.407,0.352,
0.327,0.327,0.333,0.317,
0.352,0.351,0.376,0.338,
0.396,0.394,0.436,0.379,
0.368,0.368,0.378,0.348,
0.276,0.274,0.299,0.26,
0.494,0.481,0.54,0.46,
0.453,0.449,0.481,0.425,
0.393,0.392,0.433,0.363,
0.385,0.387,0.397,0.346,
0.479,0.494,0.501,0.417,
0.508,0.532,0.586,0.406,
0.417,0.421,0.438,0.381,
0.433,0.429,0.467,0.39,
0.358,0.353,0.4,0.321,
0.497,0.496,0.546,0.433,
0.399,0.401,0.422,0.356,
0.349,0.35,0.361,0.333,
0.468,0.464,0.521,0.437,
0.325,0.326,0.332,0.315,
0.411,0.412,0.458,0.389,
0.408,0.402,0.444,0.383,
0.328,0.329,0.347,0.312,
0.392,0.398,0.412,0.347,
0.41,0.413,0.458,0.367,
0.379,0.378,0.403,0.349,
0.517,0.523,0.58,0.452,
0.387,0.39,0.405,0.358,
0.446,0.451,0.454,0.418,
0.356,0.357,0.376,0.34,
0.415,0.421,0.456,0.372,
0.364,0.366,0.384,0.332,
0.412,0.419,0.422,0.383,
0.418,0.422,0.471,0.357,
0.301,0.302,0.307,0.283,
0.427,0.428,0.474,0.398,
0.334,0.342,0.345,0.313,
0.349,0.352,0.371,0.326,
0.439,0.442,0.502,0.375,
0.385,0.389,0.399,0.342,
0.433,0.426,0.478,0.393,
0.377,0.375,0.412,0.34,
0.485,0.488,0.543,0.393,
0.452,0.448,0.497,0.43,
0.36,0.364,0.38,0.334,
0.324,0.32,0.348,0.318,
0.388,0.391,0.406,0.342,
0.285,0.28,0.322,0.269,
0.475,0.473,0.535,0.428,
0.484,0.488,0.504,0.456,
0.338,0.336,0.371,0.319,
0.483,0.494,0.498,0.438,
0.496,0.495,0.549,0.469,
0.322,0.319,0.342,0.307,
0.289,0.286,0.309,0.279,
0.393,0.395,0.437,0.353,
0.358,0.36,0.369,0.344,
0.404,0.411,0.419,0.378,
0.393,0.391,0.427,0.353,
0.368,0.372,0.412,0.327,
0.317,0.319,0.339,0.274,
0.284,0.284,0.292,0.277,
0.399,0.398,0.418,0.374,
0.472,0.478,0.532,0.406,
0.381,0.382,0.438,0.33,
0.492,0.488,0.535,0.411,
0.464,0.46,0.503,0.437,
0.469,0.459,0.524,0.433,
0.256,0.255,0.26,0.25,
0.335,0.338,0.341,0.317,
0.378,0.378,0.394,0.357,
0.356,0.354,0.385,0.341,
0.485,0.494,0.534,0.414,
0.338,0.339,0.361,0.309,
0.343,0.344,0.347,0.337,
0.389,0.388,0.429,0.355,
0.32,0.319,0.349,0.301,
0.397,0.405,0.449,0.351,
0.334,0.334,0.371,0.282,
0.416,0.412,0.45,0.399,
0.453,0.469,0.478,0.394,
0.459,0.461,0.474,0.404,
0.368,0.378,0.381,0.316,
0.434,0.439,0.459,0.406,
0.303,0.3,0.334,0.285,
0.447,0.453,0.477,0.414,
0.445,0.45,0.458,0.416,
0.341,0.342,0.352,0.324,
0.371,0.367,0.397,0.356,
0.478,0.481,0.516,0.439,
0.324,0.327,0.335,0.289,
0.343,0.341,0.376,0.318,
0.347,0.349,0.362,0.308,
0.379,0.383,0.404,0.322,
0.339,0.338,0.361,0.325,
0.335,0.334,0.371,0.32,
0.394,0.388,0.429,0.383,
0.512,0.522,0.571,0.395,
0.289,0.29,0.297,0.274,
0.351,0.353,0.361,0.328,
0.322,0.321,0.357,0.305,
0.407,0.41,0.419,0.377,
0.485,0.485,0.526,0.435,
0.355,0.356,0.389,0.326,
0.41,0.409,0.454,0.378,
0.41,0.412,0.423,0.392,
0.409,0.42,0.427,0.349,
0.341,0.347,0.355,0.313,
0.482,0.496,0.542,0.392,
0.486,0.486,0.541,0.451,
0.42,0.421,0.451,0.391,
0.344,0.347,0.352,0.327,
0.452,0.465,0.51,0.398,
0.354,0.355,0.368,0.339,
0.443,0.444,0.493,0.417,
0.319,0.319,0.343,0.297,
0.312,0.309,0.349,0.297,
0.314,0.318,0.318,0.285,
0.473,0.466,0.535,0.407,
0.414,0.412,0.453,0.393,
0.275,0.278,0.278,0.261,
0.508,0.51,0.558,0.466,
0.268,0.267,0.297,0.253,
0.344,0.346,0.366,0.298,
0.382,0.385,0.387,0.354,
0.388,0.392,0.393,0.362,
0.508,0.512,0.588,0.442,
0.436,0.438,0.462,0.392,
0.338,0.342,0.375,0.296,
0.34,0.339,0.367,0.326,
0.39,0.386,0.419,0.354,
0.351,0.355,0.359,0.329,
0.272,0.273,0.284,0.246,
0.39,0.394,0.405,0.365,
0.324,0.322,0.347,0.306,
0.475,0.483,0.526,0.427,
0.461,0.462,0.485,0.417,
0.46,0.465,0.467,0.436,
0.409,0.402,0.45,0.37,
0.313,0.312,0.344,0.298,
0.336,0.334,0.355,0.325,
0.353,0.341,0.452,0.335,
0.414,0.392,0.464,0.37,
0.48,0.487,0.537,0.407,
0.379,0.379,0.406,0.328,
0.46,0.467,0.487,0.409,
0.458,0.471,0.483,0.39,
0.446,0.454,0.469,0.391,
0.48,0.489,0.541,0.409,
0.358,0.358,0.404,0.326,
0.328,0.331,0.338,0.311,
0.531,0.542,0.597,0.4,
0.326,0.334,0.369,0.278,
0.391,0.398,0.402,0.347,
0.438,0.441,0.452,0.408,
0.409,0.41,0.412,0.404,
0.504,0.509,0.521,0.473,
0.477,0.478,0.484,0.463,
0.342,0.337,0.363,0.317,
0.436,0.439,0.451,0.387,
0.467,0.47,0.475,0.449,
0.303,0.302,0.319,0.295,
0.331,0.333,0.34,0.311,
0.463,0.474,0.492,0.409,
0.345,0.342,0.393,0.333,
0.371,0.373,0.388,0.343,
0.399,0.392,0.449,0.355,
0.322,0.319,0.34,0.316,
0.407,0.407,0.424,0.396,
0.505,0.487,0.576,0.462,
0.405,0.407,0.426,0.376,
0.343,0.348,0.35,0.305,
0.444,0.448,0.465,0.401,
0.394,0.397,0.404,0.37,
0.642,0.645,0.702,0.586,
0.403,0.402,0.425,0.394,
0.35,0.346,0.465,0.282,
0.447,0.451,0.51,0.386,
0.503,0.526,0.534,0.415,
0.302,0.303,0.309,0.282,
0.383,0.383,0.402,0.376,
0.454,0.46,0.474,0.413,
0.444,0.448,0.466,0.402,
0.487,0.487,0.507,0.452,
0.318,0.32,0.322,0.304,
0.426,0.428,0.475,0.393,
0.403,0.407,0.484,0.319,
0.305,0.305,0.317,0.296,
0.399,0.398,0.442,0.371,
0.451,0.442,0.499,0.406,
0.499,0.516,0.548,0.432,
0.421,0.43,0.452,0.388,
0.374,0.376,0.415,0.328,
0.336,0.343,0.344,0.308,
0.259,0.259,0.262,0.248,
0.292,0.292,0.301,0.284,
0.339,0.339,0.36,0.317,
0.341,0.343,0.373,0.279,
0.376,0.382,0.423,0.325,
0.378,0.389,0.393,0.34,
0.408,0.409,0.426,0.374,
0.484,0.467,0.561,0.397,
0.446,0.457,0.467,0.402,
0.395,0.39,0.442,0.385,
0.573,0.582,0.611,0.529,
0.428,0.428,0.451,0.403,
0.395,0.396,0.4,0.383,
0.479,0.477,0.512,0.454,
0.376,0.374,0.396,0.369,
0.4,0.404,0.423,0.357,
0.37,0.375,0.376,0.359,
0.494,0.499,0.531,0.445,
0.45,0.45,0.477,0.426,
0.344,0.341,0.364,0.33,
0.438,0.433,0.473,0.409,
0.457,0.459,0.475,0.421,
0.37,0.367,0.385,0.358,
0.393,0.396,0.402,0.365,
0.423,0.433,0.474,0.373,
0.401,0.395,0.452,0.388,
0.338,0.339,0.35,0.313,
0.264,0.25,0.297,0.239,
0.373,0.373,0.385,0.351,
0.381,0.381,0.421,0.355,
0.3,0.3,0.308,0.292,
0.353,0.352,0.366,0.342,
0.395,0.396,0.415,0.358,
0.414,0.418,0.428,0.38,
0.42,0.419,0.464,0.377,
0.438,0.441,0.49,0.384,
0.35,0.348,0.382,0.339,
0.316,0.316,0.324,0.308,
0.375,0.378,0.419,0.341,


0.649,0.642,0.871,0.408,
0.554,0.519,0.749,0.404,
0.497,0.528,0.581,0.336,
0.689,0.635,0.928,0.488,
0.558,0.498,0.829,0.338,
0.634,0.608,0.793,0.439,
0.569,0.554,0.725,0.422,
0.517,0.488,0.673,0.378,
0.516,0.464,0.712,0.356,
0.597,0.564,0.795,0.448,
0.478,0.444,0.682,0.337,
0.661,0.627,0.841,0.507,
0.504,0.461,0.691,0.351,
0.621,0.595,0.815,0.474,
0.542,0.528,0.715,0.366,
0.53,0.527,0.773,0.348,
0.542,0.537,0.773,0.36,
0.69,0.651,0.867,0.497,
0.714,0.647,0.957,0.556,
0.6,0.592,0.907,0.421,
0.641,0.601,0.876,0.473,
0.531,0.514,0.752,0.329,
0.659,0.661,0.86,0.445,
0.625,0.625,0.844,0.43,
0.521,0.495,0.651,0.422,
0.437,0.437,0.606,0.336,
0.66,0.627,0.808,0.438,
0.562,0.552,0.798,0.367,
0.48,0.447,0.61,0.373,
0.586,0.501,0.913,0.378,
0.504,0.468,0.661,0.357,
0.738,0.694,0.88,0.634,
0.685,0.676,0.835,0.574,
0.496,0.501,0.72,0.313,
0.678,0.671,0.906,0.46,
0.586,0.526,0.869,0.428,
0.592,0.568,0.8,0.443,
0.67,0.661,0.842,0.558,
0.714,0.708,0.909,0.516,
0.645,0.608,0.848,0.478,
0.591,0.562,0.776,0.474,
0.54,0.524,0.734,0.353,
0.742,0.712,0.931,0.585,
0.483,0.45,0.627,0.367,
0.584,0.549,0.764,0.445,
0.508,0.425,0.849,0.343,
0.693,0.678,0.88,0.517,
0.651,0.622,0.792,0.496,
0.623,0.602,0.895,0.374,
0.586,0.559,0.839,0.432,
0.662,0.599,0.923,0.446,
0.495,0.498,0.576,0.372,
0.581,0.548,0.741,0.423,
0.569,0.534,0.746,0.461,
0.546,0.536,0.722,0.387,
0.509,0.512,0.684,0.354,
0.535,0.547,0.591,0.417,
0.453,0.408,0.591,0.329,
0.674,0.658,0.887,0.483,
0.604,0.597,0.776,0.378,
0.656,0.654,0.779,0.547,
0.579,0.563,0.782,0.408,
0.664,0.653,0.949,0.511,
0.651,0.607,0.861,0.487,
0.68,0.677,0.804,0.476,
0.711,0.715,0.848,0.587,
0.52,0.544,0.565,0.362,
0.625,0.588,0.795,0.468,
0.633,0.609,0.764,0.491,
0.703,0.685,0.818,0.614,
0.434,0.433,0.63,0.301,
0.609,0.542,0.825,0.442,
0.566,0.556,0.86,0.367,
0.622,0.625,0.692,0.543,
0.581,0.546,0.748,0.41,
0.67,0.609,0.878,0.513,
0.652,0.565,0.973,0.448,
0.661,0.641,0.771,0.492,
0.586,0.509,0.937,0.387,
0.521,0.469,0.715,0.365,
0.6,0.579,0.785,0.451,
0.387,0.399,0.414,0.289,
0.618,0.6,0.78,0.431,
0.493,0.443,0.683,0.331,
0.593,0.587,0.834,0.393,
0.621,0.588,0.864,0.491,
0.591,0.559,0.795,0.414,
0.638,0.548,1,0.437,
0.717,0.738,0.855,0.533,
0.421,0.409,0.596,0.269,
0.549,0.565,0.714,0.406,
0.516,0.453,0.706,0.38,
0.721,0.681,1,0.511,
0.612,0.599,0.799,0.463,
0.739,0.736,0.972,0.561,
0.509,0.443,0.898,0.331,
0.511,0.52,0.726,0.351,
0.516,0.512,0.662,0.423,
0.694,0.709,0.853,0.476,
0.598,0.619,0.652,0.49,
0.693,0.685,0.871,0.529,
0.549,0.536,0.75,0.358,
0.507,0.483,0.714,0.323,
0.652,0.624,0.864,0.505,
0.493,0.459,0.654,0.332,
0.542,0.488,0.769,0.376,
0.709,0.663,0.925,0.533,
0.527,0.468,0.749,0.387,
0.521,0.48,0.742,0.388,
0.481,0.464,0.678,0.359,
0.577,0.568,0.721,0.458,
0.735,0.728,0.903,0.51,
0.67,0.651,0.993,0.465,
0.543,0.506,0.743,0.403,
0.507,0.467,0.639,0.378,
0.638,0.544,0.95,0.462,
0.682,0.655,0.826,0.522,
0.661,0.605,0.918,0.516,
0.519,0.504,0.703,0.358,
0.742,0.7,0.96,0.511,
0.529,0.499,0.678,0.366,
0.513,0.538,0.581,0.35,
0.517,0.498,0.7,0.362,
0.594,0.547,0.795,0.438,
0.567,0.528,0.723,0.427,
0.56,0.532,0.75,0.382,
0.586,0.565,0.799,0.398,
0.509,0.518,0.753,0.326,
0.56,0.55,0.749,0.372,
0.576,0.537,0.734,0.424,
0.572,0.585,0.785,0.384,
0.689,0.669,0.869,0.555,
0.74,0.69,1,0.599,
0.685,0.606,1,0.494,
0.537,0.504,0.763,0.367,
0.677,0.655,0.842,0.537,
0.818,0.825,0.997,0.623,
0.573,0.585,0.724,0.387,
0.619,0.638,0.684,0.467,
0.473,0.464,0.534,0.39,
0.736,0.746,1,0.464,
0.669,0.621,0.882,0.561,
0.573,0.552,0.761,0.431,
0.622,0.607,0.775,0.488,
0.689,0.693,0.922,0.474,
0.608,0.596,0.81,0.425,
0.571,0.537,0.732,0.391,
0.619,0.542,0.912,0.441,
0.636,0.616,0.793,0.498,
0.707,0.667,0.877,0.539,
0.546,0.578,0.607,0.341,
0.482,0.47,0.634,0.335,
0.648,0.579,0.942,0.478,
0.623,0.619,0.835,0.431,
0.596,0.514,0.924,0.423,
0.596,0.566,0.797,0.458,
0.433,0.41,0.611,0.312,
0.533,0.5,0.709,0.377,
0.558,0.54,0.818,0.347,
0.627,0.596,0.786,0.462,
0.58,0.557,0.729,0.411,
0.576,0.531,0.784,0.421,
0.509,0.49,0.722,0.377,
0.618,0.595,0.782,0.488,
0.754,0.734,0.922,0.551,
0.608,0.597,0.822,0.421,
0.664,0.688,0.94,0.484,
0.612,0.593,0.801,0.432,
0.579,0.542,0.764,0.415,
0.593,0.553,0.726,0.432,
0.546,0.48,0.798,0.397,
0.683,0.714,0.756,0.512,
0.624,0.621,0.703,0.582,
0.551,0.517,0.77,0.396,
0.549,0.557,0.59,0.44,
0.718,0.72,0.902,0.479,
0.751,0.752,1,0.604,
0.543,0.504,0.732,0.375,
0.498,0.475,0.669,0.39,
0.572,0.493,0.875,0.414,
0.696,0.675,0.881,0.552,
0.531,0.504,0.777,0.385,
0.572,0.546,0.806,0.389,
0.547,0.484,0.799,0.39,
0.504,0.468,0.666,0.334,
0.6,0.562,0.821,0.403,
0.642,0.611,0.853,0.442,
0.758,0.723,1,0.627,
0.715,0.704,0.806,0.615,
0.43,0.427,0.611,0.301,
0.727,0.734,0.869,0.558,
0.755,0.782,0.993,0.595,
0.511,0.469,0.676,0.352,
0.793,0.784,0.959,0.635,
0.623,0.607,0.824,0.44,
0.624,0.605,0.809,0.466,
0.519,0.5,0.67,0.395,
0.583,0.55,0.79,0.429,
0.631,0.635,0.86,0.443,
0.633,0.571,0.911,0.423,
0.442,0.431,0.619,0.304,
0.679,0.671,0.793,0.489,
0.549,0.503,0.74,0.366,
0.595,0.549,0.84,0.477,
0.705,0.69,0.945,0.55,
0.765,0.728,0.972,0.585,
0.551,0.555,0.762,0.383,
0.65,0.633,0.831,0.445,
0.675,0.689,0.871,0.544,
0.699,0.665,0.931,0.541,
0.629,0.608,0.846,0.474,
0.609,0.584,0.761,0.455,
0.599,0.568,0.743,0.442,
0.705,0.631,1,0.504,
0.688,0.667,0.884,0.479,
0.555,0.528,0.714,0.391,
0.678,0.669,0.881,0.459,
0.756,0.703,1,0.547,
0.438,0.433,0.598,0.321,
0.647,0.622,0.803,0.508,
0.813,0.796,0.929,0.687,
0.579,0.548,0.753,0.465,
0.565,0.528,0.725,0.424,
0.57,0.538,0.814,0.443,
0.531,0.495,0.723,0.329,
0.447,0.434,0.62,0.324,
0.712,0.641,1,0.52,
0.471,0.432,0.636,0.299,
0.524,0.518,0.73,0.347,
0.614,0.565,0.859,0.495,
0.482,0.474,0.702,0.36,
0.579,0.527,0.72,0.44,
0.571,0.591,0.63,0.41,
0.769,0.802,0.916,0.519,
0.581,0.506,0.817,0.408,
0.585,0.526,0.812,0.402,
0.515,0.506,0.782,0.403,
0.595,0.582,0.863,0.364,
0.575,0.558,0.732,0.43,
0.521,0.485,0.749,0.364,
0.567,0.534,0.721,0.424,
0.665,0.623,0.869,0.522,
0.713,0.702,0.851,0.552,
0.536,0.435,0.915,0.351,
0.665,0.629,0.899,0.487,
0.524,0.474,0.714,0.361,
0.61,0.579,0.737,0.492,
0.59,0.536,0.902,0.463,
0.612,0.567,0.776,0.475,
0.591,0.513,0.899,0.43,
0.761,0.75,0.947,0.615,
0.444,0.44,0.59,0.334,
0.571,0.569,0.811,0.396,
0.626,0.659,0.67,0.486,
0.609,0.537,0.908,0.407,
0.574,0.554,0.818,0.413,
0.517,0.496,0.727,0.358,
0.7,0.679,0.924,0.473,
0.572,0.556,0.697,0.38,
0.656,0.633,0.881,0.47,
0.604,0.566,0.813,0.438,
0.489,0.489,0.622,0.39,
0.691,0.706,0.992,0.485,
0.711,0.685,0.952,0.529,
0.65,0.639,0.878,0.472,
0.571,0.547,0.736,0.394,
0.636,0.592,0.78,0.488,
0.662,0.605,0.964,0.463,
0.479,0.446,0.705,0.326,
0.596,0.625,0.666,0.423,
0.508,0.473,0.741,0.353,
0.676,0.663,0.91,0.448,
0.681,0.605,0.967,0.468,
0.578,0.591,0.778,0.415,
0.465,0.437,0.659,0.334,
0.739,0.721,0.956,0.621,
0.689,0.675,0.9,0.491,
0.524,0.523,0.698,0.385,
0.588,0.574,0.881,0.414,
0.627,0.587,0.822,0.439,
0.591,0.595,0.844,0.399,
0.545,0.522,0.745,0.356,
0.458,0.436,0.639,0.314,
0.711,0.672,0.951,0.529,
0.518,0.492,0.654,0.403,
0.579,0.58,0.632,0.482,
0.484,0.456,0.584,0.371,
0.515,0.5,0.71,0.352,
0.72,0.685,0.92,0.522,
0.679,0.619,0.973,0.475,
0.486,0.45,0.671,0.37,
0.601,0.589,0.807,0.435,
0.687,0.664,0.926,0.485,
0.536,0.494,0.75,0.388,
0.629,0.614,0.874,0.428,
0.665,0.67,1,0.43,
0.587,0.54,0.848,0.442,
0.666,0.598,0.953,0.485,
0.636,0.619,0.795,0.482,
0.674,0.589,1,0.482,
0.688,0.613,1,0.479,
0.636,0.594,0.78,0.513,
0.668,0.621,0.9,0.465,
0.694,0.679,0.802,0.599,
0.626,0.598,0.858,0.551,
0.478,0.458,0.668,0.332,
0.641,0.566,0.941,0.454,
0.617,0.574,0.81,0.439,
0.528,0.552,0.576,0.371,
0.478,0.465,0.676,0.39,
0.599,0.563,0.769,0.445,
0.55,0.544,0.821,0.406,
0.566,0.508,0.75,0.392,
0.563,0.528,0.799,0.438,
0.585,0.559,0.744,0.456,
0.519,0.551,0.581,0.332,
0.561,0.544,0.821,0.322,
0.671,0.625,0.867,0.483,
0.77,0.764,1,0.649,
0.596,0.575,0.803,0.405,
0.614,0.542,0.889,0.407,
0.665,0.67,0.835,0.511,
0.754,0.74,0.93,0.613,
0.557,0.548,0.704,0.472,
0.592,0.607,0.784,0.409,
0.692,0.655,0.866,0.515,
0.468,0.474,0.528,0.362,
0.708,0.699,0.889,0.584,
0.707,0.686,0.866,0.534,
0.654,0.62,0.88,0.518,
0.681,0.661,0.837,0.606,
0.464,0.437,0.665,0.313,
0.568,0.548,0.718,0.393,
0.641,0.64,0.846,0.493,
0.564,0.53,0.78,0.405,
0.586,0.577,0.714,0.458,
0.593,0.572,0.769,0.466,
0.462,0.482,0.509,0.326,
0.547,0.51,0.699,0.437,
0.529,0.466,0.782,0.361,
0.625,0.597,0.805,0.499,
0.591,0.554,0.785,0.457,
0.537,0.491,0.724,0.39,
0.466,0.459,0.583,0.378,
0.763,0.732,1,0.549,
0.578,0.563,0.745,0.401,
0.518,0.507,0.613,0.42,
0.576,0.571,0.69,0.454,
0.536,0.484,0.709,0.385,
0.429,0.403,0.597,0.32,
0.667,0.609,1,0.502,
0.666,0.645,0.812,0.539,
0.604,0.597,0.814,0.456,
0.451,0.427,0.615,0.334,
0.511,0.524,0.656,0.39,
0.695,0.671,0.88,0.525,
0.483,0.459,0.673,0.348,
0.655,0.643,0.834,0.476,
0.576,0.508,0.825,0.406,
0.558,0.526,0.702,0.429,
0.73,0.708,0.918,0.558,
0.59,0.55,0.771,0.447,
0.628,0.616,0.86,0.397,
0.613,0.586,0.883,0.394,
0.602,0.571,0.782,0.455,
0.634,0.621,0.795,0.503,
0.625,0.55,0.963,0.436,
0.524,0.501,0.712,0.357,
0.67,0.633,0.936,0.461,
0.724,0.724,0.941,0.612,
0.56,0.55,0.703,0.399,
0.575,0.546,0.75,0.381,
0.556,0.522,0.723,0.433,
0.7,0.66,1,0.533,
0.695,0.688,0.883,0.511,
0.51,0.512,0.715,0.349,
0.792,0.782,1,0.653,
0.437,0.416,0.599,0.312,
0.599,0.589,0.78,0.416,
0.7,0.665,0.89,0.528,
0.72,0.7,0.888,0.606,
0.605,0.581,0.765,0.4,
0.572,0.564,0.811,0.431,
0.671,0.633,0.846,0.466,
0.556,0.571,0.593,0.421,
0.588,0.552,0.741,0.446,
0.598,0.602,0.764,0.439,
0.646,0.633,0.874,0.473,
0.505,0.487,0.699,0.404,
0.679,0.626,0.933,0.503,
0.655,0.653,0.784,0.496,
0.56,0.546,0.683,0.44,
0.573,0.554,0.785,0.384,
0.61,0.57,0.795,0.435,
0.591,0.576,0.792,0.424,
0.573,0.567,0.703,0.471,
0.483,0.421,0.646,0.344,
0.604,0.581,0.75,0.497,
0.678,0.667,0.764,0.546,
0.56,0.517,0.728,0.4,
0.437,0.443,0.484,0.328,
0.522,0.498,0.71,0.385,
0.665,0.595,0.958,0.486,
0.798,0.801,0.887,0.688,
0.719,0.722,0.809,0.624,
0.593,0.571,0.736,0.425,
0.543,0.562,0.592,0.427,
0.767,0.743,0.922,0.623,
0.515,0.534,0.579,0.365,
0.551,0.529,0.776,0.393,
0.521,0.492,0.741,0.343,
0.822,0.827,1,0.68,
0.704,0.676,0.938,0.529,
0.531,0.548,0.689,0.372,
0.659,0.627,0.837,0.498,
0.608,0.585,0.826,0.436,
0.618,0.566,0.863,0.452,
0.673,0.697,0.936,0.446,
0.597,0.589,0.789,0.45,
0.602,0.534,0.912,0.401,
0.608,0.586,0.813,0.417,
0.745,0.726,0.911,0.617,
0.578,0.534,0.696,0.439,
0.605,0.54,0.846,0.441,
0.501,0.516,0.543,0.376,
0.625,0.593,0.826,0.494,
0.597,0.609,0.802,0.408,
0.487,0.45,0.647,0.367,
0.531,0.47,0.786,0.363,
0.684,0.653,0.849,0.553,
0.486,0.478,0.739,0.329,
0.565,0.459,1,0.358,
0.657,0.59,1,0.473,
0.438,0.428,0.674,0.295,
0.591,0.528,0.857,0.39,
0.52,0.503,0.669,0.393,
0.678,0.66,0.836,0.585,
0.605,0.593,0.823,0.398,
0.637,0.585,0.853,0.515,
0.483,0.476,0.631,0.335,
0.532,0.56,0.688,0.336,
0.693,0.707,0.803,0.503,
0.638,0.632,0.913,0.429,
0.569,0.531,0.698,0.444,
0.729,0.67,1,0.512,
0.553,0.506,0.757,0.403,
0.598,0.619,0.778,0.429,
0.496,0.426,0.76,0.343,
0.606,0.573,0.801,0.423,
0.632,0.581,0.896,0.475,
0.682,0.606,0.951,0.47,
0.537,0.542,0.748,0.388,
0.604,0.512,0.941,0.414,
0.546,0.5,0.812,0.402,
0.675,0.661,0.918,0.475,
0.754,0.768,0.801,0.656,
0.613,0.599,0.768,0.452,
0.562,0.55,0.649,0.445,
0.581,0.546,0.768,0.433,
0.518,0.493,0.733,0.367,
0.54,0.515,0.727,0.4,
0.55,0.554,0.619,0.413,
0.618,0.615,0.873,0.393,
0.535,0.569,0.582,0.376,
0.519,0.502,0.693,0.362,
0.659,0.649,0.904,0.468,
0.595,0.555,0.878,0.483,
0.688,0.619,0.964,0.522,
0.567,0.555,0.726,0.425,
0.526,0.528,0.755,0.345,
0.537,0.559,0.593,0.386,
0.655,0.581,0.958,0.482,
0.681,0.677,0.95,0.454,
0.589,0.558,0.732,0.436,
0.596,0.562,0.785,0.46,
0.568,0.54,0.824,0.372,
0.507,0.479,0.714,0.338,
0.643,0.629,0.864,0.419,
0.744,0.722,0.866,0.628,
0.695,0.691,0.932,0.539,
0.591,0.553,0.771,0.426,
0.583,0.597,0.766,0.43,
0.63,0.601,0.799,0.472,
0.764,0.76,0.866,0.666,
0.628,0.587,0.83,0.445,
0.675,0.604,0.977,0.447,
0.53,0.469,0.785,0.357,
0.616,0.583,0.842,0.395,
0.554,0.544,0.732,0.389,
0.503,0.489,0.667,0.35,
0.662,0.673,0.897,0.444,
0.705,0.685,0.854,0.556,
0.638,0.665,0.821,0.461,
0.55,0.57,0.601,0.4,
0.543,0.502,0.812,0.346,
0.658,0.633,0.955,0.45,
0.612,0.595,0.798,0.453,
0.645,0.684,0.787,0.462,
0.632,0.539,0.992,0.448,
0.47,0.43,0.632,0.337,
0.644,0.578,0.914,0.503,
0.551,0.487,0.726,0.379,
0.453,0.477,0.486,0.316,
0.699,0.658,0.88,0.544,
0.703,0.697,0.872,0.541,
0.562,0.53,0.719,0.381,
0.603,0.593,0.807,0.4,
0.605,0.582,0.79,0.415,
0.684,0.608,0.987,0.494,
0.648,0.599,0.842,0.474,
0.711,0.681,0.88,0.54,
0.751,0.785,0.846,0.556,
0.505,0.494,0.595,0.408,
0.673,0.665,0.778,0.569,
0.574,0.485,0.93,0.407,
0.633,0.587,0.907,0.484,
0.642,0.601,0.799,0.458,
0.589,0.591,0.676,0.483,
0.694,0.661,0.868,0.554,
0.567,0.553,0.759,0.359,
0.602,0.612,0.759,0.397,
0.652,0.623,0.872,0.451,
0.597,0.607,0.761,0.426,
0.627,0.606,0.787,0.462,
0.731,0.707,1,0.551,
0.762,0.744,0.986,0.586,
0.571,0.558,0.756,0.411,
0.553,0.513,0.767,0.405,
0.505,0.53,0.566,0.343,
0.754,0.781,0.832,0.582,
0.645,0.668,0.73,0.463,
0.523,0.556,0.596,0.345,
0.635,0.613,0.85,0.454,
0.414,0.372,0.613,0.304,
0.619,0.615,0.814,0.457,
0.599,0.616,0.672,0.424,
0.607,0.525,0.927,0.393,
0.687,0.69,0.87,0.535,
0.618,0.612,0.766,0.467,
0.61,0.587,0.762,0.434,
0.571,0.548,0.735,0.369,
0.58,0.574,0.722,0.397,
0.646,0.597,0.917,0.415,
0.756,0.708,0.95,0.495,
0.689,0.631,1,0.484,
0.555,0.55,0.727,0.388,
0.542,0.497,0.686,0.388,
0.716,0.71,0.901,0.595,
0.727,0.756,1,0.498,
0.478,0.502,0.532,0.323,
0.539,0.51,0.716,0.366,
0.593,0.569,0.792,0.43,
0.474,0.405,0.738,0.317,
0.807,0.801,1,0.641,
0.542,0.538,0.729,0.4,
0.655,0.619,0.842,0.458,
0.765,0.77,1,0.501,
0.579,0.574,0.791,0.421,
0.469,0.427,0.632,0.317,
0.652,0.635,0.861,0.482,
0.673,0.655,0.906,0.468,
0.692,0.669,1,0.502,
0.538,0.54,0.71,0.365,
0.572,0.579,0.74,0.407,
0.681,0.661,0.913,0.453,
0.502,0.453,0.741,0.345,
0.638,0.655,0.774,0.432,
0.494,0.453,0.654,0.333,
0.643,0.632,0.889,0.512,
0.584,0.561,0.791,0.39,
0.604,0.607,0.728,0.447,
0.656,0.633,0.894,0.513,
0.812,0.819,0.891,0.723,
0.513,0.482,0.767,0.322,
0.558,0.534,0.786,0.391,
0.616,0.595,0.791,0.463,
0.655,0.605,0.91,0.476,
0.628,0.619,0.821,0.431,
0.582,0.605,0.769,0.388,
0.554,0.544,0.757,0.351,
0.558,0.511,0.735,0.373,
0.695,0.711,0.927,0.436,
0.463,0.459,0.677,0.305,
0.532,0.51,0.724,0.368,
0.585,0.506,0.896,0.401,
0.668,0.661,0.929,0.469,
0.476,0.455,0.669,0.326,
0.572,0.549,0.814,0.398,
0.652,0.633,0.815,0.451,
0.559,0.535,0.761,0.356,
0.574,0.544,0.814,0.384,
0.646,0.627,0.817,0.488,
0.584,0.591,0.815,0.363,
0.581,0.552,0.811,0.393,
0.726,0.689,1,0.469,
0.506,0.451,0.738,0.347,
0.673,0.647,0.888,0.453,
0.624,0.592,0.867,0.491,
0.587,0.575,0.786,0.39,
0.696,0.695,0.78,0.583,
0.619,0.595,0.768,0.504,
0.648,0.621,0.833,0.468,
0.434,0.417,0.537,0.318,
0.561,0.548,0.695,0.396,
0.422,0.376,0.583,0.306,
0.549,0.506,0.813,0.377,
0.476,0.453,0.697,0.313,
0.487,0.469,0.662,0.325,
0.534,0.544,0.598,0.408,
0.592,0.587,0.774,0.462,
0.64,0.639,0.812,0.47,
0.518,0.534,0.743,0.328,
0.417,0.406,0.666,0.29,
0.517,0.504,0.725,0.412,
0.679,0.671,0.931,0.442,
0.76,0.77,1,0.591,
0.537,0.519,0.737,0.339,
0.691,0.643,0.854,0.515,
0.601,0.594,0.775,0.479,
0.579,0.56,0.741,0.392,
0.558,0.579,0.643,0.371,
0.648,0.562,0.997,0.431,
0.57,0.549,0.783,0.483,
0.634,0.601,0.855,0.438,
0.691,0.647,0.961,0.477,
0.589,0.568,0.823,0.415,
0.637,0.621,0.807,0.423,
0.712,0.654,1,0.562,
0.684,0.645,0.94,0.458,
0.668,0.658,0.779,0.488,
0.557,0.512,0.806,0.382,
0.658,0.656,0.808,0.509,
0.601,0.61,0.689,0.381,
0.642,0.663,0.731,0.447,
0.686,0.651,0.861,0.476,
0.473,0.442,0.667,0.353,
0.56,0.547,0.776,0.388,
0.488,0.478,0.67,0.381,
0.584,0.566,0.787,0.352,
0.753,0.692,1,0.599,
0.599,0.56,0.769,0.423,
0.514,0.498,0.705,0.343,
0.499,0.478,0.644,0.403,
0.605,0.561,0.8,0.435,
0.544,0.506,0.801,0.343,
0.616,0.595,0.828,0.409,
0.647,0.651,0.822,0.469,
0.702,0.657,0.946,0.465,
0.733,0.713,0.916,0.567,
0.404,0.393,0.637,0.283,
0.633,0.596,0.809,0.427,
0.596,0.595,0.712,0.401,
0.602,0.563,0.826,0.385,
0.746,0.764,0.839,0.63,
0.595,0.547,0.828,0.435,
0.519,0.511,0.621,0.419,
0.585,0.552,0.805,0.39,
0.694,0.681,0.932,0.48,
0.598,0.536,0.9,0.352,
0.594,0.591,0.825,0.403,
0.663,0.654,0.771,0.581,
0.633,0.634,0.72,0.488,
0.495,0.473,0.709,0.306,
0.536,0.508,0.763,0.368,
0.644,0.67,0.766,0.439,
0.675,0.617,0.966,0.465,
0.532,0.508,0.715,0.393,
0.676,0.629,0.897,0.455,
0.609,0.566,0.89,0.421,
0.53,0.52,0.761,0.343,
0.64,0.633,0.809,0.509,
0.511,0.469,0.751,0.358,
0.558,0.587,0.624,0.395,
0.574,0.538,0.755,0.394,
0.651,0.638,0.861,0.514,
0.695,0.688,0.882,0.467,
0.531,0.51,0.751,0.358,
0.597,0.554,0.878,0.396,
0.62,0.534,1,0.417,
0.691,0.671,0.977,0.491,
0.458,0.43,0.644,0.348,
0.549,0.528,0.822,0.308,
0.784,0.732,0.976,0.596,
0.665,0.591,1,0.461,
0.566,0.503,0.883,0.35,
0.517,0.493,0.664,0.331,
0.646,0.629,0.887,0.454,
0.708,0.706,0.843,0.536,
0.79,0.786,1,0.58,
0.597,0.615,0.726,0.394,
0.519,0.5,0.694,0.34,
0.669,0.643,0.967,0.569,
0.703,0.718,0.889,0.426,
0.665,0.649,0.883,0.434,
0.588,0.51,0.889,0.387,
0.437,0.427,0.695,0.304,
0.567,0.558,0.722,0.387,
0.683,0.643,0.898,0.436,
0.603,0.579,0.831,0.374,
0.739,0.757,1,0.51,
0.688,0.637,0.981,0.441,
0.5,0.489,0.7,0.326,
0.594,0.581,0.795,0.436,
0.593,0.588,0.886,0.419,
0.731,0.708,0.88,0.552,
0.497,0.54,0.579,0.334,
0.575,0.605,0.657,0.404,
0.624,0.603,0.843,0.419,
0.575,0.575,0.724,0.369,
0.67,0.673,0.809,0.516,
0.551,0.54,0.731,0.383,
0.569,0.589,0.677,0.396,
0.708,0.673,1,0.45,
0.606,0.546,0.987,0.404,
0.415,0.402,0.605,0.309,
0.623,0.584,0.905,0.414,
0.585,0.57,0.816,0.447,
0.749,0.722,0.974,0.667,
0.625,0.581,0.88,0.4,
0.57,0.557,0.772,0.352,
0.565,0.538,0.768,0.392,
0.63,0.611,0.803,0.495,
0.595,0.534,0.857,0.393,
0.515,0.481,0.677,0.392,
0.639,0.655,0.725,0.476,
0.692,0.629,1,0.513,
0.719,0.703,0.926,0.496,
0.596,0.571,0.816,0.446,
0.551,0.553,0.786,0.396,
0.498,0.462,0.713,0.35,
0.574,0.539,0.804,0.415,
0.509,0.479,0.765,0.321,
0.665,0.648,0.854,0.516,
0.56,0.541,0.729,0.434,
0.521,0.511,0.732,0.366,
0.561,0.495,0.844,0.371,
0.529,0.545,0.679,0.351,
0.694,0.655,0.982,0.541,
0.565,0.552,0.747,0.362,
0.646,0.576,0.886,0.416,
0.576,0.546,0.838,0.418,
0.575,0.591,0.7,0.384,
0.637,0.641,0.805,0.419,
0.524,0.49,0.71,0.343,
0.436,0.416,0.625,0.282,
0.687,0.661,0.87,0.47,
0.557,0.552,0.697,0.396,
0.529,0.505,0.666,0.348,
0.579,0.585,0.826,0.393,
0.586,0.54,0.917,0.397,
0.688,0.632,0.856,0.485,
0.607,0.56,0.83,0.399,
0.535,0.528,0.722,0.353,
0.544,0.516,0.779,0.345,
0.735,0.746,0.918,0.545,
0.58,0.54,0.805,0.408,
0.753,0.681,1,0.506,
0.574,0.558,0.716,0.439,
0.639,0.58,1,0.395,
0.449,0.462,0.492,0.309,
0.663,0.627,0.859,0.411,
0.606,0.579,0.882,0.466,
0.474,0.409,0.763,0.283,
0.536,0.547,0.677,0.381,
0.643,0.644,0.784,0.489,
0.616,0.579,0.799,0.421,
0.512,0.509,0.756,0.362,
0.615,0.596,0.863,0.417,
0.551,0.497,0.807,0.348,
0.585,0.539,0.852,0.397,
0.607,0.583,0.773,0.471,
0.58,0.557,0.797,0.408,
0.5,0.487,0.7,0.311,
0.73,0.705,0.999,0.55,
0.678,0.64,0.973,0.516,
0.62,0.601,0.763,0.451,
0.589,0.587,0.73,0.426,
0.711,0.714,0.88,0.516,
0.708,0.688,0.96,0.603,
0.664,0.653,0.871,0.463,
0.712,0.692,1,0.437,
0.55,0.518,0.827,0.379,
0.724,0.669,1,0.547,
0.649,0.604,0.81,0.455,
0.547,0.538,0.701,0.366,
0.704,0.677,1,0.552,
0.552,0.525,0.786,0.346,
0.625,0.605,0.759,0.484,
0.674,0.648,0.918,0.463,
0.548,0.485,0.815,0.375,
0.608,0.585,0.77,0.436,
0.59,0.589,0.762,0.5,
0.634,0.629,0.786,0.425,
0.731,0.744,0.871,0.547,
0.616,0.613,0.8,0.43,
0.692,0.679,0.841,0.473,
0.547,0.543,0.678,0.395,
0.664,0.657,0.881,0.476,
0.544,0.526,0.656,0.405,
0.616,0.651,0.668,0.404,
0.683,0.716,0.916,0.38,
0.494,0.445,0.738,0.316,
0.696,0.625,0.959,0.503,
0.517,0.49,0.733,0.338,
0.581,0.526,0.84,0.391,
0.679,0.667,0.896,0.457,
0.584,0.599,0.735,0.418,
0.651,0.615,0.887,0.496,
0.581,0.559,0.838,0.416,
0.687,0.661,0.927,0.582,
0.684,0.65,0.91,0.537,
0.549,0.532,0.686,0.39,
0.57,0.499,0.891,0.364,
0.579,0.576,0.695,0.392,
0.483,0.44,0.627,0.359,
0.782,0.767,1,0.559,
0.765,0.714,0.987,0.528,
0.536,0.533,0.768,0.388,
0.719,0.72,0.974,0.455,
0.828,0.85,0.972,0.565,
0.59,0.548,0.873,0.36,
0.52,0.443,0.795,0.324,
0.64,0.643,0.812,0.467,
0.589,0.541,0.865,0.395,
0.604,0.625,0.771,0.422,
0.678,0.693,0.897,0.438,
0.56,0.548,0.746,0.439,
0.509,0.471,0.717,0.351,
0.49,0.473,0.697,0.302,
0.645,0.608,0.892,0.42,
0.703,0.708,0.842,0.567,
0.566,0.546,0.735,0.373,
0.768,0.794,0.931,0.492,
0.608,0.623,0.657,0.46,
0.728,0.7,0.955,0.505,
0.401,0.372,0.59,0.271,
0.543,0.51,0.698,0.379,
0.57,0.569,0.723,0.426,
0.554,0.546,0.682,0.408,
0.709,0.694,0.879,0.589,
0.527,0.518,0.713,0.359,
0.581,0.546,0.768,0.354,
0.593,0.593,0.739,0.45,
0.49,0.48,0.604,0.366,
0.636,0.624,0.821,0.477,
0.55,0.48,0.785,0.379,
0.654,0.619,0.895,0.475,
0.675,0.643,0.874,0.485,
0.739,0.706,1,0.486,
0.555,0.542,0.722,0.361,
0.704,0.67,0.943,0.497,
0.515,0.492,0.743,0.341,
0.689,0.687,0.87,0.496,
0.697,0.661,0.905,0.433,
0.529,0.503,0.728,0.365,
0.625,0.581,0.919,0.42,
0.677,0.649,0.905,0.534,
0.54,0.489,0.839,0.367,
0.564,0.556,0.675,0.399,
0.511,0.544,0.551,0.358,
0.591,0.581,0.745,0.432,
0.549,0.521,0.777,0.38,
0.545,0.507,0.706,0.388,
0.652,0.611,0.861,0.457,
0.744,0.73,1,0.56,
0.441,0.432,0.648,0.291,
0.593,0.595,0.788,0.379,
0.537,0.487,0.793,0.377,
0.645,0.607,0.852,0.44,
0.74,0.742,0.897,0.556,
0.553,0.542,0.688,0.41,
0.607,0.594,0.827,0.486,
0.64,0.595,0.855,0.419,
0.624,0.587,0.843,0.398,
0.552,0.536,0.756,0.404,
0.704,0.734,0.896,0.478,
0.69,0.665,0.946,0.578,
0.702,0.681,0.953,0.479,
0.535,0.525,0.737,0.357,
0.662,0.667,0.802,0.488,
0.596,0.547,0.864,0.396,
0.62,0.619,0.781,0.499,
0.521,0.486,0.761,0.378,
0.486,0.456,0.683,0.356,
0.49,0.474,0.673,0.326,
0.653,0.655,0.723,0.53,
0.699,0.672,0.935,0.493,
0.455,0.464,0.692,0.284,
0.762,0.73,0.959,0.593,
0.466,0.413,0.755,0.297,
0.572,0.585,0.773,0.316,
0.582,0.583,0.701,0.419,
0.625,0.579,0.812,0.409,
0.778,0.753,1,0.621,
0.655,0.627,0.853,0.47,
0.506,0.506,0.558,0.417,
0.543,0.5,0.723,0.384,
0.572,0.599,0.628,0.442,
0.566,0.55,0.771,0.356,
0.429,0.384,0.587,0.311,
0.592,0.625,0.726,0.407,
0.521,0.482,0.763,0.36,
0.685,0.679,0.818,0.549,
0.634,0.667,0.832,0.471,
0.704,0.663,1,0.455,
0.629,0.624,0.906,0.456,
0.471,0.451,0.625,0.362,
0.547,0.508,0.722,0.373,
0.585,0.511,0.928,0.385,
0.637,0.621,0.834,0.413,
0.721,0.671,0.974,0.544,
0.59,0.571,0.721,0.403,
0.689,0.685,0.848,0.468,
0.704,0.639,1,0.53,
0.679,0.688,0.856,0.426,
0.747,0.722,0.981,0.569,
0.561,0.514,0.805,0.427,
0.532,0.532,0.679,0.332,
0.783,0.786,0.997,0.627,
0.485,0.447,0.725,0.392,
0.589,0.534,0.907,0.372,
0.623,0.587,0.836,0.422,
0.582,0.568,0.765,0.426,
0.724,0.693,0.933,0.498,
0.672,0.64,0.851,0.515,
0.515,0.48,0.675,0.353,
0.6,0.575,0.83,0.419,
0.709,0.694,0.929,0.515,
0.454,0.428,0.689,0.331,
0.484,0.51,0.534,0.333,
0.649,0.646,0.834,0.479,
0.522,0.464,0.715,0.359,
0.561,0.536,0.794,0.371,
0.577,0.542,0.75,0.424,
0.53,0.491,0.737,0.359,
0.686,0.647,1,0.446,
0.686,0.689,0.864,0.522,
0.605,0.563,0.808,0.441,
0.483,0.463,0.671,0.314,
0.627,0.609,0.779,0.46,
0.579,0.538,0.777,0.415,
0.847,0.849,0.965,0.71,
0.598,0.552,0.752,0.462,
0.479,0.449,0.697,0.365,
0.592,0.546,0.924,0.436,
0.65,0.635,0.882,0.439,
0.451,0.413,0.605,0.301,
0.624,0.591,0.833,0.438,
0.624,0.607,0.808,0.495,
0.641,0.647,0.8,0.475,
0.73,0.7,0.934,0.528,
0.465,0.429,0.634,0.312,
0.643,0.644,0.73,0.507,
0.658,0.683,0.775,0.452,
0.45,0.426,0.614,0.315,
0.702,0.677,1,0.466,
0.644,0.61,0.872,0.467,
0.733,0.703,0.94,0.529,
0.635,0.577,1,0.375,
0.564,0.547,0.78,0.36,
0.534,0.502,0.684,0.333,
0.41,0.386,0.587,0.276,
0.496,0.534,0.558,0.318,
0.55,0.504,0.825,0.382,
0.515,0.506,0.646,0.374,
0.562,0.558,0.722,0.448,
0.579,0.573,0.85,0.406,
0.636,0.589,0.897,0.438,
0.694,0.686,0.922,0.488,
0.641,0.639,0.879,0.489,
0.542,0.497,0.698,0.41,
0.75,0.732,0.881,0.646,
0.628,0.59,0.815,0.474,
0.63,0.536,0.989,0.408,
0.67,0.644,0.89,0.501,
0.568,0.537,0.778,0.416,
0.581,0.561,0.802,0.376,
0.57,0.507,0.826,0.39,
0.709,0.685,0.851,0.555,
0.715,0.696,0.915,0.518,
0.513,0.486,0.681,0.384,
0.606,0.562,0.853,0.454,
0.628,0.591,0.797,0.458,
0.567,0.558,0.752,0.403,
0.611,0.583,0.802,0.427,
0.615,0.619,0.781,0.501,
0.653,0.59,0.959,0.455,
0.517,0.496,0.727,0.371,
0.432,0.416,0.619,0.258,
0.571,0.548,0.833,0.386,
0.6,0.561,0.848,0.449,
0.479,0.448,0.687,0.323,
0.55,0.508,0.711,0.385,
0.641,0.586,0.943,0.447,
0.663,0.67,0.845,0.439,
0.683,0.683,1,0.492,
0.652,0.629,0.864,0.514,
0.589,0.514,0.942,0.399,
0.496,0.475,0.639,0.342,
0.54,0.532,0.666,0.449,


0.812,0.871,1,0.491,
0.756,0.786,1,0.51,
0.724,0.741,1,0.405,
0.833,0.83,1,0.562,
0.718,0.769,1,0.391,
0.742,0.766,1,0.475,
0.764,0.851,1,0.439,
0.724,0.684,1,0.437,
0.755,0.774,1,0.432,
0.761,0.792,1,0.448,
0.726,0.725,1,0.423,
0.805,0.79,1,0.57,
0.758,0.764,1,0.453,
0.812,0.825,1,0.477,
0.741,0.77,1,0.372,
0.718,0.718,1,0.477,
0.741,0.77,1,0.398,
0.835,0.869,1,0.6,
0.751,0.742,1,0.608,
0.832,0.882,1,0.47,
0.803,0.873,1,0.559,
0.767,0.808,1,0.396,
0.787,0.828,1,0.516,
0.74,0.718,1,0.459,
0.711,0.704,1,0.468,
0.701,0.735,1,0.351,
0.75,0.746,1,0.478,
0.771,0.796,1,0.397,
0.697,0.677,1,0.356,
0.776,0.76,1,0.482,
0.734,0.754,1,0.446,
0.866,0.927,1,0.647,
0.827,0.814,1,0.578,
0.727,0.739,1,0.473,
0.769,0.744,1,0.46,
0.761,0.784,1,0.477,
0.803,0.829,1,0.488,
0.831,0.864,1,0.602,
0.852,0.901,1,0.576,
0.814,0.867,1,0.481,
0.759,0.774,1,0.591,
0.751,0.792,1,0.527,
0.809,0.802,1,0.621,
0.665,0.629,1,0.505,
0.755,0.744,1,0.445,
0.697,0.618,1,0.492,
0.824,0.815,1,0.525,
0.821,0.837,1,0.501,
0.737,0.753,1,0.385,
0.771,0.77,1,0.446,
0.781,0.768,1,0.543,
0.758,0.756,1,0.498,
0.786,0.837,1,0.56,
0.768,0.746,1,0.484,
0.72,0.763,1,0.455,
0.718,0.727,1,0.453,
0.766,0.746,1,0.546,
0.719,0.673,1,0.488,
0.763,0.77,1,0.484,
0.786,0.772,1,0.568,
0.777,0.816,1,0.548,
0.73,0.728,1,0.455,
0.799,0.819,1,0.508,
0.818,0.837,1,0.586,
0.79,0.842,1,0.484,
0.849,0.899,1,0.614,
0.741,0.78,1,0.43,
0.806,0.826,1,0.528,
0.798,0.799,1,0.51,
0.857,0.885,1,0.649,
0.687,0.7,1,0.425,
0.798,0.83,1,0.498,
0.75,0.75,1,0.392,
0.805,0.792,1,0.632,
0.776,0.8,1,0.502,
0.814,0.826,1,0.54,
0.754,0.71,1,0.529,
0.817,0.828,1,0.492,
0.736,0.756,1,0.509,
0.723,0.713,1,0.495,
0.784,0.841,1,0.466,
0.706,0.69,1,0.349,
0.819,0.831,1,0.431,
0.72,0.752,1,0.449,
0.787,0.798,1,0.523,
0.809,0.831,1,0.586,
0.742,0.74,1,0.489,
0.698,0.734,0.826,0.475,
0.847,0.869,1,0.57,
0.745,0.751,1,0.493,
0.77,0.772,1,0.482,
0.721,0.669,1,0.476,
0.792,0.773,0.996,0.564,
0.777,0.782,1,0.558,
0.855,0.859,1,0.606,
0.727,0.798,1,0.324,
0.752,0.792,1,0.488,
0.729,0.751,1,0.505,
0.778,0.809,1,0.523,
0.763,0.784,1,0.502,
0.835,0.887,1,0.54,
0.722,0.748,1,0.417,
0.684,0.681,1,0.419,
0.762,0.796,1,0.552,
0.681,0.681,1,0.389,
0.722,0.714,1,0.459,
0.751,0.746,1,0.56,
0.71,0.729,1,0.411,
0.744,0.757,1,0.465,
0.712,0.719,1,0.428,
0.733,0.75,1,0.458,
0.807,0.806,1,0.51,
0.786,0.784,1,0.511,
0.822,0.855,1,0.574,
0.653,0.651,1,0.375,
0.81,0.845,1,0.531,
0.812,0.795,1,0.634,
0.845,0.886,1,0.584,
0.754,0.766,1,0.465,
0.82,0.847,1,0.553,
0.745,0.747,1,0.423,
0.706,0.724,1,0.381,
0.718,0.76,1,0.432,
0.786,0.782,1,0.505,
0.78,0.76,1,0.469,
0.737,0.723,1,0.382,
0.769,0.786,1,0.446,
0.743,0.801,1,0.424,
0.777,0.798,1,0.441,
0.81,0.857,1,0.553,
0.763,0.792,1,0.54,
0.841,0.884,1,0.576,
0.796,0.808,0.975,0.599,
0.735,0.765,0.828,0.51,
0.745,0.748,1,0.496,
0.797,0.793,1,0.569,
0.852,0.867,1,0.67,
0.747,0.784,1,0.438,
0.799,0.803,1,0.587,
0.63,0.601,1,0.413,
0.863,0.883,0.995,0.634,
0.724,0.695,1,0.539,
0.757,0.784,1,0.508,
0.783,0.82,1,0.495,
0.806,0.886,1,0.466,
0.802,0.805,1,0.522,
0.78,0.818,1,0.466,
0.778,0.743,1,0.501,
0.794,0.823,1,0.543,
0.842,0.862,1,0.586,
0.705,0.74,1,0.41,
0.74,0.78,1,0.406,
0.789,0.821,1,0.558,
0.801,0.855,1,0.461,
0.796,0.791,1,0.451,
0.773,0.79,1,0.548,
0.677,0.679,1,0.385,
0.749,0.763,1,0.448,
0.749,0.778,1,0.445,
0.805,0.78,1,0.562,
0.766,0.775,1,0.536,
0.764,0.774,1,0.539,
0.664,0.651,1,0.385,
0.789,0.758,1,0.52,
0.798,0.753,1,0.659,
0.798,0.786,1,0.541,
0.808,0.845,1,0.512,
0.736,0.678,1,0.534,
0.764,0.754,1,0.456,
0.734,0.712,1,0.526,
0.703,0.716,1,0.466,
0.802,0.789,1,0.527,
0.851,0.836,1,0.683,
0.799,0.823,1,0.512,
0.786,0.772,1,0.489,
0.809,0.829,1,0.646,
0.813,0.816,0.996,0.609,
0.75,0.802,1,0.432,
0.734,0.722,1,0.461,
0.799,0.818,1,0.486,
0.859,0.906,1,0.654,
0.671,0.66,1,0.392,
0.754,0.764,1,0.412,
0.758,0.778,1,0.486,
0.738,0.746,1,0.386,
0.791,0.842,1,0.411,
0.787,0.775,1,0.586,
0.814,0.801,0.986,0.627,
0.793,0.792,1,0.615,
0.672,0.656,1,0.345,
0.814,0.794,1,0.632,
0.83,0.773,1,0.66,
0.752,0.816,1,0.456,
0.841,0.841,1,0.641,
0.756,0.774,1,0.45,
0.826,0.845,1,0.529,
0.723,0.711,1,0.564,
0.78,0.801,1,0.449,
0.793,0.821,1,0.555,
0.746,0.75,1,0.439,
0.745,0.758,1,0.461,
0.774,0.786,1,0.555,
0.714,0.724,1,0.388,
0.803,0.788,1,0.529,
0.868,0.873,1,0.566,
0.845,0.865,1,0.604,
0.774,0.762,1,0.489,
0.808,0.8,1,0.631,
0.842,0.888,1,0.615,
0.836,0.853,1,0.617,
0.79,0.792,1,0.575,
0.794,0.76,1,0.518,
0.775,0.771,1,0.494,
0.826,0.849,0.994,0.534,
0.8,0.82,1,0.518,
0.726,0.75,1,0.445,
0.791,0.776,1,0.551,
0.83,0.831,0.993,0.627,
0.65,0.645,1,0.394,
0.773,0.73,1,0.508,
0.831,0.835,1,0.711,
0.821,0.855,1,0.557,
0.768,0.797,1,0.533,
0.738,0.72,1,0.466,
0.763,0.834,1,0.432,
0.591,0.533,1,0.324,
0.777,0.794,0.939,0.56,
0.688,0.734,1,0.393,
0.741,0.73,1,0.415,
0.757,0.779,1,0.535,
0.746,0.741,1,0.499,
0.765,0.758,1,0.496,
0.792,0.806,1,0.481,
0.828,0.842,1,0.535,
0.74,0.726,1,0.489,
0.758,0.736,1,0.497,
0.737,0.746,1,0.395,
0.759,0.753,1,0.479,
0.817,0.873,1,0.544,
0.771,0.773,1,0.39,
0.767,0.794,1,0.504,
0.815,0.831,1,0.522,
0.823,0.843,1,0.552,
0.75,0.743,1,0.455,
0.823,0.873,1,0.611,
0.734,0.699,1,0.438,
0.738,0.694,1,0.558,
0.78,0.861,1,0.544,
0.79,0.791,1,0.508,
0.745,0.755,1,0.516,
0.847,0.839,1,0.615,
0.687,0.689,1,0.404,
0.76,0.778,1,0.401,
0.778,0.808,1,0.549,
0.767,0.816,1,0.493,
0.784,0.8,1,0.546,
0.75,0.768,1,0.413,
0.839,0.854,1,0.604,
0.75,0.743,1,0.439,
0.838,0.857,1,0.571,
0.782,0.819,1,0.473,
0.725,0.745,1,0.473,
0.786,0.81,1,0.545,
0.879,0.932,1,0.655,
0.806,0.869,1,0.536,
0.778,0.851,1,0.398,
0.787,0.823,1,0.498,
0.784,0.756,1,0.471,
0.762,0.78,1,0.459,
0.797,0.803,1,0.512,
0.738,0.765,1,0.392,
0.792,0.773,1,0.613,
0.806,0.81,1,0.521,
0.744,0.729,1,0.47,
0.671,0.648,1,0.427,
0.887,0.909,1,0.682,
0.775,0.784,1,0.573,
0.735,0.718,1,0.456,
0.818,0.895,1,0.551,
0.802,0.84,1,0.488,
0.768,0.803,1,0.444,
0.757,0.805,1,0.404,
0.737,0.76,1,0.436,
0.789,0.784,1,0.536,
0.796,0.807,1,0.535,
0.777,0.732,1,0.608,
0.711,0.687,1,0.382,
0.715,0.734,1,0.407,
0.777,0.747,1,0.635,
0.752,0.722,1,0.53,
0.722,0.721,1,0.439,
0.781,0.799,1,0.511,
0.775,0.811,1,0.486,
0.738,0.709,1,0.448,
0.788,0.783,1,0.514,
0.779,0.8,0.951,0.444,
0.759,0.738,1,0.545,
0.798,0.8,1,0.548,
0.74,0.764,1,0.514,
0.758,0.756,0.934,0.537,
0.787,0.832,0.958,0.541,
0.847,0.878,1,0.635,
0.819,0.84,1,0.542,
0.746,0.75,1,0.599,
0.82,0.823,1,0.614,
0.714,0.706,1,0.468,
0.746,0.682,1,0.553,
0.795,0.825,1,0.564,
0.743,0.75,1,0.418,
0.779,0.795,1,0.502,
0.759,0.748,1,0.601,
0.711,0.724,1,0.515,
0.766,0.772,1,0.468,
0.736,0.696,1,0.501,
0.776,0.783,1,0.564,
0.755,0.807,1,0.425,
0.796,0.866,1,0.369,
0.822,0.842,1,0.632,
0.867,0.873,0.993,0.706,
0.748,0.788,1,0.449,
0.777,0.753,1,0.519,
0.791,0.789,1,0.524,
0.848,0.831,1,0.657,
0.794,0.831,1,0.51,
0.791,0.836,1,0.493,
0.796,0.819,1,0.566,
0.766,0.746,1,0.466,
0.811,0.792,1,0.681,
0.831,0.84,1,0.58,
0.832,0.849,1,0.574,
0.793,0.831,1,0.648,
0.726,0.723,1,0.401,
0.751,0.763,1,0.529,
0.77,0.76,1,0.627,
0.798,0.825,1,0.461,
0.768,0.802,1,0.48,
0.755,0.804,1,0.494,
0.774,0.81,1,0.446,
0.698,0.665,1,0.462,
0.68,0.694,1,0.427,
0.8,0.802,1,0.469,
0.84,0.855,1,0.648,
0.742,0.74,1,0.468,
0.718,0.685,1,0.503,
0.847,0.885,0.946,0.658,
0.762,0.75,1,0.464,
0.705,0.697,1,0.444,
0.817,0.807,1,0.544,
0.787,0.851,1,0.432,
0.735,0.794,1,0.447,
0.813,0.834,0.999,0.543,
0.779,0.77,1,0.539,
0.733,0.697,1,0.484,
0.71,0.739,1,0.39,
0.749,0.764,1,0.523,
0.753,0.752,1,0.525,
0.738,0.778,1,0.461,
0.78,0.836,1,0.493,
0.759,0.752,1,0.436,
0.802,0.849,1,0.599,
0.812,0.806,1,0.598,
0.781,0.824,1,0.41,
0.831,0.86,1,0.578,
0.77,0.8,1,0.515,
0.782,0.764,1,0.507,
0.776,0.79,1,0.562,
0.767,0.738,1,0.559,
0.739,0.748,1,0.411,
0.824,0.855,1,0.539,
0.83,0.837,1,0.695,
0.814,0.839,1,0.464,
0.794,0.838,1,0.5,
0.767,0.779,1,0.507,
0.72,0.674,0.911,0.602,
0.824,0.879,1,0.561,
0.773,0.807,1,0.392,
0.829,0.842,0.954,0.661,
0.746,0.733,1,0.467,
0.775,0.811,1,0.459,
0.829,0.835,1,0.628,
0.852,0.888,1,0.681,
0.666,0.653,1,0.429,
0.724,0.702,1,0.484,
0.813,0.847,1,0.541,
0.769,0.705,1,0.547,
0.767,0.744,1,0.521,
0.802,0.847,1,0.554,
0.787,0.829,1,0.483,
0.7,0.657,1,0.48,
0.839,0.855,1,0.655,
0.732,0.727,1,0.508,
0.803,0.792,1,0.529,
0.762,0.82,1,0.422,
0.738,0.782,1,0.451,
0.807,0.826,1,0.516,
0.727,0.73,1,0.539,
0.692,0.649,1,0.423,
0.784,0.767,1,0.526,
0.734,0.691,1,0.546,
0.795,0.805,1,0.458,
0.711,0.717,1,0.401,
0.731,0.756,1,0.43,
0.765,0.782,1,0.486,
0.845,0.855,1,0.701,
0.769,0.756,1,0.632,
0.751,0.753,1,0.513,
0.802,0.84,1,0.485,
0.827,0.831,1,0.66,
0.72,0.742,1,0.457,
0.778,0.796,1,0.538,
0.635,0.647,1,0.328,
0.785,0.805,0.897,0.659,
0.823,0.788,1,0.672,
0.731,0.7,1,0.469,
0.828,0.88,1,0.576,
0.803,0.821,1,0.554,
0.796,0.825,1,0.527,
0.767,0.772,1,0.5,
0.804,0.813,1,0.497,
0.758,0.718,1,0.48,
0.785,0.758,1,0.383,
0.849,0.845,1,0.67,
0.795,0.859,1,0.492,
0.78,0.813,1,0.559,
0.76,0.81,1,0.401,
0.773,0.734,1,0.614,
0.742,0.743,1,0.462,
0.719,0.697,1,0.532,
0.726,0.718,1,0.469,
0.815,0.81,1,0.553,
0.752,0.778,1,0.453,
0.724,0.754,0.96,0.354,
0.726,0.72,0.947,0.531,
0.681,0.688,1,0.388,
0.706,0.721,1,0.448,
0.751,0.74,1,0.473,
0.851,0.853,1,0.638,
0.788,0.799,1,0.47,
0.73,0.737,1,0.523,
0.728,0.736,1,0.356,
0.683,0.641,1,0.429,
0.81,0.845,1,0.567,
0.786,0.792,1,0.496,
0.794,0.803,1,0.596,
0.831,0.867,0.976,0.527,
0.739,0.801,1,0.501,
0.785,0.809,1,0.532,
0.725,0.745,1,0.377,
0.746,0.78,1,0.497,
0.806,0.829,1,0.475,
0.801,0.804,1,0.528,
0.772,0.766,1,0.491,
0.793,0.77,1,0.519,
0.709,0.693,1,0.439,
0.818,0.821,1,0.551,
0.842,0.861,1,0.685,
0.806,0.796,1,0.581,
0.786,0.797,1,0.47,
0.792,0.783,1,0.498,
0.771,0.824,1,0.416,
0.759,0.744,1,0.48,
0.818,0.867,1,0.546,
0.736,0.762,1,0.469,
0.766,0.772,1,0.513,
0.741,0.755,1,0.508,
0.786,0.812,1,0.5,
0.834,0.86,1,0.525,
0.77,0.748,1,0.522,
0.691,0.712,1,0.443,
0.745,0.779,1,0.418,
0.764,0.777,1,0.409,
0.766,0.73,1,0.548,
0.821,0.824,1,0.507,
0.777,0.788,1,0.521,
0.739,0.709,1,0.604,
0.762,0.716,1,0.396,
0.751,0.75,1,0.408,
0.788,0.831,1,0.472,
0.816,0.823,1,0.634,
0.827,0.785,1,0.688,
0.746,0.756,1,0.534,
0.746,0.794,1,0.467,
0.736,0.759,1,0.472,
0.853,0.861,1,0.666,
0.809,0.806,1,0.537,
0.809,0.819,1,0.522,
0.666,0.683,1,0.406,
0.764,0.804,1,0.454,
0.758,0.744,1,0.483,
0.748,0.756,1,0.448,
0.845,0.871,1,0.475,
0.828,0.833,1,0.584,
0.736,0.766,1,0.454,
0.808,0.826,1,0.529,
0.759,0.772,1,0.417,
0.824,0.855,1,0.467,
0.728,0.705,1,0.471,
0.76,0.728,1,0.5,
0.803,0.812,1,0.559,
0.707,0.665,1,0.395,
0.78,0.76,1,0.581,
0.747,0.715,1,0.415,
0.713,0.729,1,0.459,
0.842,0.83,1,0.555,
0.809,0.763,1,0.664,
0.774,0.75,1,0.49,
0.782,0.79,1,0.403,
0.785,0.817,1,0.454,
0.81,0.814,1,0.545,
0.817,0.829,1,0.518,
0.82,0.827,1,0.586,
0.847,0.852,1,0.641,
0.65,0.638,1,0.448,
0.822,0.835,1,0.597,
0.799,0.82,1,0.552,
0.767,0.762,1,0.534,
0.787,0.771,1,0.563,
0.805,0.827,1,0.523,
0.816,0.863,1,0.597,
0.781,0.832,1,0.468,
0.716,0.712,1,0.408,
0.829,0.826,1,0.614,
0.788,0.76,1,0.615,
0.792,0.789,1,0.564,
0.8,0.813,0.992,0.574,
0.823,0.823,1,0.598,
0.744,0.78,1,0.456,
0.698,0.732,1,0.467,
0.738,0.804,1,0.503,
0.816,0.81,1,0.636,
0.824,0.869,1,0.486,
0.759,0.74,1,0.445,
0.805,0.841,1,0.539,
0.703,0.702,1,0.404,
0.759,0.771,1,0.531,
0.717,0.728,1,0.439,
0.761,0.815,1,0.443,
0.774,0.778,1,0.539,
0.808,0.8,1,0.504,
0.791,0.8,1,0.553,
0.76,0.782,1,0.417,
0.793,0.78,1,0.514,
0.699,0.726,1,0.451,
0.825,0.847,1,0.576,
0.786,0.807,0.986,0.526,
0.781,0.78,1,0.507,
0.762,0.75,1,0.388,
0.812,0.833,1,0.617,
0.757,0.772,0.953,0.498,
0.71,0.723,1,0.377,
0.742,0.696,1,0.397,
0.799,0.875,1,0.482,
0.741,0.736,1,0.377,
0.809,0.8,0.96,0.641,
0.726,0.742,1,0.469,
0.792,0.793,1,0.568,
0.75,0.823,0.918,0.503,
0.759,0.784,1,0.52,
0.668,0.65,1,0.351,
0.79,0.788,1,0.571,
0.789,0.81,1,0.496,
0.732,0.764,0.898,0.502,
0.712,0.734,1,0.383,
0.75,0.773,1,0.434,
0.791,0.797,1,0.506,
0.693,0.695,1,0.407,
0.786,0.816,1,0.452,
0.719,0.726,1,0.403,
0.743,0.743,1,0.545,
0.701,0.684,1,0.427,
0.793,0.816,1,0.467,
0.855,0.893,1,0.629,
0.891,0.913,1,0.732,
0.758,0.772,1,0.447,
0.742,0.704,1,0.545,
0.748,0.79,1,0.525,
0.795,0.812,1,0.514,
0.755,0.76,1,0.486,
0.763,0.788,1,0.478,
0.729,0.708,1,0.483,
0.734,0.73,1,0.441,
0.841,0.843,1,0.522,
0.717,0.764,1,0.37,
0.75,0.782,1,0.404,
0.713,0.705,1,0.499,
0.752,0.796,1,0.469,
0.708,0.723,1,0.397,
0.753,0.796,1,0.437,
0.79,0.835,1,0.451,
0.754,0.783,1,0.418,
0.775,0.817,1,0.474,
0.792,0.802,1,0.524,
0.701,0.735,1,0.398,
0.719,0.764,1,0.461,
0.755,0.77,0.931,0.469,
0.724,0.695,1,0.407,
0.816,0.871,1,0.572,
0.812,0.849,1,0.585,
0.712,0.719,1,0.42,
0.821,0.791,1,0.599,
0.812,0.82,1,0.665,
0.744,0.709,1,0.47,
0.74,0.748,1,0.414,
0.766,0.822,1,0.505,
0.717,0.715,1,0.444,
0.704,0.71,1,0.474,
0.732,0.763,1,0.432,
0.735,0.752,1,0.448,
0.695,0.691,1,0.513,
0.837,0.934,1,0.553,
0.735,0.721,1,0.47,
0.788,0.822,1,0.483,
0.726,0.732,1,0.424,
0.746,0.75,1,0.508,
0.735,0.746,1,0.51,
0.79,0.777,0.998,0.511,
0.751,0.787,1,0.401,
0.839,0.861,1,0.562,
0.752,0.732,1,0.581,
0.748,0.782,1,0.486,
0.749,0.778,1,0.402,
0.745,0.744,1,0.517,
0.762,0.754,1,0.472,
0.799,0.831,1,0.492,
0.792,0.8,1,0.477,
0.749,0.778,1,0.457,
0.753,0.804,1,0.508,
0.819,0.833,0.987,0.596,
0.816,0.853,1,0.514,
0.858,0.906,1,0.658,
0.827,0.881,1,0.493,
0.763,0.74,1,0.518,
0.717,0.689,1,0.49,
0.79,0.804,1,0.546,
0.749,0.769,1,0.497,
0.726,0.756,1,0.421,
0.756,0.768,1,0.438,
0.775,0.786,1,0.521,
0.7,0.761,1,0.373,
0.841,0.841,0.978,0.59,
0.757,0.772,1,0.47,
0.725,0.704,1,0.445,
0.712,0.661,1,0.5,
0.684,0.668,1,0.482,
0.739,0.732,1,0.436,
0.761,0.77,1,0.433,
0.812,0.843,1,0.489,
0.821,0.773,1,0.663,
0.831,0.861,1,0.602,
0.692,0.715,1,0.379,
0.809,0.867,1,0.51,
0.752,0.76,1,0.592,
0.769,0.811,1,0.437,
0.859,0.877,1,0.656,
0.726,0.753,1,0.48,
0.763,0.764,1,0.492,
0.718,0.711,1,0.446,
0.814,0.806,1,0.625,
0.749,0.73,1,0.424,
0.792,0.837,1,0.415,
0.809,0.808,1,0.586,
0.772,0.81,1,0.533,
0.738,0.744,1,0.466,
0.788,0.865,1,0.424,
0.758,0.749,1,0.452,
0.78,0.77,1,0.486,
0.75,0.77,1,0.498,
0.786,0.795,1,0.53,
0.744,0.75,1,0.458,
0.746,0.715,1,0.386,
0.807,0.843,1,0.509,
0.69,0.704,1,0.402,
0.737,0.717,1,0.465,
0.763,0.775,1,0.401,
0.802,0.786,1,0.565,
0.784,0.782,1,0.525,
0.748,0.74,1,0.415,
0.776,0.786,1,0.507,
0.776,0.789,0.982,0.513,
0.857,0.91,1,0.586,
0.717,0.758,1,0.358,
0.759,0.736,1,0.424,
0.828,0.818,1,0.596,
0.814,0.855,0.964,0.571,
0.714,0.68,1,0.408,
0.722,0.672,1,0.406,
0.808,0.816,1,0.57,
0.768,0.776,1,0.538,
0.819,0.846,0.97,0.592,
0.772,0.786,1,0.47,
0.754,0.806,1,0.49,
0.825,0.833,1,0.635,
0.773,0.813,1,0.514,
0.77,0.779,1,0.47,
0.755,0.806,1,0.5,
0.693,0.721,1,0.353,
0.746,0.79,1,0.451,
0.771,0.827,1,0.504,
0.776,0.786,1,0.46,
0.785,0.835,0.983,0.51,
0.768,0.766,1,0.467,
0.734,0.734,1,0.397,
0.694,0.68,1,0.441,
0.766,0.748,1,0.548,
0.836,0.866,1,0.565,
0.713,0.741,1,0.372,
0.756,0.738,1,0.476,
0.787,0.77,1,0.583,
0.754,0.781,1,0.449,
0.807,0.834,1,0.575,
0.742,0.738,1,0.48,
0.751,0.716,1,0.438,
0.717,0.739,0.865,0.45,
0.739,0.752,1,0.486,
0.715,0.746,1,0.45,
0.737,0.736,1,0.469,
0.78,0.773,1,0.474,
0.879,0.893,1,0.723,
0.747,0.768,1,0.494,
0.784,0.804,1,0.519,
0.748,0.756,1,0.401,
0.789,0.825,1,0.555,
0.742,0.749,1,0.442,
0.632,0.619,1,0.423,
0.795,0.794,1,0.525,
0.811,0.835,0.968,0.535,
0.835,0.917,1,0.525,
0.79,0.865,1,0.541,
0.712,0.668,1,0.422,
0.76,0.77,1,0.431,
0.746,0.734,1,0.454,
0.72,0.718,1,0.376,
0.812,0.854,1,0.524,
0.772,0.788,1,0.439,
0.748,0.714,1,0.467,
0.772,0.81,1,0.49,
0.711,0.741,1,0.375,
0.809,0.811,1,0.561,
0.707,0.747,1,0.421,
0.763,0.812,1,0.476,
0.776,0.79,1,0.501,
0.741,0.793,1,0.399,
0.75,0.752,1,0.498,
0.715,0.74,1,0.383,
0.682,0.673,1,0.361,
0.768,0.8,1,0.537,
0.765,0.783,1,0.42,
0.73,0.722,1,0.5,
0.747,0.722,1,0.416,
0.762,0.805,1,0.457,
0.763,0.751,1,0.618,
0.763,0.8,1,0.459,
0.743,0.734,1,0.484,
0.749,0.739,1,0.443,
0.778,0.758,1,0.547,
0.761,0.743,1,0.436,
0.816,0.863,0.971,0.572,
0.758,0.78,1,0.507,
0.766,0.802,0.975,0.493,
0.677,0.653,1,0.426,
0.806,0.83,1,0.505,
0.739,0.744,1,0.49,
0.721,0.7,1,0.39,
0.714,0.728,1,0.431,
0.81,0.84,1,0.532,
0.762,0.802,1,0.467,
0.76,0.756,1,0.509,
0.759,0.776,1,0.449,
0.739,0.754,1,0.477,
0.769,0.793,1,0.435,
0.764,0.75,1,0.499,
0.756,0.789,1,0.519,
0.702,0.698,1,0.339,
0.847,0.875,1,0.619,
0.798,0.795,1,0.549,
0.729,0.712,1,0.471,
0.75,0.752,1,0.434,
0.803,0.803,1,0.58,
0.766,0.717,1,0.599,
0.799,0.803,1,0.574,
0.706,0.684,0.964,0.437,
0.723,0.706,1,0.437,
0.794,0.827,0.959,0.591,
0.774,0.809,1,0.547,
0.737,0.719,1,0.412,
0.765,0.771,0.9,0.552,
0.76,0.801,1,0.423,
0.8,0.823,1,0.513,
0.813,0.852,1,0.542,
0.767,0.781,1,0.455,
0.784,0.81,1,0.506,
0.784,0.805,1,0.547,
0.731,0.743,1,0.43,
0.827,0.848,1,0.612,
0.765,0.722,1,0.576,
0.774,0.819,1,0.537,
0.679,0.64,1,0.45,
0.76,0.758,1,0.536,
0.778,0.772,1,0.553,
0.788,0.797,1,0.445,
0.776,0.797,1,0.415,
0.636,0.603,1,0.342,
0.815,0.834,1,0.52,
0.758,0.763,1,0.462,
0.745,0.757,1,0.456,
0.803,0.812,1,0.492,
0.788,0.777,1,0.515,
0.764,0.751,1,0.55,
0.719,0.717,1,0.429,
0.839,0.839,1,0.68,
0.782,0.805,1,0.56,
0.712,0.694,1,0.453,
0.756,0.768,1,0.435,
0.721,0.704,1,0.433,
0.724,0.744,1,0.395,
0.771,0.778,0.931,0.573,
0.782,0.726,1,0.557,
0.76,0.773,1,0.46,
0.796,0.802,1,0.534,
0.871,0.885,1,0.565,
0.728,0.742,1,0.385,
0.681,0.686,1,0.377,
0.719,0.701,1,0.467,
0.718,0.739,1,0.428,
0.787,0.812,1,0.455,
0.762,0.744,1,0.446,
0.662,0.608,1,0.439,
0.722,0.714,1,0.413,
0.743,0.807,1,0.39,
0.79,0.798,1,0.535,
0.822,0.832,1,0.569,
0.737,0.715,1,0.495,
0.761,0.764,1,0.492,
0.764,0.748,1,0.606,
0.771,0.798,1,0.541,
0.724,0.76,1,0.414,
0.775,0.784,1,0.418,
0.767,0.796,1,0.462,
0.722,0.705,1,0.499,
0.822,0.812,1,0.628,
0.755,0.814,1,0.438,
0.777,0.778,1,0.434,
0.835,0.899,1,0.556,
0.758,0.795,1,0.459,
0.813,0.859,1,0.576,
0.739,0.784,1,0.448,
0.8,0.833,1,0.539,
0.742,0.716,1,0.485,
0.78,0.766,0.959,0.549,
0.74,0.72,1,0.408,
0.794,0.786,1,0.546,
0.728,0.782,1,0.383,
0.781,0.807,1,0.474,
0.784,0.776,1,0.546,
0.807,0.892,1,0.43,
0.8,0.825,1,0.565,
0.786,0.8,1,0.534,
0.737,0.794,1,0.388,
0.735,0.711,1,0.448,
0.75,0.754,1,0.42,
0.758,0.745,1,0.529,
0.786,0.87,1,0.424,
0.74,0.733,1,0.514,
0.822,0.839,1,0.536,
0.801,0.822,1,0.472,
0.711,0.734,1,0.463,
0.775,0.795,1,0.446,
0.718,0.739,1,0.424,
0.78,0.785,1,0.574,
0.798,0.825,1,0.556,
0.779,0.759,1,0.483,
0.73,0.718,1,0.572,
0.762,0.756,1,0.466,
0.776,0.823,1,0.511,
0.773,0.823,1,0.485,
0.825,0.81,1,0.628,
0.872,0.876,1,0.636,
0.838,0.893,1,0.497,
0.781,0.785,1,0.437,
0.754,0.78,1,0.48,
0.722,0.768,1,0.45,
0.811,0.81,1,0.615,
0.722,0.738,1,0.412,
0.727,0.743,1,0.429,
0.709,0.74,1,0.456,
0.8,0.802,1,0.595,
0.801,0.747,1,0.615,
0.743,0.77,1,0.357,
0.796,0.798,1,0.641,
0.645,0.608,1,0.394,
0.73,0.75,1,0.343,
0.764,0.762,1,0.44,
0.761,0.762,1,0.456,
0.857,0.882,0.969,0.636,
0.78,0.801,1,0.488,
0.696,0.682,1,0.475,
0.7,0.658,1,0.457,
0.782,0.782,1,0.524,
0.73,0.75,1,0.416,
0.721,0.77,1,0.405,
0.758,0.778,1,0.507,
0.691,0.711,1,0.473,
0.803,0.809,1,0.549,
0.796,0.794,1,0.51,
0.73,0.742,0.949,0.485,
0.738,0.698,1,0.476,
0.748,0.793,1,0.458,
0.754,0.772,1,0.44,
0.704,0.704,1,0.361,
0.761,0.76,1,0.48,
0.873,0.921,1,0.59,
0.775,0.865,1,0.462,
0.802,0.827,1,0.533,
0.795,0.808,0.994,0.614,
0.736,0.702,1,0.439,
0.812,0.863,1,0.61,
0.788,0.797,1,0.464,
0.734,0.794,1,0.361,
0.85,0.846,1,0.672,
0.582,0.572,1,0.392,
0.724,0.756,1,0.49,
0.823,0.798,1,0.503,
0.793,0.798,1,0.465,
0.782,0.79,1,0.499,
0.804,0.774,1,0.653,
0.725,0.748,1,0.488,
0.794,0.812,1,0.457,
0.815,0.808,1,0.653,
0.606,0.609,1,0.381,
0.682,0.649,1,0.37,
0.783,0.787,1,0.493,
0.718,0.706,1,0.481,
0.732,0.721,1,0.407,
0.721,0.72,1,0.521,
0.745,0.776,1,0.449,
0.835,0.903,0.972,0.523,
0.844,0.932,1,0.578,
0.741,0.75,1,0.441,
0.703,0.722,1,0.43,
0.812,0.857,1,0.528,
0.761,0.794,1,0.444,
0.886,0.891,1,0.715,
0.798,0.802,1,0.549,
0.709,0.71,1,0.429,
0.727,0.717,1,0.431,
0.774,0.79,1,0.476,
0.725,0.775,1,0.511,
0.778,0.81,1,0.446,
0.822,0.852,1,0.564,
0.81,0.835,1,0.487,
0.798,0.752,1,0.62,
0.736,0.774,1,0.407,
0.821,0.774,1,0.652,
0.798,0.805,1,0.551,
0.715,0.709,1,0.413,
0.778,0.788,0.967,0.514,
0.724,0.744,1,0.502,
0.821,0.862,1,0.603,
0.785,0.805,0.98,0.452,
0.733,0.753,1,0.406,
0.728,0.75,1,0.383,
0.616,0.626,1,0.334,
0.763,0.832,1,0.37,
0.725,0.74,1,0.531,
0.724,0.72,1,0.467,
0.752,0.79,1,0.483,
0.78,0.752,1,0.618,
0.779,0.78,1,0.547,
0.843,0.907,1,0.578,
0.758,0.732,1,0.489,
0.73,0.719,1,0.499,
0.858,0.879,1,0.631,
0.798,0.79,1,0.54,
0.807,0.857,1,0.488,
0.801,0.779,1,0.519,
0.78,0.771,1,0.522,
0.742,0.735,1,0.439,
0.76,0.764,1,0.457,
0.783,0.809,1,0.588,
0.823,0.825,1,0.539,
0.691,0.591,1,0.432,
0.807,0.846,1,0.563,
0.75,0.806,1,0.473,
0.752,0.76,1,0.521,
0.737,0.717,1,0.52,
0.751,0.726,1,0.548,
0.779,0.754,1,0.521,
0.782,0.839,1,0.495,
0.687,0.726,1,0.319,
0.789,0.798,1,0.506,
0.771,0.792,1,0.479,
0.697,0.76,1,0.391,
0.775,0.796,1,0.466,
0.786,0.746,1,0.579,
0.788,0.817,1,0.439,
0.78,0.832,0.939,0.494,
0.768,0.78,1,0.589,
0.751,0.721,1,0.471,
0.758,0.765,1,0.432,
0.773,0.78,1,0.539,




Further Data analysis of all test cases 
avg med max min 
AVGs,0.408,0.403,0.642,0.253,
MEDs,0.409,0.404,0.645,0.25,
MAXs,0.435,0.426,0.702,0.26,
MINs,0.375,0.373,0.586,0.234,


AVGs,0.603,0.597,0.847,0.387,
MEDs,0.58,0.576,0.85,0.372,
MAXs,0.801,0.8,1,0.414,
MINs,0.435,0.427,0.723,0.258,


AVGs,0.768,0.767,0.891,0.582,
MEDs,0.779,0.78,0.934,0.533,
MAXs,0.998,1,1,0.826,
MINs,0.499,0.494,0.732,0.319,



