

Data analysis for each instance 
AVG,MED,MAX,MIN
-0.312,-0.346,-0.031,-0.418,
-0.258,-0.273,-0.037,-0.349,
-0.377,-0.418,-0.043,-0.495,
-0.294,-0.302,-0.056,-0.455,
-0.405,-0.451,-0.065,-0.556,
-0.343,-0.386,-0.035,-0.413,
-0.293,-0.312,-0.061,-0.369,
-0.258,-0.25,-0.043,-0.383,
-0.33,-0.376,-0.061,-0.385,
-0.306,-0.321,-0.063,-0.403,
-0.321,-0.364,-0.064,-0.366,
-0.283,-0.305,-0.05,-0.338,
-0.347,-0.364,-0.065,-0.519,
-0.226,-0.23,-0.061,-0.324,
-0.372,-0.414,-0.064,-0.47,
-0.305,-0.309,-0.068,-0.405,
-0.352,-0.393,-0.056,-0.409,
-0.32,-0.356,-0.036,-0.389,
-0.288,-0.301,-0.059,-0.371,
-0.321,-0.347,-0.037,-0.386,
-0.299,-0.287,-0.048,-0.498,
-0.391,-0.433,-0.048,-0.492,
-0.307,-0.353,-0.053,-0.365,
-0.364,-0.399,-0.048,-0.459,
-0.299,-0.315,-0.081,-0.44,
-0.306,-0.348,-0.046,-0.353,
-0.276,-0.275,-0.062,-0.48,
-0.376,-0.434,-0.054,-0.463,
-0.326,-0.326,-0.05,-0.498,
-0.35,-0.358,-0.055,-0.536,
-0.313,-0.339,-0.054,-0.382,
-0.233,-0.249,-0.074,-0.353,
-0.24,-0.275,-0.068,-0.305,
-0.365,-0.429,0.042,-0.444,
-0.332,-0.355,-0.054,-0.477,
-0.323,-0.326,-0.062,-0.49,
-0.301,-0.315,-0.071,-0.438,
-0.308,-0.336,-0.06,-0.348,
-0.351,-0.388,-0.048,-0.421,
-0.316,-0.345,-0.054,-0.363,
-0.292,-0.312,-0.06,-0.356,
-0.34,-0.379,-0.051,-0.403,
-0.299,-0.315,-0.095,-0.392,
-0.291,-0.32,-0.074,-0.335,
-0.279,-0.284,-0.043,-0.394,
-0.326,-0.343,-0.046,-0.521,
-0.312,-0.334,-0.063,-0.442,
-0.347,-0.374,-0.066,-0.45,
-0.424,-0.488,-0.061,-0.521,
-0.312,-0.327,-0.04,-0.41,
-0.299,-0.322,-0.046,-0.451,
-0.272,-0.288,-0.046,-0.375,
-0.325,-0.359,-0.052,-0.376,
-0.302,-0.282,-0.071,-0.491,
-0.307,-0.347,-0.047,-0.37,
-0.345,-0.39,-0.057,-0.4,
-0.288,-0.317,-0.047,-0.341,
-0.305,-0.304,-0.051,-0.53,
-0.313,-0.361,-0.014,-0.43,
-0.392,-0.42,-0.055,-0.483,
-0.237,-0.251,-0.078,-0.287,
-0.369,-0.409,-0.067,-0.446,
-0.305,-0.316,-0.056,-0.401,
-0.284,-0.315,-0.049,-0.34,
-0.329,-0.362,-0.047,-0.412,
-0.273,-0.26,-0.069,-0.417,
-0.325,-0.344,-0.048,-0.419,
-0.296,-0.306,-0.048,-0.423,
-0.31,-0.319,-0.049,-0.438,
-0.325,-0.351,-0.064,-0.404,
-0.349,-0.391,-0.06,-0.431,
-0.33,-0.322,-0.064,-0.493,
-0.38,-0.438,-0.059,-0.458,
-0.302,-0.317,-0.052,-0.396,
-0.318,-0.363,-0.049,-0.366,
-0.294,-0.292,-0.055,-0.454,
-0.325,-0.327,-0.053,-0.477,
-0.325,-0.339,-0.071,-0.447,
-0.327,-0.341,-0.063,-0.527,
-0.276,-0.311,-0.029,-0.319,
-0.295,-0.311,-0.047,-0.367,
-0.285,-0.314,-0.064,-0.388,
-0.396,-0.439,-0.044,-0.511,
-0.314,-0.352,-0.046,-0.366,
-0.274,-0.303,-0.052,-0.343,
-0.287,-0.299,-0.06,-0.42,
-0.29,-0.298,-0.049,-0.427,
-0.327,-0.312,-0.065,-0.515,
-0.286,-0.303,-0.037,-0.39,
-0.367,-0.416,-0.011,-0.475,
-0.309,-0.336,-0.053,-0.382,
-0.323,-0.345,-0.067,-0.52,
-0.281,-0.289,-0.067,-0.393,
-0.287,-0.305,-0.03,-0.451,
-0.34,-0.372,-0.03,-0.445,
-0.343,-0.295,-0.048,-0.582,
-0.368,-0.407,-0.056,-0.443,
-0.259,-0.277,-0.047,-0.337,
-0.288,-0.33,-0.059,-0.358,
-0.304,-0.326,-0.058,-0.372,
-0.283,-0.302,-0.054,-0.341,
-0.321,-0.357,-0.045,-0.404,
-0.336,-0.389,-0.026,-0.413,
-0.323,-0.342,-0.075,-0.449,
-0.331,-0.375,-0.042,-0.396,
-0.309,-0.345,-0.061,-0.356,
-0.303,-0.31,-0.063,-0.422,
-0.313,-0.323,-0.068,-0.436,
-0.299,-0.283,-0.055,-0.495,
-0.291,-0.306,-0.058,-0.395,
-0.335,-0.365,-0.047,-0.457,
-0.327,-0.372,-0.047,-0.417,
-0.317,-0.324,-0.066,-0.436,
-0.302,-0.325,-0.042,-0.379,
-0.321,-0.316,-0.044,-0.488,
-0.319,-0.311,-0.074,-0.519,
-0.31,-0.329,-0.067,-0.375,
-0.319,-0.316,-0.06,-0.442,
-0.34,-0.386,-0.058,-0.404,
-0.33,-0.375,-0.056,-0.387,
-0.348,-0.386,-0.038,-0.437,
-0.378,-0.424,-0.045,-0.485,
-0.289,-0.321,-0.051,-0.343,
-0.29,-0.302,-0.04,-0.452,
-0.316,-0.331,-0.056,-0.451,
-0.362,-0.396,-0.068,-0.447,
-0.351,-0.396,-0.064,-0.463,
-0.39,-0.434,-0.046,-0.484,
-0.318,-0.346,-0.065,-0.395,
-0.3,-0.331,-0.056,-0.363,
-0.351,-0.39,-0.066,-0.419,
-0.303,-0.314,-0.103,-0.454,
-0.273,-0.281,-0.061,-0.385,
-0.305,-0.3,-0.063,-0.414,
-0.344,-0.386,-0.061,-0.415,
-0.306,-0.338,-0.052,-0.384,
-0.304,-0.349,-0.044,-0.415,
-0.37,-0.412,-0.059,-0.441,
-0.331,-0.357,-0.053,-0.44,
-0.271,-0.264,-0.056,-0.433,
-0.351,-0.38,-0.049,-0.432,
-0.246,-0.202,0.013,-0.456,
-0.295,-0.321,-0.031,-0.368,
-0.264,-0.287,-0.037,-0.315,
-0.335,-0.364,-0.082,-0.426,
-0.306,-0.336,-0.096,-0.364,
-0.333,-0.368,-0.064,-0.398,
-0.318,-0.319,-0.062,-0.467,
-0.284,-0.306,-0.049,-0.348,
-0.281,-0.3,-0.059,-0.395,
-0.437,-0.497,-0.058,-0.525,
-0.292,-0.318,-0.047,-0.375,
-0.326,-0.325,-0.067,-0.472,
-0.364,-0.399,-0.053,-0.452,
-0.301,-0.306,-0.058,-0.487,
-0.282,-0.317,-0.061,-0.341,
-0.338,-0.357,-0.076,-0.435,
-0.331,-0.365,-0.055,-0.392,
-0.385,-0.436,-0.025,-0.467,
-0.314,-0.323,-0.077,-0.498,
-0.316,-0.325,-0.043,-0.428,
-0.324,-0.334,-0.052,-0.454,
-0.293,-0.314,-0.046,-0.466,
-0.307,-0.291,-0.049,-0.465,
-0.323,-0.352,-0.057,-0.446,
-0.312,-0.343,-0.046,-0.38,
-0.327,-0.364,-0.04,-0.429,
-0.322,-0.344,-0.054,-0.397,
-0.281,-0.317,-0.042,-0.325,
-0.331,-0.341,-0.072,-0.456,
-0.325,-0.315,-0.06,-0.442,
-0.355,-0.398,-0.048,-0.422,
-0.305,-0.324,-0.067,-0.414,
-0.341,-0.378,-0.048,-0.423,
-0.304,-0.308,-0.06,-0.393,
-0.339,-0.379,-0.035,-0.416,
-0.299,-0.326,-0.048,-0.358,
-0.305,-0.323,-0.057,-0.454,
-0.282,-0.307,-0.06,-0.333,
-0.322,-0.308,-0.062,-0.519,
-0.305,-0.353,-0.058,-0.382,
-0.313,-0.324,-0.051,-0.436,
-0.349,-0.383,-0.118,-0.402,
-0.311,-0.317,-0.071,-0.452,
-0.335,-0.376,-0.043,-0.424,
-0.381,-0.431,-0.06,-0.472,
-0.288,-0.306,-0.059,-0.374,
-0.304,-0.319,-0.062,-0.409,
-0.315,-0.324,-0.06,-0.442,
-0.308,-0.336,-0.076,-0.376,
-0.303,-0.315,-0.038,-0.428,
-0.287,-0.321,-0.041,-0.338,
-0.315,-0.347,-0.054,-0.362,
-0.287,-0.309,-0.054,-0.347,
-0.331,-0.372,-0.068,-0.397,
-0.329,-0.364,-0.088,-0.385,
-0.355,-0.358,-0.077,-0.5,
-0.302,-0.333,-0.057,-0.354,
-0.273,-0.285,-0.061,-0.384,
-0.336,-0.36,-0.048,-0.5,
-0.337,-0.363,-0.058,-0.46,
-0.326,-0.356,-0.057,-0.379,
-0.336,-0.382,-0.051,-0.395,
-0.29,-0.307,-0.026,-0.372,
-0.283,-0.302,-0.036,-0.385,
-0.271,-0.291,-0.049,-0.356,
-0.313,-0.344,-0.046,-0.399,
-0.278,-0.317,-0.045,-0.354,
-0.301,-0.322,-0.053,-0.365,
-0.321,-0.337,-0.064,-0.426,
-0.297,-0.314,-0.06,-0.369,
-0.3,-0.337,-0.039,-0.357,
-0.34,-0.362,-0.063,-0.514,
-0.307,-0.324,-0.046,-0.487,
-0.341,-0.377,-0.04,-0.424,
-0.27,-0.292,-0.05,-0.331,
-0.371,-0.415,-0.049,-0.471,
-0.312,-0.336,-0.047,-0.414,
-0.298,-0.335,-0.043,-0.372,
-0.298,-0.322,-0.057,-0.345,
-0.258,-0.286,-0.056,-0.363,
-0.283,-0.293,-0.061,-0.473,
-0.29,-0.321,-0.056,-0.351,
-0.296,-0.301,-0.061,-0.432,
-0.388,-0.447,-0.056,-0.466,
-0.327,-0.351,-0.048,-0.477,
-0.316,-0.338,-0.045,-0.422,
-0.391,-0.446,-0.051,-0.467,
-0.353,-0.401,-0.054,-0.429,
-0.27,-0.293,-0.062,-0.386,
-0.36,-0.402,-0.07,-0.435,
-0.295,-0.287,-0.056,-0.436,
-0.32,-0.351,-0.051,-0.399,
-0.358,-0.394,-0.054,-0.454,
-0.31,-0.323,-0.055,-0.492,
-0.314,-0.332,-0.057,-0.447,
-0.343,-0.371,-0.064,-0.466,
-0.355,-0.403,-0.068,-0.425,
-0.31,-0.328,-0.061,-0.397,
-0.308,-0.346,-0.053,-0.357,
-0.295,-0.293,-0.054,-0.464,
-0.32,-0.331,-0.04,-0.475,
-0.306,-0.33,-0.057,-0.371,
-0.313,-0.324,-0.05,-0.53,
-0.331,-0.359,-0.071,-0.409,
-0.327,-0.372,-0.052,-0.379,
-0.262,-0.272,-0.07,-0.376,
-0.283,-0.291,-0.059,-0.37,
-0.26,-0.281,-0.063,-0.31,
-0.344,-0.358,-0.045,-0.522,
-0.308,-0.336,-0.045,-0.361,
-0.301,-0.337,-0.049,-0.369,
-0.332,-0.377,-0.05,-0.413,
-0.265,-0.275,-0.045,-0.35,
-0.277,-0.307,-0.041,-0.315,
-0.325,-0.345,-0.049,-0.428,
-0.331,-0.379,-0.037,-0.389,
-0.31,-0.337,-0.063,-0.372,
-0.372,-0.41,-0.048,-0.446,
-0.279,-0.297,-0.049,-0.352,
-0.327,-0.363,-0.049,-0.399,
-0.297,-0.319,-0.054,-0.386,
-0.357,-0.407,-0.061,-0.428,
-0.306,-0.348,-0.043,-0.39,
-0.31,-0.341,-0.061,-0.374,
-0.342,-0.363,-0.056,-0.509,
-0.32,-0.324,-0.073,-0.516,
-0.324,-0.341,-0.039,-0.492,
-0.285,-0.325,-0.007,-0.354,
-0.312,-0.346,-0.039,-0.415,
-0.347,-0.385,-0.044,-0.429,
-0.414,-0.459,-0.061,-0.486,
-0.313,-0.328,-0.044,-0.499,
-0.309,-0.336,-0.108,-0.387,
-0.343,-0.379,-0.057,-0.412,
-0.272,-0.301,-0.062,-0.341,
-0.326,-0.342,-0.058,-0.474,
-0.293,-0.331,-0.047,-0.356,
-0.327,-0.38,-0.048,-0.405,
-0.346,-0.38,-0.056,-0.493,
-0.318,-0.356,-0.03,-0.378,
-0.273,-0.272,-0.037,-0.417,
-0.322,-0.372,-0.107,-0.408,
-0.332,-0.358,-0.053,-0.409,
-0.326,-0.325,-0.063,-0.481,
-0.31,-0.33,-0.058,-0.39,
-0.309,-0.308,-0.065,-0.477,
-0.325,-0.359,-0.052,-0.387,
-0.274,-0.295,-0.055,-0.338,
-0.323,-0.307,-0.072,-0.49,
-0.336,-0.361,-0.046,-0.426,
-0.341,-0.377,-0.055,-0.442,
-0.331,-0.36,-0.068,-0.405,
-0.333,-0.354,-0.067,-0.403,
-0.362,-0.403,-0.045,-0.439,
-0.338,-0.317,-0.067,-0.494,
-0.271,-0.299,-0.052,-0.329,
-0.297,-0.291,-0.061,-0.449,
-0.279,-0.294,-0.056,-0.36,
-0.327,-0.319,-0.072,-0.463,
-0.296,-0.31,-0.036,-0.436,
-0.276,-0.296,-0.061,-0.336,
-0.303,-0.312,-0.046,-0.459,
-0.302,-0.319,-0.087,-0.367,
-0.291,-0.324,-0.066,-0.362,
-0.315,-0.344,-0.053,-0.38,
-0.306,-0.306,-0.062,-0.482,
-0.293,-0.3,-0.091,-0.427,
-0.345,-0.391,-0.038,-0.419,
-0.318,-0.35,-0.058,-0.375,
-0.292,-0.321,-0.053,-0.34,
-0.305,-0.286,-0.055,-0.466,
-0.36,-0.384,-0.065,-0.531,
-0.292,-0.313,-0.059,-0.4,
-0.35,-0.386,-0.067,-0.498,
-0.391,-0.422,-0.053,-0.49,
-0.408,-0.465,-0.032,-0.501,
-0.333,-0.365,-0.044,-0.471,
-0.204,-0.16,-0.055,-0.529,
-0.292,-0.321,-0.038,-0.356,
-0.354,-0.371,-0.047,-0.514,
-0.311,-0.306,-0.075,-0.41,
-0.28,-0.323,-0.044,-0.346,
-0.35,-0.398,0.003,-0.45,
-0.338,-0.38,-0.021,-0.402,
-0.344,-0.387,-0.052,-0.455,
-0.296,-0.325,-0.043,-0.354,
-0.227,-0.254,-0.086,-0.3,
-0.312,-0.33,-0.043,-0.429,
-0.334,-0.347,-0.178,-0.405,
-0.247,-0.263,-0.054,-0.322,
-0.305,-0.33,-0.096,-0.369,
-0.301,-0.315,-0.06,-0.385,
-0.334,-0.37,-0.058,-0.394,
-0.366,-0.397,-0.06,-0.457,
-0.242,-0.236,-0.065,-0.333,
-0.293,-0.324,-0.031,-0.361,
-0.325,-0.368,-0.049,-0.379,
-0.308,-0.305,-0.057,-0.438,
-0.336,-0.347,-0.056,-0.479,
-0.357,-0.387,-0.054,-0.533,
-0.279,-0.304,-0.039,-0.357,
-0.289,-0.312,-0.051,-0.345,
-0.31,-0.327,-0.056,-0.429,
-0.292,-0.323,-0.078,-0.352,
-0.317,-0.362,-0.048,-0.378,
-0.294,-0.306,-0.042,-0.453,
-0.334,-0.338,-0.062,-0.485,
-0.3,-0.33,-0.044,-0.346,
-0.36,-0.395,-0.058,-0.435,
-0.321,-0.336,-0.04,-0.506,
-0.305,-0.321,-0.052,-0.403,
-0.336,-0.348,-0.057,-0.444,
-0.276,-0.301,-0.054,-0.335,
-0.332,-0.356,-0.035,-0.427,
-0.326,-0.358,-0.056,-0.441,
-0.305,-0.344,-0.052,-0.377,
-0.271,-0.297,-0.054,-0.384,
-0.329,-0.333,-0.062,-0.497,
-0.323,-0.331,-0.057,-0.472,
-0.3,-0.327,-0.046,-0.354,
-0.368,-0.41,-0.034,-0.46,
-0.374,-0.413,-0.049,-0.466,
-0.318,-0.362,0.043,-0.415,
-0.315,-0.349,-0.043,-0.389,
-0.314,-0.31,-0.06,-0.54,
-0.337,-0.306,-0.061,-0.516,
-0.362,-0.409,-0.047,-0.425,
-0.308,-0.337,-0.07,-0.404,
-0.252,-0.269,-0.067,-0.316,
-0.323,-0.347,-0.062,-0.459,
-0.35,-0.391,-0.06,-0.41,
-0.308,-0.346,-0.062,-0.359,
-0.3,-0.306,-0.077,-0.403,
-0.354,-0.385,-0.019,-0.486,
-0.265,-0.294,-0.055,-0.312,
-0.274,-0.295,-0.055,-0.324,
-0.3,-0.328,-0.065,-0.379,
-0.374,-0.399,-0.06,-0.536,
-0.331,-0.347,-0.054,-0.499,
-0.315,-0.354,-0.041,-0.421,
-0.365,-0.403,-0.048,-0.464,
-0.35,-0.394,-0.046,-0.422,
-0.298,-0.335,-0.04,-0.366,
-0.321,-0.362,-0.052,-0.372,
-0.3,-0.315,-0.058,-0.484,
-0.303,-0.338,-0.039,-0.389,
-0.288,-0.299,-0.04,-0.375,
-0.34,-0.369,-0.044,-0.448,
-0.3,-0.297,-0.052,-0.482,
-0.33,-0.349,-0.059,-0.494,
-0.316,-0.339,-0.055,-0.451,
-0.363,-0.405,-0.038,-0.46,
-0.304,-0.343,-0.063,-0.352,
-0.284,-0.312,-0.039,-0.349,
-0.289,-0.309,-0.076,-0.362,
-0.314,-0.325,-0.067,-0.528,
-0.34,-0.395,-0.068,-0.407,
-0.283,-0.288,-0.061,-0.412,
-0.289,-0.306,-0.063,-0.358,
-0.318,-0.344,-0.055,-0.404,
-0.284,-0.303,-0.069,-0.346,
-0.313,-0.332,-0.061,-0.473,
-0.305,-0.319,-0.066,-0.412,
-0.291,-0.317,-0.085,-0.362,
-0.302,-0.344,-0.038,-0.357,
-0.331,-0.377,-0.033,-0.4,
-0.318,-0.306,-0.073,-0.456,
-0.265,-0.265,-0.065,-0.366,
-0.319,-0.353,-0.054,-0.373,
-0.334,-0.317,-0.063,-0.523,
-0.284,-0.301,-0.066,-0.39,
-0.31,-0.337,-0.053,-0.38,
-0.333,-0.373,-0.052,-0.415,
-0.348,-0.378,-0.055,-0.503,
-0.339,-0.38,-0.04,-0.416,
-0.316,-0.323,-0.053,-0.486,
-0.352,-0.376,-0.06,-0.516,
-0.336,-0.367,-0.054,-0.411,
-0.303,-0.32,-0.042,-0.396,
-0.32,-0.361,-0.046,-0.396,
-0.29,-0.301,-0.051,-0.426,
-0.307,-0.315,-0.052,-0.462,
-0.279,-0.288,-0.071,-0.411,
-0.342,-0.389,-0.032,-0.405,
-0.317,-0.329,-0.053,-0.463,
-0.335,-0.357,-0.056,-0.424,
-0.325,-0.328,-0.049,-0.504,
-0.323,-0.353,0.029,-0.526,
-0.292,-0.318,-0.067,-0.362,
-0.356,-0.402,-0.035,-0.425,
-0.291,-0.32,-0.056,-0.33,
-0.302,-0.31,-0.056,-0.465,
-0.353,-0.394,-0.051,-0.443,
-0.342,-0.375,-0.058,-0.411,
-0.276,-0.288,-0.034,-0.35,
-0.308,-0.321,-0.067,-0.382,
-0.411,-0.466,-0.067,-0.495,
-0.265,-0.278,-0.057,-0.386,
-0.303,-0.343,-0.049,-0.376,
-0.36,-0.362,-0.064,-0.479,
-0.314,-0.329,-0.07,-0.417,
-0.331,-0.361,-0.064,-0.412,
-0.29,-0.3,-0.042,-0.42,
-0.314,-0.325,-0.076,-0.413,
-0.308,-0.325,-0.05,-0.516,
-0.325,-0.375,-0.05,-0.386,
-0.34,-0.335,-0.045,-0.528,
-0.35,-0.382,-0.037,-0.494,
-0.349,-0.348,-0.066,-0.486,
-0.351,-0.351,-0.053,-0.521,
-0.302,-0.336,-0.043,-0.36,
-0.343,-0.338,-0.065,-0.521,
-0.29,-0.299,-0.044,-0.441,
-0.308,-0.307,-0.06,-0.431,
-0.257,-0.277,-0.049,-0.317,
-0.314,-0.339,-0.057,-0.385,
-0.305,-0.298,-0.067,-0.481,
-0.28,-0.304,-0.038,-0.334,
-0.317,-0.352,-0.044,-0.387,
-0.317,-0.355,-0.057,-0.385,
-0.329,-0.315,-0.166,-0.464,
-0.373,-0.427,-0.053,-0.471,
-0.318,-0.357,-0.028,-0.394,
-0.343,-0.385,-0.037,-0.411,
-0.309,-0.336,-0.038,-0.378,
-0.265,-0.283,-0.04,-0.379,
-0.306,-0.309,-0.053,-0.451,
-0.331,-0.362,-0.065,-0.393,
-0.356,-0.385,-0.044,-0.457,
-0.348,-0.399,-0.032,-0.421,
-0.303,-0.31,-0.066,-0.436,
-0.389,-0.438,-0.057,-0.466,
-0.311,-0.342,-0.064,-0.351,
-0.3,-0.315,-0.072,-0.372,
-0.356,-0.406,-0.043,-0.459,
-0.368,-0.415,-0.077,-0.437,
-0.352,-0.384,-0.035,-0.469,
-0.278,-0.319,-0.06,-0.33,
-0.311,-0.342,-0.058,-0.369,
-0.289,-0.301,-0.041,-0.357,
-0.304,-0.311,-0.096,-0.384,
-0.317,-0.322,-0.048,-0.481,
-0.291,-0.308,-0.056,-0.391,
-0.332,-0.372,-0.042,-0.404,
-0.292,-0.298,-0.051,-0.431,
-0.325,-0.33,-0.052,-0.469,
-0.392,-0.436,-0.055,-0.494,
-0.324,-0.367,-0.034,-0.381,
-0.307,-0.3,-0.083,-0.519,
-0.372,-0.419,-0.034,-0.453,
-0.245,-0.263,-0.043,-0.306,
-0.289,-0.323,-0.041,-0.387,
-0.354,-0.392,-0.046,-0.437,
-0.36,-0.4,-0.045,-0.456,
-0.336,-0.353,-0.039,-0.493,
-0.315,-0.347,-0.059,-0.364,
-0.302,-0.311,-0.035,-0.415,
-0.327,-0.315,-0.052,-0.49,
-0.288,-0.325,-0.044,-0.339,
-0.303,-0.307,-0.062,-0.442,
-0.369,-0.4,-0.052,-0.527,
-0.383,-0.436,-0.053,-0.459,
-0.295,-0.315,-0.041,-0.47,
-0.308,-0.344,-0.022,-0.376,
-0.317,-0.345,-0.057,-0.383,
-0.387,-0.427,-0.041,-0.478,
-0.342,-0.387,-0.059,-0.394,
-0.321,-0.32,-0.076,-0.433,
-0.304,-0.319,-0.038,-0.465,
-0.311,-0.337,-0.06,-0.406,
-0.359,-0.41,-0.045,-0.429,
-0.285,-0.286,-0.09,-0.384,
-0.276,-0.305,-0.075,-0.35,
-0.322,-0.289,-0.06,-0.509,
-0.276,-0.275,-0.064,-0.401,
-0.344,-0.347,-0.068,-0.487,
-0.305,-0.342,0.06,-0.465,
-0.262,-0.278,-0.06,-0.312,
-0.381,-0.443,-0.063,-0.462,
-0.319,-0.351,-0.064,-0.393,
-0.339,-0.382,-0.02,-0.416,
-0.307,-0.331,-0.11,-0.355,
-0.302,-0.341,-0.052,-0.368,
-0.295,-0.326,-0.055,-0.344,
-0.311,-0.324,-0.058,-0.4,
-0.337,-0.365,-0.105,-0.393,
-0.338,-0.379,-0.057,-0.386,
-0.379,-0.43,-0.048,-0.464,
-0.334,-0.359,-0.033,-0.396,
-0.348,-0.364,-0.056,-0.454,
-0.372,-0.44,-0.021,-0.487,
-0.267,-0.296,-0.082,-0.321,
-0.337,-0.311,-0.068,-0.521,
-0.309,-0.344,-0.054,-0.386,
-0.354,-0.398,-0.049,-0.438,
-0.323,-0.37,-0.024,-0.394,
-0.335,-0.356,-0.034,-0.421,
-0.366,-0.403,-0.063,-0.464,
-0.343,-0.385,-0.055,-0.403,
-0.373,-0.407,-0.059,-0.456,
-0.37,-0.409,-0.05,-0.45,
-0.377,-0.435,-0.049,-0.467,
-0.395,-0.45,-0.05,-0.486,
-0.365,-0.4,-0.075,-0.542,
-0.33,-0.348,-0.061,-0.465,
-0.364,-0.394,-0.04,-0.471,
-0.33,-0.344,-0.049,-0.436,
-0.393,-0.429,-0.037,-0.486,
-0.342,-0.366,-0.075,-0.43,
-0.382,-0.43,-0.06,-0.476,
-0.356,-0.383,-0.097,-0.412,
-0.351,-0.364,-0.053,-0.556,
-0.359,-0.39,-0.061,-0.493,
-0.389,-0.439,-0.032,-0.475,
-0.373,-0.405,-0.048,-0.475,
-0.351,-0.391,-0.06,-0.45,
-0.318,-0.345,-0.045,-0.424,
-0.343,-0.371,-0.03,-0.435,
-0.35,-0.387,-0.051,-0.42,
-0.364,-0.404,-0.066,-0.434,
-0.386,-0.42,-0.046,-0.496,
-0.396,-0.438,-0.087,-0.479,
-0.365,-0.422,-0.042,-0.454,
-0.396,-0.45,-0.035,-0.482,
-0.338,-0.358,-0.075,-0.402,
-0.364,-0.402,-0.058,-0.475,
-0.367,-0.408,-0.058,-0.427,
-0.362,-0.394,-0.05,-0.495,
-0.371,-0.391,-0.055,-0.498,
-0.36,-0.405,-0.067,-0.435,
-0.359,-0.382,-0.062,-0.456,
-0.331,-0.349,-0.063,-0.437,
-0.389,-0.436,-0.034,-0.504,
-0.379,-0.44,-0.074,-0.466,
-0.33,-0.373,-0.043,-0.408,
-0.344,-0.386,-0.049,-0.418,
-0.375,-0.415,-0.055,-0.524,
-0.356,-0.373,-0.098,-0.48,
-0.397,-0.45,-0.033,-0.496,
-0.365,-0.4,-0.052,-0.439,
-0.328,-0.319,-0.048,-0.474,
-0.415,-0.466,-0.059,-0.495,
-0.407,-0.432,-0.044,-0.545,
-0.356,-0.361,-0.062,-0.542,
-0.393,-0.428,-0.071,-0.544,
-0.377,-0.426,-0.039,-0.452,
-0.361,-0.407,-0.04,-0.446,
-0.325,-0.341,-0.039,-0.418,
-0.398,-0.454,-0.026,-0.508,
-0.38,-0.424,-0.051,-0.451,
-0.355,-0.394,-0.054,-0.434,
-0.398,-0.428,-0.053,-0.512,
-0.402,-0.428,-0.061,-0.527,
-0.39,-0.434,-0.066,-0.571,
-0.372,-0.389,-0.055,-0.519,
-0.343,-0.383,-0.053,-0.425,
-0.341,-0.361,-0.078,-0.492,
-0.373,-0.41,-0.042,-0.463,
-0.328,-0.36,-0.049,-0.4,
-0.316,-0.334,-0.067,-0.378,
-0.374,-0.404,-0.061,-0.477,
-0.321,-0.355,-0.072,-0.387,
-0.353,-0.399,-0.045,-0.418,
-0.31,-0.331,-0.116,-0.395,
-0.365,-0.392,-0.051,-0.556,
-0.451,-0.526,-0.062,-0.577,
-0.371,-0.417,-0.033,-0.467,
-0.321,-0.352,-0.049,-0.444,
-0.341,-0.383,-0.065,-0.455,
-0.362,-0.403,-0.049,-0.432,
-0.423,-0.478,-0.061,-0.522,
-0.368,-0.421,-0.064,-0.441,
-0.338,-0.353,-0.052,-0.438,
-0.368,-0.419,-0.06,-0.452,
-0.366,-0.405,-0.064,-0.456,
-0.418,-0.467,-0.056,-0.532,
-0.351,-0.367,-0.061,-0.449,
-0.341,-0.368,-0.055,-0.41,
-0.379,-0.423,-0.051,-0.441,
-0.409,-0.468,-0.05,-0.504,
-0.353,-0.385,-0.059,-0.417,
-0.336,-0.383,-0.065,-0.45,
-0.354,-0.382,-0.054,-0.409,
-0.34,-0.367,-0.061,-0.416,
-0.342,-0.393,-0.045,-0.424,
-0.338,-0.375,-0.082,-0.402,
-0.365,-0.381,-0.06,-0.48,
-0.369,-0.413,-0.049,-0.445,
-0.386,-0.436,-0.067,-0.576,
-0.347,-0.39,-0.034,-0.418,
-0.375,-0.399,-0.065,-0.493,
-0.436,-0.465,-0.04,-0.579,
-0.395,-0.432,-0.065,-0.488,
-0.362,-0.403,-0.035,-0.438,
-0.383,-0.432,-0.057,-0.457,
-0.38,-0.414,-0.061,-0.475,
-0.337,-0.375,-0.035,-0.406,
-0.402,-0.458,-0.037,-0.508,
-0.334,-0.371,-0.113,-0.415,
-0.373,-0.422,-0.068,-0.452,
-0.38,-0.419,-0.032,-0.46,
-0.311,-0.324,-0.045,-0.427,
-0.36,-0.372,-0.065,-0.511,
-0.379,-0.415,-0.057,-0.567,
-0.371,-0.394,-0.043,-0.457,
-0.335,-0.374,-0.077,-0.445,
-0.401,-0.423,-0.045,-0.503,
-0.343,-0.374,-0.07,-0.461,
-0.358,-0.404,-0.059,-0.434,
-0.377,-0.416,-0.042,-0.457,
-0.413,-0.452,-0.05,-0.551,
-0.382,-0.429,-0.058,-0.451,
-0.243,-0.257,-0.11,-0.42,
-0.341,-0.378,-0.053,-0.462,
-0.316,-0.355,-0.053,-0.405,
-0.345,-0.377,-0.04,-0.403,
-0.376,-0.4,-0.053,-0.473,
-0.367,-0.414,-0.061,-0.469,
-0.412,-0.47,-0.079,-0.518,
-0.359,-0.402,-0.039,-0.443,
-0.403,-0.438,-0.066,-0.605,
-0.409,-0.469,-0.037,-0.49,
-0.421,-0.47,-0.04,-0.51,
-0.371,-0.409,-0.064,-0.464,
-0.355,-0.389,-0.039,-0.438,
-0.355,-0.376,-0.045,-0.5,
-0.383,-0.436,-0.056,-0.464,
-0.361,-0.369,-0.068,-0.481,
-0.363,-0.384,-0.041,-0.49,
-0.353,-0.375,-0.041,-0.465,
-0.382,-0.416,-0.061,-0.492,
-0.351,-0.362,-0.05,-0.461,
-0.381,-0.393,-0.048,-0.477,
-0.352,-0.383,-0.054,-0.44,
-0.394,-0.448,-0.053,-0.508,
-0.402,-0.47,-0.053,-0.507,
-0.356,-0.402,-0.049,-0.439,
-0.338,-0.366,-0.068,-0.424,
-0.414,-0.47,-0.071,-0.534,
-0.387,-0.453,-0.045,-0.478,
-0.429,-0.502,-0.032,-0.586,
-0.323,-0.343,-0.062,-0.486,
-0.368,-0.369,-0.037,-0.517,
-0.358,-0.402,-0.05,-0.421,
-0.4,-0.444,-0.058,-0.498,
-0.328,-0.355,-0.061,-0.425,
-0.31,-0.34,-0.046,-0.391,
-0.387,-0.411,-0.049,-0.499,
-0.339,-0.378,-0.055,-0.421,
-0.389,-0.445,-0.048,-0.485,
-0.349,-0.386,-0.046,-0.428,
-0.434,-0.491,-0.044,-0.541,
-0.383,-0.422,-0.048,-0.495,
-0.367,-0.375,-0.046,-0.577,
-0.361,-0.398,-0.069,-0.429,
-0.374,-0.42,-0.035,-0.491,
-0.385,-0.433,-0.049,-0.478,
-0.393,-0.442,-0.052,-0.479,
-0.356,-0.361,-0.048,-0.522,
-0.416,-0.44,-0.053,-0.584,
-0.396,-0.457,-0.036,-0.491,
-0.362,-0.362,-0.058,-0.521,
-0.329,-0.35,-0.071,-0.424,
-0.363,-0.399,-0.049,-0.467,
-0.362,-0.397,-0.048,-0.462,
-0.374,-0.409,-0.032,-0.477,
-0.358,-0.405,-0.064,-0.445,
-0.409,-0.442,-0.059,-0.524,
-0.294,-0.353,-0.063,-0.487,
-0.368,-0.397,-0.045,-0.455,
-0.39,-0.423,-0.065,-0.516,
-0.399,-0.429,-0.069,-0.508,
-0.345,-0.378,-0.056,-0.424,
-0.35,-0.386,-0.042,-0.435,
-0.352,-0.413,-0.062,-0.434,
-0.353,-0.364,-0.06,-0.525,
-0.312,-0.339,-0.074,-0.451,
-0.345,-0.399,-0.035,-0.414,
-0.394,-0.443,-0.068,-0.48,
-0.404,-0.434,-0.08,-0.525,
-0.354,-0.39,-0.065,-0.452,
-0.379,-0.411,-0.052,-0.507,
-0.381,-0.41,-0.073,-0.483,
-0.374,-0.426,-0.069,-0.45,
-0.344,-0.371,-0.057,-0.463,
-0.4,-0.449,-0.043,-0.491,
-0.35,-0.398,-0.05,-0.424,
-0.401,-0.45,-0.061,-0.485,
-0.342,-0.363,-0.052,-0.441,
-0.395,-0.432,-0.12,-0.518,
-0.36,-0.402,-0.045,-0.459,
-0.33,-0.358,-0.06,-0.39,
-0.365,-0.407,-0.05,-0.451,
-0.336,-0.362,-0.026,-0.422,
-0.354,-0.377,-0.103,-0.482,
-0.437,-0.499,-0.053,-0.542,
-0.342,-0.367,-0.052,-0.428,
-0.398,-0.449,-0.038,-0.478,
-0.374,-0.416,-0.075,-0.461,
-0.356,-0.362,-0.042,-0.52,
-0.428,-0.477,-0.042,-0.561,
-0.353,-0.387,-0.052,-0.526,
-0.405,-0.453,-0.05,-0.49,
-0.392,-0.446,-0.061,-0.486,
-0.362,-0.392,-0.061,-0.427,
-0.357,-0.391,-0.05,-0.438,
-0.384,-0.432,-0.049,-0.471,
-0.367,-0.393,-0.074,-0.484,
-0.363,-0.373,-0.054,-0.556,
-0.341,-0.393,-0.039,-0.438,
-0.362,-0.398,-0.059,-0.54,
-0.438,-0.499,-0.04,-0.54,
-0.402,-0.466,-0.05,-0.492,
-0.358,-0.4,-0.059,-0.44,
-0.329,-0.355,-0.03,-0.407,
-0.368,-0.398,-0.033,-0.492,
-0.36,-0.393,-0.047,-0.442,
-0.441,-0.492,-0.065,-0.596,
-0.382,-0.421,-0.039,-0.476,
-0.377,-0.424,-0.065,-0.462,
-0.348,-0.377,-0.058,-0.476,
-0.365,-0.41,-0.066,-0.437,
-0.417,-0.454,-0.036,-0.525,
-0.343,-0.366,-0.061,-0.469,
-0.353,-0.398,-0.068,-0.426,
-0.394,-0.448,-0.055,-0.482,
-0.352,-0.389,-0.043,-0.42,
-0.405,-0.432,-0.053,-0.566,
-0.345,-0.396,-0.053,-0.416,
-0.346,-0.37,-0.068,-0.425,
-0.375,-0.379,-0.101,-0.534,
-0.403,-0.428,-0.045,-0.538,
-0.361,-0.367,-0.061,-0.474,
-0.372,-0.405,-0.066,-0.516,
-0.348,-0.395,-0.067,-0.422,
-0.35,-0.407,-0.058,-0.438,
-0.38,-0.436,-0.076,-0.479,
-0.262,-0.283,-0.05,-0.467,
-0.38,-0.421,-0.054,-0.473,
-0.392,-0.439,-0.069,-0.506,
-0.412,-0.448,-0.055,-0.546,
-0.374,-0.403,-0.053,-0.481,
-0.321,-0.355,-0.048,-0.403,
-0.394,-0.44,-0.046,-0.491,
-0.355,-0.375,-0.056,-0.487,
-0.381,-0.441,-0.04,-0.471,
-0.334,-0.361,-0.054,-0.425,
-0.379,-0.415,-0.054,-0.469,
-0.35,-0.385,-0.071,-0.437,
-0.323,-0.35,-0.055,-0.4,
-0.33,-0.365,-0.064,-0.403,
-0.394,-0.434,-0.061,-0.485,
-0.346,-0.373,-0.071,-0.416,
-0.364,-0.405,-0.058,-0.448,
-0.405,-0.462,-0.042,-0.48,
-0.373,-0.421,-0.05,-0.452,
-0.359,-0.392,-0.053,-0.45,
-0.348,-0.378,-0.074,-0.419,
-0.408,-0.467,-0.053,-0.495,
-0.456,-0.51,-0.056,-0.558,
-0.396,-0.432,-0.061,-0.518,
-0.338,-0.372,-0.057,-0.408,
-0.381,-0.42,-0.073,-0.523,
-0.363,-0.408,-0.059,-0.433,
-0.406,-0.462,-0.036,-0.501,
-0.357,-0.4,-0.044,-0.453,
-0.38,-0.374,-0.059,-0.506,
-0.373,-0.397,-0.069,-0.503,
-0.306,-0.323,-0.046,-0.405,
-0.34,-0.377,-0.023,-0.435,
-0.319,-0.35,-0.045,-0.45,
-0.368,-0.404,-0.048,-0.542,
-0.388,-0.432,-0.06,-0.503,
-0.364,-0.399,-0.063,-0.445,
-0.368,-0.413,-0.041,-0.495,
-0.375,-0.418,-0.047,-0.492,
-0.383,-0.422,-0.032,-0.499,
-0.408,-0.464,-0.038,-0.53,
-0.385,-0.438,-0.029,-0.523,
-0.387,-0.413,-0.059,-0.537,
-0.338,-0.373,-0.049,-0.407,
-0.366,-0.387,-0.064,-0.464,
-0.369,-0.403,-0.052,-0.447,
-0.401,-0.444,-0.049,-0.495,
-0.366,-0.392,-0.04,-0.471,
-0.334,-0.355,-0.061,-0.443,
-0.404,-0.448,-0.041,-0.481,
-0.402,-0.444,-0.052,-0.513,
-0.347,-0.38,-0.079,-0.444,
-0.344,-0.377,-0.066,-0.402,
-0.394,-0.392,-0.063,-0.56,
-0.391,-0.432,-0.045,-0.489,
-0.348,-0.379,-0.051,-0.468,
-0.374,-0.412,-0.06,-0.495,
-0.38,-0.427,-0.058,-0.45,
-0.377,-0.401,-0.095,-0.477,
-0.349,-0.38,-0.067,-0.416,
-0.338,-0.375,-0.044,-0.399,
-0.347,-0.382,-0.08,-0.421,
-0.386,-0.43,-0.057,-0.472,
-0.408,-0.471,-0.038,-0.503,
-0.348,-0.382,-0.05,-0.435,
-0.332,-0.369,-0.046,-0.409,
-0.333,-0.356,-0.059,-0.41,
-0.367,-0.404,-0.046,-0.435,
-0.347,-0.37,-0.054,-0.445,
-0.374,-0.393,-0.067,-0.53,
-0.372,-0.405,-0.081,-0.47,
-0.41,-0.474,-0.043,-0.5,
-0.337,-0.377,-0.065,-0.411,
-0.351,-0.394,-0.031,-0.469,
-0.334,-0.353,-0.058,-0.412,
-0.346,-0.375,-0.038,-0.457,
-0.341,-0.386,-0.034,-0.418,
-0.364,-0.357,-0.05,-0.557,
-0.341,-0.359,-0.058,-0.46,
-0.381,-0.418,-0.055,-0.46,
-0.34,-0.366,-0.056,-0.428,
-0.382,-0.431,-0.011,-0.467,
-0.327,-0.368,-0.058,-0.407,
-0.332,-0.365,-0.037,-0.421,
-0.349,-0.382,-0.044,-0.433,
-0.377,-0.425,-0.061,-0.453,
-0.292,-0.35,-0.048,-0.408,
-0.354,-0.394,-0.028,-0.427,
-0.388,-0.424,-0.048,-0.501,
-0.353,-0.384,-0.05,-0.494,
-0.359,-0.396,-0.073,-0.456,
-0.335,-0.37,-0.053,-0.431,
-0.337,-0.376,-0.051,-0.403,
-0.342,-0.374,-0.06,-0.407,
-0.385,-0.443,-0.054,-0.467,
-0.397,-0.453,-0.042,-0.5,
-0.383,-0.414,-0.041,-0.476,
-0.366,-0.407,-0.048,-0.449,
-0.324,-0.355,-0.062,-0.422,
-0.367,-0.393,-0.069,-0.467,
-0.406,-0.458,-0.071,-0.501,
-0.363,-0.373,-0.044,-0.469,
-0.359,-0.389,-0.07,-0.456,
-0.308,-0.381,-0.05,-0.439,
-0.358,-0.395,-0.051,-0.447,
-0.343,-0.373,-0.043,-0.4,
-0.364,-0.404,-0.041,-0.448,
-0.35,-0.369,-0.053,-0.483,
-0.343,-0.391,-0.074,-0.442,
-0.414,-0.457,-0.046,-0.534,
-0.373,-0.385,-0.079,-0.532,
-0.319,-0.315,-0.054,-0.549,
-0.45,-0.526,-0.042,-0.554,
-0.322,-0.345,-0.082,-0.41,
-0.399,-0.439,-0.063,-0.482,
-0.258,-0.273,-0.054,-0.338,
-0.314,-0.339,-0.061,-0.399,
-0.373,-0.398,-0.079,-0.487,
-0.344,-0.391,-0.048,-0.408,
-0.409,-0.464,-0.069,-0.493,
-0.387,-0.437,-0.041,-0.506,
-0.348,-0.391,-0.034,-0.422,
-0.309,-0.311,-0.044,-0.459,
-0.362,-0.385,-0.034,-0.539,
-0.356,-0.406,-0.04,-0.449,
-0.406,-0.451,-0.06,-0.502,
-0.372,-0.414,-0.043,-0.45,
-0.37,-0.418,-0.034,-0.504,
-0.332,-0.362,-0.052,-0.392,
-0.349,-0.391,-0.051,-0.41,
-0.352,-0.35,-0.047,-0.559,
-0.379,-0.417,-0.082,-0.479,
-0.353,-0.377,-0.048,-0.474,
-0.36,-0.402,-0.081,-0.452,
-0.335,-0.352,-0.087,-0.448,
-0.388,-0.42,-0.075,-0.53,
-0.381,-0.418,-0.072,-0.468,
-0.341,-0.369,-0.047,-0.466,
-0.359,-0.402,-0.072,-0.437,
-0.412,-0.441,-0.045,-0.518,
-0.333,-0.349,-0.044,-0.479,
-0.33,-0.353,-0.059,-0.403,
-0.322,-0.349,-0.059,-0.467,
-0.34,-0.383,-0.043,-0.411,
-0.32,-0.352,-0.056,-0.368,
-0.291,-0.312,-0.05,-0.462,
-0.334,-0.342,-0.083,-0.478,
-0.305,-0.34,-0.138,-0.378,
-0.365,-0.42,-0.041,-0.436,
-0.36,-0.394,-0.07,-0.443,
-0.298,-0.312,-0.053,-0.429,
-0.377,-0.439,-0.037,-0.471,
-0.283,-0.299,-0.065,-0.353,
-0.331,-0.335,-0.066,-0.506,
-0.361,-0.414,-0.076,-0.426,
-0.355,-0.375,-0.04,-0.48,
-0.299,-0.317,-0.056,-0.367,
-0.351,-0.397,-0.028,-0.43,
-0.313,-0.305,-0.049,-0.439,
-0.304,-0.316,-0.037,-0.448,
-0.328,-0.368,-0.063,-0.371,
-0.316,-0.359,-0.029,-0.373,
-0.315,-0.348,-0.064,-0.384,
-0.274,-0.273,-0.057,-0.363,
-0.298,-0.316,-0.08,-0.366,
-0.287,-0.283,0.024,-0.483,
-0.334,-0.299,-0.072,-0.493,
-0.368,-0.423,-0.053,-0.435,
-0.328,-0.367,-0.062,-0.379,
-0.318,-0.34,-0.044,-0.418,
-0.298,-0.329,-0.052,-0.359,
-0.303,-0.338,-0.04,-0.4,
-0.341,-0.34,-0.039,-0.486,
-0.346,-0.392,-0.034,-0.404,
-0.306,-0.344,-0.062,-0.477,
-0.297,-0.325,-0.026,-0.466,
-0.319,-0.351,-0.049,-0.366,
-0.387,-0.428,-0.052,-0.49,
-0.37,-0.392,-0.076,-0.501,
-0.335,-0.342,-0.051,-0.462,
-0.394,-0.44,0.051,-0.556,
-0.426,-0.467,-0.053,-0.544,
-0.416,-0.477,-0.053,-0.498,
-0.384,-0.428,-0.053,-0.469,
-0.405,-0.437,-0.061,-0.507,
-0.379,-0.399,-0.058,-0.536,
-0.334,-0.367,-0.065,-0.406,
-0.324,-0.332,-0.07,-0.409,
-0.395,-0.421,-0.038,-0.515,
-0.337,-0.367,-0.061,-0.436,
-0.278,-0.301,-0.055,-0.351,
-0.298,-0.301,-0.055,-0.398,
-0.314,-0.315,-0.06,-0.467,
-0.256,-0.261,-0.054,-0.41,
-0.312,-0.325,-0.049,-0.499,
-0.367,-0.378,-0.049,-0.546,
-0.31,-0.342,-0.034,-0.402,
-0.294,-0.318,-0.041,-0.35,
-0.399,-0.449,-0.054,-0.471,
-0.309,-0.326,-0.076,-0.47,
-0.281,-0.32,-0.042,-0.39,
-0.323,-0.362,-0.026,-0.396,
-0.282,-0.281,-0.05,-0.467,
-0.317,-0.314,-0.067,-0.473,
-0.289,-0.311,-0.08,-0.398,
-0.351,-0.395,-0.042,-0.431,
-0.333,-0.364,-0.058,-0.386,
-0.296,-0.345,-0.054,-0.366,
-0.389,-0.416,-0.064,-0.564,
-0.355,-0.398,-0.051,-0.432,
-0.425,-0.487,-0.041,-0.507,
-0.357,-0.401,-0.075,-0.47,
-0.317,-0.367,-0.055,-0.451,
-0.388,-0.443,-0.047,-0.461,
-0.336,-0.368,-0.06,-0.425,
-0.36,-0.388,-0.061,-0.493,
-0.401,-0.446,-0.056,-0.48,
-0.376,-0.427,-0.061,-0.472,
-0.349,-0.404,-0.048,-0.432,
-0.337,-0.335,-0.044,-0.553,
-0.351,-0.358,-0.055,-0.471,
-0.34,-0.357,-0.068,-0.434,


-0.015,-0.032,0.164,-0.173,
-0.119,-0.153,0.283,-0.277,
-0.119,-0.158,0.188,-0.281,
-0.007,0.031,0.122,-0.155,
0.001,-0.007,0.255,-0.196,
-0.045,-0.058,0.099,-0.11,
-0.088,-0.098,0.117,-0.283,
-0.162,-0.233,0.131,-0.291,
-0.172,-0.17,0.049,-0.385,
-0.09,-0.143,0.128,-0.186,
-0.167,-0.184,0.022,-0.24,
-0.122,-0.166,0.118,-0.233,
-0.159,-0.166,0.283,-0.307,
-0.112,-0.117,0.033,-0.208,
-0.059,-0.064,0.054,-0.198,
-0.068,-0.05,0.282,-0.286,
-0.081,-0.085,0.11,-0.229,
-0.017,-0.044,0.18,-0.137,
-0.023,-0.041,0.083,-0.08,
-0.006,-0.024,0.158,-0.187,
-0.091,-0.114,0.38,-0.359,
-0.144,-0.156,0.12,-0.285,
-0.081,-0.143,0.207,-0.312,
-0.097,-0.126,0.073,-0.232,
-0.095,-0.093,0.285,-0.278,
-0.185,-0.215,0.166,-0.35,
0.004,0.029,0.257,-0.247,
-0.069,-0.072,0.094,-0.168,
-0.084,-0.074,0.282,-0.274,
-0.187,-0.189,0.035,-0.36,
-0.16,-0.191,0.079,-0.219,
-0.079,-0.083,0.056,-0.187,
-0.054,-0.04,0.029,-0.168,
-0.139,-0.17,0.25,-0.24,
-0.024,-0.028,0.172,-0.243,
-0.073,-0.055,0.104,-0.216,
-0.054,-0.037,0.126,-0.273,
-0.025,-0.019,0.085,-0.111,
-0.036,-0.062,0.176,-0.172,
-0.13,-0.124,0.111,-0.314,
-0.134,-0.164,-0.014,-0.204,
-0.142,-0.168,0.176,-0.269,
0.025,-0.018,0.183,-0.089,
-0.197,-0.164,-0.051,-0.319,
-0.117,-0.146,0.161,-0.412,
-0.095,-0.18,0.336,-0.25,
-0.059,-0.114,0.392,-0.228,
-0.014,-0.002,0.051,-0.12,
-0.019,-0.002,0.078,-0.162,
-0.213,-0.235,-0.007,-0.293,
-0.078,-0.089,0.196,-0.233,
-0.132,-0.151,0.101,-0.287,
-0.128,-0.161,0.224,-0.23,
-0.081,-0.074,0.075,-0.245,
-0.041,-0.059,0.174,-0.142,
-0.134,-0.188,0.201,-0.251,
-0.153,-0.151,0.085,-0.32,
-0.239,-0.262,0.302,-0.414,
-0.023,-0.031,0.155,-0.1,
-0.053,-0.12,0.234,-0.239,
-0.006,-0.025,0.17,-0.206,
-0.1,-0.142,0.147,-0.205,
-0.005,-0.002,0.071,-0.093,
-0.143,-0.154,-0.008,-0.265,
-0.035,-0.025,0.063,-0.209,
-0.008,-0.039,0.2,-0.206,
-0.105,-0.101,0.105,-0.252,
-0.135,-0.133,0.026,-0.288,
-0.06,-0.095,0.283,-0.23,
-0.036,-0.007,0.085,-0.157,
-0.171,-0.241,0.223,-0.295,
-0.107,-0.117,0.235,-0.38,
-0.072,-0.093,0.137,-0.205,
-0.037,-0.062,0.18,-0.135,
-0.156,-0.226,0.197,-0.253,
-0.072,-0.133,0.273,-0.238,
-0.033,-0.056,0.108,-0.144,
0.012,-0.015,0.228,-0.132,
-0.108,-0.159,0.068,-0.195,
-0.182,-0.209,0.19,-0.373,
-0.093,-0.092,0.007,-0.219,
-0.189,-0.262,0.172,-0.314,
0.036,0.004,0.163,-0.07,
-0.18,-0.186,0.069,-0.324,
-0.143,-0.165,0.174,-0.252,
-0.135,-0.165,0.048,-0.193,
-0.111,-0.15,0.09,-0.262,
-0.024,-0.075,0.254,-0.14,
-0.031,-0.043,0.166,-0.149,
-0.243,-0.283,0.056,-0.309,
-0.078,-0.107,0.104,-0.182,
-0.103,-0.126,0.198,-0.185,
-0.068,-0.093,0.161,-0.251,
-0.164,-0.186,0.18,-0.316,
-0.025,-0.042,0.171,-0.219,
-0.133,-0.233,0.37,-0.314,
-0.124,-0.176,0.202,-0.214,
-0.162,-0.182,-0.022,-0.252,
-0.034,-0.046,0.152,-0.216,
-0.091,-0.085,0.221,-0.298,
-0.102,-0.142,0.237,-0.308,
-0.08,-0.115,0.103,-0.2,
-0.101,-0.123,0.17,-0.238,
-0.018,-0.037,0.186,-0.134,
-0.056,-0.098,0.191,-0.261,
-0.218,-0.236,0.045,-0.346,
-0.036,-0.059,0.152,-0.182,
-0.154,-0.18,0.208,-0.266,
-0.13,-0.173,0.067,-0.317,
-0.117,-0.149,0.175,-0.224,
-0.049,-0.07,0.183,-0.168,
-0.061,-0.056,0.167,-0.201,
-0.003,-0.014,0.192,-0.174,
-0.12,-0.156,0.142,-0.267,
-0.067,-0.142,0.283,-0.239,
-0.102,-0.152,0.227,-0.256,
-0.075,-0.091,0.027,-0.133,
-0.03,-0.051,0.209,-0.248,
-0.107,-0.119,0.123,-0.241,
-0.092,-0.138,0.159,-0.251,
-0.113,-0.123,0.071,-0.208,
-0.08,-0.108,0.249,-0.248,
-0.149,-0.195,0.186,-0.285,
-0.17,-0.25,0.27,-0.294,
-0.081,-0.089,0.216,-0.269,
-0.06,-0.089,0.029,-0.106,
-0.027,-0.009,0.1,-0.141,
-0.145,-0.154,0.08,-0.284,
-0.097,-0.106,0.096,-0.247,
-0.188,-0.216,-0.003,-0.253,
-0.118,-0.121,0.064,-0.236,
-0.036,-0.024,0.223,-0.204,
-0.012,0.003,0.107,-0.177,
0.022,0.042,0.261,-0.248,
-0.132,-0.137,0.157,-0.322,
-0.087,-0.093,-0.028,-0.165,
-0.034,0.011,0.036,-0.219,
-0.075,-0.071,0.053,-0.142,
-0.148,-0.193,0.163,-0.329,
-0.073,-0.068,0.128,-0.25,
-0.044,-0.048,0.167,-0.233,
-0.048,-0.024,0.178,-0.35,
-0.124,-0.153,-0.014,-0.206,
-0.045,-0.078,0.116,-0.189,
0.007,0.003,0.107,-0.075,
-0.092,-0.117,0.118,-0.23,
-0.116,-0.139,0.116,-0.257,
-0.116,-0.125,0.113,-0.318,
-0.086,-0.102,0.174,-0.225,
-0.101,-0.132,0.048,-0.182,
0.003,0.045,0.174,-0.247,
-0.126,-0.15,0.093,-0.251,
-0.036,-0.06,0.242,-0.218,
-0.032,-0.062,0.196,-0.131,
-0.149,-0.16,0.297,-0.318,
-0.102,-0.166,0.262,-0.284,
-0.162,-0.189,0.042,-0.318,
-0.123,-0.163,0.143,-0.264,
0.016,0.021,0.243,-0.161,
-0.115,-0.14,0.171,-0.295,
-0.083,-0.116,0.208,-0.227,
-0.116,-0.16,0.106,-0.24,
0.04,0.127,0.213,-0.305,
-0.065,-0.067,0.172,-0.236,
-0.032,-0.018,0.04,-0.1,
-0.039,-0.024,0.16,-0.169,
-0.01,-0.012,0.11,-0.117,
-0.096,-0.1,0.128,-0.18,
-0.183,-0.186,0.042,-0.344,
-0.153,-0.162,0.163,-0.381,
-0.049,-0.09,0.227,-0.258,
-0.017,-0.052,0.25,-0.155,
-0.053,-0.066,0.049,-0.102,
-0.184,-0.183,-0.014,-0.323,
-0.163,-0.184,0.085,-0.31,
-0.053,-0.07,0.097,-0.141,
-0.039,-0.05,0.003,-0.076,
-0.104,-0.133,0.259,-0.218,
-0.223,-0.271,0.148,-0.374,
-0.104,-0.156,0.133,-0.209,
-0.039,-0.08,0.253,-0.237,
0.021,0.054,0.269,-0.202,
-0.136,-0.131,0.178,-0.272,
-0.097,-0.096,0.099,-0.296,
-0.142,-0.18,0.113,-0.24,
-0.051,-0.038,0.007,-0.133,
-0.097,-0.115,0.16,-0.209,
0.018,0.001,0.123,-0.008,
-0.028,-0.021,0.062,-0.13,
-0.146,-0.167,0.046,-0.317,
-0.024,0.007,0.105,-0.195,
-0.069,-0.099,0.134,-0.129,
-0.207,-0.258,0.056,-0.318,
-0.039,-0.024,0.032,-0.188,
-0.064,-0.082,0.107,-0.18,
-0.069,-0.093,0.087,-0.155,
-0.037,-0.046,0.367,-0.218,
-0.181,-0.22,0.215,-0.304,
-0.059,-0.069,0.116,-0.191,
-0.111,-0.158,0.326,-0.27,
-0.255,-0.249,-0.065,-0.408,
-0.051,-0.051,0,-0.097,
-0.089,-0.117,0.025,-0.2,
-0.124,-0.146,0.106,-0.281,
-0.076,-0.066,0.008,-0.223,
0.026,0.002,0.288,-0.218,
-0.071,-0.103,0.147,-0.17,
-0.061,-0.105,0.231,-0.218,
-0.047,-0.067,0.142,-0.192,
0.011,-0.007,0.221,-0.088,
-0.199,-0.248,0.079,-0.295,
-0.103,-0.144,0.108,-0.215,
-0.061,-0.09,0.267,-0.249,
-0.087,-0.099,0.049,-0.222,
0.014,-0.007,0.182,-0.078,
-0.14,-0.201,0.091,-0.272,
-0.052,-0.054,0.08,-0.16,
-0.098,-0.116,0,-0.185,
-0.103,-0.132,0.162,-0.202,
-0.089,-0.119,0.1,-0.164,
-0.015,0,0.062,-0.188,
-0.2,-0.268,0.185,-0.353,
-0.169,-0.212,0,-0.254,
-0.11,-0.144,0.069,-0.204,
-0.171,-0.203,0.102,-0.314,
-0.091,-0.101,0.086,-0.253,
-0.002,-0.007,0.105,-0.055,
-0.091,-0.124,0.099,-0.221,
-0.12,-0.133,0.111,-0.246,
-0.076,-0.076,0.136,-0.292,
-0.141,-0.155,0.076,-0.262,
-0.081,-0.085,0.258,-0.276,
-0.05,-0.071,0.173,-0.215,
-0.016,-0.008,0.094,-0.128,
-0.167,-0.241,0.24,-0.369,
-0.078,-0.105,0.046,-0.168,
-0.09,-0.12,0.103,-0.229,
-0.058,-0.051,0.149,-0.352,
-0.171,-0.216,-0.003,-0.25,
-0.068,-0.082,0.253,-0.222,
-0.111,-0.15,0.19,-0.308,
-0.079,-0.156,0.271,-0.25,
0.001,-0.01,0.148,-0.119,
-0.146,-0.208,0.049,-0.243,
-0.111,-0.141,0.016,-0.229,
-0.199,-0.27,0.193,-0.343,
-0.094,-0.101,0.18,-0.236,
-0.114,-0.147,0.117,-0.274,
-0.066,-0.059,0.003,-0.227,
-0.116,-0.112,0.254,-0.303,
-0.016,-0.021,0.054,-0.063,
-0.101,-0.169,0.162,-0.366,
-0.08,-0.112,0.204,-0.218,
-0.155,-0.156,-0.018,-0.312,
-0.125,-0.141,0.017,-0.237,
-0.073,-0.11,0.188,-0.148,
-0.05,-0.071,0.177,-0.208,
-0.09,-0.105,0.08,-0.196,
-0.099,-0.119,0.047,-0.156,
-0.127,-0.161,0.098,-0.223,
-0.041,-0.077,0.223,-0.148,
-0.112,-0.128,0.091,-0.277,
-0.132,-0.164,0.038,-0.21,
-0.081,-0.14,0.129,-0.191,
-0.102,-0.103,0.121,-0.342,
-0.122,-0.087,0.064,-0.273,
-0.084,-0.08,0.049,-0.184,
-0.071,-0.126,0.373,-0.187,
-0.253,-0.321,0.046,-0.366,
-0.029,-0.033,0.167,-0.161,
-0.178,-0.186,-0.024,-0.315,
-0.014,-0.045,0.226,-0.143,
-0.052,-0.058,0.169,-0.237,
-0.068,-0.106,0.147,-0.164,
-0.16,-0.161,0.023,-0.282,
-0.06,-0.064,0.118,-0.258,
0.037,0.029,0.22,-0.096,
-0.136,-0.184,0.174,-0.248,
-0.065,-0.042,0.194,-0.219,
-0.067,-0.104,0.324,-0.163,
-0.053,-0.062,0.103,-0.212,
-0.102,-0.108,0.199,-0.247,
-0.131,-0.175,0.147,-0.221,
-0.029,-0.015,0.061,-0.116,
-0.08,-0.091,0.278,-0.223,
-0.085,-0.118,0.035,-0.192,
-0.124,-0.19,0.182,-0.383,
-0.046,0.003,0.091,-0.201,
-0.058,-0.053,0.058,-0.19,
-0.095,-0.088,0.149,-0.321,
-0.137,-0.137,0.152,-0.261,
-0.117,-0.144,0.191,-0.252,
-0.025,-0.028,0.17,-0.159,
-0.082,-0.089,0.059,-0.149,
-0.096,-0.15,0.185,-0.258,
-0.053,-0.07,0.254,-0.208,
-0.179,-0.178,0.048,-0.342,
-0.021,-0.025,0.129,-0.167,
-0.039,-0.046,0.161,-0.189,
-0.047,-0.071,0.277,-0.245,
-0.064,-0.111,0.293,-0.171,
-0.164,-0.226,0.183,-0.286,
-0.086,-0.066,0.104,-0.277,
0.03,0.046,0.108,-0.071,
-0.001,0,0.178,-0.158,
-0.192,-0.232,0.074,-0.301,
-0.042,-0.087,0.191,-0.156,
-0.106,-0.166,0.3,-0.201,
-0.084,-0.071,-0.01,-0.174,
-0.227,-0.267,0.042,-0.307,
-0.158,-0.198,0.041,-0.253,
-0.032,-0.081,0.375,-0.347,
-0.104,-0.157,0.313,-0.222,
-0.121,-0.091,0.02,-0.235,
-0.099,-0.141,0.337,-0.239,
-0.219,-0.269,0.171,-0.413,
-0.123,-0.101,0.1,-0.296,
-0.03,-0.062,0.18,-0.121,
-0.034,-0.042,0.202,-0.246,
-0.075,-0.111,0.144,-0.159,
-0.08,-0.128,0.247,-0.194,
-0.034,-0.027,0.107,-0.199,
0.02,0.003,0.229,-0.118,
0.017,0.023,0.206,-0.225,
-0.054,-0.074,0.217,-0.144,
-0,-0.017,0.2,-0.197,
-0.198,-0.211,0.079,-0.357,
-0.13,-0.186,0.104,-0.296,
-0.029,-0.031,0.142,-0.133,
-0.099,-0.161,0.202,-0.223,
-0.068,-0.086,0.038,-0.16,
-0.188,-0.202,-0.025,-0.329,
-0.119,-0.13,0.184,-0.266,
-0.051,-0.089,0.218,-0.14,
-0.174,-0.218,0.054,-0.316,
-0.121,-0.124,0.038,-0.264,
-0.096,-0.117,0.117,-0.273,
-0.164,-0.213,0.223,-0.308,
-0.079,-0.11,0.277,-0.215,
-0.036,-0.038,0.291,-0.215,
-0.093,-0.136,0.209,-0.226,
-0.217,-0.252,0.119,-0.322,
-0.154,-0.144,-0.078,-0.249,
-0.221,-0.229,-0.044,-0.39,
-0.131,-0.194,0.081,-0.225,
-0.073,-0.073,0.169,-0.253,
-0.023,-0.038,0.22,-0.222,
-0.119,-0.116,0.145,-0.248,
-0.165,-0.153,0.044,-0.342,
-0.207,-0.271,0.151,-0.29,
-0.114,-0.138,0.234,-0.25,
-0.084,-0.118,0.132,-0.273,
0.006,0,0.133,-0.118,
-0.211,-0.242,0.064,-0.328,
-0.079,-0.096,0.073,-0.149,
-0.033,-0.019,0.142,-0.191,
-0.164,-0.17,0.136,-0.389,
0.049,0.011,0.313,-0.138,
-0.097,-0.179,0.386,-0.255,
-0.125,-0.2,0.261,-0.25,
-0.072,-0.079,0.008,-0.135,
-0.085,-0.087,0.209,-0.214,
-0.14,-0.134,0.059,-0.249,
-0.097,-0.085,0.026,-0.319,
-0.151,-0.184,0.065,-0.25,
-0.049,-0.081,0.164,-0.192,
-0.04,0.006,0.123,-0.345,
-0.091,-0.098,0.111,-0.207,
-0.058,-0.034,0.164,-0.255,
-0.104,-0.106,0.011,-0.178,
-0.108,-0.14,0.093,-0.181,
-0.146,-0.171,0.159,-0.254,
-0.162,-0.194,0.06,-0.287,
0.015,0.023,0.307,-0.163,
0.044,0.033,0.195,-0.112,
-0.15,-0.172,0.204,-0.369,
-0.014,-0.036,0.166,-0.087,
-0.269,-0.306,0.031,-0.372,
-0.054,-0.106,0.283,-0.154,
-0.017,-0.046,0.213,-0.248,
-0.016,-0.037,0.168,-0.136,
-0.06,-0.058,0.057,-0.192,
-0.095,-0.123,0.24,-0.199,
-0.026,-0.011,0.082,-0.144,
-0.033,-0.06,0.242,-0.162,
-0.029,-0.043,0.23,-0.247,
-0.062,-0.099,0.221,-0.219,
-0.093,-0.075,0.078,-0.226,
-0.096,-0.127,0.127,-0.275,
-0.135,-0.158,0.193,-0.306,
-0.009,-0.013,0.266,-0.124,
-0.118,-0.199,0.398,-0.306,
-0.066,-0.085,0.069,-0.168,
-0.048,-0.076,0.156,-0.214,
-0.132,-0.174,0.213,-0.255,
-0.034,-0.02,0.081,-0.179,
-0.143,-0.2,0.06,-0.261,
-0.101,-0.13,0.072,-0.191,
-0.023,-0.045,0.202,-0.204,
-0.163,-0.178,0.154,-0.342,
-0.202,-0.248,0.147,-0.366,
-0.148,-0.178,0.062,-0.277,
-0.071,-0.075,0.06,-0.199,
0.006,-0.007,0.205,-0.117,
-0.023,-0.011,0.081,-0.145,
-0.074,-0.101,0.114,-0.173,
-0.159,-0.207,0.199,-0.264,
0.024,0.036,0.186,-0.169,
-0.158,-0.177,0.076,-0.297,
-0.142,-0.161,0.113,-0.286,
-0.08,-0.09,0.163,-0.39,
0.003,0.002,0.161,-0.222,
-0.016,-0.023,0.131,-0.153,
-0.08,-0.102,0.17,-0.244,
-0.085,-0.109,0.321,-0.293,
-0.111,-0.142,0.082,-0.203,
-0.098,-0.136,0.109,-0.211,
-0.12,-0.134,0.224,-0.321,
-0.022,-0.021,0.096,-0.158,
-0.183,-0.17,-0.002,-0.34,
-0.011,-0.034,0.205,-0.203,
-0.031,-0.024,0.098,-0.154,
-0.081,-0.086,0.12,-0.275,
-0.094,-0.13,0.088,-0.179,
-0.018,-0.028,0.271,-0.265,
-0.038,-0.089,0.362,-0.189,
-0.039,-0.05,0.193,-0.204,
-0.149,-0.211,0.313,-0.331,
-0.167,-0.225,0.102,-0.282,
-0.061,-0.064,0.011,-0.129,
-0.126,-0.104,0.161,-0.3,
-0.177,-0.167,0.022,-0.363,
-0.017,-0.056,0.15,-0.092,
-0.11,-0.117,0.213,-0.303,
-0.1,-0.033,0.132,-0.366,
-0.125,-0.114,0.001,-0.24,
-0.007,-0.011,0.084,-0.067,
-0.108,-0.138,0.037,-0.221,
-0.007,0.003,0.169,-0.148,
-0.137,-0.183,0.203,-0.282,
-0.077,-0.091,0.201,-0.326,
-0.073,-0.085,0.183,-0.279,
-0.023,-0.041,0.12,-0.113,
-0.172,-0.256,0.19,-0.289,
-0.036,-0.04,0.103,-0.157,
-0.132,-0.185,0.239,-0.225,
0.006,-0.032,0.295,-0.169,
-0.146,-0.17,0.152,-0.315,
-0.027,-0.043,0.335,-0.232,
-0.047,-0.05,0.154,-0.227,
-0.063,-0.098,0.221,-0.228,
-0.12,-0.151,0.152,-0.301,
-0.151,-0.162,0.179,-0.305,
-0.087,-0.068,-0.01,-0.183,
-0.072,-0.061,0.037,-0.22,
0.023,-0.001,0.223,-0.076,
-0.083,-0.109,0.139,-0.207,
-0.091,-0.082,0.132,-0.212,
-0.101,-0.101,0.02,-0.227,
-0.113,-0.111,0.161,-0.311,
-0.097,-0.105,0.163,-0.24,
-0.073,-0.103,0.227,-0.251,
0.014,0.013,0.156,-0.133,
-0.056,-0.079,0.187,-0.143,
-0.09,-0.105,0.108,-0.186,
0.021,0.042,0.097,-0.117,
-0.149,-0.129,-0.066,-0.316,
-0.071,-0.109,0.154,-0.201,
-0.021,-0,0.067,-0.128,
-0.104,-0.114,0.182,-0.23,
-0.056,-0.074,0.221,-0.181,
-0.097,-0.083,0.098,-0.232,
-0.007,0.001,0.098,-0.115,
-0.105,-0.097,0.033,-0.228,
-0.132,-0.145,0.033,-0.228,
-0.088,-0.11,0.08,-0.173,
-0.102,-0.122,0.148,-0.18,
-0.082,-0.103,0.184,-0.173,
0.004,-0.005,0.134,-0.106,
-0.065,-0.066,0.056,-0.172,
-0.142,-0.174,0.183,-0.283,
-0.064,-0.108,0.179,-0.201,
-0.069,-0.021,0.141,-0.293,
-0.034,-0.029,0.016,-0.081,
-0.211,-0.249,0.066,-0.326,
-0.091,-0.14,0.138,-0.207,
-0.052,-0.071,0.294,-0.175,
0.008,0.015,0.103,-0.098,
-0.114,-0.134,0.16,-0.295,
-0.146,-0.207,0.177,-0.335,
0.023,0.03,0.13,-0.085,
-0.027,-0.011,0.08,-0.136,
-0.01,-0.008,0.139,-0.102,
-0.082,-0.13,0.265,-0.267,
-0.174,-0.2,0.032,-0.254,
-0.039,-0.032,0.122,-0.344,
-0.086,-0.096,0.043,-0.149,
-0.078,-0.075,0.027,-0.25,
-0.036,-0.115,0.335,-0.192,
-0.168,-0.198,0.135,-0.287,
-0.063,-0.105,0.25,-0.263,
-0.087,-0.139,0.211,-0.205,
-0.191,-0.224,0.122,-0.358,
-0.124,-0.15,0.168,-0.214,
-0.074,-0.096,0.11,-0.208,
-0.081,-0.1,0.102,-0.231,
-0.02,0.005,0.105,-0.16,
-0.037,-0.015,0.011,-0.182,
-0.014,-0.046,0.204,-0.152,
-0.102,-0.143,0.227,-0.235,
0.014,-0.005,0.186,-0.112,
-0.044,-0.074,0.117,-0.117,
-0.128,-0.113,-0.004,-0.282,
-0.04,-0.052,0.094,-0.109,
-0.088,-0.158,0.281,-0.358,
-0.077,-0.099,0.103,-0.189,
-0.025,-0.062,0.129,-0.199,
-0.084,-0.122,0.181,-0.282,
-0.082,-0.084,0.079,-0.215,
-0.133,-0.162,0.062,-0.248,
-0.057,-0.095,0.269,-0.308,
-0.13,-0.155,0.037,-0.232,
-0.113,-0.142,0.117,-0.243,
-0.1,-0.083,0.001,-0.225,
-0.052,-0.054,0.068,-0.137,
-0.039,-0.041,0.095,-0.097,
-0.072,-0.105,0.188,-0.156,
-0.066,-0.055,0.157,-0.302,
-0.142,-0.167,0.159,-0.266,
0.002,0,0.13,-0.068,
-0.051,-0.083,0.249,-0.176,
-0.022,-0.021,0.134,-0.192,
-0.082,-0.102,0.127,-0.18,
-0.136,-0.178,0.092,-0.279,
-0.151,-0.195,0.131,-0.291,
-0.05,-0.071,0.119,-0.17,
-0.084,-0.134,0.13,-0.17,
-0.036,-0.05,0.096,-0.166,
-0.047,-0.046,0.01,-0.162,
-0.105,-0.147,0.083,-0.197,
-0.091,-0.13,0.179,-0.204,
-0.062,-0.086,0.132,-0.24,
-0.109,-0.149,0.062,-0.252,
-0.015,-0.035,0.234,-0.201,
-0.035,-0.042,0.155,-0.147,
-0.161,-0.153,-0.006,-0.33,
-0.048,-0.048,0.046,-0.12,
-0.045,-0.006,0.089,-0.208,
-0.006,-0.007,0.181,-0.169,
-0.106,-0.154,0.195,-0.25,
-0.123,-0.139,0.079,-0.235,
-0.08,-0.085,0.116,-0.249,
-0.115,-0.107,0.227,-0.422,
-0.003,0,0.089,-0.123,
-0.073,-0.096,0.181,-0.203,
-0.089,-0.075,0.12,-0.268,
0.006,0.015,0.198,-0.201,
-0.143,-0.139,0.087,-0.288,
-0.15,-0.169,0.034,-0.37,
-0.086,-0.104,0.256,-0.265,
-0.039,-0.033,0.011,-0.103,
0.001,-0.033,0.257,-0.144,
-0.036,-0.038,0.15,-0.2,
-0.046,-0.048,0.08,-0.146,
-0.065,-0.056,0.024,-0.152,
-0.142,-0.159,0.021,-0.22,
-0.059,-0.068,0.105,-0.173,
-0.133,-0.188,0.066,-0.223,
-0.005,-0.013,0.128,-0.138,
-0.063,-0.128,0.326,-0.223,
-0.036,-0.032,0.112,-0.189,
-0.056,-0.058,0.173,-0.276,
-0.018,-0.017,0.135,-0.162,
-0.1,-0.14,0.149,-0.193,
-0.12,-0.115,0.122,-0.247,
-0.057,-0.073,0.111,-0.158,
-0.084,-0.124,0.143,-0.235,
-0.003,0.076,0.157,-0.284,
-0.094,-0.075,0.095,-0.322,
-0.083,-0.126,0.187,-0.17,
-0.067,-0.107,0.165,-0.186,
-0.076,-0.087,0.091,-0.193,
-0.165,-0.21,0.185,-0.353,
-0.021,-0.03,0.146,-0.14,
-0.024,-0.024,0.146,-0.166,
0.032,0.01,0.245,-0.143,
-0.086,-0.081,0.169,-0.235,
-0.064,-0.051,0.059,-0.149,
-0.028,-0.018,0.159,-0.205,
-0.075,-0.089,0.073,-0.206,
-0.054,-0.071,0.243,-0.146,
-0.061,-0.069,0.04,-0.143,
-0.019,-0.022,0.111,-0.224,
-0.03,-0.071,0.237,-0.11,
-0.025,0,0.137,-0.171,
-0.096,-0.11,0.311,-0.323,
-0.057,-0.104,0.282,-0.198,
-0.138,-0.229,0.1,-0.28,
-0.03,-0.035,0.147,-0.201,
-0.073,-0.05,0.013,-0.187,
-0.077,-0.062,0.066,-0.212,
-0.035,-0.045,0.149,-0.197,
-0.204,-0.23,0.059,-0.361,
-0.109,-0.158,0.104,-0.234,
-0.195,-0.208,0.023,-0.296,
-0.084,-0.116,0.11,-0.218,
-0.126,-0.16,0.077,-0.246,
-0.152,-0.202,0.162,-0.237,
-0.057,-0.064,0.259,-0.244,
-0.186,-0.182,0.04,-0.321,
-0.014,0.013,0.112,-0.239,
-0.109,-0.118,0.199,-0.249,
-0.196,-0.208,0.07,-0.32,
-0.187,-0.24,0.077,-0.343,
-0.041,-0.058,0.155,-0.178,
0.042,-0.002,0.245,-0.141,
-0.036,-0.044,0.201,-0.26,
-0.066,-0.054,0.019,-0.253,
-0.024,-0.028,0.169,-0.17,
-0.053,-0.101,0.175,-0.152,
-0.069,-0.09,0.235,-0.233,
-0.063,-0.077,0.05,-0.137,
-0.149,-0.157,0.125,-0.282,
-0.029,-0.022,0.051,-0.116,
-0.029,-0.029,0.01,-0.096,
-0.073,-0.063,0.047,-0.195,
-0.054,-0.08,0.19,-0.247,
-0.006,-0.009,0.182,-0.157,
-0.08,-0.075,0.013,-0.212,
-0.002,0.109,0.163,-0.304,
-0.084,-0.133,0.124,-0.17,
-0.006,0.01,0.129,-0.205,
-0.079,-0.1,0.196,-0.344,
-0.039,-0.04,0.133,-0.175,
-0.043,-0.054,0.144,-0.221,
-0.109,-0.112,0.121,-0.301,
-0.067,-0.083,0.141,-0.137,
-0.147,-0.173,-0.018,-0.22,
-0.051,-0.144,0.228,-0.261,
-0.061,-0.033,0.076,-0.266,
-0.036,-0.034,0.066,-0.133,
-0.119,-0.142,0.143,-0.262,
-0.101,-0.058,0.176,-0.313,
-0.066,-0.114,0.191,-0.172,
-0.07,-0.097,0.194,-0.293,
-0.078,-0.095,0.168,-0.222,
-0.051,-0.046,0.062,-0.145,
-0.12,-0.15,0.008,-0.227,
-0.044,-0.015,0.069,-0.215,
-0.096,-0.115,0.056,-0.213,
-0.143,-0.137,-0.013,-0.34,
-0.018,-0.084,0.24,-0.209,
-0.081,-0.076,0.117,-0.209,
0.01,-0.004,0.124,-0.045,
-0.082,-0.129,0.203,-0.171,
-0.154,-0.162,0.101,-0.397,
-0.085,-0.052,0.062,-0.237,
-0.046,-0.05,0.217,-0.24,
-0.084,-0.106,0.118,-0.194,
-0.09,-0.138,0.158,-0.2,
-0.041,-0.029,0.101,-0.193,
-0.045,-0.056,0.177,-0.273,
-0.135,-0.185,0.193,-0.336,
-0.136,-0.119,0.189,-0.273,
-0.001,-0.009,0.196,-0.132,
-0.092,-0.088,0.018,-0.155,
-0.159,-0.208,0.102,-0.297,
-0.067,-0.113,0.235,-0.225,
-0.138,-0.174,0.15,-0.33,
-0.12,-0.131,0.078,-0.225,
-0.033,-0.011,0.101,-0.184,
-0.064,-0.068,0.111,-0.184,
-0.05,-0.091,0.194,-0.221,
-0.053,-0.087,0.102,-0.208,
-0.09,-0.103,0.033,-0.198,
-0.017,-0.017,0.245,-0.171,
-0.07,-0.064,0.058,-0.256,
-0.172,-0.229,0.194,-0.264,
-0.165,-0.168,0,-0.28,
0.06,0.088,0.247,-0.181,
-0.186,-0.244,0.143,-0.353,
-0.08,-0.138,0.238,-0.294,
-0.021,0.001,0.056,-0.209,
-0.068,-0.09,0.177,-0.301,
-0.117,-0.159,0.119,-0.212,
-0.097,-0.102,0.022,-0.152,
-0.067,-0.128,0.194,-0.177,
-0.02,-0.019,0.035,-0.098,
0.001,0,0.141,-0.105,
-0.003,-0.011,0.169,-0.133,
-0.099,-0.104,0.147,-0.251,
-0.04,-0.073,0.169,-0.116,
0.019,0.006,0.211,-0.146,
-0.026,-0.025,0.122,-0.156,
-0.082,-0.109,0.135,-0.219,
-0.096,-0.09,0.035,-0.246,
-0.096,-0.151,0.136,-0.214,
0.011,0.01,0.145,-0.099,
-0.058,-0.043,0.055,-0.271,
0.04,0.018,0.256,-0.184,
-0.034,-0.042,0.109,-0.147,
-0.048,-0.052,0.227,-0.165,
-0.02,-0.009,0.104,-0.199,
-0.078,-0.126,0.137,-0.302,
-0.039,-0.064,0.128,-0.172,
-0.05,-0.058,0.147,-0.201,
-0.056,-0.071,0.157,-0.179,
-0.088,-0.081,0.125,-0.251,
-0.022,-0.034,0.108,-0.224,
-0.023,-0.04,0.172,-0.17,
-0.076,-0.114,0.192,-0.19,
-0.074,-0.073,0.08,-0.185,
0.046,0.065,0.205,-0.195,
-0.085,-0.089,0.122,-0.239,
-0.22,-0.293,0.133,-0.402,
-0.012,-0.018,0.305,-0.343,
0.024,0.007,0.216,-0.123,
-0.051,-0.033,0.133,-0.336,
-0.12,-0.134,0.019,-0.184,
-0.106,-0.145,0.079,-0.175,
0.033,0.052,0.198,-0.162,
-0.117,-0.146,0.064,-0.222,
-0.046,-0.042,0.339,-0.249,
-0.03,-0.037,0.132,-0.162,
-0.066,-0.098,0.094,-0.198,
-0.093,-0.136,0.043,-0.176,
-0.018,-0.004,0.066,-0.19,
-0.115,-0.105,0.11,-0.299,
-0.048,-0.047,0.114,-0.18,
-0.159,-0.191,-0.062,-0.22,
-0.083,-0.088,0.272,-0.257,
-0.148,-0.174,0.096,-0.267,
-0.037,-0.061,0.124,-0.104,
-0.122,-0.127,0.068,-0.249,
-0.088,-0.138,0.099,-0.146,
-0.098,-0.16,0.329,-0.234,
-0.023,-0.046,0.182,-0.095,
-0.036,-0.007,0.135,-0.244,
-0.041,-0.044,0.208,-0.185,
-0.061,-0.078,0.14,-0.137,
-0.074,-0.099,0.148,-0.256,
-0.004,-0.032,0.214,-0.137,
-0.101,-0.09,0.057,-0.291,
-0.054,-0.068,0.096,-0.123,
-0.098,-0.12,0.149,-0.195,
-0.022,-0.024,0.131,-0.183,
-0.105,-0.131,0.106,-0.196,
-0.136,-0.167,0.122,-0.263,
-0.056,-0.068,0.148,-0.245,
-0.061,-0.089,0.133,-0.18,
-0.08,-0.074,0.047,-0.191,
-0.093,-0.135,0.108,-0.217,
-0.047,-0.076,0.187,-0.148,
-0.08,-0.089,0.258,-0.351,
0.008,-0.019,0.185,-0.107,
-0.158,-0.212,0.105,-0.373,
0.006,0.005,0.231,-0.227,
-0.052,-0.049,0.13,-0.27,
-0.037,-0.081,0.316,-0.191,
-0.118,-0.133,0.111,-0.313,
0.008,0.023,0.131,-0.189,
-0.039,-0.028,0.062,-0.215,
-0.214,-0.217,0.048,-0.394,
-0.078,-0.086,0.12,-0.168,
-0.06,-0.035,0.082,-0.212,
-0.045,-0.027,0.095,-0.161,
-0.142,-0.176,0.132,-0.241,
-0.054,-0.104,0.209,-0.172,
-0.054,-0.087,0.287,-0.311,
-0.134,-0.155,0.114,-0.32,
-0.096,-0.068,0.088,-0.251,
-0.062,-0.102,0.171,-0.199,
-0.039,0.008,0.128,-0.286,
-0.064,-0.073,0.105,-0.232,
-0.017,-0.005,0.111,-0.183,
0.023,0.011,0.207,-0.142,
-0.093,-0.116,0.178,-0.256,
-0.023,-0.044,0.247,-0.169,
-0.067,-0.051,0.079,-0.211,
-0.111,-0.131,0.035,-0.204,
0.014,0.011,0.06,-0.042,
-0.036,-0.056,0.205,-0.272,
-0.042,-0.105,0.241,-0.231,
-0.152,-0.174,0.015,-0.235,
-0.094,-0.11,0.163,-0.184,
0.007,0.018,0.107,-0.114,
-0.117,-0.083,-0.012,-0.285,
-0.069,-0.048,0.041,-0.211,
-0.062,-0.076,0.126,-0.145,
-0.098,-0.083,0.032,-0.304,
-0.019,-0.038,0.194,-0.223,
-0.086,-0.096,0.065,-0.237,
-0.047,-0.044,0.076,-0.104,
-0.017,-0.013,0.114,-0.125,
0.041,0.004,0.303,-0.19,
0.019,0.003,0.228,-0.153,
-0.082,-0.079,0.075,-0.314,
-0.092,-0.096,-0.005,-0.195,
-0.119,-0.111,0.187,-0.378,
-0.064,-0.116,0.236,-0.177,
0.029,0.032,0.185,-0.115,
-0.103,-0.176,0.405,-0.244,
-0.03,0.002,0.124,-0.263,
-0.145,-0.157,0.072,-0.276,
-0.147,-0.107,-0.018,-0.294,
-0.077,-0.093,0.121,-0.213,
-0.088,-0.106,0.085,-0.221,
-0.035,-0.038,0.153,-0.141,
-0.112,-0.133,0.228,-0.316,
-0.074,-0.061,0.183,-0.275,
-0.062,-0.081,0.195,-0.157,
-0.079,-0.091,0.152,-0.237,
-0.138,-0.152,0.262,-0.326,
-0.003,-0.032,0.213,-0.115,
-0.186,-0.213,0.134,-0.325,
-0.021,-0.011,0.059,-0.136,
0.059,0.05,0.168,-0.036,
-0.11,-0.106,0.151,-0.293,
-0.083,-0.109,0.181,-0.216,
-0.025,0.004,0.103,-0.265,
-0.082,-0.068,0.142,-0.293,
-0.154,-0.145,0.046,-0.359,
-0.05,-0.016,0.137,-0.255,
-0.123,-0.146,0.085,-0.246,
-0.04,-0.044,0.133,-0.19,
-0.02,-0.024,0.186,-0.267,
-0.057,-0.048,0.003,-0.124,
-0.132,-0.115,0.144,-0.325,
-0.094,-0.112,0.194,-0.303,
-0.148,-0.174,0.09,-0.309,
-0.053,-0.059,0.159,-0.186,
-0.073,-0.03,0.312,-0.361,
0.002,-0.002,0.139,-0.106,
-0.068,-0.095,0.101,-0.236,
0.04,0.061,0.238,-0.13,
-0.206,-0.199,0.197,-0.414,
-0.101,-0.103,0.075,-0.213,
-0.097,-0.136,0.156,-0.24,
-0.119,-0.13,0.039,-0.214,
-0.038,-0.032,0.114,-0.211,
-0.102,-0.123,0.202,-0.22,
-0.055,-0.082,0.226,-0.21,
-0.078,-0.128,0.286,-0.238,
-0.206,-0.227,-0.029,-0.319,
-0.105,-0.113,0.007,-0.174,
-0.093,-0.1,0.191,-0.262,
-0.141,-0.137,0.045,-0.246,
-0.015,-0.015,0.133,-0.23,
-0.053,-0.037,0.059,-0.164,
-0.127,-0.177,0.074,-0.232,
-0.051,-0.045,0.109,-0.205,
-0.139,-0.134,0.013,-0.284,
-0.038,-0.075,0.179,-0.146,
-0.059,-0.057,0.177,-0.259,
-0.116,-0.114,0.114,-0.32,
-0.106,-0.159,0.213,-0.214,
0.005,0.009,0.085,-0.153,
-0.104,-0.084,0.068,-0.227,
-0.093,-0.098,0.033,-0.143,
-0.121,-0.201,0.211,-0.256,
-0.085,-0.12,0.087,-0.19,
-0.055,-0.058,0.056,-0.169,
-0.162,-0.197,0.032,-0.293,
-0.058,-0.065,0.054,-0.151,
-0.017,-0.032,0.19,-0.175,
-0.125,-0.138,0.153,-0.316,
-0.071,-0.095,0.26,-0.236,
-0.144,-0.135,0.135,-0.324,
-0.123,-0.139,0.058,-0.245,
-0.045,-0.005,0.156,-0.262,
-0.061,-0.082,0.041,-0.116,
-0.084,-0.081,0.012,-0.158,
-0.05,-0.065,0.108,-0.151,
-0.018,-0.081,0.214,-0.174,
-0.141,-0.194,0.185,-0.255,
-0.015,-0.042,0.185,-0.102,
-0.116,-0.106,0.07,-0.219,
-0.026,-0.04,0.07,-0.09,
-0.049,-0.054,0.159,-0.158,
-0.051,-0.1,0.186,-0.211,
-0.055,-0.067,0.045,-0.166,
-0.118,-0.119,-0.005,-0.317,
-0.072,-0.109,0.298,-0.322,
-0.209,-0.265,0.037,-0.343,
0.028,-0.056,0.285,-0.174,
-0.025,-0.018,0.13,-0.18,
-0.069,-0.084,0.124,-0.214,
-0.103,-0.121,0.235,-0.272,
-0.013,-0.009,0.211,-0.129,
-0.158,-0.195,0.067,-0.243,
-0.011,-0.004,0.241,-0.177,
-0.034,-0.033,0.166,-0.241,
-0.03,-0.047,0.104,-0.106,
-0.077,-0.046,0.003,-0.268,
-0.058,-0.038,-0.01,-0.132,
-0.081,-0.087,0.087,-0.212,
-0.089,-0.106,0.123,-0.173,
-0.065,-0.073,0.072,-0.176,
-0.124,-0.151,0.185,-0.271,
-0.128,-0.152,0.093,-0.195,
-0.106,-0.114,0.05,-0.258,
-0.087,-0.124,0.217,-0.362,
-0,-0.029,0.351,-0.154,
-0.031,-0.019,0.178,-0.219,
0.048,0.011,0.299,-0.165,
-0.067,-0.06,0.143,-0.203,
-0.171,-0.18,0.072,-0.317,
-0.096,-0.087,0.074,-0.223,
0.016,-0.018,0.223,-0.109,
-0.046,-0.051,0.151,-0.217,
-0.055,-0.064,0.117,-0.23,
-0.046,-0.022,0.16,-0.249,
-0.008,-0.051,0.166,-0.119,
-0.043,-0.06,0.159,-0.153,
-0.055,-0.075,0.11,-0.172,
-0.014,-0.024,0.13,-0.159,
-0.061,-0.103,0.102,-0.182,
-0.07,-0.065,0.166,-0.21,
-0.053,-0.032,0.123,-0.225,
-0.036,-0.043,0.11,-0.133,
-0.05,-0.064,0.301,-0.186,
-0.062,-0.054,0.115,-0.197,
-0.114,-0.118,0.046,-0.242,
-0.007,-0.027,0.139,-0.082,
-0.07,-0.147,0.318,-0.179,
-0.115,-0.166,0.188,-0.234,
-0.089,-0.115,0.142,-0.194,
-0.054,-0.057,0.088,-0.202,
-0.066,-0.08,0.056,-0.185,
-0.149,-0.196,0.198,-0.363,
-0.078,-0.111,0.096,-0.128,
-0.125,-0.165,0.314,-0.318,
-0.057,-0.071,0.099,-0.198,
-0.025,-0.061,0.16,-0.11,
-0.139,-0.17,0.02,-0.239,
-0.041,-0.043,0.129,-0.183,
-0.052,-0.079,0.195,-0.222,
-0.081,-0.122,0.222,-0.23,
-0.115,-0.158,0.133,-0.202,
0.008,-0.013,0.256,-0.257,
-0.096,-0.113,0.008,-0.174,
-0.039,-0.041,0.089,-0.183,
-0.052,-0.053,0.074,-0.173,
-0.114,-0.159,0.13,-0.257,
-0.053,-0.049,0.26,-0.369,
0.044,0.055,0.246,-0.175,
-0.27,-0.329,0.165,-0.394,
-0.163,-0.152,-0.015,-0.339,
-0.129,-0.143,0.033,-0.233,
-0.044,-0.056,0.191,-0.196,
-0.034,-0.077,0.218,-0.124,
-0.186,-0.197,0.135,-0.356,
-0.102,-0.136,0.004,-0.219,
-0.075,-0.082,0.235,-0.433,
-0.223,-0.228,0.053,-0.341,
-0.053,-0.058,0.075,-0.17,
0.053,0.045,0.221,-0.101,
0.003,0.027,0.21,-0.226,
0.065,0.088,0.253,-0.149,
-0.095,-0.112,0.1,-0.268,
-0.066,-0.071,0.116,-0.183,
-0.11,-0.123,0.057,-0.191,
-0.044,-0.047,0.144,-0.2,
-0.1,-0.098,0.288,-0.28,
-0.072,-0.082,0.103,-0.257,
-0.097,-0.117,0.049,-0.19,
-0.132,-0.165,0.064,-0.324,
-0.124,-0.129,0.06,-0.312,
-0.06,-0.058,0.119,-0.242,
-0.084,-0.086,0.122,-0.241,
-0.096,-0.104,0.09,-0.262,
-0.115,-0.129,0.158,-0.245,
-0.116,-0.155,0.082,-0.207,
-0.145,-0.182,0.363,-0.345,
-0.065,-0.043,0.038,-0.209,
-0.188,-0.177,-0.009,-0.306,
-0.031,-0.028,0.134,-0.134,
-0.142,-0.253,0.362,-0.284,
-0.101,-0.114,-0.035,-0.143,
-0.04,-0.061,0.094,-0.084,
-0.065,-0.102,0.352,-0.193,
-0.116,-0.167,0.267,-0.235,
-0.03,-0.06,0.163,-0.145,
-0.072,-0.105,0.137,-0.222,
-0.033,-0.068,0.136,-0.115,
-0.086,-0.079,0.136,-0.253,
-0.053,-0.097,0.24,-0.191,
-0.139,-0.158,0.2,-0.321,
-0.165,-0.235,0.246,-0.26,
-0.124,-0.17,0.071,-0.216,
-0.166,-0.125,0.165,-0.45,
-0.084,-0.053,0.109,-0.279,
-0.125,-0.085,0.052,-0.303,
-0.021,0.005,0.224,-0.233,
-0.012,-0.041,0.182,-0.144,
-0.01,0.044,0.163,-0.238,
-0.016,-0.07,0.283,-0.246,
-0.064,-0.134,0.325,-0.211,
-0.135,-0.146,0.175,-0.333,
-0.114,-0.131,0.119,-0.255,




Further Data analysis of all test cases 
avg med max min 
AVGs,-0.337,-0.336,-0.204,-0.456,
MEDs,-0.366,-0.365,-0.16,-0.526,
MAXs,-0.054,-0.054,0.06,-0.178,
MINs,-0.44,-0.441,-0.287,-0.605,


AVGs,-0.08,-0.078,0.065,-0.27,
MEDs,-0.096,-0.093,0.127,-0.329,
MAXs,0.139,0.134,0.405,-0.078,
MINs,-0.223,-0.22,-0.008,-0.45,



