

Data analysis for each instance 
AVG,MED,MAX,MIN
-0.232,-0.256,-0.032,-0.273,
-0.206,-0.217,-0.055,-0.274,
-0.216,-0.216,-0.044,-0.311,
-0.283,-0.308,-0.056,-0.37,
-0.227,-0.237,-0.053,-0.34,
-0.244,-0.258,-0.045,-0.296,
-0.235,-0.251,-0.041,-0.302,
-0.232,-0.251,-0.051,-0.286,
-0.239,-0.237,-0.061,-0.378,
-0.241,-0.251,-0.058,-0.308,
-0.217,-0.215,-0.059,-0.297,
-0.241,-0.265,-0.052,-0.307,
-0.245,-0.268,-0.054,-0.307,
-0.224,-0.225,-0.04,-0.309,
-0.21,-0.235,-0.052,-0.246,
-0.235,-0.251,-0.043,-0.303,
-0.266,-0.286,-0.055,-0.32,
-0.248,-0.245,-0.038,-0.381,
-0.223,-0.217,-0.059,-0.34,
-0.234,-0.242,-0.034,-0.321,
-0.194,-0.21,-0.051,-0.227,
-0.231,-0.254,-0.048,-0.285,
-0.267,-0.284,-0.053,-0.333,
-0.224,-0.238,-0.05,-0.313,
-0.21,-0.223,-0.053,-0.258,
-0.236,-0.253,-0.038,-0.328,
-0.175,-0.175,-0.061,-0.242,
-0.239,-0.234,-0.067,-0.333,
-0.219,-0.243,-0.044,-0.271,
-0.259,-0.277,-0.049,-0.324,
-0.212,-0.213,-0.053,-0.282,
-0.239,-0.255,-0.07,-0.287,
-0.22,-0.246,-0.065,-0.254,
-0.211,-0.229,-0.042,-0.251,
-0.225,-0.241,-0.047,-0.277,
-0.228,-0.24,-0.06,-0.313,
-0.267,-0.273,-0.07,-0.357,
-0.174,-0.182,-0.06,-0.211,
-0.236,-0.259,-0.047,-0.285,
-0.221,-0.239,-0.062,-0.251,
-0.18,-0.201,-0.061,-0.224,
-0.197,-0.208,-0.041,-0.282,
-0.223,-0.235,-0.049,-0.294,
-0.24,-0.244,-0.061,-0.312,
-0.232,-0.253,-0.042,-0.293,
-0.229,-0.251,-0.045,-0.296,
-0.254,-0.279,-0.062,-0.328,
-0.256,-0.277,-0.065,-0.33,
-0.237,-0.258,-0.061,-0.271,
-0.28,-0.309,-0.055,-0.322,
-0.228,-0.253,-0.05,-0.295,
-0.268,-0.305,-0.045,-0.346,
-0.214,-0.224,-0.052,-0.296,
-0.231,-0.237,-0.072,-0.312,
-0.197,-0.204,-0.061,-0.247,
-0.266,-0.284,-0.057,-0.356,
-0.246,-0.266,-0.03,-0.314,
-0.202,-0.217,-0.05,-0.243,
-0.144,-0.16,-0.015,-0.205,
-0.212,-0.234,-0.059,-0.284,
-0.258,-0.282,-0.07,-0.322,
-0.217,-0.244,-0.066,-0.278,
-0.212,-0.234,-0.057,-0.263,
-0.238,-0.262,-0.049,-0.285,
-0.257,-0.286,-0.059,-0.306,
-0.223,-0.21,-0.068,-0.377,
-0.244,-0.285,-0.047,-0.299,
-0.249,-0.275,-0.043,-0.322,
-0.235,-0.248,-0.049,-0.283,
-0.237,-0.259,-0.065,-0.293,
-0.221,-0.231,-0.057,-0.27,
-0.235,-0.267,-0.065,-0.309,
-0.207,-0.222,-0.058,-0.278,
-0.172,-0.178,-0.054,-0.268,
-0.185,-0.198,-0.044,-0.222,
-0.251,-0.271,-0.056,-0.311,
-0.231,-0.255,-0.038,-0.29,
-0.28,-0.309,-0.047,-0.354,
-0.283,-0.314,-0.063,-0.347,
-0.214,-0.234,-0.031,-0.305,
-0.17,-0.167,-0.037,-0.27,
-0.213,-0.238,-0.057,-0.276,
-0.234,-0.253,-0.045,-0.278,
-0.23,-0.241,-0.046,-0.308,
-0.242,-0.271,0.006,-0.323,
-0.25,-0.266,-0.058,-0.299,
-0.209,-0.198,-0.049,-0.31,
-0.231,-0.249,-0.065,-0.283,
-0.164,-0.174,-0.036,-0.253,
-0.215,-0.229,-0.012,-0.299,
-0.242,-0.26,-0.049,-0.328,
-0.274,-0.295,-0.066,-0.348,
-0.283,-0.293,-0.067,-0.373,
-0.202,-0.217,-0.031,-0.283,
-0.224,-0.224,-0.021,-0.287,
-0.229,-0.253,-0.047,-0.283,
-0.221,-0.229,-0.054,-0.308,
-0.246,-0.266,-0.054,-0.34,
-0.195,-0.214,-0.059,-0.24,
-0.257,-0.282,-0.05,-0.315,
-0.273,-0.304,-0.061,-0.318,
-0.265,-0.286,-0.045,-0.323,
-0.238,-0.259,-0.026,-0.285,
-0.238,-0.269,-0.075,-0.301,
-0.221,-0.238,-0.042,-0.276,
-0.223,-0.241,-0.059,-0.291,
-0.22,-0.237,-0.048,-0.284,
-0.222,-0.237,-0.057,-0.297,
-0.231,-0.22,-0.054,-0.368,
-0.219,-0.243,-0.059,-0.282,
-0.189,-0.192,-0.063,-0.265,
-0.216,-0.236,-0.048,-0.269,
-0.287,-0.324,-0.068,-0.388,
-0.237,-0.233,-0.041,-0.342,
-0.244,-0.266,-0.045,-0.293,
-0.252,-0.272,-0.063,-0.304,
-0.235,-0.243,-0.051,-0.288,
-0.264,-0.281,-0.06,-0.349,
-0.209,-0.227,-0.057,-0.281,
-0.196,-0.21,-0.057,-0.243,
-0.241,-0.268,-0.039,-0.278,
-0.217,-0.224,-0.048,-0.326,
-0.227,-0.234,-0.042,-0.306,
-0.21,-0.226,-0.04,-0.259,
-0.233,-0.246,-0.057,-0.34,
-0.217,-0.24,-0.069,-0.27,
-0.208,-0.223,-0.064,-0.297,
-0.232,-0.249,-0.045,-0.284,
-0.256,-0.263,-0.066,-0.345,
-0.254,-0.286,-0.057,-0.343,
-0.203,-0.221,-0.061,-0.265,
-0.24,-0.254,-0.045,-0.318,
-0.215,-0.214,-0.06,-0.299,
-0.266,-0.285,-0.057,-0.341,
-0.229,-0.256,-0.05,-0.275,
-0.251,-0.261,-0.049,-0.334,
-0.156,-0.172,-0.044,-0.209,
-0.208,-0.209,-0.06,-0.257,
-0.221,-0.228,-0.053,-0.311,
-0.229,-0.237,-0.056,-0.314,
-0.229,-0.248,-0.059,-0.291,
-0.12,-0.097,-0.055,-0.299,
-0.196,-0.209,-0.031,-0.279,
-0.249,-0.281,-0.036,-0.306,
-0.172,-0.179,-0.081,-0.213,
-0.221,-0.231,-0.047,-0.295,
-0.236,-0.244,-0.061,-0.298,
-0.273,-0.295,-0.061,-0.325,
-0.274,-0.29,-0.047,-0.359,
-0.232,-0.241,-0.059,-0.303,
-0.241,-0.269,-0.057,-0.323,
-0.215,-0.225,-0.051,-0.292,
-0.216,-0.234,-0.067,-0.281,
-0.144,-0.166,-0.039,-0.209,
-0.208,-0.221,-0.057,-0.278,
-0.235,-0.243,-0.047,-0.307,
-0.228,-0.239,-0.054,-0.328,
-0.249,-0.257,-0.055,-0.342,
-0.221,-0.245,-0.025,-0.292,
-0.263,-0.282,-0.052,-0.352,
-0.272,-0.309,-0.043,-0.349,
-0.225,-0.242,-0.042,-0.264,
-0.268,-0.293,-0.046,-0.344,
-0.249,-0.254,-0.049,-0.34,
-0.217,-0.237,-0.057,-0.255,
-0.225,-0.24,-0.047,-0.316,
-0.209,-0.228,-0.042,-0.238,
-0.239,-0.253,-0.054,-0.296,
-0.205,-0.221,-0.041,-0.262,
-0.211,-0.225,-0.071,-0.246,
-0.211,-0.219,-0.059,-0.271,
-0.238,-0.246,-0.049,-0.4,
-0.224,-0.227,-0.049,-0.346,
-0.193,-0.199,-0.048,-0.283,
-0.182,-0.185,-0.054,-0.288,
-0.185,-0.199,-0.034,-0.216,
-0.237,-0.267,-0.047,-0.311,
-0.226,-0.241,-0.051,-0.284,
-0.198,-0.209,-0.06,-0.243,
-0.235,-0.256,-0.069,-0.277,
-0.228,-0.252,-0.058,-0.296,
-0.226,-0.252,-0.05,-0.284,
-0.232,-0.214,-0.118,-0.311,
-0.25,-0.263,-0.072,-0.355,
-0.249,-0.267,-0.06,-0.311,
-0.205,-0.228,-0.061,-0.252,
-0.24,-0.253,-0.034,-0.318,
-0.22,-0.22,-0.062,-0.327,
-0.213,-0.237,-0.06,-0.26,
-0.231,-0.237,-0.036,-0.332,
-0.238,-0.266,-0.039,-0.289,
-0.169,-0.201,-0.04,-0.297,
-0.227,-0.235,-0.056,-0.317,
-0.173,-0.173,-0.054,-0.248,
-0.21,-0.218,-0.069,-0.27,
-0.264,-0.282,-0.051,-0.338,
-0.224,-0.243,-0.078,-0.347,
-0.224,-0.238,-0.05,-0.307,
-0.234,-0.249,-0.045,-0.298,
-0.222,-0.218,-0.047,-0.328,
-0.21,-0.211,-0.032,-0.327,
-0.206,-0.231,-0.036,-0.26,
-0.242,-0.264,-0.046,-0.312,
-0.277,-0.318,-0.027,-0.352,
-0.197,-0.192,-0.052,-0.307,
-0.205,-0.221,-0.064,-0.231,
-0.231,-0.247,-0.033,-0.311,
-0.249,-0.248,-0.042,-0.447,
-0.196,-0.207,-0.053,-0.295,
-0.243,-0.287,-0.068,-0.309,
-0.218,-0.237,-0.06,-0.26,
-0.257,-0.276,-0.047,-0.328,
-0.206,-0.214,-0.075,-0.255,
-0.242,-0.253,-0.038,-0.303,
-0.206,-0.221,-0.039,-0.249,
-0.221,-0.246,-0.043,-0.274,
-0.212,-0.231,-0.071,-0.243,
-0.26,-0.274,-0.07,-0.312,
-0.205,-0.225,-0.043,-0.245,
-0.257,-0.263,-0.07,-0.359,
-0.195,-0.209,-0.068,-0.219,
-0.194,-0.205,-0.062,-0.254,
-0.205,-0.215,-0.06,-0.264,
-0.248,-0.265,-0.06,-0.309,
-0.256,-0.27,-0.056,-0.335,
-0.265,-0.302,-0.052,-0.327,
-0.207,-0.231,-0.069,-0.255,
-0.256,-0.264,-0.068,-0.333,
-0.206,-0.216,-0.059,-0.248,
-0.24,-0.268,-0.068,-0.305,
-0.269,-0.289,-0.071,-0.316,
-0.224,-0.238,-0.056,-0.273,
-0.207,-0.215,-0.042,-0.274,
-0.269,-0.301,-0.06,-0.309,
-0.263,-0.289,-0.067,-0.339,
-0.309,-0.34,-0.057,-0.403,
-0.236,-0.266,-0.065,-0.305,
-0.225,-0.246,-0.052,-0.275,
-0.233,-0.248,-0.06,-0.303,
-0.207,-0.22,-0.054,-0.27,
-0.204,-0.224,-0.055,-0.273,
-0.25,-0.254,-0.04,-0.374,
-0.16,-0.163,-0.06,-0.214,
-0.228,-0.246,-0.051,-0.313,
-0.21,-0.229,-0.045,-0.276,
-0.293,-0.34,-0.051,-0.37,
-0.203,-0.207,-0.064,-0.265,
-0.208,-0.229,-0.059,-0.253,
-0.237,-0.257,-0.074,-0.28,
-0.195,-0.189,-0.058,-0.331,
-0.219,-0.247,-0.045,-0.258,
-0.252,-0.271,-0.048,-0.326,
-0.241,-0.248,-0.048,-0.349,
-0.238,-0.257,-0.047,-0.297,
-0.226,-0.227,-0.044,-0.34,
-0.189,-0.202,-0.049,-0.26,
-0.208,-0.242,-0.037,-0.262,
-0.237,-0.245,-0.063,-0.389,
-0.205,-0.208,-0.041,-0.314,
-0.218,-0.219,-0.056,-0.318,
-0.248,-0.271,-0.032,-0.331,
-0.2,-0.213,-0.053,-0.268,
-0.209,-0.216,-0.062,-0.273,
-0.256,-0.287,-0.044,-0.335,
-0.232,-0.247,-0.062,-0.29,
-0.214,-0.226,-0.045,-0.274,
-0.219,-0.22,-0.06,-0.297,
-0.22,-0.229,-0.043,-0.286,
-0.213,-0.236,-0.006,-0.286,
-0.234,-0.248,-0.044,-0.293,
-0.203,-0.218,-0.043,-0.26,
-0.237,-0.267,-0.065,-0.304,
-0.166,-0.178,-0.043,-0.223,
-0.223,-0.245,-0.043,-0.305,
-0.227,-0.245,-0.058,-0.272,
-0.172,-0.102,0.007,-0.388,
-0.238,-0.257,-0.057,-0.286,
-0.239,-0.254,-0.047,-0.316,
-0.206,-0.218,-0.047,-0.344,
-0.225,-0.243,-0.053,-0.317,
-0.188,-0.215,-0.032,-0.287,
-0.25,-0.273,-0.045,-0.305,
-0.228,-0.244,-0.039,-0.287,
-0.085,-0.073,-0.027,-0.198,
-0.258,-0.27,-0.066,-0.343,
-0.212,-0.226,-0.058,-0.271,
-0.221,-0.235,-0.064,-0.284,
-0.215,-0.218,-0.052,-0.326,
-0.236,-0.243,-0.046,-0.314,
-0.221,-0.211,-0.071,-0.322,
-0.233,-0.245,-0.045,-0.329,
-0.238,-0.257,-0.049,-0.299,
-0.218,-0.212,-0.068,-0.308,
-0.198,-0.202,-0.067,-0.304,
-0.259,-0.282,-0.044,-0.302,
-0.279,-0.295,-0.067,-0.373,
-0.225,-0.244,-0.051,-0.316,
-0.252,-0.283,-0.061,-0.294,
-0.223,-0.232,-0.056,-0.289,
-0.199,-0.212,-0.071,-0.242,
-0.252,-0.279,-0.036,-0.311,
-0.215,-0.234,-0.068,-0.264,
-0.207,-0.225,-0.047,-0.258,
-0.274,-0.296,-0.087,-0.382,
-0.149,-0.145,-0.068,-0.242,
-0.213,-0.213,-0.053,-0.31,
-0.269,-0.302,-0.061,-0.322,
-0.259,-0.272,-0.052,-0.327,
-0.23,-0.248,-0.035,-0.314,
-0.239,-0.252,-0.059,-0.312,
-0.291,-0.326,-0.053,-0.348,
-0.293,-0.312,-0.05,-0.371,
-0.256,-0.273,-0.037,-0.333,
-0.272,-0.299,-0.066,-0.357,
-0.236,-0.257,-0.055,-0.293,
-0.201,-0.213,-0.053,-0.264,
-0.213,-0.221,-0.041,-0.271,
-0.254,-0.27,-0.045,-0.356,
-0.231,-0.22,-0.07,-0.361,
-0.196,-0.212,-0.036,-0.291,
-0.288,-0.306,-0.055,-0.357,
-0.2,-0.22,-0.047,-0.293,
-0.215,-0.229,-0.06,-0.273,
-0.224,-0.243,-0.043,-0.28,
-0.257,-0.272,-0.031,-0.346,
-0.231,-0.251,-0.053,-0.276,
-0.206,-0.211,-0.053,-0.262,
-0.224,-0.229,-0.086,-0.288,
-0.204,-0.22,-0.044,-0.24,
-0.264,-0.291,-0.035,-0.337,
-0.268,-0.299,-0.053,-0.336,
-0.242,-0.257,-0.05,-0.302,
-0.2,-0.214,-0.063,-0.243,
-0.237,-0.261,-0.05,-0.28,
-0.226,-0.252,-0.059,-0.291,
-0.225,-0.232,-0.065,-0.297,
-0.194,-0.198,-0.031,-0.274,
-0.207,-0.229,-0.049,-0.249,
-0.237,-0.257,-0.064,-0.319,
-0.231,-0.25,-0.061,-0.284,
-0.249,-0.272,-0.054,-0.343,
-0.197,-0.198,-0.04,-0.279,
-0.215,-0.229,-0.051,-0.281,
-0.237,-0.24,-0.058,-0.34,
-0.267,-0.265,-0.079,-0.353,
-0.217,-0.222,-0.057,-0.306,
-0.191,-0.193,-0.043,-0.264,
-0.188,-0.197,-0.062,-0.234,
-0.206,-0.221,-0.035,-0.265,
-0.244,-0.26,-0.053,-0.293,
-0.259,-0.288,-0.044,-0.328,
-0.195,-0.211,-0.056,-0.257,
-0.4,-0.438,-0.048,-0.491,
-0.209,-0.209,-0.057,-0.287,
-0.231,-0.248,-0.044,-0.311,
-0.215,-0.218,-0.057,-0.287,
-0.239,-0.258,-0.052,-0.305,
-0.256,-0.273,-0.053,-0.349,
-0.245,-0.266,-0.062,-0.3,
-0.222,-0.25,-0.056,-0.287,
-0.211,-0.218,-0.047,-0.318,
-0.222,-0.236,-0.061,-0.278,
-0.247,-0.255,-0.036,-0.342,
-0.163,-0.167,0.044,-0.28,
-0.231,-0.257,-0.046,-0.274,
-0.228,-0.241,-0.06,-0.294,
-0.273,-0.288,-0.062,-0.366,
-0.214,-0.243,-0.062,-0.268,
-0.265,-0.286,-0.046,-0.337,
-0.226,-0.218,-0.067,-0.36,
-0.218,-0.227,-0.054,-0.282,
-0.236,-0.254,-0.05,-0.288,
-0.225,-0.241,-0.066,-0.284,
-0.206,-0.217,-0.076,-0.253,
-0.238,-0.265,-0.019,-0.306,
-0.214,-0.235,-0.046,-0.29,
-0.272,-0.289,-0.072,-0.353,
-0.216,-0.227,-0.067,-0.303,
-0.222,-0.237,-0.061,-0.285,
-0.231,-0.237,-0.054,-0.294,
-0.278,-0.314,-0.041,-0.317,
-0.201,-0.215,-0.048,-0.25,
-0.22,-0.239,-0.046,-0.289,
-0.225,-0.235,-0.051,-0.281,
-0.213,-0.224,-0.047,-0.275,
-0.223,-0.243,-0.048,-0.316,
-0.262,-0.284,-0.042,-0.344,
-0.219,-0.231,-0.053,-0.298,
-0.235,-0.259,-0.032,-0.3,
-0.268,-0.251,-0.06,-0.424,
-0.162,-0.168,-0.06,-0.228,
-0.247,-0.258,-0.054,-0.309,
-0.204,-0.211,-0.055,-0.311,
-0.249,-0.28,-0.049,-0.332,
-0.223,-0.241,-0.037,-0.291,
-0.265,-0.283,-0.056,-0.346,
-0.226,-0.233,-0.066,-0.314,
-0.224,-0.252,-0.068,-0.281,
-0.15,-0.124,-0.061,-0.279,
-0.223,-0.237,-0.045,-0.288,
-0.203,-0.216,-0.056,-0.25,
-0.223,-0.234,-0.069,-0.278,
-0.241,-0.243,-0.072,-0.316,
-0.19,-0.193,-0.07,-0.239,
-0.205,-0.206,-0.086,-0.269,
-0.236,-0.257,-0.046,-0.299,
-0.221,-0.249,-0.044,-0.271,
-0.156,-0.171,-0.073,-0.199,
-0.208,-0.214,-0.021,-0.283,
-0.182,-0.187,-0.058,-0.232,
-0.252,-0.276,-0.062,-0.305,
-0.246,-0.279,-0.065,-0.286,
-0.227,-0.241,-0.068,-0.293,
-0.194,-0.215,-0.044,-0.268,
-0.213,-0.221,-0.048,-0.31,
-0.245,-0.258,-0.047,-0.352,
-0.241,-0.265,-0.058,-0.365,
-0.227,-0.243,-0.059,-0.264,
-0.216,-0.233,-0.052,-0.268,
-0.283,-0.306,-0.03,-0.369,
-0.235,-0.234,-0.046,-0.378,
-0.188,-0.218,-0.042,-0.25,
-0.228,-0.243,-0.053,-0.296,
-0.226,-0.233,-0.042,-0.295,
-0.24,-0.267,-0.033,-0.298,
-0.221,-0.237,-0.059,-0.314,
-0.203,-0.2,-0.056,-0.289,
-0.252,-0.264,-0.051,-0.338,
-0.229,-0.249,-0.035,-0.299,
-0.197,-0.209,-0.066,-0.251,
-0.222,-0.234,-0.036,-0.339,
-0.234,-0.246,-0.047,-0.286,
-0.232,-0.243,-0.056,-0.3,
-0.247,-0.273,-0.05,-0.311,
-0.279,-0.302,-0.056,-0.41,
-0.271,-0.293,-0.047,-0.36,
-0.215,-0.229,-0.068,-0.283,
-0.183,-0.191,-0.059,-0.235,
-0.154,-0.166,-0.058,-0.233,
-0.234,-0.245,-0.048,-0.343,
-0.213,-0.226,-0.064,-0.287,
-0.194,-0.21,-0.069,-0.251,
-0.218,-0.255,-0.048,-0.271,
-0.261,-0.302,-0.051,-0.361,
-0.259,-0.274,-0.055,-0.366,
-0.232,-0.257,-0.051,-0.285,
-0.193,-0.206,-0.05,-0.266,
-0.233,-0.247,-0.045,-0.308,
-0.231,-0.24,-0.053,-0.314,
-0.223,-0.237,-0.057,-0.295,
-0.229,-0.244,-0.057,-0.262,
-0.235,-0.254,-0.042,-0.308,
-0.23,-0.233,-0.065,-0.379,
-0.239,-0.262,-0.041,-0.293,
-0.239,-0.249,-0.06,-0.31,
-0.181,-0.2,-0.045,-0.214,
-0.23,-0.223,-0.062,-0.393,
-0.22,-0.233,-0.068,-0.26,
-0.246,-0.265,-0.062,-0.291,
-0.248,-0.252,-0.042,-0.337,
-0.201,-0.211,-0.049,-0.252,
-0.231,-0.245,-0.07,-0.287,
-0.308,-0.324,-0.053,-0.414,
-0.23,-0.254,-0.028,-0.282,
-0.243,-0.266,-0.037,-0.325,
-0.248,-0.295,-0.027,-0.315,
-0.277,-0.297,-0.039,-0.333,
-0.308,-0.327,-0.058,-0.415,
-0.228,-0.224,-0.064,-0.312,
-0.235,-0.263,-0.043,-0.331,
-0.213,-0.243,-0.033,-0.255,
-0.228,-0.242,-0.066,-0.28,
-0.247,-0.282,-0.057,-0.323,
-0.204,-0.224,-0.063,-0.269,
-0.262,-0.27,-0.043,-0.348,
-0.225,-0.252,-0.042,-0.284,
-0.232,-0.236,-0.067,-0.356,
-0.232,-0.268,-0.04,-0.306,
-0.165,-0.17,-0.059,-0.209,
-0.237,-0.256,-0.057,-0.314,
-0.26,-0.289,-0.035,-0.351,
-0.225,-0.237,-0.063,-0.303,
-0.208,-0.225,-0.048,-0.279,
-0.172,-0.179,-0.055,-0.225,
-0.225,-0.23,-0.043,-0.326,
-0.239,-0.266,-0.044,-0.298,
-0.243,-0.274,-0.052,-0.306,
-0.204,-0.214,-0.056,-0.285,
-0.235,-0.254,-0.052,-0.296,
-0.228,-0.253,-0.049,-0.3,
-0.21,-0.229,-0.037,-0.266,
-0.267,-0.277,-0.052,-0.442,
-0.219,-0.241,-0.041,-0.276,
-0.207,-0.22,-0.047,-0.285,
-0.236,-0.242,-0.052,-0.335,
-0.257,-0.273,-0.04,-0.38,
-0.229,-0.243,-0.058,-0.277,
-0.204,-0.228,-0.034,-0.27,
-0.304,-0.329,-0.058,-0.384,
-0.225,-0.238,-0.044,-0.27,
-0.226,-0.243,-0.063,-0.301,
-0.244,-0.264,-0.075,-0.3,
-0.242,-0.281,-0.044,-0.326,
-0.242,-0.264,-0.061,-0.283,
-0.229,-0.25,-0.024,-0.332,
-0.22,-0.239,-0.061,-0.281,
-0.238,-0.268,-0.042,-0.309,
-0.242,-0.257,-0.051,-0.305,
-0.236,-0.252,-0.063,-0.286,
-0.236,-0.259,-0.034,-0.283,
-0.252,-0.269,-0.06,-0.31,
-0.271,-0.305,-0.045,-0.341,
-0.296,-0.312,-0.064,-0.37,
-0.175,-0.178,-0.064,-0.258,
-0.258,-0.257,-0.061,-0.376,
-0.217,-0.226,-0.048,-0.284,
-0.221,-0.227,-0.066,-0.27,
-0.242,-0.264,-0.063,-0.316,
-0.27,-0.3,-0.057,-0.327,
-0.225,-0.245,-0.064,-0.257,
-0.248,-0.268,-0.065,-0.301,
-0.13,-0.12,-0.02,-0.23,
-0.251,-0.259,-0.037,-0.329,
-0.257,-0.278,-0.042,-0.335,
-0.257,-0.273,-0.056,-0.346,
-0.26,-0.293,-0.058,-0.321,
-0.209,-0.213,-0.071,-0.255,
-0.237,-0.253,-0.066,-0.33,
-0.235,-0.249,-0.034,-0.323,
-0.241,-0.278,-0.041,-0.292,
-0.294,-0.317,-0.06,-0.396,
-0.216,-0.235,-0.022,-0.259,
-0.241,-0.254,-0.067,-0.294,
-0.247,-0.249,-0.065,-0.311,
-0.209,-0.234,-0.054,-0.289,
-0.23,-0.246,-0.056,-0.276,
-0.283,-0.315,-0.024,-0.394,
-0.127,-0.114,-0.035,-0.2,
-0.128,-0.13,-0.058,-0.212,
-0.222,-0.224,-0.047,-0.326,
-0.187,-0.178,-0.058,-0.282,
-0.306,-0.343,-0.038,-0.413,
-0.212,-0.225,-0.05,-0.272,
-0.218,-0.238,-0.051,-0.279,
-0.227,-0.245,-0.075,-0.284,
-0.245,-0.264,-0.031,-0.359,
-0.29,-0.31,-0.055,-0.396,
-0.226,-0.234,-0.048,-0.304,
-0.22,-0.243,-0.034,-0.262,
-0.271,-0.293,-0.047,-0.384,
-0.332,-0.37,-0.059,-0.406,
-0.227,-0.24,-0.054,-0.351,
-0.275,-0.301,-0.051,-0.339,
-0.201,-0.217,-0.06,-0.263,
-0.093,-0.07,-0.016,-0.195,
-0.251,-0.26,-0.048,-0.389,
-0.216,-0.228,-0.06,-0.276,
-0.234,-0.273,-0.034,-0.324,
-0.218,-0.232,-0.03,-0.322,
-0.257,-0.252,-0.054,-0.358,
-0.25,-0.266,-0.062,-0.352,
-0.189,-0.196,-0.061,-0.244,
-0.268,-0.275,-0.065,-0.379,
-0.215,-0.217,-0.042,-0.297,
-0.263,-0.302,-0.035,-0.327,
-0.295,-0.321,-0.075,-0.382,
-0.242,-0.263,-0.057,-0.341,
-0.263,-0.3,-0.059,-0.333,
-0.18,-0.187,-0.05,-0.252,
-0.298,-0.319,-0.056,-0.383,
-0.245,-0.253,-0.061,-0.346,
-0.258,-0.259,-0.062,-0.367,
-0.163,-0.178,-0.065,-0.22,
-0.224,-0.24,-0.043,-0.292,
-0.21,-0.224,-0.074,-0.313,
-0.222,-0.225,-0.046,-0.358,
-0.236,-0.246,-0.058,-0.37,
-0.239,-0.241,-0.055,-0.329,
-0.238,-0.239,-0.03,-0.357,
-0.248,-0.28,-0.032,-0.323,
-0.246,-0.279,-0.052,-0.333,
-0.257,-0.271,-0.036,-0.37,
-0.289,-0.326,-0.058,-0.385,
-0.251,-0.222,-0.037,-0.411,
-0.296,-0.305,-0.069,-0.406,
-0.219,-0.244,-0.071,-0.267,
-0.23,-0.255,-0.038,-0.325,
-0.229,-0.241,-0.04,-0.349,
-0.147,-0.177,-0.036,-0.262,
-0.083,-0.071,-0.025,-0.179,
-0.231,-0.236,-0.052,-0.332,
-0.054,-0.011,0.037,-0.238,
-0.183,-0.167,-0.018,-0.395,
-0.294,-0.33,-0.058,-0.351,
-0.289,-0.288,-0.066,-0.413,
-0.258,-0.292,-0.055,-0.362,
-0.243,-0.24,-0.052,-0.375,
-0.223,-0.195,-0.078,-0.389,
-0.146,-0.139,-0.035,-0.254,
-0.303,-0.333,-0.032,-0.388,
-0.209,-0.235,-0.067,-0.267,
-0.25,-0.239,-0.052,-0.365,
-0.273,-0.299,-0.06,-0.38,
-0.226,-0.252,-0.048,-0.286,
-0.284,-0.292,-0.081,-0.368,
-0.247,-0.262,-0.051,-0.347,
-0.269,-0.276,-0.062,-0.381,
-0.168,-0.167,-0.033,-0.307,
-0.248,-0.25,-0.053,-0.352,
-0.293,-0.295,-0.064,-0.403,
-0.253,-0.278,-0.052,-0.322,
-0.194,-0.217,-0.034,-0.323,
-0.273,-0.291,-0.064,-0.35,
-0.125,-0.122,-0.05,-0.193,
-0.162,-0.221,0.007,-0.274,
-0.226,-0.232,-0.063,-0.311,
-0.258,-0.275,-0.056,-0.359,
-0.342,-0.373,-0.057,-0.431,
-0.224,-0.247,-0.055,-0.3,
-0.169,-0.193,-0.013,-0.241,
-0.187,-0.188,-0.055,-0.274,
-0.291,-0.318,-0.058,-0.377,
-0.14,-0.136,-0.036,-0.259,
-0.325,-0.389,-0.054,-0.431,
-0.195,-0.227,-0.061,-0.262,
-0.275,-0.299,-0.049,-0.387,
-0.293,-0.293,-0.065,-0.435,
-0.241,-0.247,-0.051,-0.361,
-0.282,-0.305,-0.035,-0.432,
-0.209,-0.225,-0.067,-0.257,
-0.297,-0.307,-0.034,-0.428,
-0.252,-0.287,-0.033,-0.339,
-0.258,-0.329,-0.04,-0.35,
-0.208,-0.206,-0.065,-0.292,
-0.255,-0.283,-0.035,-0.316,
-0.277,-0.301,-0.057,-0.394,
-0.254,-0.294,-0.055,-0.361,
-0.276,-0.289,-0.034,-0.404,
-0.231,-0.248,-0.036,-0.337,
-0.234,-0.246,-0.063,-0.286,
-0.206,-0.216,-0.025,-0.35,
-0.288,-0.336,-0.033,-0.393,
-0.26,-0.286,-0.046,-0.348,
-0.212,-0.214,-0.036,-0.327,
-0.244,-0.238,-0.05,-0.35,
-0.369,-0.423,-0.045,-0.475,
-0.14,-0.164,-0.069,-0.184,
-0.261,-0.28,-0.046,-0.328,
-0.307,-0.349,-0.071,-0.357,
-0.261,-0.288,-0.058,-0.357,
-0.304,-0.337,-0.041,-0.384,
-0.251,-0.265,-0.048,-0.346,
-0.264,-0.262,-0.05,-0.388,
-0.211,-0.231,-0.062,-0.242,
-0.271,-0.302,-0.061,-0.34,
-0.306,-0.337,-0.052,-0.38,
-0.264,-0.279,-0.04,-0.359,
-0.153,-0.17,-0.052,-0.214,
-0.247,-0.256,-0.061,-0.32,
-0.19,-0.197,-0.043,-0.279,
-0.193,-0.206,-0.049,-0.264,
-0.283,-0.305,-0.07,-0.363,
-0.229,-0.281,-0.036,-0.317,
-0.249,-0.266,-0.039,-0.372,
-0.229,-0.217,-0.063,-0.329,
-0.223,-0.261,-0.047,-0.353,
-0.259,-0.28,-0.054,-0.361,
-0.28,-0.305,-0.051,-0.361,
-0.248,-0.265,-0.063,-0.343,
-0.308,-0.348,-0.041,-0.377,
-0.185,-0.176,-0.042,-0.244,
-0.302,-0.317,-0.061,-0.425,
-0.214,-0.218,-0.045,-0.308,
-0.194,-0.19,-0.048,-0.328,
-0.232,-0.267,-0.051,-0.292,
-0.265,-0.276,-0.037,-0.399,
-0.266,-0.322,-0.058,-0.385,
-0.175,-0.186,-0.05,-0.305,
-0.256,-0.288,-0.07,-0.331,
-0.255,-0.249,-0.072,-0.379,
-0.249,-0.277,-0.043,-0.317,
-0.247,-0.268,-0.054,-0.399,
-0.201,-0.204,-0.062,-0.279,
-0.232,-0.247,-0.063,-0.289,
-0.247,-0.271,-0.051,-0.308,
-0.275,-0.306,-0.045,-0.447,
-0.192,-0.185,-0.061,-0.309,
-0.227,-0.259,-0.051,-0.26,
-0.202,-0.226,-0.048,-0.256,
-0.199,-0.209,-0.066,-0.319,
-0.234,-0.231,-0.047,-0.345,
-0.306,-0.362,-0.049,-0.397,
-0.212,-0.267,-0.037,-0.301,
-0.305,-0.337,-0.059,-0.414,
-0.232,-0.234,-0.046,-0.308,
-0.25,-0.263,-0.07,-0.376,
-0.251,-0.277,-0.03,-0.392,
-0.231,-0.25,-0.054,-0.389,
-0.199,-0.194,-0.037,-0.354,
-0.163,-0.176,-0.048,-0.178,
-0.292,-0.332,-0.053,-0.394,
-0.259,-0.259,-0.037,-0.422,
-0.221,-0.228,-0.057,-0.298,
-0.255,-0.273,-0.056,-0.321,
-0.303,-0.32,-0.049,-0.382,
-0.229,-0.236,-0.049,-0.367,
-0.217,-0.24,-0.033,-0.278,
-0.199,-0.196,-0.049,-0.31,
-0.204,-0.216,-0.049,-0.269,
-0.226,-0.229,-0.063,-0.309,
-0.294,-0.308,-0.045,-0.389,
-0.231,-0.232,-0.049,-0.347,
-0.219,-0.227,-0.039,-0.309,
-0.26,-0.298,-0.056,-0.459,
-0.235,-0.247,-0.055,-0.315,
-0.354,-0.393,-0.056,-0.47,
-0.182,-0.199,-0.058,-0.284,
-0.145,-0.149,-0.06,-0.186,
-0.257,-0.258,-0.051,-0.406,
-0.283,-0.283,-0.069,-0.402,
-0.235,-0.239,-0.065,-0.332,
-0.228,-0.226,-0.07,-0.363,
-0.295,-0.329,-0.062,-0.373,
-0.167,-0.192,-0.073,-0.233,
-0.357,-0.386,-0.068,-0.457,
-0.144,-0.161,-0.051,-0.199,
-0.185,-0.199,-0.062,-0.276,
-0.253,-0.292,-0.057,-0.298,
-0.26,-0.309,-0.062,-0.354,
-0.277,-0.274,-0.053,-0.449,
-0.22,-0.215,-0.059,-0.356,
-0.231,-0.246,-0.039,-0.401,
-0.228,-0.219,-0.068,-0.351,
-0.241,-0.262,-0.066,-0.358,
-0.246,-0.247,-0.033,-0.389,
-0.244,-0.275,-0.053,-0.304,
-0.243,-0.274,-0.075,-0.326,
-0.183,-0.2,-0.052,-0.221,
-0.184,-0.19,-0.022,-0.284,
-0.294,-0.328,-0.075,-0.4,
-0.21,-0.21,-0.043,-0.352,
-0.279,-0.302,-0.041,-0.414,
-0.208,-0.21,-0.067,-0.34,
-0.228,-0.257,-0.037,-0.329,
-0.213,-0.209,-0.061,-0.353,
-0.248,-0.238,-0.071,-0.403,
-0.119,-0.074,-0.039,-0.28,
-0.207,-0.22,-0.042,-0.267,
-0.189,-0.192,-0.074,-0.283,
-0.287,-0.303,-0.055,-0.367,
-0.152,-0.151,-0.04,-0.305,
-0.266,-0.289,-0.059,-0.349,
-0.255,-0.277,-0.052,-0.408,
-0.313,-0.355,-0.067,-0.404,
-0.1,-0.119,-0.019,-0.187,
-0.278,-0.304,-0.031,-0.376,
-0.171,-0.172,-0.033,-0.257,
-0.149,-0.167,-0.05,-0.274,
-0.21,-0.224,-0.064,-0.276,
-0.271,-0.306,-0.035,-0.341,
-0.235,-0.241,-0.062,-0.353,
-0.21,-0.223,-0.059,-0.268,
-0.273,-0.285,-0.067,-0.415,
-0.22,-0.254,-0.049,-0.316,
-0.197,-0.209,-0.052,-0.255,
-0.272,-0.282,-0.069,-0.422,
-0.168,-0.163,-0.056,-0.24,
-0.236,-0.25,-0.058,-0.31,
-0.266,-0.288,-0.056,-0.354,
-0.238,-0.236,-0.053,-0.374,
-0.244,-0.276,-0.063,-0.297,
-0.219,-0.227,-0.053,-0.288,
-0.242,-0.253,-0.038,-0.321,
-0.235,-0.268,-0.061,-0.299,
-0.21,-0.222,-0.066,-0.266,
-0.263,-0.269,-0.04,-0.36,
-0.126,-0.134,0.017,-0.206,
-0.123,-0.091,-0.038,-0.226,
-0.228,-0.26,-0.049,-0.282,
-0.249,-0.252,-0.055,-0.335,
-0.216,-0.211,-0.07,-0.327,
-0.258,-0.28,-0.058,-0.308,
-0.219,-0.225,-0.053,-0.353,
-0.259,-0.271,-0.063,-0.351,
-0.274,-0.273,-0.05,-0.416,
-0.26,-0.275,-0.056,-0.328,
-0.225,-0.243,-0.041,-0.317,
-0.259,-0.266,-0.054,-0.379,
-0.174,-0.176,-0.054,-0.22,
-0.21,-0.211,-0.071,-0.277,
-0.244,-0.259,-0.056,-0.301,
-0.114,-0.103,0,-0.214,
-0.199,-0.222,-0.061,-0.246,
-0.244,-0.271,-0.07,-0.318,
-0.224,-0.234,-0.049,-0.302,
-0.195,-0.216,-0.062,-0.278,
-0.242,-0.245,-0.049,-0.381,
-0.284,-0.307,-0.043,-0.354,
-0.251,-0.271,-0.058,-0.327,
-0.213,-0.213,-0.041,-0.314,
-0.259,-0.291,-0.06,-0.39,
-0.242,-0.262,-0.062,-0.289,
-0.257,-0.282,-0.057,-0.338,
-0.264,-0.275,-0.053,-0.374,
-0.273,-0.316,-0.059,-0.351,
-0.312,-0.381,-0.037,-0.4,
-0.188,-0.164,-0.051,-0.332,
-0.189,-0.186,-0.06,-0.284,
-0.281,-0.321,-0.067,-0.358,
-0.22,-0.239,-0.046,-0.25,
-0.168,-0.176,-0.046,-0.259,
-0.219,-0.23,-0.057,-0.324,
-0.308,-0.341,-0.049,-0.392,
-0.143,-0.12,-0.061,-0.239,
-0.084,-0.089,0.018,-0.189,
-0.223,-0.234,-0.042,-0.301,
-0.177,-0.19,-0.045,-0.229,
-0.142,-0.142,-0.033,-0.251,
-0.242,-0.27,-0.049,-0.337,
-0.282,-0.304,-0.028,-0.364,
-0.278,-0.314,-0.058,-0.39,
-0.272,-0.291,-0.047,-0.396,
-0.161,-0.154,-0.064,-0.225,
-0.287,-0.307,-0.059,-0.347,
-0.167,-0.151,-0.047,-0.249,
-0.216,-0.223,-0.041,-0.339,
-0.203,-0.225,-0.059,-0.306,
-0.272,-0.308,-0.04,-0.357,
-0.217,-0.181,-0.053,-0.385,
-0.195,-0.201,-0.078,-0.271,
-0.122,-0.124,-0.063,-0.2,
-0.172,-0.178,-0.063,-0.224,
-0.241,-0.257,-0.016,-0.361,
-0.323,-0.357,-0.047,-0.418,
-0.22,-0.215,-0.06,-0.375,
-0.255,-0.269,-0.059,-0.381,
-0.299,-0.315,-0.067,-0.356,
-0.272,-0.268,-0.064,-0.405,
-0.282,-0.322,-0.056,-0.345,
-0.231,-0.253,-0.066,-0.315,
-0.221,-0.253,-0.059,-0.323,
-0.23,-0.232,-0.044,-0.431,
-0.222,-0.238,-0.045,-0.338,
-0.224,-0.234,-0.047,-0.336,
-0.156,-0.156,-0.059,-0.215,
-0.238,-0.256,-0.044,-0.377,
-0.326,-0.346,-0.054,-0.414,
-0.204,-0.216,-0.068,-0.244,
-0.246,-0.26,-0.081,-0.339,
-0.215,-0.223,-0.044,-0.323,
-0.267,-0.27,-0.064,-0.406,
-0.259,-0.263,-0.023,-0.374,
-0.318,-0.345,-0.059,-0.415,
-0.304,-0.349,-0.038,-0.384,
-0.281,-0.314,-0.034,-0.417,
-0.27,-0.31,-0.055,-0.45,
-0.335,-0.378,-0.058,-0.416,
-0.233,-0.247,-0.056,-0.347,
-0.266,-0.326,-0.057,-0.356,
-0.159,-0.144,0.009,-0.344,
-0.155,-0.164,-0.048,-0.271,
-0.269,-0.284,-0.048,-0.376,
-0.271,-0.291,-0.044,-0.373,
-0.295,-0.338,-0.062,-0.376,
-0.212,-0.212,-0.048,-0.274,
-0.233,-0.234,-0.029,-0.333,
-0.276,-0.297,-0.05,-0.352,
-0.268,-0.278,-0.058,-0.356,
-0.27,-0.293,-0.073,-0.341,
-0.299,-0.311,-0.054,-0.404,
-0.232,-0.245,-0.052,-0.365,
-0.315,-0.331,-0.077,-0.388,
-0.242,-0.251,-0.054,-0.374,
-0.214,-0.217,-0.041,-0.333,
-0.278,-0.298,-0.047,-0.356,
-0.286,-0.317,-0.072,-0.365,
-0.217,-0.231,-0.062,-0.301,
-0.262,-0.28,-0.057,-0.368,
-0.26,-0.259,-0.083,-0.403,
-0.211,-0.227,-0.043,-0.266,
-0.226,-0.229,-0.07,-0.321,
-0.174,-0.188,-0.049,-0.255,
-0.265,-0.306,-0.05,-0.378,
-0.262,-0.275,-0.031,-0.39,
-0.263,-0.29,-0.041,-0.339,
-0.172,-0.172,-0.066,-0.259,
-0.231,-0.243,-0.075,-0.313,
-0.275,-0.301,-0.049,-0.402,
-0.263,-0.277,-0.065,-0.318,
-0.244,-0.248,-0.056,-0.349,
-0.204,-0.197,-0.038,-0.39,
-0.14,-0.133,-0.081,-0.231,
-0.248,-0.267,-0.047,-0.325,
-0.184,-0.195,-0.053,-0.274,
-0.251,-0.251,-0.053,-0.331,
-0.218,-0.206,-0.046,-0.336,
-0.284,-0.314,-0.04,-0.355,
-0.198,-0.21,-0.033,-0.298,
-0.318,-0.349,-0.04,-0.418,
-0.31,-0.337,-0.034,-0.423,
-0.229,-0.222,-0.041,-0.363,
-0.267,-0.283,-0.035,-0.413,
-0.159,-0.166,-0.04,-0.224,
-0.217,-0.233,-0.039,-0.286,
-0.239,-0.268,-0.043,-0.313,
-0.087,-0.06,-0.019,-0.209,
-0.246,-0.286,-0.053,-0.342,
-0.285,-0.293,-0.049,-0.394,
-0.226,-0.236,-0.047,-0.347,
-0.098,-0.138,0.12,-0.281,
-0.261,-0.277,-0.067,-0.366,
-0.178,-0.223,-0.018,-0.287,
-0.186,-0.182,-0.049,-0.329,
-0.222,-0.206,-0.06,-0.367,
-0.226,-0.241,-0.059,-0.335,
-0.177,-0.17,-0.044,-0.236,
-0.252,-0.289,-0.055,-0.34,
-0.203,-0.239,-0.044,-0.3,
-0.296,-0.316,-0.053,-0.402,
-0.252,-0.264,-0.058,-0.364,
-0.235,-0.251,-0.059,-0.305,
-0.234,-0.254,-0.048,-0.313,
-0.211,-0.218,-0.052,-0.267,
-0.222,-0.246,-0.049,-0.255,
-0.252,-0.276,-0.082,-0.328,
-0.251,-0.25,-0.068,-0.338,
-0.237,-0.259,-0.062,-0.28,
-0.167,-0.184,-0.081,-0.218,
-0.208,-0.228,-0.052,-0.247,
-0.173,-0.174,-0.053,-0.31,
-0.252,-0.257,-0.051,-0.332,
-0.223,-0.225,-0.072,-0.284,
-0.229,-0.248,-0.075,-0.293,
-0.217,-0.213,-0.039,-0.29,
-0.225,-0.243,-0.043,-0.285,
-0.224,-0.242,-0.049,-0.323,
-0.181,-0.193,-0.049,-0.206,
-0.204,-0.221,-0.037,-0.263,
-0.225,-0.24,-0.025,-0.284,
-0.229,-0.251,-0.029,-0.313,
-0.248,-0.262,-0.055,-0.349,
-0.161,-0.159,-0.056,-0.215,
-0.252,-0.265,-0.061,-0.334,
-0.201,-0.213,-0.06,-0.319,
-0.211,-0.229,-0.062,-0.249,
-0.234,-0.242,-0.067,-0.309,
-0.219,-0.226,-0.06,-0.276,
-0.246,-0.259,-0.044,-0.325,
-0.255,-0.273,-0.044,-0.318,
-0.222,-0.232,-0.047,-0.293,
-0.215,-0.237,-0.039,-0.276,
-0.208,-0.212,-0.044,-0.291,
-0.278,-0.332,-0.063,-0.337,
-0.108,-0.081,0.029,-0.272,
-0.227,-0.255,-0.053,-0.274,
-0.228,-0.237,-0.052,-0.296,
-0.198,-0.195,-0.076,-0.314,
-0.255,-0.279,-0.052,-0.306,
-0.263,-0.323,0.067,-0.415,
-0.154,-0.174,-0.048,-0.319,
-0.167,-0.086,-0.048,-0.357,
-0.239,-0.247,-0.053,-0.317,
-0.277,-0.278,-0.053,-0.397,
-0.257,-0.265,-0.057,-0.399,
-0.205,-0.196,-0.038,-0.321,
-0.207,-0.224,-0.066,-0.259,
-0.243,-0.245,-0.04,-0.372,
-0.206,-0.232,-0.058,-0.305,
-0.24,-0.275,-0.041,-0.298,
-0.209,-0.221,-0.051,-0.261,
-0.212,-0.22,-0.06,-0.266,
-0.312,-0.333,-0.051,-0.477,
-0.196,-0.207,-0.043,-0.26,
-0.264,-0.281,-0.05,-0.325,
-0.265,-0.289,-0.065,-0.345,
-0.211,-0.215,-0.072,-0.267,
-0.219,-0.232,-0.048,-0.302,
-0.231,-0.248,-0.075,-0.279,
-0.174,-0.181,-0.043,-0.236,
-0.225,-0.24,-0.054,-0.286,
-0.194,-0.206,-0.051,-0.261,
-0.239,-0.262,-0.044,-0.318,
-0.256,-0.279,-0.066,-0.299,
-0.26,-0.27,-0.043,-0.411,
-0.263,-0.288,-0.068,-0.364,
-0.216,-0.243,-0.068,-0.277,
-0.194,-0.199,-0.063,-0.292,
-0.256,-0.285,-0.049,-0.347,
-0.222,-0.231,-0.037,-0.31,
-0.158,-0.177,-0.065,-0.231,
-0.073,-0.084,0.049,-0.191,
-0.2,-0.196,-0.046,-0.297,
-0.208,-0.234,-0.039,-0.319,
-0.306,-0.324,-0.047,-0.374,
-0.332,-0.393,-0.056,-0.415,
-0.183,-0.194,-0.061,-0.227,
-0.121,-0.114,-0.047,-0.208,
-0.269,-0.322,-0.043,-0.35,
-0.252,-0.259,-0.053,-0.357,
-0.198,-0.191,-0.055,-0.316,


-0,0.005,0.059,-0.059,
0.08,0.073,0.188,-0.019,
0.054,0.044,0.134,-0.005,
0.052,0.036,0.186,-0.039,
0.041,0.033,0.16,-0.009,
0.015,0,0.057,-0.011,
0.088,0.092,0.125,-0.012,
0.046,0.048,0.113,-0.016,
-0.039,-0.032,0.017,-0.142,
-0.038,-0.057,0.06,-0.118,
0.008,0.006,0.116,-0.05,
0.077,0.09,0.135,-0.089,
0.039,0.033,0.12,-0.008,
0,0,0,0,
-0.004,-0.008,0.05,-0.039,
0.092,0.111,0.177,0.017,
0.047,0.055,0.07,0.002,
0.036,0.026,0.144,-0.04,
0,0,0,0,
0.133,0.123,0.215,0.034,
-0.051,-0.045,0,-0.116,
0.057,0.066,0.144,-0.02,
0.02,0.011,0.142,-0.068,
0.005,0,0.019,0,
0.018,0.028,0.092,-0.06,
0.014,0.023,0.053,-0.029,
0,0,0,0,
0.014,0.018,0.07,-0.031,
0.055,0.059,0.098,-0.006,
0.015,0.021,0.076,-0.059,
0.043,0.034,0.129,-0.005,
-0.017,-0.008,0.024,-0.079,
0,0,0,0,
0.008,0.001,0.051,-0.025,
0,0,0,0,
0.007,0,0.084,-0.044,
0.032,0.011,0.121,-0.005,
0,0,0,0,
0.033,0.058,0.107,-0.069,
0.004,0.005,0.029,-0.026,
-0.045,-0.038,0.006,-0.126,
-0.026,-0.032,0.02,-0.064,
0.001,0,0.002,-0.001,
-0.01,-0.016,0.073,-0.111,
0.018,0.004,0.126,-0.043,
0.078,0.11,0.168,-0.069,
0.068,0.06,0.135,-0.001,
0.002,-0.011,0.087,-0.067,
0.048,0.053,0.083,-0.005,
0.018,0,0.147,-0.039,
0.073,0.089,0.114,-0.013,
0.069,0.061,0.14,-0.006,
0.013,0.003,0.071,-0.029,
0.022,0.005,0.081,-0.016,
0.012,0.019,0.068,-0.087,
0.084,0.07,0.171,0,
0.05,0.058,0.12,-0.026,
-0.078,-0.076,-0.043,-0.135,
-0.004,-0,0.005,-0.023,
0.023,0.021,0.097,-0.027,
0.003,0,0.028,0,
-0.012,-0.002,0.028,-0.112,
0.017,0.015,0.102,-0.048,
0,0,0,0,
0,0,0,0,
-0.062,-0.06,0.054,-0.18,
0.051,0.044,0.1,-0.022,
0.007,0.015,0.039,-0.047,
0.006,0.007,0.06,-0.051,
-0.006,0.003,0.011,-0.058,
0.085,0.085,0.131,0.028,
0.079,0.075,0.143,0.034,
0.02,0.019,0.156,-0.046,
-0,0,0,-0.001,
0.05,0.053,0.093,-0.02,
0.036,0.038,0.12,-0.056,
0.083,0.091,0.12,-0.008,
-0.011,0,0.04,-0.091,
0.121,0.137,0.171,-0.004,
0.047,0.043,0.152,-0.082,
0.02,0.003,0.166,-0.1,
0.046,0.054,0.094,-0.05,
-0.018,-0.01,0.051,-0.104,
0.015,0.012,0.087,-0.091,
0.034,0.05,0.102,-0.069,
0.008,0.009,0.024,0,
0.003,-0.015,0.125,-0.113,
-0.003,-0.001,0.026,-0.034,
0,0,0,0,
-0.047,-0.051,0.02,-0.11,
0.033,0.031,0.104,-0.005,
0.037,0.025,0.119,-0.022,
-0.045,-0.03,0.057,-0.194,
0.014,0.002,0.117,0,
0,0,0,0,
0.053,0.05,0.104,0.008,
0.036,0.026,0.123,-0.013,
0.017,0.017,0.059,-0.076,
0.005,0.022,0.065,-0.09,
0.095,0.109,0.163,-0.013,
0.061,0.078,0.151,-0.099,
0.043,0.037,0.105,-0.023,
0.048,0.036,0.133,-0.011,
0,0,0,0,
0.033,0.036,0.09,-0.011,
0.021,0.007,0.107,-0.05,
-0.015,-0.006,0.031,-0.132,
0.07,0.076,0.131,-0.004,
0.057,0.067,0.144,-0.056,
-0.004,-0.001,0.086,-0.101,
0,0,0,0,
-0.015,-0.015,0.003,-0.042,
0.07,0.034,0.233,-0.044,
0.066,0.059,0.15,-0.017,
0.087,0.09,0.117,0.033,
0.015,0.024,0.096,-0.067,
-0.011,-0.002,0.046,-0.06,
0.008,0.005,0.086,-0.042,
-0.068,-0.07,-0.007,-0.101,
0.013,0.017,0.06,-0.059,
0,-0.01,0.074,-0.043,
0.041,0.047,0.114,-0.106,
0.051,0.042,0.151,-0.026,
0.021,0.013,0.062,-0.003,
0.006,0.003,0.065,-0.073,
0.008,0,0.073,-0.033,
-0.011,-0.002,0.05,-0.116,
0.037,0.032,0.113,-0.01,
0.035,0.033,0.072,0.002,
0.019,0.014,0.055,-0.009,
-0.028,-0.036,0.012,-0.059,
0.002,0.002,0.05,-0.035,
0.017,0.004,0.102,-0.049,
0.037,0.032,0.086,-0.006,
0.037,0.036,0.097,-0.011,
0,0,0,0,
0,0,0,0,
0.004,0.005,0.037,-0.05,
0.023,0.004,0.153,-0.011,
0.046,0.046,0.154,-0.148,
-0.013,-0.018,0.032,-0.076,
0.005,0.004,0.032,-0.05,
0.02,0.008,0.116,-0.119,
-0.016,-0.005,0.026,-0.086,
-0.021,-0.022,0.034,-0.095,
0.035,0.045,0.103,-0.045,
0.048,0.036,0.13,0.001,
0.007,0.007,0.079,-0.045,
-0.02,-0.004,0.104,-0.131,
0.018,0.02,0.065,-0.029,
-0.043,-0.093,0.158,-0.206,
-0.015,-0.004,0.021,-0.067,
0.032,0.025,0.111,-0.024,
0.01,0,0.064,-0.019,
0.039,0.032,0.09,-0.007,
0.004,0.003,0.031,-0.025,
-0.012,0.004,0.035,-0.082,
0.072,0.071,0.152,-0.011,
-0.002,-0.013,0.066,-0.039,
0.077,0.071,0.155,0.003,
0.054,0.049,0.138,-0.02,
0.009,0.008,0.041,-0.025,
0,-0.002,0.066,-0.061,
0.005,0.013,0.051,-0.049,
0,0,0,0,
0.093,0.106,0.167,0.004,
0,0,0,0,
0.034,0.026,0.075,-0.001,
0.07,0.074,0.112,0.008,
0.015,0.017,0.034,-0.003,
0.027,0.021,0.075,-0.016,
0.058,0.054,0.266,-0.062,
-0.016,-0.005,0.069,-0.143,
-0.025,-0.028,0.072,-0.086,
0.082,0.069,0.302,-0.006,
-0.009,-0.002,0.003,-0.067,
0,0,0,0,
-0.011,-0.022,0.048,-0.047,
0.022,0.028,0.117,-0.075,
0.014,0.009,0.056,-0.025,
0.01,0.004,0.081,-0.061,
0.008,0.009,0.034,-0.014,
0.054,0.053,0.14,-0.027,
0.004,0.009,0.1,-0.087,
0.001,0.004,0.059,-0.061,
-0.018,-0.019,0.018,-0.069,
0.046,0.037,0.114,-0.019,
-0.058,-0.037,0.063,-0.188,
0,0,0,0,
0.044,0.054,0.096,-0.021,
0.001,-0.003,0.022,-0.007,
0.071,0.088,0.146,-0.051,
0.049,0.052,0.111,-0.006,
0,0,0,0,
-0.007,-0.015,0.034,-0.031,
0.04,0.04,0.093,-0.028,
0.049,0.033,0.218,-0.099,
0.087,0.095,0.147,-0.019,
0.03,0.039,0.075,-0.051,
0,0,0.002,-0.001,
0.019,-0.008,0.119,-0.095,
0,0,0,0,
0.09,0.093,0.147,0.025,
0.094,0.105,0.154,0,
0,0,0,0,
-0.016,-0.021,0.011,-0.049,
0.064,0.067,0.128,0.008,
0.033,0.03,0.184,-0.153,
0,0,0,0,
0.043,0.028,0.175,-0.103,
0.003,0.022,0.057,-0.1,
0.094,0.106,0.136,0.013,
-0.027,-0.002,0.023,-0.13,
0.03,0.032,0.068,-0.022,
-0.003,0.003,0.029,-0.046,
0.087,0.088,0.155,0.029,
0,0,0,0,
0,0,0,0,
0.039,0.048,0.093,-0.023,
0.001,-0.004,0.102,-0.094,
0,0,0,0,
-0.019,-0.021,0.057,-0.068,
-0.01,-0.013,0.024,-0.045,
0.02,0.018,0.052,-0.012,
0.044,0.059,0.089,-0.02,
0.004,0,0.063,-0.039,
-0.039,-0.044,0,-0.064,
0.041,0.037,0.09,0.003,
0.018,0.018,0.035,0,
0.035,0.035,0.107,-0.078,
0.054,0.049,0.148,-0.063,
0.024,0.021,0.071,-0.021,
0.041,0.062,0.089,-0.04,
-0.025,-0.037,0.032,-0.063,
0.029,0.035,0.083,-0.033,
0.103,0.106,0.16,-0.008,
0.084,0.096,0.11,-0.047,
-0.039,-0.033,0.015,-0.133,
0.064,0.07,0.136,-0.006,
0.086,0.086,0.155,0.018,
0.022,0.03,0.058,-0.037,
0,0,0,0,
-0.005,0,0.023,-0.043,
0.064,0.075,0.161,-0.01,
-0.005,-0,0.046,-0.084,
0.103,0.13,0.186,0.006,
0.001,0.007,0.01,-0.034,
-0.022,-0.009,0.009,-0.088,
0.024,0.026,0.088,-0.076,
-0.045,-0.068,0.086,-0.163,
0.007,0.006,0.02,0,
0.044,0.038,0.122,-0.032,
0.056,0.057,0.127,0.001,
0,0,0,0,
0.036,0.036,0.116,-0.015,
0.01,0.025,0.082,-0.069,
0.031,0.033,0.071,-0.021,
0.04,0.037,0.123,-0.035,
0.018,0,0.109,-0.007,
0.019,0.003,0.119,-0.067,
0.098,0.091,0.17,0.009,
0.04,0.037,0.103,0,
0,-0,0.048,-0.05,
0.01,0.003,0.06,-0.026,
0.016,0.016,0.048,-0.021,
0.036,0.025,0.127,-0.02,
0.007,0,0.075,-0.045,
0.081,0.088,0.156,0.006,
0.094,0.089,0.178,0.002,
0.036,0.029,0.075,0.01,
0.007,0.003,0.067,-0.033,
0.059,0.069,0.129,-0.023,
0.03,0.033,0.117,-0.031,
0.051,0.05,0.117,-0.014,
0.028,0.027,0.079,-0.041,
0.015,0,0.296,-0.127,
0.068,0.071,0.117,0,
0.035,0.019,0.149,-0.008,
0.042,0.003,0.141,-0.018,
0.029,0.037,0.053,-0.034,
-0.007,-0.003,0.115,-0.103,
0.044,0.032,0.112,-0.009,
0.011,0.013,0.07,-0.03,
-0.034,-0.042,0.049,-0.105,
0.038,0.03,0.087,-0.006,
0.035,0.039,0.085,0,
0.032,0.011,0.134,0,
0.051,0.038,0.127,-0.028,
0.063,0.064,0.109,0.002,
0.023,0.011,0.131,-0.033,
0.023,0.003,0.102,-0.018,
0.056,0.068,0.118,0.005,
0.045,0.041,0.134,-0.035,
0.074,0.062,0.177,0.035,
0.034,0.031,0.086,0.005,
0.063,0.059,0.152,-0.024,
-0.022,-0.019,0.032,-0.073,
-0.012,-0.004,0.034,-0.086,
0.025,0,0.115,0,
0.007,0.001,0.065,-0.05,
0.061,0.077,0.101,-0.028,
-0.011,-0.003,0.022,-0.114,
-0.016,-0.009,0.043,-0.085,
-0.001,0,0.006,-0.017,
-0.049,-0.061,0.056,-0.143,
-0.115,-0.105,-0.062,-0.177,
0.055,0.062,0.097,0,
0.115,0.129,0.191,0.02,
0.051,0.052,0.103,0.014,
-0.069,-0.065,-0.021,-0.128,
0.043,0.049,0.077,-0.028,
0.068,0.069,0.158,-0.001,
0.038,0.024,0.133,-0.037,
0.09,0.083,0.201,0.007,
0.037,0.041,0.069,-0.012,
-0.068,-0.076,-0.013,-0.11,
0.022,0.021,0.069,-0.016,
0.041,0.041,0.08,0.003,
0.03,0.009,0.138,-0.026,
-0.042,-0.031,-0.007,-0.113,
0.054,0.055,0.123,0,
-0.004,0.004,0.114,-0.124,
0,0,0,0,
0.039,0.046,0.082,-0.028,
0.032,0.016,0.127,-0.042,
0.011,0.013,0.025,-0.009,
0.019,0.023,0.086,-0.117,
0,0,0,0,
0.004,0.004,0.014,0,
0.063,0.059,0.171,0.006,
0.03,0.04,0.059,-0.009,
-0.001,0.002,0.105,-0.117,
0.016,0.014,0.086,-0.056,
0,0,0,0,
0.015,0.006,0.075,-0.028,
-0.002,-0.003,0.027,-0.015,
0.071,0.078,0.102,0,
0.082,0.093,0.118,0.031,
-0.005,0.002,0.068,-0.119,
0.031,0.036,0.078,0.001,
0.013,0.002,0.114,-0.072,
0.008,0,0.053,-0.023,
-0.044,-0.045,-0.009,-0.083,
0.028,0.029,0.08,-0.024,
0.072,0.092,0.151,-0.05,
0.04,0.034,0.128,-0.024,
-0.001,0,0,-0.008,
-0.014,-0.007,0.018,-0.06,
0.044,0.05,0.054,0.022,
0.045,0.053,0.096,-0.051,
-0.001,-0.003,0.016,-0.018,
-0.001,0.001,0.039,-0.062,
0.014,0,0.071,0,
-0.05,-0.059,0.025,-0.091,
0.027,0.009,0.133,-0.046,
-0.004,-0.005,0.116,-0.085,
0.025,0.041,0.07,-0.062,
0.021,0.033,0.086,-0.052,
0.068,0.079,0.114,0.001,
0.059,0.057,0.153,-0.004,
0,0,0,0,
0.039,0.035,0.081,0.008,
0.025,-0.004,0.139,-0.04,
-0.015,-0.036,0.106,-0.111,
-0.03,-0.022,0.032,-0.114,
0,0.003,0.011,-0.014,
0.019,0.006,0.087,-0.059,
0.019,0.022,0.08,-0.049,
0.015,0.015,0.145,-0.074,
0.033,0.036,0.079,-0.008,
-0.06,-0.056,-0.011,-0.112,
0.06,0.054,0.136,-0.035,
0.051,0.064,0.106,-0.006,
0.022,0.029,0.097,-0.082,
0.01,0.017,0.078,-0.048,
-0.001,0.005,0.089,-0.067,
0,0,0,0,
-0.017,-0.02,0.062,-0.06,
0.029,0.034,0.075,-0.062,
-0.027,-0.013,0.029,-0.132,
-0.001,0,0,-0.005,
0,0,0,0,
0.065,0.07,0.097,0.033,
0.054,0.056,0.123,-0.011,
0.122,0.15,0.188,-0.035,
0.032,0.029,0.102,-0.041,
0.093,0.091,0.199,0.009,
0.008,0.002,0.148,-0.07,
0.034,0.046,0.111,-0.084,
0.036,0.036,0.151,-0.052,
0,0,0,0,
0.053,0.058,0.105,-0.025,
0.023,0.024,0.154,-0.119,
0.038,0.03,0.097,-0.016,
0.061,0.072,0.094,-0.002,
0.031,0.02,0.124,-0.044,
0.036,0.026,0.078,-0.001,
0.01,0,0.062,-0.02,
0.027,0,0.171,-0.004,
0.047,0.045,0.093,0.006,
0.041,0.045,0.093,-0.02,
0.003,0.005,0.068,-0.051,
0.033,0.027,0.098,-0.013,
0,0,0,0,
0,0,0,0,
0.079,0.088,0.129,0.018,
0.058,0.07,0.116,-0.018,
-0.008,-0.01,0.083,-0.065,
-0.018,-0.025,0.06,-0.08,
-0.082,-0.09,0,-0.162,
-0.016,-0.027,0.07,-0.071,
0,0,0,0,
0.018,0.02,0.087,-0.048,
0.043,0.043,0.119,-0.005,
0.044,0.026,0.136,-0.02,
0.058,0.072,0.141,-0.053,
0.051,0.048,0.129,0.003,
-0.008,-0.011,0.016,-0.025,
0,0,0,0,
0.072,0.068,0.206,-0.012,
0.096,0.085,0.188,0.054,
0,0,0,0,
0.062,0.067,0.122,0.003,
0.043,0.043,0.1,-0.018,
0.046,0.043,0.099,0.006,
0.052,0.026,0.188,-0.141,
-0.011,-0.01,0.045,-0.06,
0.064,0.072,0.119,-0.02,
0.049,0.049,0.137,-0.011,
0,0,0,0,
0.072,0.072,0.134,0.001,
0.067,0.072,0.105,0.012,
0.068,0.069,0.12,0.024,
0.069,0.06,0.153,-0.011,
0.103,0.072,0.246,-0.008,
0.027,0.034,0.063,-0.03,
0,0,0,0,
0.012,0.009,0.049,-0.019,
0,0,0,0,
0.035,0.017,0.14,-0.005,
-0.036,-0.032,0.015,-0.149,
0,0,0,0,
0.045,0.057,0.08,0,
0.01,0.013,0.045,-0.026,
0.041,0.017,0.165,-0.044,
0.042,0.059,0.119,-0.073,
0.066,0.06,0.168,-0.031,
0.074,0.074,0.106,0.037,
0.076,0.092,0.171,-0.025,
0.039,0.032,0.118,-0.043,
-0.039,-0.034,-0.015,-0.064,
0.073,0.085,0.144,0.013,
0.04,0.03,0.155,-0.023,
-0.001,0.004,0.028,-0.03,
0,0,0,0,
0,0,0,0,
0.044,0.033,0.137,0,
-0.023,-0.029,0.038,-0.086,
0.067,0.051,0.146,0.011,
0.005,-0.006,0.081,-0.053,
-0.073,-0.072,-0.04,-0.137,
-0.025,-0.034,0.032,-0.055,
0.116,0.095,0.271,0,
0.033,0.033,0.086,-0.014,
0.032,0.027,0.098,-0.025,
0.055,0.056,0.129,-0.015,
0.051,0.057,0.105,-0.009,
0.027,0.014,0.104,-0.008,
0,0,0,0,
0.106,0.136,0.155,0.018,
0.036,0.028,0.1,-0.024,
-0.006,0.005,0.026,-0.055,
-0.008,0,0.053,-0.043,
0.016,0.011,0.069,-0.034,
0.066,0.078,0.199,-0.032,
0.004,-0.01,0.117,-0.089,
0.017,0.022,0.081,-0.052,
0.029,0.035,0.094,-0.085,
0,0,0,0,
0.01,0.013,0.115,-0.099,
0.097,0.113,0.179,-0.019,
0.072,0.077,0.133,0.011,
0.019,0.006,0.089,-0.033,
0,0,0,0,
0.012,0.001,0.096,-0.066,
0.085,0.099,0.13,-0.002,
0.045,0.053,0.107,-0.042,
0,0,0,0,
0.021,0.034,0.065,-0.039,
0.032,0.013,0.111,-0.026,
0.035,0.03,0.08,-0.008,
0.02,0.009,0.137,-0.073,
-0.024,-0.027,0.016,-0.058,
0.045,0.061,0.097,-0.024,
0.019,0.026,0.135,-0.076,
0.016,0.013,0.077,-0.02,
-0.002,-0.001,0.049,-0.042,
-0.028,0,0.046,-0.121,
0.125,0.133,0.187,0.015,
0.12,0.122,0.163,0.061,
-0.044,-0.032,0.036,-0.152,
0.016,0.015,0.047,-0.016,
0.065,0.067,0.122,-0.006,
0.007,0.001,0.063,-0.027,
0.133,0.146,0.235,-0.022,
0.029,0.025,0.114,-0.013,
0.016,0.023,0.067,-0.036,
0.024,0.028,0.054,-0.004,
0.028,0.015,0.093,-0.014,
0.004,0,0.031,-0.012,
0.018,0.018,0.045,-0.024,
0.023,0.019,0.082,-0.007,
0.034,0.033,0.053,0.012,
0,0,0,0,
0.052,0.037,0.146,-0.034,
-0.016,-0.032,0.048,-0.053,
0.006,0.007,0.061,-0.045,
-0.001,0.002,0.132,-0.072,
0.071,0.082,0.151,-0.008,
0.006,0.005,0.018,-0.006,
-0.026,-0.041,0.064,-0.137,
-0.104,-0.136,0.001,-0.186,
0.049,0.049,0.124,-0.014,
0.049,0.051,0.083,0.005,
0.048,0.03,0.128,-0.041,
0.032,0.046,0.058,-0.005,
0.051,0.037,0.109,-0.001,
0.044,0.028,0.151,-0.01,
0.004,0.003,0.044,-0.037,
-0.001,-0,0.003,-0.004,
0.143,0.123,0.28,0.013,
-0.001,-0.009,0.06,-0.028,
0.054,0.054,0.099,0,
-0.032,-0.043,0.092,-0.077,
-0.047,-0.043,0,-0.114,
0.059,0.071,0.119,-0.017,
0.229,0.262,0.391,0.056,
0,0,0,0,
0.033,0.022,0.12,-0.037,
0.076,0.077,0.159,0.009,
0.119,0.159,0.297,-0.036,
0.162,0.166,0.35,-0.005,
-0.061,-0.084,0.024,-0.102,
0.035,0.032,0.121,-0.069,
0.059,0.058,0.165,-0.006,
0.124,0.138,0.268,-0.055,
-0.051,-0.065,0.101,-0.182,
0,0,0,0,
0.001,0,0.01,0,
0.219,0.259,0.426,-0.017,
0.046,0.058,0.096,-0.027,
0.155,0.153,0.359,-0.007,
0.121,0.136,0.241,-0.023,
0,0,0,0,
-0.172,-0.214,-0.001,-0.265,
0.088,0.103,0.286,-0.081,
-0.014,-0.022,0.033,-0.041,
0.066,0.075,0.199,-0.055,
0.08,0.083,0.204,-0.074,
0.037,0.032,0.084,0,
0.02,0.013,0.153,-0.1,
0.055,0.055,0.119,0,
0.172,0.217,0.346,-0.004,
0.134,0.14,0.225,0,
0,0,0,0,
0.195,0.222,0.354,-0.002,
0.057,0.058,0.119,-0.01,
0.173,0.19,0.343,-0.012,
-0.043,-0.009,0.023,-0.174,
0.036,0.027,0.1,-0.015,
0,0,0.004,-0.002,
0.016,0.021,0.085,-0.103,
-0.031,0,0.011,-0.134,
0.146,0.134,0.318,-0.023,
0.114,0.126,0.244,-0.009,
0,0,0,0,
0.007,-0.009,0.145,-0.063,
0.08,0.076,0.206,-0.011,
0.082,0.082,0.212,-0.003,
0.185,0.198,0.317,0.023,
0.163,0.162,0.315,0.065,
-0.002,0.003,0.099,-0.134,
0.235,0.29,0.345,0.006,
0.021,0.046,0.188,-0.135,
0.077,0.08,0.193,-0.016,
0,0,0,0,
0.169,0.181,0.306,-0.029,
-0.001,-0.019,0.205,-0.139,
-0.108,-0.15,0.039,-0.208,
-0.167,-0.169,-0.006,-0.266,
0.192,0.178,0.341,0.042,
-0.012,-0.023,0.074,-0.084,
0.029,0.036,0.136,-0.136,
0.05,0.072,0.098,-0.021,
0.047,0.021,0.174,-0.031,
0.051,0.039,0.149,-0.012,
0.142,0.15,0.302,0,
-0.032,-0.001,0.03,-0.208,
0.038,0.032,0.124,-0.054,
0,0,0,0,
0.018,0.015,0.048,-0.017,
0.073,0.1,0.168,-0.037,
0.258,0.314,0.431,0.009,
0.156,0.158,0.275,0.01,
0.211,0.224,0.443,-0.034,
0.137,0.136,0.309,-0.007,
0.109,0.16,0.28,-0.156,
0.101,0.071,0.277,-0.017,
0.044,0.045,0.08,-0.002,
0.071,0.088,0.166,-0.084,
-0.013,-0.003,0.076,-0.114,
-0.026,-0.009,0.125,-0.209,
0.253,0.303,0.401,-0.001,
-0.072,-0.06,0.061,-0.211,
-0.008,-0.027,0.146,-0.131,
0,0,0,0,
0.181,0.189,0.373,0,
-0.001,0,0,-0.014,
-0.051,-0.046,0,-0.144,
0.107,0.135,0.255,-0.093,
0.098,0.08,0.232,-0.072,
0.163,0.19,0.317,-0.013,
0.077,0.102,0.142,0.005,
0.064,0.079,0.15,-0.023,
-0.039,-0.027,0.027,-0.134,
0.135,0.114,0.339,-0.034,
-0.037,-0.062,0.077,-0.103,
-0.068,-0.058,0,-0.185,
-0.019,-0.025,0.124,-0.183,
0,0,0,0,
0.149,0.176,0.275,-0.031,
0.017,0.031,0.078,-0.056,
0.014,-0.018,0.173,-0.051,
0.033,0.011,0.153,-0.03,
0.055,0.063,0.141,-0.015,
0.176,0.17,0.417,0.004,
0.11,0.113,0.264,-0.007,
0.157,0.16,0.373,-0.067,
-0.009,0.018,0.123,-0.155,
0,0,0,0,
-0.098,-0.105,0.134,-0.277,
0.039,0.021,0.159,-0.079,
-0.061,-0.017,0.036,-0.193,
0.042,0.01,0.189,-0.018,
0.179,0.21,0.344,-0.009,
0.016,0.006,0.066,-0.031,
0.063,0.047,0.136,0,
0.093,0.113,0.139,0,
0,0,0,0,
0.248,0.219,0.447,0.017,
0.083,0.095,0.199,-0.029,
0.017,0.04,0.092,-0.081,
0.052,0.037,0.187,-0.109,
0,0,0,0,
0.046,0.032,0.122,-0.002,
0.088,0.038,0.246,-0.026,
0.248,0.278,0.393,0.011,
-0.165,-0.195,0,-0.252,
0.169,0.149,0.365,-0.022,
-0.013,0.018,0.05,-0.11,
-0.02,0,0.067,-0.088,
0.087,0.103,0.153,-0.005,
0.178,0.165,0.367,-0.031,
0.199,0.163,0.48,-0.038,
-0.042,-0.013,0.047,-0.142,
-0.007,0.003,0.137,-0.184,
0.19,0.214,0.352,-0.032,
0.147,0.16,0.266,0.006,
0.061,0.058,0.183,-0.067,
0.065,0.072,0.18,-0.077,
-0.044,-0.035,0,-0.105,
0.198,0.178,0.35,0.036,
0.091,0.1,0.185,-0.057,
0.074,0,0.363,0,
-0.043,-0.036,0.051,-0.149,
0.011,0,0.057,0,
0.175,0.209,0.332,-0.052,
0.093,0.085,0.25,-0.061,
-0.065,-0.062,0.005,-0.143,
0.072,0.056,0.203,0,
0.223,0.261,0.381,0.006,
0.15,0.156,0.401,-0.043,
0,0,0,0,
0.051,0.035,0.144,-0.016,
0.248,0.31,0.388,0.03,
0.166,0.215,0.331,-0.044,
0.033,0.035,0.085,-0.057,
0,0,0,0,
0,0,0,0,
0.072,0.073,0.241,-0.071,
0.083,0.065,0.256,-0.021,
0.136,0.162,0.263,-0.016,
0.082,0.035,0.2,0,
0.151,0.158,0.335,-0.039,
0.146,0.176,0.24,0.014,
0.153,0.17,0.366,-0.067,
0.195,0.242,0.368,-0.113,
0.122,0.147,0.192,0.002,
0.041,0.01,0.22,-0.072,
0.002,0,0.006,-0.002,
0,0,0,0,
0.044,0.066,0.177,-0.15,
0.072,0.071,0.153,-0.005,
0.162,0.208,0.281,0,
-0.043,-0.008,0.07,-0.152,
0.175,0.202,0.274,-0.012,
0.052,0.044,0.186,-0.09,
0.064,0.043,0.164,-0.006,
0.057,0.06,0.139,-0.026,
0,0,0,0,
0.218,0.255,0.365,0.005,
0.057,0.045,0.149,-0.015,
0.005,0.014,0.053,-0.119,
0.12,0.12,0.243,0.01,
0.082,0.088,0.261,-0.075,
0.135,0.124,0.272,0,
-0.039,-0.018,0.032,-0.146,
0.02,0.004,0.066,0,
0.041,0.009,0.353,-0.148,
-0.051,-0.043,0.042,-0.163,
0.143,0.113,0.315,0.027,
0.005,0.005,0.083,-0.066,
0.096,0.13,0.199,-0.033,
0.02,0.031,0.164,-0.148,
-0.029,-0.013,0.04,-0.145,
-0.04,-0.054,0.047,-0.099,
0.005,0.002,0.034,0,
0.07,0.011,0.186,-0.015,
0.057,0.013,0.261,-0.062,
0.138,0.161,0.288,-0.07,
0.083,0.073,0.196,-0.032,
0.102,0.079,0.308,-0.05,
-0.031,-0.038,0.104,-0.114,
0.205,0.244,0.351,0.007,
0.178,0.191,0.363,-0.025,
0.04,0.009,0.206,-0.082,
0.034,0.001,0.192,0,
-0.072,-0.083,0.007,-0.139,
0.156,0.176,0.26,-0.01,
0.136,0.159,0.309,-0.048,
0.086,0.101,0.29,-0.057,
-0.008,0.002,0.103,-0.108,
0.099,0.104,0.222,-0.014,
0.154,0.147,0.305,0.002,
0.131,0.158,0.238,0.016,
0.102,0.099,0.249,0.005,
0.06,0.073,0.163,-0.058,
0.061,0.061,0.14,-0.023,
0.065,0.05,0.18,-0.053,
0.067,0.079,0.138,-0.036,
-0.047,-0.044,0.005,-0.116,
0.098,0.1,0.209,-0.018,
0.18,0.162,0.415,0.007,
0.21,0.212,0.337,0.048,
0.007,0.005,0.069,-0.091,
0.081,0.089,0.181,0,
-0.033,-0.011,0.066,-0.198,
0.076,0.076,0.218,-0.074,
-0.03,-0.001,0.073,-0.127,
0.136,0.172,0.302,-0.061,
0.135,0.114,0.262,0,
0.058,0.064,0.079,0.007,
0.146,0.162,0.31,-0.045,
0.081,0.064,0.226,-0.019,
0,0,0.002,0,
0.116,0.116,0.273,-0.086,
0.103,0.114,0.222,-0.046,
0.126,0.114,0.231,0.006,
0.109,0.063,0.364,0.005,
0.076,0.071,0.208,-0.023,
-0.051,-0.046,0.051,-0.176,
0.142,0.139,0.267,0.028,
0.18,0.202,0.355,0.014,
0.036,0.051,0.11,-0.139,
0,0,0.002,0,
0.039,0.044,0.107,-0.024,
-0.105,-0.089,0.014,-0.276,
-0.148,-0.192,0.045,-0.244,
0,0,0,0,
-0.003,0,0.101,-0.066,
0,0,0,0,
0.138,0.139,0.275,0.029,
-0.002,-0.011,0.086,-0.03,
0.069,0.09,0.131,-0.048,
0.213,0.257,0.306,0.017,
0,0,0,0,
0.146,0.138,0.307,-0.004,
0.053,0.043,0.142,-0.035,
-0.102,-0.081,0.003,-0.261,
0.066,0.071,0.161,-0.009,
0.14,0.14,0.31,0.001,
0.06,0.044,0.175,-0.004,
0,0,0,0,
0,0,0,0,
0.141,0.168,0.232,-0.052,
0.061,0.038,0.162,0.003,
0.119,0.13,0.332,-0.062,
0.002,0,0.072,-0.045,
0.123,0.144,0.236,-0.011,
0.116,0.135,0.256,-0.008,
-0.004,-0.016,0.114,-0.129,
0.054,0.048,0.147,-0.032,
0,0,0,0,
0.149,0.171,0.269,-0.009,
0.231,0.245,0.411,0.024,
0.151,0.157,0.251,-0.01,
0.063,0.049,0.239,-0.04,
-0.075,-0.076,0,-0.145,
0.085,0.086,0.157,-0.002,
0,0,0,0,
0.001,0,0.002,0,
0.218,0.234,0.326,0.055,
0.128,0.145,0.247,-0.032,
0.05,0.022,0.194,-0.036,
0.067,0.038,0.175,0.004,
0,0,0,0,
-0.019,-0.035,0.086,-0.112,
0.06,0.046,0.157,-0.031,
-0.008,-0.038,0.196,-0.098,
0,0,0,0,
0.126,0.133,0.295,0,
0.212,0.28,0.419,-0.005,
0,0,0,0,
0.179,0.258,0.317,-0.02,
0.107,0.132,0.201,-0.028,
0.071,0.067,0.225,-0.056,
-0.061,-0.047,0.016,-0.174,
0.13,0.203,0.26,-0.091,
0.151,0.126,0.362,-0.03,
-0.181,-0.154,-0.061,-0.358,
0.013,0,0.103,0,
0.022,0.012,0.091,0,
-0.036,-0.038,0.066,-0.164,
0.047,0.054,0.107,-0.073,
0.066,0.045,0.258,-0.016,
0.191,0.241,0.355,-0.127,
0.244,0.289,0.376,-0.019,
0.046,0.027,0.14,-0.04,
0.169,0.208,0.323,0.025,
0.008,0.002,0.112,-0.073,
0.122,0.099,0.243,0.01,
0.225,0.267,0.348,-0.014,
-0.1,-0.105,0.01,-0.237,
-0.023,-0.03,0.066,-0.118,
0.091,0.131,0.179,-0.117,
0.236,0.284,0.421,-0.011,
0.051,0.055,0.139,-0.083,
0.05,0.06,0.088,0,
0.08,0.081,0.14,0.003,
0.144,0.196,0.247,-0.005,
0.154,0.197,0.305,-0.033,
0.031,0.066,0.15,-0.213,
0.2,0.224,0.333,0.044,
-0.002,0.029,0.04,-0.107,
0.19,0.223,0.314,-0.013,
0.075,0.076,0.276,-0.044,
-0,0,0,-0.001,
0.14,0.149,0.336,-0.036,
0,0,0,0,
0.026,0.019,0.14,-0.075,
-0.039,-0.035,0.082,-0.187,
0.098,0.106,0.185,0,
0.047,0.039,0.182,-0.028,
0.034,0.028,0.095,-0.047,
-0.027,0.003,0.014,-0.087,
0.173,0.241,0.349,-0.071,
0.063,0.057,0.217,-0.035,
0.005,0.004,0.155,-0.126,
0.07,0.095,0.182,-0.052,
0.094,0.112,0.168,0,
0.144,0.161,0.246,0.015,
0.015,0.013,0.133,-0.078,
0.018,0.023,0.175,-0.177,
0.086,0.063,0.228,-0.06,
0.166,0.17,0.301,-0.022,
0.058,0.058,0.149,0,
-0.04,-0.037,0.045,-0.11,
0.032,0.032,0.164,-0.064,
0.177,0.151,0.323,0.052,
-0.004,0.008,0.037,-0.062,
0.105,0.119,0.189,0.008,
0,0,0,0,
0.16,0.183,0.314,-0.037,
0.012,-0.002,0.224,-0.118,
0.259,0.303,0.37,0.059,
-0.048,-0.044,0.078,-0.16,
0.062,0.045,0.144,0.007,
0.192,0.26,0.358,-0.03,
0,0,0,0,
0.244,0.265,0.499,-0.047,
0.066,0.061,0.188,-0.029,
0.011,0.015,0.118,-0.184,
0.098,0.1,0.223,-0.017,
0,0,0,0,
0.114,0.152,0.249,-0.033,
0.017,0.006,0.142,-0.096,
0.023,0.011,0.191,-0.138,
0.05,0.025,0.142,0,
0.203,0.244,0.365,-0.036,
0.298,0.302,0.473,0.059,
0.173,0.196,0.268,-0.016,
0.065,0.067,0.203,0,
0,0,0,0,
0.104,0.125,0.223,-0.061,
-0.004,-0.014,0.117,-0.069,
-0.014,0,0.002,-0.105,
-0.054,-0.011,0.022,-0.191,
0.21,0.224,0.395,0.001,
0.174,0.186,0.285,0.084,
-0.071,-0.032,0.049,-0.231,
-0.041,-0.01,0.058,-0.168,
0.196,0.207,0.273,0.021,
0.159,0.145,0.273,0.013,
0.016,0.022,0.144,-0.1,
0.089,0.088,0.217,-0.067,
-0.039,-0.048,0.071,-0.084,
0.233,0.232,0.353,0.095,
0.043,0.031,0.133,-0.006,
0.007,0.006,0.082,-0.074,
-0.031,-0.021,0,-0.084,
-0.04,-0.05,0.005,-0.074,
0.026,0.009,0.077,-0.015,
-0.034,-0.035,0.016,-0.096,
-0.013,-0.001,0.04,-0.112,
0.008,0.008,0.115,-0.111,
0.124,0.126,0.187,0.05,
0.03,0.029,0.099,-0.027,
0,0,0,0,
-0.044,-0.021,0.013,-0.187,
-0.008,-0.007,0.137,-0.136,
0,0,0,0,
0.005,-0.002,0.109,-0.058,
0.045,0.051,0.111,-0.034,
0.008,0,0.077,-0.066,
0.035,0.027,0.087,-0.008,
0.102,0.095,0.171,0.038,
0.022,0.007,0.075,-0.007,
0.022,0.02,0.055,-0.009,
0.024,0.034,0.055,-0.02,
0.016,0.013,0.085,-0.044,
0.039,0.043,0.125,-0.029,
0,0,0,0,
0.047,0.004,0.124,-0.001,
0.042,0.034,0.132,-0.063,
0.028,0.038,0.082,-0.075,
0.007,0,0.05,-0.038,
0.007,0.011,0.059,-0.074,
-0.021,-0.025,0.054,-0.079,
-0.029,-0.015,0.019,-0.095,
0.054,0.061,0.117,-0.068,
-0.001,0.003,0.014,-0.025,
0.03,0.028,0.09,-0.016,
0.061,0.099,0.105,-0.064,
-0.031,-0.012,0.087,-0.137,
0.013,0.006,0.048,-0.03,
0.021,0.018,0.1,-0.066,
-0.004,-0.026,0.12,-0.035,
0,0,0,0,
0.145,0.135,0.288,-0.087,
-0.056,-0.038,0.118,-0.165,
-0.004,-0.024,0.141,-0.078,
0.11,0.089,0.25,0.026,
0.183,0.204,0.333,0.009,
0.206,0.261,0.317,0.045,
0.144,0.157,0.286,-0.024,
0.111,0.115,0.208,0.006,
-0.035,-0.016,0.174,-0.178,
0.038,0.032,0.157,-0.077,
0.04,0.043,0.11,-0.044,
0.028,0.019,0.108,-0.003,
-0.01,-0.014,0.041,-0.054,
0.114,0.094,0.303,-0.021,
0.037,0.035,0.106,-0.04,
0.035,0.059,0.091,-0.047,
0.07,0.073,0.116,-0.031,
0.018,0.002,0.065,-0.008,
-0.007,-0.002,0.004,-0.043,
0.067,0.07,0.131,-0.044,
0.022,0.014,0.105,-0.001,
-0.003,0,0.049,-0.064,
0,0,0,0,
-0.03,-0.037,0.028,-0.072,
0.006,0.011,0.056,-0.046,
0,0,0,0,
0.101,0.096,0.271,-0.048,
0.063,0.081,0.11,-0.017,
-0.009,-0.013,0.051,-0.062,
0.195,0.179,0.353,0.02,
0.207,0.262,0.364,0.019,
0.036,0.024,0.119,-0.023,
-0.04,-0.001,0.009,-0.232,
0.184,0.203,0.318,0.019,
0.148,0.135,0.316,0.003,
0.194,0.227,0.323,0.013,
-0,-0.002,0.135,-0.112,
-0.002,-0.003,0,-0.006,
0.001,0,0.007,-0.005,
0.202,0.216,0.341,0.033,
0.099,0.123,0.272,-0.053,
0,0,0,0,




Further Data analysis of all test cases 
avg med max min 
AVGs,-0.23,-0.231,-0.054,-0.4,
MEDs,-0.245,-0.245,-0.011,-0.438,
MAXs,-0.051,-0.053,0.12,-0.118,
MINs,-0.313,-0.309,-0.178,-0.491,


AVGs,0.042,0.03,0.298,-0.181,
MEDs,0.043,0.026,0.314,-0.214,
MAXs,0.123,0.105,0.499,-0.062,
MINs,-0.042,-0.025,0.095,-0.358,



