

Data analysis for each instance 
AVG,MED,MAX,MIN
-0.291,-0.301,-0.032,-0.506,
-0.266,-0.22,-0.042,-0.529,
-0.261,-0.276,-0.054,-0.454,
-0.307,-0.278,-0.049,-0.525,
-0.309,-0.284,-0.068,-0.597,
-0.32,-0.311,-0.055,-0.492,
-0.265,-0.23,-0.05,-0.443,
-0.27,-0.234,-0.048,-0.452,
-0.32,-0.277,-0.059,-0.528,
-0.309,-0.292,-0.063,-0.498,
-0.3,-0.276,-0.062,-0.532,
-0.263,-0.252,-0.051,-0.422,
-0.289,-0.242,-0.06,-0.504,
-0.237,-0.196,-0.055,-0.472,
-0.265,-0.253,-0.066,-0.453,
-0.285,-0.281,-0.069,-0.472,
-0.272,-0.283,-0.056,-0.494,
-0.298,-0.272,-0.074,-0.49,
-0.237,-0.211,-0.061,-0.433,
-0.29,-0.3,-0.036,-0.544,
-0.311,-0.292,-0.049,-0.518,
-0.318,-0.31,-0.049,-0.523,
-0.27,-0.243,-0.054,-0.504,
-0.294,-0.301,-0.053,-0.526,
-0.278,-0.273,-0.097,-0.43,
-0.264,-0.277,-0.039,-0.472,
-0.293,-0.282,-0.048,-0.512,
-0.326,-0.329,-0.06,-0.526,
-0.274,-0.246,-0.091,-0.441,
-0.316,-0.282,0.021,-0.602,
-0.301,-0.278,-0.053,-0.484,
-0.228,-0.211,-0.069,-0.394,
-0.251,-0.239,-0.059,-0.43,
-0.272,-0.273,-0.019,-0.521,
-0.257,-0.265,-0.013,-0.486,
-0.296,-0.278,-0.061,-0.559,
-0.202,-0.223,0.12,-0.491,
-0.255,-0.258,-0.061,-0.416,
-0.236,-0.211,-0.058,-0.439,
-0.296,-0.272,-0.052,-0.478,
-0.256,-0.243,-0.055,-0.433,
-0.324,-0.307,-0.054,-0.53,
-0.244,-0.211,-0.12,-0.364,
-0.302,-0.275,-0.074,-0.483,
-0.248,-0.234,-0.043,-0.444,
-0.329,-0.261,-0.044,-0.638,
-0.264,-0.258,-0.062,-0.392,
-0.237,-0.223,-0.065,-0.371,
-0.339,-0.336,-0.061,-0.549,
-0.277,-0.274,-0.046,-0.487,
-0.315,-0.27,-0.047,-0.542,
-0.26,-0.285,-0.062,-0.356,
-0.263,-0.23,-0.061,-0.429,
-0.286,-0.298,-0.119,-0.363,
-0.281,-0.28,-0.054,-0.454,
-0.292,-0.297,-0.056,-0.474,
-0.275,-0.3,-0.029,-0.352,
-0.32,-0.289,-0.049,-0.503,
-0.257,-0.248,-0.014,-0.454,
-0.295,-0.289,-0.053,-0.499,
-0.233,-0.196,-0.065,-0.414,
-0.269,-0.259,-0.039,-0.465,
-0.293,-0.301,-0.068,-0.541,
-0.308,-0.289,-0.051,-0.531,
-0.314,-0.335,-0.053,-0.423,
-0.211,-0.224,-0.066,-0.325,
-0.259,-0.275,-0.041,-0.352,
-0.283,-0.265,-0.064,-0.44,
-0.268,-0.25,-0.049,-0.402,
-0.242,-0.286,-0.06,-0.368,
-0.297,-0.315,-0.06,-0.516,
-0.282,-0.26,0.029,-0.503,
-0.304,-0.306,-0.057,-0.54,
-0.208,-0.217,-0.052,-0.301,
-0.271,-0.234,-0.068,-0.441,
-0.304,-0.282,-0.055,-0.536,
-0.322,-0.26,-0.054,-0.579,
-0.248,-0.257,-0.047,-0.457,
-0.333,-0.281,-0.062,-0.613,
-0.303,-0.26,-0.03,-0.513,
-0.277,-0.273,-0.044,-0.477,
-0.294,-0.316,-0.003,-0.367,
-0.284,-0.275,-0.067,-0.444,
-0.326,-0.287,-0.045,-0.542,
-0.288,-0.275,-0.071,-0.478,
-0.28,-0.268,-0.059,-0.538,
-0.257,-0.275,-0.006,-0.454,
-0.304,-0.275,-0.053,-0.606,
-0.264,-0.29,-0.044,-0.393,
-0.246,-0.224,-0.011,-0.507,
-0.287,-0.312,-0.052,-0.483,
-0.245,-0.193,-0.034,-0.47,
-0.238,-0.235,-0.067,-0.444,
-0.29,-0.298,-0.03,-0.474,
-0.265,-0.266,-0.03,-0.464,
-0.341,-0.333,-0.048,-0.518,
-0.275,-0.282,-0.077,-0.479,
-0.265,-0.297,-0.047,-0.443,
-0.266,-0.275,-0.059,-0.393,
-0.229,-0.232,-0.059,-0.305,
-0.271,-0.255,-0.064,-0.423,
-0.29,-0.291,-0.045,-0.518,
-0.348,-0.347,-0.025,-0.557,
-0.286,-0.285,-0.071,-0.492,
-0.272,-0.234,-0.042,-0.462,
-0.303,-0.253,-0.064,-0.542,
-0.283,-0.249,-0.03,-0.541,
-0.293,-0.235,-0.07,-0.514,
-0.306,-0.272,-0.064,-0.537,
-0.289,-0.288,-0.084,-0.504,
-0.201,-0.202,-0.079,-0.393,
-0.254,-0.274,-0.049,-0.382,
-0.275,-0.307,-0.041,-0.432,
-0.278,-0.249,-0.047,-0.489,
-0.223,-0.218,-0.045,-0.406,
-0.275,-0.231,-0.011,-0.539,
-0.277,-0.264,-0.067,-0.436,
-0.256,-0.233,-0.041,-0.489,
-0.294,-0.282,-0.059,-0.505,
-0.31,-0.284,-0.057,-0.477,
-0.297,-0.278,-0.046,-0.46,
-0.281,-0.302,-0.049,-0.38,
-0.267,-0.261,-0.041,-0.479,
-0.281,-0.249,-0.039,-0.477,
-0.268,-0.245,-0.056,-0.451,
-0.316,-0.314,-0.079,-0.5,
-0.307,-0.307,-0.05,-0.504,
-0.33,-0.356,-0.052,-0.554,
-0.289,-0.287,-0.078,-0.483,
-0.294,-0.263,-0.057,-0.486,
-0.309,-0.334,-0.039,-0.501,
-0.253,-0.266,-0.072,-0.404,
-0.262,-0.278,-0.062,-0.429,
-0.281,-0.248,-0.059,-0.45,
-0.283,-0.261,-0.06,-0.505,
-0.247,-0.241,-0.048,-0.407,
-0.283,-0.283,-0.045,-0.457,
-0.254,-0.263,-0.052,-0.438,
-0.286,-0.288,-0.056,-0.432,
-0.25,-0.282,-0.056,-0.35,
-0.249,-0.242,-0.039,-0.437,
-0.262,-0.271,-0.077,-0.393,
-0.284,-0.271,-0.03,-0.495,
-0.273,-0.256,-0.037,-0.421,
-0.283,-0.294,-0.082,-0.439,
-0.296,-0.292,-0.052,-0.472,
-0.274,-0.244,-0.049,-0.461,
-0.29,-0.239,-0.063,-0.541,
-0.281,-0.28,-0.054,-0.414,
-0.267,-0.226,-0.063,-0.495,
-0.273,-0.305,-0.056,-0.334,
-0.222,-0.244,-0.051,-0.386,
-0.248,-0.23,-0.063,-0.531,
-0.28,-0.299,-0.039,-0.475,
-0.294,-0.222,-0.059,-0.573,
-0.27,-0.255,-0.057,-0.449,
-0.298,-0.287,-0.061,-0.512,
-0.284,-0.259,-0.048,-0.463,
-0.328,-0.328,-0.023,-0.556,
-0.272,-0.248,-0.065,-0.431,
-0.256,-0.232,-0.068,-0.431,
-0.299,-0.253,-0.043,-0.55,
-0.231,-0.215,-0.045,-0.481,
-0.255,-0.263,-0.039,-0.417,
-0.292,-0.305,-0.058,-0.416,
-0.284,-0.267,-0.055,-0.494,
-0.319,-0.328,-0.05,-0.518,
-0.311,-0.312,-0.053,-0.479,
-0.303,-0.275,-0.039,-0.494,
-0.283,-0.286,-0.067,-0.403,
-0.296,-0.249,-0.058,-0.52,
-0.267,-0.284,-0.035,-0.365,
-0.162,-0.16,-0.068,-0.267,
-0.331,-0.319,-0.073,-0.545,
-0.27,-0.282,-0.055,-0.381,
-0.282,-0.293,-0.033,-0.459,
-0.269,-0.273,-0.036,-0.479,
-0.281,-0.249,-0.056,-0.469,
-0.288,-0.272,-0.059,-0.478,
-0.311,-0.273,-0.087,-0.589,
-0.234,-0.22,-0.058,-0.426,
-0.297,-0.288,-0.049,-0.561,
-0.312,-0.291,-0.118,-0.517,
-0.276,-0.215,-0.072,-0.534,
-0.346,-0.342,-0.051,-0.533,
-0.271,-0.231,-0.069,-0.457,
-0.29,-0.278,-0.052,-0.459,
-0.263,-0.27,-0.062,-0.454,
-0.238,-0.254,-0.06,-0.336,
-0.291,-0.303,-0.037,-0.512,
-0.26,-0.273,-0.039,-0.421,
-0.286,-0.303,-0.039,-0.463,
-0.312,-0.279,-0.051,-0.509,
-0.258,-0.267,-0.054,-0.415,
-0.269,-0.265,-0.059,-0.436,
-0.257,-0.26,-0.052,-0.429,
-0.249,-0.258,-0.038,-0.422,
-0.293,-0.275,-0.051,-0.491,
-0.3,-0.308,-0.05,-0.488,
-0.338,-0.295,-0.047,-0.599,
-0.269,-0.267,-0.036,-0.54,
-0.342,-0.361,-0.057,-0.449,
-0.284,-0.251,-0.046,-0.477,
-0.239,-0.193,-0.027,-0.483,
-0.27,-0.278,-0.035,-0.469,
-0.244,-0.238,-0.063,-0.425,
-0.285,-0.307,-0.039,-0.458,
-0.258,-0.238,-0.043,-0.42,
-0.27,-0.289,-0.053,-0.439,
-0.269,-0.263,-0.068,-0.454,
-0.279,-0.236,-0.059,-0.558,
-0.258,-0.235,-0.059,-0.409,
-0.267,-0.228,-0.063,-0.431,
-0.32,-0.272,-0.046,-0.569,
-0.297,-0.316,-0.038,-0.477,
-0.288,-0.264,-0.049,-0.481,
-0.269,-0.29,-0.063,-0.42,
-0.31,-0.297,-0.048,-0.484,
-0.296,-0.307,-0.044,-0.498,
-0.281,-0.276,-0.055,-0.46,
-0.253,-0.29,-0.056,-0.336,
-0.272,-0.252,-0.062,-0.453,
-0.285,-0.26,-0.059,-0.484,
-0.255,-0.253,-0.059,-0.432,
-0.301,-0.248,-0.07,-0.516,
-0.228,-0.179,-0.052,-0.437,
-0.276,-0.23,-0.042,-0.5,
-0.288,-0.236,-0.054,-0.506,
-0.32,-0.327,-0.046,-0.521,
-0.276,-0.265,-0.127,-0.452,
-0.282,-0.29,-0.069,-0.509,
-0.266,-0.231,-0.055,-0.439,
-0.28,-0.315,-0.049,-0.351,
-0.257,-0.256,-0.054,-0.396,
-0.313,-0.248,-0.056,-0.568,
-0.307,-0.258,-0.075,-0.538,
-0.228,-0.216,-0.065,-0.549,
-0.244,-0.225,-0.071,-0.468,
-0.283,-0.265,-0.067,-0.495,
-0.311,-0.3,-0.055,-0.539,
-0.285,-0.262,-0.054,-0.442,
-0.266,-0.245,-0.04,-0.448,
-0.303,-0.306,-0.062,-0.421,
-0.342,-0.261,-0.048,-0.647,
-0.289,-0.271,-0.074,-0.518,
-0.293,-0.245,-0.055,-0.501,
-0.253,-0.236,-0.069,-0.395,
-0.232,-0.233,0.045,-0.519,
-0.282,-0.243,-0.069,-0.473,
-0.31,-0.248,-0.067,-0.594,
-0.267,-0.26,-0.044,-0.413,
-0.258,-0.256,-0.048,-0.522,
-0.295,-0.302,-0.056,-0.518,
-0.272,-0.275,-0.099,-0.376,
-0.314,-0.253,-0.042,-0.584,
-0.236,-0.247,-0.051,-0.533,
-0.31,-0.308,-0.036,-0.534,
-0.315,-0.304,-0.07,-0.526,
-0.345,-0.342,-0.047,-0.484,
-0.283,-0.26,-0.053,-0.484,
-0.293,-0.273,-0.048,-0.491,
-0.252,-0.249,-0.118,-0.397,
-0.305,-0.333,-0.062,-0.525,
-0.293,-0.279,-0.049,-0.498,
-0.311,-0.319,-0.061,-0.502,
-0.267,-0.264,-0.043,-0.433,
-0.293,-0.254,-0.084,-0.443,
-0.313,-0.3,-0.035,-0.558,
-0.312,-0.297,-0.006,-0.553,
-0.292,-0.321,-0.05,-0.396,
-0.307,-0.291,-0.042,-0.544,
-0.291,-0.29,-0.156,-0.519,
-0.307,-0.253,-0.043,-0.566,
-0.301,-0.32,-0.053,-0.536,
-0.33,-0.308,-0.057,-0.546,
-0.235,-0.246,-0.061,-0.424,
-0.247,-0.25,-0.061,-0.423,
-0.261,-0.274,-0.034,-0.443,
-0.318,-0.325,-0.048,-0.555,
-0.282,-0.247,-0.057,-0.464,
-0.26,-0.288,-0.015,-0.495,
-0.287,-0.262,-0.056,-0.491,
-0.273,-0.261,-0.045,-0.488,
-0.317,-0.302,-0.066,-0.503,
-0.267,-0.244,-0.065,-0.486,
-0.26,-0.272,-0.058,-0.321,
-0.278,-0.248,-0.065,-0.413,
-0.252,-0.235,-0.043,-0.461,
-0.303,-0.307,-0.05,-0.548,
-0.279,-0.254,-0.069,-0.511,
-0.299,-0.268,-0.081,-0.557,
-0.264,-0.266,-0.044,-0.444,
-0.277,-0.27,-0.07,-0.458,
-0.323,-0.294,-0.067,-0.535,
-0.277,-0.268,-0.044,-0.489,
-0.283,-0.296,-0.04,-0.603,
-0.268,-0.279,-0.029,-0.455,
-0.271,-0.237,-0.062,-0.512,
-0.263,-0.272,-0.058,-0.468,
-0.274,-0.229,-0.06,-0.544,
-0.281,-0.234,-0.038,-0.523,
-0.277,-0.26,-0.068,-0.446,
-0.298,-0.265,-0.045,-0.5,
-0.254,-0.237,-0.087,-0.396,
-0.202,-0.157,-0.05,-0.429,
-0.3,-0.286,-0.054,-0.533,
-0.314,-0.253,-0.062,-0.58,
-0.302,-0.262,-0.068,-0.485,
-0.265,-0.293,-0.032,-0.318,
-0.297,-0.297,-0.074,-0.543,
-0.292,-0.262,-0.054,-0.46,
-0.238,-0.287,0.051,-0.504,
-0.284,-0.225,-0.048,-0.498,
-0.287,-0.275,-0.066,-0.528,
-0.266,-0.224,-0.156,-0.413,
-0.325,-0.362,-0.054,-0.396,
-0.327,-0.316,-0.037,-0.549,
-0.264,-0.24,-0.046,-0.438,
-0.252,-0.232,-0.07,-0.462,
-0.277,-0.262,-0.032,-0.483,
-0.315,-0.249,-0.047,-0.557,
-0.295,-0.312,-0.082,-0.433,
-0.276,-0.275,-0.047,-0.47,
-0.189,-0.18,-0.07,-0.349,
-0.232,-0.242,-0.037,-0.404,
-0.228,-0.211,-0.052,-0.391,
-0.283,-0.316,-0.044,-0.377,
-0.208,-0.214,-0.027,-0.431,
-0.204,-0.175,-0.043,-0.445,
-0.282,-0.267,-0.091,-0.476,
-0.232,-0.228,-0.066,-0.431,
-0.276,-0.265,-0.042,-0.513,
-0.328,-0.315,-0.061,-0.475,
-0.262,-0.265,-0.059,-0.441,
-0.314,-0.303,-0.099,-0.506,
-0.265,-0.28,-0.066,-0.397,
-0.273,-0.277,-0.032,-0.442,
-0.27,-0.308,-0.049,-0.344,
-0.309,-0.295,-0.119,-0.483,
-0.306,-0.247,-0.053,-0.559,
-0.269,-0.254,-0.116,-0.437,
-0.285,-0.273,-0.039,-0.482,
-0.32,-0.288,-0.051,-0.517,
-0.283,-0.257,-0.101,-0.453,
-0.288,-0.296,-0.056,-0.464,
-0.28,-0.265,-0.045,-0.439,
-0.242,-0.261,-0.045,-0.359,
-0.265,-0.274,-0.053,-0.406,
-0.29,-0.245,-0.036,-0.487,
-0.274,-0.243,-0.103,-0.486,
-0.319,-0.281,-0.122,-0.593,
-0.264,-0.255,-0.056,-0.404,
-0.263,-0.263,-0.079,-0.425,
-0.279,-0.265,-0.051,-0.498,
-0.28,-0.306,-0.028,-0.442,
-0.299,-0.29,-0.057,-0.449,
-0.308,-0.295,-0.052,-0.522,
-0.24,-0.218,-0.055,-0.414,
-0.321,-0.263,-0.057,-0.577,
-0.286,-0.265,-0.058,-0.443,
-0.313,-0.304,-0.072,-0.507,
-0.263,-0.232,-0.096,-0.455,
-0.264,-0.239,-0.048,-0.524,
-0.279,-0.274,0.044,-0.518,
-0.248,-0.23,-0.037,-0.421,
-0.283,-0.278,-0.06,-0.439,
-0.267,-0.279,-0.024,-0.473,
-0.293,-0.29,-0.064,-0.462,
-0.245,-0.216,-0.069,-0.457,
-0.239,-0.249,-0.062,-0.441,
-0.239,-0.23,-0.025,-0.4,
-0.312,-0.289,-0.045,-0.477,
-0.291,-0.26,-0.102,-0.451,
-0.264,-0.226,-0.077,-0.494,
-0.211,-0.221,-0.018,-0.35,
-0.249,-0.256,-0.043,-0.47,
-0.249,-0.257,-0.038,-0.407,
-0.317,-0.317,-0.064,-0.514,
-0.261,-0.258,-0.053,-0.447,
-0.282,-0.251,-0.055,-0.446,
-0.258,-0.262,-0.048,-0.398,
-0.326,-0.322,-0.048,-0.486,
-0.285,-0.29,-0.074,-0.501,
-0.289,-0.256,-0.039,-0.454,
-0.251,-0.275,-0.052,-0.307,
-0.271,-0.238,-0.063,-0.432,
-0.271,-0.271,-0.041,-0.495,
-0.265,-0.255,-0.04,-0.478,
-0.324,-0.319,-0.176,-0.505,
-0.306,-0.275,-0.06,-0.531,
-0.233,-0.223,-0.06,-0.35,
-0.264,-0.242,-0.055,-0.411,
-0.305,-0.296,-0.099,-0.508,
-0.311,-0.278,-0.062,-0.496,
-0.301,-0.303,-0.04,-0.484,
-0.27,-0.288,-0.079,-0.418,
-0.329,-0.269,-0.064,-0.528,
-0.251,-0.228,-0.132,-0.362,
-0.26,-0.282,-0.06,-0.342,
-0.3,-0.29,-0.038,-0.433,
-0.264,-0.282,-0.049,-0.342,
-0.273,-0.264,-0.07,-0.476,
-0.312,-0.273,-0.072,-0.562,
-0.254,-0.272,-0.067,-0.317,
-0.256,-0.266,-0.085,-0.36,
-0.271,-0.246,-0.052,-0.466,
-0.262,-0.288,-0.08,-0.323,
-0.215,-0.185,-0.072,-0.469,
-0.25,-0.279,-0.041,-0.365,
-0.294,-0.282,-0.056,-0.51,
-0.289,-0.281,0.031,-0.571,
-0.233,-0.243,-0.065,-0.398,
-0.271,-0.249,-0.068,-0.487,
-0.251,-0.256,-0.043,-0.399,
-0.193,-0.167,0.025,-0.386,
-0.283,-0.268,-0.071,-0.478,
-0.304,-0.265,-0.06,-0.517,
-0.207,-0.214,-0.058,-0.362,
-0.249,-0.228,-0.058,-0.449,
-0.308,-0.251,-0.037,-0.61,
-0.284,-0.266,-0.07,-0.476,
-0.248,-0.253,-0.052,-0.435,
-0.272,-0.227,-0.052,-0.408,
-0.293,-0.237,-0.063,-0.548,
-0.251,-0.269,-0.032,-0.347,
-0.263,-0.244,-0.053,-0.454,
-0.262,-0.28,-0.042,-0.476,
-0.261,-0.237,-0.065,-0.451,
-0.307,-0.253,-0.039,-0.576,
-0.252,-0.228,-0.067,-0.414,
-0.303,-0.31,-0.036,-0.552,
-0.352,-0.272,-0.047,-0.667,
-0.319,-0.285,-0.059,-0.58,
-0.297,-0.295,-0.051,-0.547,
-0.331,-0.284,-0.056,-0.552,
-0.28,-0.276,-0.008,-0.414,
-0.206,-0.189,-0.069,-0.359,
-0.278,-0.247,-0.05,-0.479,
-0.307,-0.332,-0.058,-0.611,
-0.314,-0.32,-0.051,-0.511,
-0.362,-0.411,-0.065,-0.531,
-0.278,-0.311,-0.07,-0.43,
-0.273,-0.28,-0.028,-0.501,
-0.279,-0.268,-0.047,-0.4,
-0.291,-0.245,-0.076,-0.532,
-0.305,-0.281,-0.05,-0.515,
-0.286,-0.309,-0.051,-0.499,
-0.306,-0.238,-0.044,-0.578,
-0.281,-0.26,-0.054,-0.468,
-0.235,-0.239,-0.013,-0.456,
-0.321,-0.275,-0.053,-0.548,
-0.27,-0.282,-0.041,-0.477,
-0.34,-0.264,-0.065,-0.607,
-0.291,-0.27,-0.045,-0.537,
-0.262,-0.302,0.009,-0.436,
-0.232,-0.245,-0.049,-0.302,
-0.266,-0.243,-0.053,-0.51,
-0.169,-0.168,-0.067,-0.316,
-0.308,-0.288,-0.055,-0.496,
-0.327,-0.324,-0.044,-0.54,
-0.297,-0.282,-0.055,-0.492,
-0.269,-0.272,-0.073,-0.374,
-0.336,-0.356,-0.053,-0.545,
-0.286,-0.322,-0.027,-0.356,
-0.284,-0.273,-0.036,-0.499,
-0.275,-0.269,-0.038,-0.514,
-0.236,-0.221,-0.056,-0.489,
-0.297,-0.247,-0.054,-0.559,
-0.302,-0.302,-0.064,-0.485,
-0.288,-0.301,-0.043,-0.506,
-0.287,-0.318,-0.034,-0.351,
-0.3,-0.244,-0.066,-0.535,
-0.283,-0.268,-0.057,-0.503,
-0.301,-0.279,-0.064,-0.459,
-0.298,-0.271,-0.1,-0.479,
-0.314,-0.302,-0.043,-0.534,
-0.273,-0.258,-0.047,-0.496,
-0.285,-0.286,-0.043,-0.436,
-0.25,-0.253,-0.059,-0.359,
-0.298,-0.304,-0.058,-0.484,
-0.279,-0.236,-0.045,-0.471,
-0.26,-0.254,-0.063,-0.443,
-0.305,-0.295,-0.049,-0.466,
-0.229,-0.252,-0.056,-0.326,
-0.265,-0.231,-0.043,-0.459,
-0.301,-0.24,-0.074,-0.565,
-0.334,-0.282,-0.064,-0.58,
-0.308,-0.292,-0.056,-0.457,
-0.275,-0.267,-0.051,-0.456,
-0.225,-0.217,-0.051,-0.406,
-0.278,-0.295,-0.029,-0.462,
-0.241,-0.246,-0.052,-0.375,
-0.265,-0.279,-0.041,-0.446,
-0.255,-0.283,-0.06,-0.348,
-0.372,-0.36,-0.052,-0.596,
-0.285,-0.265,-0.051,-0.546,
-0.297,-0.288,-0.055,-0.469,
-0.313,-0.365,-0.017,-0.455,
-0.254,-0.217,0.015,-0.46,
-0.298,-0.264,-0.045,-0.502,
-0.273,-0.23,-0.064,-0.464,
-0.261,-0.212,-0.047,-0.457,
-0.302,-0.339,-0.051,-0.358,
-0.277,-0.246,-0.04,-0.439,
-0.282,-0.284,-0.022,-0.478,
-0.285,-0.256,-0.058,-0.458,
-0.259,-0.257,-0.035,-0.449,
-0.284,-0.261,-0.055,-0.449,
-0.274,-0.238,-0.063,-0.453,
-0.295,-0.267,-0.034,-0.483,
-0.28,-0.26,-0.069,-0.446,
-0.265,-0.274,-0.045,-0.402,
-0.239,-0.25,-0.064,-0.379,
-0.254,-0.263,-0.074,-0.357,
-0.27,-0.233,0.021,-0.483,
-0.242,-0.2,-0.074,-0.481,
-0.292,-0.247,-0.059,-0.501,
-0.18,-0.197,0.038,-0.355,
-0.277,-0.276,-0.076,-0.401,
-0.259,-0.24,-0.064,-0.439,
-0.304,-0.312,-0.063,-0.498,
-0.285,-0.278,-0.02,-0.474,
-0.234,-0.238,-0.042,-0.413,
-0.291,-0.276,-0.052,-0.44,
-0.289,-0.283,-0.056,-0.488,
-0.302,-0.291,-0.058,-0.512,
-0.276,-0.258,-0.092,-0.483,
-0.287,-0.264,-0.074,-0.497,
-0.314,-0.344,-0.05,-0.388,
-0.242,-0.249,-0.024,-0.386,
-0.346,-0.383,-0.06,-0.441,
-0.349,-0.404,-0.023,-0.438,
-0.282,-0.259,-0.068,-0.471,
-0.226,-0.207,-0.009,-0.46,
-0.29,-0.286,-0.088,-0.458,
-0.305,-0.331,-0.052,-0.382,
-0.374,-0.324,-0.028,-0.635,
-0.326,-0.339,-0.036,-0.476,
-0.341,-0.343,-0.064,-0.514,
-0.339,-0.33,-0.041,-0.484,
-0.346,-0.336,-0.062,-0.507,
-0.364,-0.377,-0.053,-0.506,
-0.36,-0.319,-0.087,-0.603,
-0.329,-0.299,-0.048,-0.525,
-0.34,-0.319,-0.074,-0.567,
-0.351,-0.368,-0.039,-0.51,
-0.348,-0.326,-0.054,-0.519,
-0.301,-0.323,-0.05,-0.472,
-0.317,-0.336,-0.04,-0.526,
-0.316,-0.357,-0.043,-0.393,
-0.302,-0.29,-0.06,-0.48,
-0.332,-0.326,-0.056,-0.515,
-0.386,-0.338,-0.054,-0.648,
-0.326,-0.338,-0.067,-0.454,
-0.317,-0.321,-0.04,-0.479,
-0.392,-0.398,-0.059,-0.545,
-0.35,-0.382,-0.06,-0.547,
-0.311,-0.331,-0.04,-0.503,
-0.369,-0.347,-0.028,-0.56,
-0.295,-0.301,-0.05,-0.455,
-0.366,-0.369,-0.081,-0.545,
-0.314,-0.328,-0.046,-0.51,
-0.352,-0.368,-0.068,-0.518,
-0.324,-0.346,-0.052,-0.481,
-0.329,-0.336,-0.035,-0.506,
-0.389,-0.361,-0.075,-0.625,
-0.342,-0.37,-0.051,-0.464,
-0.37,-0.345,-0.06,-0.555,
-0.271,-0.284,-0.049,-0.469,
-0.359,-0.358,-0.072,-0.571,
-0.35,-0.368,-0.054,-0.475,
-0.306,-0.301,-0.062,-0.479,
-0.257,-0.278,-0.057,-0.391,
-0.356,-0.354,-0.031,-0.595,
-0.334,-0.325,-0.074,-0.585,
-0.331,-0.328,-0.032,-0.489,
-0.353,-0.327,-0.053,-0.552,
-0.317,-0.32,-0.056,-0.488,
-0.354,-0.398,-0.028,-0.524,
-0.325,-0.318,-0.046,-0.511,
-0.371,-0.349,-0.051,-0.563,
-0.352,-0.355,-0.041,-0.583,
-0.336,-0.348,-0.062,-0.558,
-0.339,-0.329,-0.095,-0.508,
-0.364,-0.317,-0.07,-0.609,
-0.386,-0.408,-0.075,-0.581,
-0.356,-0.354,-0.037,-0.564,
-0.357,-0.361,-0.055,-0.581,
-0.377,-0.381,-0.044,-0.52,
-0.338,-0.338,-0.006,-0.522,
-0.364,-0.359,-0.052,-0.571,
-0.316,-0.305,-0.057,-0.528,
-0.387,-0.421,-0.03,-0.575,
-0.342,-0.35,-0.051,-0.564,
-0.378,-0.386,-0.066,-0.587,
-0.368,-0.328,-0.055,-0.589,
-0.347,-0.354,-0.057,-0.556,
-0.325,-0.331,-0.077,-0.55,
-0.341,-0.348,-0.054,-0.52,
-0.271,-0.302,-0.033,-0.374,
-0.304,-0.321,-0.067,-0.448,
-0.353,-0.366,-0.062,-0.484,
-0.346,-0.333,-0.06,-0.492,
-0.31,-0.304,-0.043,-0.447,
-0.345,-0.307,-0.082,-0.541,
-0.326,-0.346,-0.05,-0.542,
-0.34,-0.334,-0.118,-0.608,
-0.326,-0.325,0.009,-0.518,
-0.302,-0.332,-0.049,-0.376,
-0.282,-0.297,-0.063,-0.432,
-0.337,-0.349,-0.053,-0.49,
-0.367,-0.406,-0.043,-0.584,
-0.35,-0.365,-0.069,-0.611,
-0.323,-0.326,-0.07,-0.524,
-0.351,-0.364,-0.038,-0.547,
-0.292,-0.303,-0.064,-0.475,
-0.331,-0.351,-0.044,-0.478,
-0.349,-0.335,-0.072,-0.531,
-0.31,-0.32,-0.054,-0.479,
-0.348,-0.34,-0.046,-0.515,
-0.327,-0.356,-0.065,-0.456,
-0.383,-0.336,-0.058,-0.644,
-0.331,-0.34,-0.079,-0.517,
-0.317,-0.306,-0.055,-0.504,
-0.379,-0.37,-0.063,-0.598,
-0.365,-0.372,-0.053,-0.601,
-0.343,-0.339,-0.08,-0.535,
-0.301,-0.297,-0.06,-0.501,
-0.357,-0.348,-0.035,-0.573,
-0.33,-0.382,-0.068,-0.438,
-0.348,-0.328,-0.034,-0.572,
-0.293,-0.31,-0.09,-0.408,
-0.392,-0.428,-0.039,-0.512,
-0.294,-0.318,-0.002,-0.394,
-0.357,-0.35,-0.036,-0.519,
-0.362,-0.35,-0.076,-0.571,
-0.354,-0.363,-0.059,-0.552,
-0.314,-0.327,-0.034,-0.509,
-0.343,-0.336,-0.045,-0.516,
-0.332,-0.323,-0.085,-0.568,
-0.346,-0.33,-0.069,-0.536,
-0.346,-0.344,-0.032,-0.54,
-0.322,-0.321,-0.08,-0.492,
-0.364,-0.345,-0.064,-0.539,
-0.346,-0.329,0.009,-0.635,
-0.387,-0.399,-0.037,-0.569,
-0.324,-0.333,-0.06,-0.47,
-0.346,-0.349,-0.045,-0.547,
-0.295,-0.311,-0.071,-0.441,
-0.34,-0.347,-0.057,-0.608,
-0.369,-0.357,-0.04,-0.528,
-0.292,-0.306,-0.037,-0.404,
-0.378,-0.362,-0.06,-0.594,
-0.279,-0.294,-0.1,-0.391,
-0.349,-0.315,-0.062,-0.552,
-0.3,-0.309,-0.053,-0.422,
-0.364,-0.351,-0.038,-0.585,
-0.358,-0.356,-0.06,-0.527,
-0.425,-0.405,-0.06,-0.648,
-0.32,-0.327,-0.062,-0.52,
-0.283,-0.299,-0.062,-0.395,
-0.3,-0.305,-0.107,-0.386,
-0.341,-0.321,-0.042,-0.55,
-0.352,-0.342,-0.092,-0.589,
-0.32,-0.345,-0.082,-0.42,
-0.361,-0.339,-0.039,-0.604,
-0.331,-0.326,-0.051,-0.516,
-0.354,-0.336,-0.057,-0.575,
-0.352,-0.331,-0.09,-0.565,
-0.393,-0.419,-0.041,-0.599,
-0.28,-0.298,-0.039,-0.445,
-0.362,-0.343,-0.047,-0.594,
-0.318,-0.353,-0.048,-0.395,
-0.347,-0.323,-0.048,-0.511,
-0.306,-0.312,-0.054,-0.49,
-0.328,-0.328,-0.069,-0.481,
-0.343,-0.34,-0.075,-0.551,
-0.359,-0.38,-0.051,-0.61,
-0.396,-0.362,-0.07,-0.646,
-0.303,-0.303,-0.071,-0.452,
-0.372,-0.361,-0.121,-0.548,
-0.375,-0.367,-0.032,-0.591,
-0.345,-0.336,-0.062,-0.507,
-0.366,-0.329,-0.063,-0.601,
-0.395,-0.369,-0.049,-0.642,
-0.343,-0.332,-0.045,-0.502,
-0.31,-0.301,-0.059,-0.506,
-0.346,-0.361,-0.05,-0.451,
-0.315,-0.315,-0.055,-0.514,
-0.354,-0.379,-0.066,-0.474,
-0.343,-0.347,-0.053,-0.517,
-0.257,-0.256,-0.049,-0.501,
-0.339,-0.362,-0.047,-0.479,
-0.344,-0.345,-0.048,-0.508,
-0.345,-0.307,-0.047,-0.535,
-0.336,-0.35,-0.066,-0.6,
-0.325,-0.333,-0.031,-0.482,
-0.348,-0.335,-0.055,-0.509,
-0.366,-0.372,-0.045,-0.558,
-0.38,-0.421,-0.047,-0.547,
-0.367,-0.394,-0.054,-0.577,
-0.366,-0.374,-0.034,-0.571,
-0.306,-0.308,-0.057,-0.493,
-0.368,-0.386,-0.05,-0.586,
-0.317,-0.309,-0.049,-0.449,
-0.385,-0.458,-0.054,-0.516,
-0.326,-0.363,-0.037,-0.412,
-0.358,-0.354,-0.064,-0.542,
-0.322,-0.347,-0.057,-0.449,
-0.313,-0.355,-0.063,-0.41,
-0.33,-0.332,-0.044,-0.506,
-0.306,-0.323,-0.053,-0.395,
-0.387,-0.377,-0.069,-0.605,
-0.376,-0.36,-0.054,-0.66,
-0.334,-0.335,-0.045,-0.583,
-0.347,-0.337,-0.063,-0.572,
-0.311,-0.329,-0.063,-0.522,
-0.259,-0.257,-0.07,-0.419,
-0.38,-0.365,-0.043,-0.611,
-0.35,-0.347,-0.068,-0.526,
-0.364,-0.356,-0.097,-0.551,
-0.353,-0.362,-0.079,-0.535,
-0.37,-0.333,-0.051,-0.607,
-0.349,-0.356,-0.128,-0.585,
-0.31,-0.333,-0.069,-0.389,
-0.342,-0.311,-0.057,-0.564,
-0.34,-0.34,-0.077,-0.518,
-0.331,-0.326,-0.049,-0.529,
-0.34,-0.372,-0.058,-0.548,
-0.359,-0.357,-0.051,-0.578,
-0.35,-0.336,-0.087,-0.598,
-0.416,-0.423,-0.047,-0.635,
-0.33,-0.334,-0.06,-0.487,
-0.308,-0.292,-0.101,-0.473,
-0.32,-0.327,-0.005,-0.531,
-0.365,-0.315,-0.054,-0.615,
-0.294,-0.328,-0.063,-0.454,
-0.308,-0.293,-0.052,-0.519,
-0.317,-0.323,-0.011,-0.494,
-0.385,-0.348,-0.075,-0.581,
-0.333,-0.344,-0.043,-0.564,
-0.343,-0.374,-0.047,-0.476,
-0.362,-0.378,-0.079,-0.482,
-0.356,-0.334,-0.105,-0.53,
-0.363,-0.364,-0.06,-0.576,
-0.358,-0.348,-0.07,-0.522,
-0.339,-0.363,-0.053,-0.468,
-0.351,-0.337,-0.046,-0.515,
-0.375,-0.401,-0.076,-0.577,
-0.375,-0.365,-0.053,-0.624,
-0.381,-0.37,-0.041,-0.548,
-0.359,-0.335,-0.058,-0.581,
-0.332,-0.337,-0.082,-0.527,
-0.383,-0.384,-0.067,-0.591,
-0.323,-0.323,-0.048,-0.5,
-0.35,-0.338,-0.029,-0.557,
-0.335,-0.327,-0.034,-0.48,
-0.296,-0.297,-0.062,-0.44,
-0.362,-0.322,-0.066,-0.616,
-0.359,-0.397,-0.032,-0.434,
-0.356,-0.325,-0.066,-0.539,
-0.283,-0.286,-0.058,-0.528,
-0.421,-0.39,-0.067,-0.672,
-0.313,-0.337,-0.071,-0.462,
-0.333,-0.349,-0.055,-0.457,
-0.35,-0.341,-0.069,-0.517,
-0.301,-0.317,-0.055,-0.524,
-0.332,-0.334,-0.043,-0.592,
-0.367,-0.343,-0.055,-0.607,
-0.366,-0.346,-0.053,-0.603,
-0.334,-0.324,-0.074,-0.49,
-0.347,-0.33,-0.103,-0.563,
-0.42,-0.438,-0.039,-0.607,
-0.303,-0.326,-0.062,-0.519,
-0.311,-0.3,-0.07,-0.542,
-0.35,-0.347,-0.04,-0.494,
-0.333,-0.333,-0.068,-0.473,
-0.316,-0.307,-0.124,-0.441,
-0.273,-0.298,-0.05,-0.428,
-0.354,-0.357,-0.054,-0.51,
-0.363,-0.358,-0.071,-0.582,
-0.322,-0.343,0.036,-0.516,
-0.294,-0.304,-0.053,-0.537,
-0.363,-0.329,-0.073,-0.56,
-0.343,-0.35,-0.066,-0.501,
-0.318,-0.315,-0.056,-0.52,
-0.38,-0.379,-0.04,-0.587,
-0.329,-0.352,-0.054,-0.481,
-0.368,-0.359,-0.056,-0.574,
-0.368,-0.309,-0.075,-0.601,
-0.338,-0.324,-0.055,-0.489,
-0.294,-0.304,-0.084,-0.469,
-0.383,-0.388,-0.061,-0.524,
-0.281,-0.296,-0.071,-0.459,
-0.354,-0.366,-0.058,-0.51,
-0.337,-0.34,-0.061,-0.503,
-0.335,-0.353,-0.048,-0.471,
-0.357,-0.355,-0.042,-0.534,
-0.319,-0.327,-0.052,-0.442,
-0.32,-0.355,-0.052,-0.374,
-0.365,-0.373,-0.061,-0.537,
-0.355,-0.31,-0.057,-0.617,
-0.36,-0.332,-0.058,-0.585,
-0.326,-0.326,-0.056,-0.531,
-0.367,-0.343,-0.051,-0.576,
-0.336,-0.362,-0.05,-0.494,
-0.326,-0.355,-0.062,-0.475,
-0.318,-0.336,-0.06,-0.47,
-0.332,-0.335,-0.067,-0.551,
-0.282,-0.265,-0.067,-0.478,
-0.32,-0.309,-0.074,-0.512,
-0.327,-0.338,-0.026,-0.499,
-0.385,-0.357,-0.044,-0.636,
-0.316,-0.343,-0.041,-0.44,
-0.389,-0.364,-0.103,-0.553,
-0.375,-0.369,-0.043,-0.554,
-0.346,-0.323,-0.045,-0.538,
-0.352,-0.366,-0.044,-0.562,
-0.31,-0.326,-0.037,-0.493,
-0.383,-0.415,-0.028,-0.488,
-0.421,-0.409,-0.067,-0.619,
-0.394,-0.355,-0.046,-0.649,
-0.369,-0.386,-0.064,-0.528,
-0.364,-0.34,-0.066,-0.602,
-0.317,-0.34,-0.045,-0.457,
-0.396,-0.413,-0.041,-0.606,
-0.325,-0.327,-0.062,-0.501,
-0.349,-0.337,-0.034,-0.559,
-0.388,-0.401,-0.033,-0.593,
-0.356,-0.327,-0.079,-0.565,
-0.32,-0.349,-0.062,-0.431,
-0.298,-0.326,-0.064,-0.501,
-0.343,-0.381,-0.016,-0.494,
-0.232,-0.245,-0.05,-0.31,
-0.336,-0.332,-0.059,-0.491,
-0.333,-0.311,-0.059,-0.569,
-0.36,-0.336,-0.1,-0.525,
-0.322,-0.334,-0.075,-0.477,
-0.34,-0.354,-0.056,-0.477,
-0.305,-0.338,-0.093,-0.444,
-0.336,-0.331,-0.058,-0.515,
-0.381,-0.368,-0.037,-0.549,
-0.33,-0.345,-0.047,-0.478,
-0.33,-0.323,-0.046,-0.48,
-0.358,-0.367,-0.059,-0.564,
-0.354,-0.353,-0.021,-0.641,
-0.337,-0.344,-0.053,-0.524,
-0.312,-0.317,-0.068,-0.491,
-0.355,-0.345,-0.064,-0.596,
-0.319,-0.322,-0.053,-0.476,
-0.361,-0.354,-0.076,-0.569,
-0.38,-0.384,-0.021,-0.596,
-0.336,-0.367,-0.058,-0.47,
-0.333,-0.316,-0.039,-0.53,
-0.33,-0.32,-0.036,-0.537,
-0.374,-0.368,-0.055,-0.596,
-0.28,-0.287,-0.058,-0.43,
-0.364,-0.331,-0.087,-0.656,
-0.374,-0.387,-0.058,-0.514,
-0.311,-0.344,-0.034,-0.37,
-0.347,-0.377,-0.09,-0.459,
-0.357,-0.347,-0.05,-0.569,
-0.36,-0.344,-0.044,-0.523,
-0.371,-0.359,-0.061,-0.547,
-0.297,-0.296,-0.048,-0.489,
-0.324,-0.335,-0.027,-0.552,
-0.386,-0.406,-0.047,-0.551,
-0.369,-0.353,-0.053,-0.599,
-0.348,-0.33,-0.073,-0.518,
-0.328,-0.351,-0.054,-0.508,
-0.343,-0.341,-0.051,-0.526,
-0.31,-0.314,-0.066,-0.505,
-0.335,-0.321,-0.038,-0.505,
-0.318,-0.289,-0.04,-0.586,
-0.364,-0.363,-0.139,-0.546,
-0.301,-0.332,-0.049,-0.489,
-0.281,-0.259,-0.064,-0.515,
-0.378,-0.383,-0.058,-0.558,
-0.34,-0.343,-0.084,-0.536,
-0.307,-0.328,-0.043,-0.423,
-0.374,-0.361,-0.071,-0.608,
-0.273,-0.282,-0.046,-0.434,
-0.362,-0.345,-0.093,-0.58,
-0.332,-0.323,-0.02,-0.546,
-0.336,-0.332,-0.037,-0.527,
-0.267,-0.271,-0.051,-0.404,
-0.381,-0.387,-0.081,-0.58,
-0.37,-0.402,-0.049,-0.598,
-0.318,-0.327,-0.059,-0.464,
-0.375,-0.352,0,-0.652,
-0.37,-0.398,-0.057,-0.548,
-0.331,-0.339,-0.081,-0.449,
-0.354,-0.324,-0.061,-0.532,
-0.33,-0.334,-0.053,-0.528,
-0.316,-0.303,-0.053,-0.503,
-0.327,-0.356,-0.101,-0.405,
-0.348,-0.319,-0.044,-0.549,
-0.309,-0.325,-0.061,-0.408,
-0.353,-0.355,-0.039,-0.555,
-0.338,-0.29,-0.087,-0.553,
-0.321,-0.367,-0.047,-0.497,
-0.352,-0.336,-0.036,-0.567,
-0.296,-0.3,-0.042,-0.474,
-0.253,-0.291,-0.042,-0.499,
-0.323,-0.299,-0.042,-0.554,
-0.33,-0.349,-0.033,-0.556,
-0.321,-0.333,-0.05,-0.493,
-0.361,-0.342,-0.048,-0.536,
-0.358,-0.332,-0.047,-0.631,
-0.327,-0.321,-0.08,-0.542,
-0.315,-0.321,-0.074,-0.483,
-0.336,-0.33,0.007,-0.537,
-0.317,-0.315,-0.062,-0.456,
-0.331,-0.325,-0.106,-0.529,
-0.328,-0.34,-0.082,-0.452,
-0.34,-0.352,-0.049,-0.543,
-0.34,-0.318,-0.054,-0.595,
-0.36,-0.383,-0.048,-0.534,
-0.311,-0.343,-0.048,-0.475,
-0.309,-0.318,-0.059,-0.548,
-0.3,-0.253,-0.067,-0.58,
-0.273,-0.243,-0.033,-0.483,
-0.278,-0.275,-0.049,-0.462,
-0.281,-0.264,-0.05,-0.473,
-0.274,-0.251,-0.082,-0.432,
-0.315,-0.293,-0.074,-0.5,
-0.251,-0.225,-0.076,-0.471,
-0.322,-0.335,-0.082,-0.489,
-0.3,-0.299,-0.036,-0.567,
-0.305,-0.34,-0.054,-0.375,
-0.272,-0.275,-0.069,-0.427,
-0.308,-0.275,-0.064,-0.534,
-0.313,-0.289,-0.075,-0.522,
-0.281,-0.227,-0.038,-0.527,
-0.361,-0.351,-0.053,-0.57,
-0.371,-0.362,-0.049,-0.604,
-0.244,-0.272,-0.012,-0.447,
-0.304,-0.285,-0.034,-0.535,
-0.263,-0.253,-0.029,-0.483,
-0.275,-0.261,-0.028,-0.424,
-0.295,-0.263,-0.07,-0.493,
-0.233,-0.242,-0.055,-0.352,
-0.305,-0.28,-0.08,-0.475,
-0.235,-0.222,0.137,-0.562,
-0.209,-0.199,0.08,-0.461,
-0.208,-0.172,-0.055,-0.405,
-0.301,-0.262,-0.063,-0.491,
-0.359,-0.36,-0.082,-0.549,
-0.263,-0.278,-0.042,-0.42,
-0.293,-0.297,-0.051,-0.474,
-0.311,-0.303,-0.04,-0.483,
-0.286,-0.255,-0.019,-0.492,
-0.329,-0.361,-0.063,-0.407,
-0.371,-0.406,-0.058,-0.556,
-0.293,-0.291,0.006,-0.5,
-0.403,-0.415,-0.052,-0.601,
-0.282,-0.274,-0.075,-0.517,
-0.299,-0.313,-0.052,-0.444,
-0.296,-0.265,0.051,-0.57,
-0.315,-0.327,-0.056,-0.521,
-0.345,-0.317,-0.048,-0.547,
-0.341,-0.329,-0.051,-0.555,
-0.394,-0.457,-0.053,-0.477,
-0.357,-0.329,-0.058,-0.594,
-0.32,-0.308,-0.061,-0.568,
-0.321,-0.316,-0.056,-0.468,
-0.327,-0.329,-0.037,-0.539,
-0.335,-0.305,-0.027,-0.583,
-0.29,-0.314,-0.041,-0.392,
-0.29,-0.306,-0.045,-0.482,
-0.253,-0.215,-0.061,-0.443,
-0.224,-0.223,-0.054,-0.382,
-0.299,-0.275,-0.049,-0.477,
-0.33,-0.26,-0.061,-0.601,
-0.269,-0.263,-0.032,-0.466,
-0.316,-0.303,-0.048,-0.518,
-0.286,-0.276,-0.051,-0.496,
-0.318,-0.272,-0.074,-0.565,
-0.288,-0.278,-0.043,-0.468,
-0.351,-0.357,-0.079,-0.514,
-0.308,-0.303,-0.052,-0.498,
-0.257,-0.251,-0.053,-0.464,
-0.255,-0.231,-0.081,-0.42,
-0.326,-0.336,-0.045,-0.512,
-0.336,-0.321,-0.059,-0.506,
-0.302,-0.308,-0.054,-0.494,
-0.35,-0.335,-0.007,-0.595,
-0.327,-0.319,-0.057,-0.534,
-0.358,-0.349,-0.039,-0.596,
-0.326,-0.328,-0.052,-0.538,
-0.342,-0.341,-0.062,-0.552,
-0.344,-0.333,-0.046,-0.563,
-0.334,-0.304,-0.062,-0.505,
-0.355,-0.325,-0.072,-0.62,
-0.358,-0.374,-0.046,-0.507,
-0.366,-0.388,-0.057,-0.581,
-0.313,-0.303,-0.047,-0.537,
-0.364,-0.324,-0.043,-0.63,
-0.34,-0.336,-0.053,-0.51,
-0.297,-0.304,-0.067,-0.426,


-0.187,-0.253,0.343,-0.364,
-0.245,-0.272,0.169,-0.445,
-0.289,-0.263,-0.17,-0.47,
-0.159,-0.186,0.322,-0.431,
-0.188,-0.265,0.448,-0.551,
-0.13,-0.131,0.201,-0.393,
-0.22,-0.288,0.22,-0.432,
-0.247,-0.29,0.297,-0.51,
-0.295,-0.328,0.084,-0.515,
-0.194,-0.183,0,-0.455,
-0.317,-0.331,-0.024,-0.523,
-0.167,-0.192,0.17,-0.372,
-0.311,-0.315,0.104,-0.54,
-0.209,-0.243,0.066,-0.419,
-0.243,-0.242,-0.016,-0.472,
-0.234,-0.258,0.062,-0.461,
-0.245,-0.311,0.11,-0.438,
-0.167,-0.215,0.306,-0.333,
-0.048,-0.086,0.228,-0.407,
-0.26,-0.325,0.074,-0.416,
-0.19,-0.186,0.22,-0.364,
-0.289,-0.301,-0.08,-0.453,
-0.148,-0.199,0.34,-0.401,
-0.139,-0.134,0.194,-0.352,
-0.242,-0.214,0.037,-0.528,
-0.327,-0.431,0.178,-0.579,
-0.105,-0.079,0.075,-0.373,
-0.25,-0.261,0.006,-0.448,
-0.274,-0.313,0.185,-0.573,
-0.238,-0.286,0.357,-0.474,
-0.286,-0.313,0.197,-0.574,
-0.135,-0.152,0.153,-0.329,
-0.156,-0.21,0.139,-0.355,
-0.299,-0.307,-0.033,-0.5,
-0.113,-0.129,0.153,-0.37,
-0.215,-0.216,-0.005,-0.476,
-0.238,-0.234,0.147,-0.537,
-0.178,-0.17,-0.039,-0.382,
-0.152,-0.234,0.229,-0.305,
-0.19,-0.232,0.068,-0.398,
-0.216,-0.215,-0.044,-0.341,
-0.263,-0.336,0.249,-0.471,
-0.075,-0.091,0.2,-0.32,
-0.259,-0.32,0.038,-0.443,
-0.199,-0.202,0.171,-0.526,
-0.241,-0.26,0.316,-0.607,
-0.145,-0.202,0.27,-0.324,
-0.19,-0.182,-0.01,-0.378,
-0.143,-0.155,0.04,-0.359,
-0.218,-0.238,0.222,-0.41,
-0.145,-0.212,0.372,-0.38,
-0.321,-0.331,-0.091,-0.469,
-0.244,-0.268,0.139,-0.449,
-0.234,-0.272,0.048,-0.479,
-0.204,-0.244,0.267,-0.46,
-0.258,-0.359,0.257,-0.482,
-0.283,-0.304,0.039,-0.467,
-0.346,-0.356,0.041,-0.599,
-0.102,-0.08,0.14,-0.293,
-0.218,-0.198,0.183,-0.428,
-0.138,-0.121,0.004,-0.363,
-0.179,-0.204,0.308,-0.473,
-0.15,-0.18,0.155,-0.433,
-0.193,-0.222,0.319,-0.461,
-0.125,-0.14,0.016,-0.239,
-0.152,-0.168,0.09,-0.312,
-0.272,-0.297,-0.074,-0.435,
-0.207,-0.205,0.125,-0.454,
-0.185,-0.226,0.073,-0.395,
-0.171,-0.189,-0.005,-0.334,
-0.337,-0.362,-0.021,-0.557,
-0.215,-0.197,0.061,-0.452,
-0.226,-0.23,0.06,-0.427,
-0.208,-0.228,0.032,-0.397,
-0.235,-0.271,0.292,-0.421,
-0.166,-0.23,0.385,-0.386,
-0.128,-0.168,0.374,-0.395,
-0.176,-0.206,0,-0.325,
-0.193,-0.267,0.368,-0.509,
-0.256,-0.28,0.132,-0.53,
-0.209,-0.248,0.189,-0.447,
-0.403,-0.475,0.123,-0.605,
-0.229,-0.252,0,-0.413,
-0.285,-0.266,0.287,-0.559,
-0.231,-0.253,0.07,-0.414,
-0.216,-0.257,0.322,-0.489,
-0.189,-0.149,0.05,-0.461,
-0.092,-0.072,0.322,-0.321,
-0.145,-0.16,0.044,-0.34,
-0.412,-0.474,0.091,-0.585,
-0.261,-0.316,0.241,-0.436,
-0.258,-0.263,0.12,-0.567,
-0.086,-0.096,0.077,-0.367,
-0.205,-0.2,0.064,-0.412,
-0.129,-0.164,0.319,-0.356,
-0.261,-0.262,0.371,-0.597,
-0.293,-0.34,0.088,-0.481,
-0.265,-0.249,0.04,-0.524,
-0.09,-0.119,0.202,-0.266,
-0.192,-0.236,0.097,-0.37,
-0.15,-0.242,0.323,-0.331,
-0.209,-0.3,0.351,-0.502,
-0.232,-0.24,0.18,-0.53,
-0.13,-0.095,0.334,-0.434,
-0.247,-0.289,0.256,-0.459,
-0.229,-0.281,0.378,-0.497,
-0.046,-0.022,0.311,-0.363,
-0.221,-0.289,0.296,-0.503,
-0.28,-0.314,0.093,-0.519,
-0.294,-0.322,0.031,-0.519,
-0.188,-0.169,0.024,-0.426,
-0.083,-0.072,0,-0.276,
-0.138,-0.177,0.308,-0.429,
-0.323,-0.397,0.061,-0.482,
-0.182,-0.154,0.204,-0.542,
-0.194,-0.165,0.117,-0.47,
-0.15,-0.143,0.197,-0.396,
-0.212,-0.227,0.005,-0.393,
-0.286,-0.312,0.219,-0.496,
-0.091,-0.083,0.14,-0.268,
-0.259,-0.323,0.251,-0.463,
-0.243,-0.248,-0.036,-0.456,
-0.243,-0.322,0.204,-0.496,
-0.225,-0.235,0.016,-0.451,
-0.244,-0.261,0.061,-0.505,
-0.209,-0.209,0.055,-0.511,
-0.218,-0.23,0.03,-0.414,
-0.285,-0.358,0.092,-0.478,
-0.259,-0.288,0.136,-0.446,
-0.268,-0.291,0.247,-0.495,
-0.231,-0.28,0.006,-0.415,
-0.166,-0.187,0.168,-0.403,
-0.066,-0.078,0.383,-0.285,
-0.071,-0.031,0.23,-0.273,
-0.274,-0.305,0.101,-0.383,
-0.136,-0.091,0.054,-0.336,
-0.039,-0.053,0.267,-0.164,
-0.209,-0.242,0.113,-0.41,
-0.211,-0.236,0.033,-0.359,
-0.216,-0.217,0.108,-0.512,
-0.145,-0.204,0.135,-0.268,
-0.062,-0.071,0.161,-0.266,
-0.226,-0.255,0.067,-0.443,
-0.189,-0.218,0.001,-0.352,
-0.131,-0.155,0.033,-0.254,
-0.221,-0.288,0.125,-0.406,
-0.245,-0.268,0.176,-0.468,
-0.193,-0.194,0.228,-0.461,
-0.181,-0.176,0.017,-0.387,
-0.153,-0.165,0.143,-0.335,
-0.208,-0.212,0.084,-0.393,
-0.324,-0.302,-0.175,-0.539,
-0.161,-0.132,0.215,-0.464,
-0.198,-0.218,0.023,-0.409,
-0.228,-0.263,0.278,-0.51,
-0.211,-0.288,0.201,-0.364,
-0.326,-0.364,-0.051,-0.529,
-0.261,-0.337,0.283,-0.493,
-0.237,-0.306,0.256,-0.46,
-0.203,-0.226,0.103,-0.402,
-0.228,-0.23,-0.055,-0.466,
-0.233,-0.267,0.25,-0.456,
-0.198,-0.191,0.145,-0.453,
-0.207,-0.192,-0.062,-0.411,
-0.053,-0.03,0.209,-0.272,
-0.222,-0.241,0.222,-0.408,
-0.167,-0.208,0.128,-0.303,
-0.148,-0.146,0.214,-0.401,
-0.219,-0.305,0.358,-0.476,
-0.177,-0.226,0.275,-0.388,
-0.192,-0.201,0.251,-0.497,
-0.127,-0.164,0.073,-0.346,
-0.251,-0.256,-0.07,-0.418,
-0.291,-0.274,-0.026,-0.479,
-0.275,-0.275,-0.007,-0.445,
-0.111,-0.141,0.271,-0.28,
-0.068,-0.064,0.169,-0.228,
-0.244,-0.231,0.155,-0.506,
-0.289,-0.317,0.078,-0.533,
-0.271,-0.288,0.019,-0.522,
-0.177,-0.227,0.225,-0.321,
-0.179,-0.17,0.274,-0.481,
-0.221,-0.238,-0.011,-0.434,
-0.246,-0.303,0.275,-0.529,
-0.288,-0.301,0.099,-0.54,
-0.218,-0.183,-0.019,-0.425,
-0.165,-0.225,0.197,-0.376,
-0.069,-0.091,0.232,-0.188,
-0.088,-0.087,0.048,-0.211,
-0.322,-0.276,-0.128,-0.588,
-0.102,-0.116,0.108,-0.261,
-0.085,-0.146,0.242,-0.274,
-0.29,-0.305,0.226,-0.526,
-0.055,-0.063,0.02,-0.136,
-0.155,-0.117,0.076,-0.334,
-0.231,-0.247,-0.024,-0.391,
-0.255,-0.242,0.099,-0.531,
-0.22,-0.28,0.215,-0.451,
-0.185,-0.252,0.128,-0.357,
-0.139,-0.197,0.43,-0.412,
-0.37,-0.417,0.184,-0.602,
-0.118,-0.124,-0.01,-0.233,
-0.199,-0.149,0.172,-0.506,
-0.241,-0.311,0.319,-0.446,
-0.179,-0.195,0.072,-0.334,
-0.088,-0.069,0.077,-0.246,
-0.265,-0.322,0.023,-0.445,
-0.183,-0.18,0.089,-0.389,
-0.187,-0.218,0.072,-0.297,
-0.153,-0.149,0.019,-0.376,
-0.194,-0.242,0.229,-0.397,
-0.217,-0.184,-0.05,-0.439,
-0.213,-0.248,0.066,-0.381,
-0.137,-0.151,0.311,-0.361,
-0.13,-0.078,0.102,-0.273,
-0.208,-0.232,0.264,-0.445,
-0.136,-0.159,0.15,-0.358,
-0.094,-0.121,0.169,-0.203,
-0.293,-0.282,-0.016,-0.563,
-0.142,-0.133,0.169,-0.43,
-0.019,-0.021,0.141,-0.199,
-0.271,-0.326,0.153,-0.462,
-0.237,-0.216,0.243,-0.476,
-0.2,-0.168,0.197,-0.465,
-0.282,-0.339,0.301,-0.504,
-0.178,-0.125,0.15,-0.502,
-0.085,-0.084,0.205,-0.346,
-0.295,-0.377,0.16,-0.45,
-0.27,-0.248,-0.033,-0.504,
-0.171,-0.195,0.269,-0.369,
-0.328,-0.35,-0.071,-0.517,
-0.221,-0.261,0.155,-0.473,
-0.253,-0.294,0.025,-0.414,
-0.065,-0.084,0.209,-0.202,
-0.194,-0.275,0.401,-0.498,
-0.206,-0.24,0.278,-0.479,
-0.266,-0.321,0.031,-0.494,
-0.186,-0.286,0.139,-0.426,
-0.272,-0.355,0.239,-0.44,
-0.28,-0.34,0.184,-0.534,
-0.235,-0.265,0.161,-0.477,
-0.169,-0.224,0.251,-0.331,
-0.118,-0.164,0.139,-0.368,
-0.263,-0.281,0.345,-0.583,
-0.184,-0.215,0.32,-0.392,
-0.26,-0.3,0.387,-0.542,
-0.154,-0.17,0.132,-0.483,
-0.231,-0.21,0.054,-0.479,
-0.203,-0.218,0.148,-0.435,
-0.192,-0.279,0.359,-0.439,
-0.096,-0.096,0.028,-0.231,
-0.309,-0.397,0.315,-0.568,
-0.22,-0.264,0.311,-0.428,
-0.182,-0.198,0.002,-0.336,
-0.19,-0.213,0.431,-0.47,
-0.255,-0.278,0.032,-0.486,
-0.295,-0.31,-0.084,-0.51,
-0.157,-0.186,0.267,-0.331,
-0.212,-0.222,0.068,-0.428,
-0.203,-0.238,0.048,-0.362,
-0.206,-0.206,0.065,-0.408,
-0.295,-0.25,-0.066,-0.506,
-0.117,-0.147,0.229,-0.286,
-0.182,-0.274,0.283,-0.351,
-0.174,-0.154,0.02,-0.374,
-0.231,-0.26,0.146,-0.465,
-0.172,-0.19,0.114,-0.414,
-0.144,-0.172,0.269,-0.415,
-0.345,-0.424,0.077,-0.551,
-0.239,-0.274,-0.057,-0.354,
-0.282,-0.3,0.012,-0.547,
-0.143,-0.174,0.29,-0.358,
-0.146,-0.166,0.336,-0.39,
-0.198,-0.226,0.299,-0.403,
-0.281,-0.316,0.246,-0.552,
-0.161,-0.163,0.068,-0.356,
-0.105,-0.139,0.163,-0.254,
-0.254,-0.28,0.092,-0.455,
-0.259,-0.358,0.106,-0.404,
-0.202,-0.218,0.167,-0.412,
-0.206,-0.241,0.232,-0.404,
-0.254,-0.256,0.102,-0.487,
-0.347,-0.398,0.03,-0.568,
-0.09,-0.069,0.216,-0.319,
-0.322,-0.326,0.092,-0.533,
-0.238,-0.222,-0.097,-0.429,
-0.275,-0.302,0.268,-0.557,
-0.252,-0.225,0.063,-0.504,
-0.07,-0.079,0.257,-0.31,
-0.09,-0.099,0.25,-0.384,
-0.292,-0.33,0.261,-0.522,
-0.215,-0.272,0.19,-0.41,
-0.11,-0.123,0.1,-0.237,
-0.247,-0.272,0.069,-0.47,
-0.189,-0.214,0.294,-0.385,
-0.14,-0.146,0.253,-0.455,
-0.21,-0.22,0.178,-0.46,
-0.156,-0.143,0.203,-0.447,
-0.131,-0.076,-0.007,-0.402,
-0.11,-0.135,0.284,-0.37,
-0.119,-0.127,0.171,-0.364,
-0.236,-0.255,0.109,-0.438,
-0.178,-0.179,0.077,-0.4,
-0.055,-0.065,0.182,-0.37,
-0.222,-0.244,0.05,-0.395,
-0.305,-0.378,0.106,-0.531,
-0.131,-0.143,0.324,-0.408,
-0.208,-0.249,0.259,-0.44,
-0.265,-0.256,-0.112,-0.45,
-0.355,-0.418,0.257,-0.531,
-0.204,-0.219,0.015,-0.342,
-0.205,-0.234,0.088,-0.477,
-0.241,-0.253,0.207,-0.502,
-0.212,-0.199,0.193,-0.541,
-0.222,-0.232,0.061,-0.423,
-0.29,-0.334,-0.036,-0.454,
-0.27,-0.32,0.201,-0.456,
-0.177,-0.168,0.076,-0.355,
-0.109,-0.124,0.168,-0.322,
-0.184,-0.2,0.212,-0.426,
-0.195,-0.236,0.251,-0.467,
-0.143,-0.129,0.028,-0.315,
-0.103,-0.13,0.179,-0.338,
-0.278,-0.274,-0.075,-0.436,
-0.233,-0.263,0.03,-0.393,
-0.124,-0.122,0.025,-0.318,
-0.359,-0.382,0.006,-0.536,
-0.114,-0.066,0.101,-0.416,
-0.138,-0.11,0.148,-0.362,
-0.199,-0.223,0.119,-0.382,
-0.131,-0.194,0.198,-0.295,
-0.33,-0.361,0,-0.566,
-0.223,-0.264,0.186,-0.4,
-0.155,-0.159,0.064,-0.351,
-0.275,-0.263,-0.026,-0.473,
-0.211,-0.198,0.151,-0.511,
-0.184,-0.238,0.138,-0.471,
-0.374,-0.407,0.067,-0.509,
-0.189,-0.178,0.053,-0.492,
-0.196,-0.222,0.329,-0.551,
-0.188,-0.178,0.068,-0.414,
-0.287,-0.277,-0.078,-0.467,
-0.256,-0.222,0.003,-0.482,
-0.314,-0.267,-0.068,-0.598,
-0.099,-0.135,0.107,-0.279,
-0.219,-0.224,0.105,-0.445,
-0.227,-0.247,0.25,-0.543,
-0.281,-0.295,-0.073,-0.435,
-0.293,-0.31,0.148,-0.514,
-0.38,-0.435,0,-0.589,
-0.172,-0.247,0.357,-0.415,
-0.132,-0.18,0.065,-0.245,
-0.147,-0.117,0.154,-0.38,
-0.321,-0.359,0.229,-0.565,
-0.296,-0.294,-0.104,-0.463,
-0.065,-0.066,0.155,-0.336,
-0.317,-0.359,0.032,-0.562,
-0.135,-0.15,0.162,-0.395,
-0.225,-0.306,0.472,-0.516,
-0.285,-0.304,0.111,-0.484,
-0.095,-0.095,0.261,-0.331,
-0.205,-0.239,0.234,-0.464,
-0.238,-0.312,0.251,-0.381,
-0.189,-0.267,0.16,-0.388,
-0.215,-0.23,0.061,-0.423,
-0.158,-0.194,0.143,-0.454,
-0.176,-0.212,0.286,-0.435,
-0.264,-0.314,0.022,-0.497,
-0.175,-0.253,0.152,-0.371,
-0.122,-0.126,0.173,-0.383,
-0.293,-0.327,-0.008,-0.517,
-0.257,-0.32,0.289,-0.439,
-0.251,-0.325,0.214,-0.453,
-0.034,-0.079,0.338,-0.265,
-0.143,-0.158,0.17,-0.367,
-0.307,-0.38,-0.065,-0.491,
-0.041,-0.045,0.121,-0.159,
-0.381,-0.409,0.22,-0.6,
-0.206,-0.188,0.053,-0.447,
-0.144,-0.158,0.121,-0.337,
-0.146,-0.157,0.142,-0.307,
-0.084,-0.105,0.273,-0.261,
-0.185,-0.208,0.131,-0.438,
-0.162,-0.179,0.137,-0.355,
-0.248,-0.224,0.024,-0.436,
-0.208,-0.188,0.053,-0.458,
-0.237,-0.304,0.275,-0.408,
-0.16,-0.176,0.092,-0.347,
-0.236,-0.209,0.099,-0.512,
-0.182,-0.216,0.273,-0.428,
-0.093,-0.098,0.091,-0.228,
-0.274,-0.326,0.137,-0.461,
-0.222,-0.252,0.251,-0.466,
-0.157,-0.22,0.27,-0.317,
-0.248,-0.218,-0.017,-0.419,
-0.193,-0.171,0.169,-0.469,
-0.265,-0.24,0.059,-0.603,
-0.211,-0.232,0.119,-0.415,
-0.058,-0.054,0.232,-0.336,
-0.268,-0.306,0.071,-0.485,
-0.338,-0.409,0.087,-0.556,
-0.249,-0.341,0.189,-0.497,
-0.123,-0.158,0.371,-0.36,
-0.05,-0.049,0.035,-0.214,
-0.058,-0.035,-0.006,-0.191,
-0.187,-0.175,0.288,-0.416,
-0.293,-0.362,-0.021,-0.431,
-0.066,-0.053,0.184,-0.246,
-0.257,-0.285,0.043,-0.427,
-0.27,-0.289,0.034,-0.481,
-0.162,-0.166,0.07,-0.438,
0.036,0.005,0.341,-0.151,
-0.143,-0.156,0.262,-0.329,
-0.241,-0.253,0.109,-0.457,
-0.187,-0.239,0.206,-0.367,
-0.222,-0.24,0.214,-0.414,
-0.208,-0.246,0.184,-0.457,
-0.112,-0.157,0.292,-0.364,
-0.242,-0.217,-0.095,-0.414,
-0.193,-0.253,0.264,-0.498,
-0.194,-0.213,0.146,-0.415,
-0.111,-0.088,0.146,-0.362,
-0.25,-0.274,0.104,-0.457,
-0.211,-0.23,0.322,-0.477,
-0.304,-0.371,0.241,-0.489,
-0.179,-0.195,0.128,-0.459,
-0.176,-0.14,0.105,-0.38,
-0.295,-0.296,0.121,-0.55,
-0.248,-0.296,0.403,-0.536,
-0.145,-0.168,0.09,-0.356,
-0.316,-0.366,0.016,-0.524,
-0.2,-0.228,0.376,-0.56,
-0.087,-0.098,0.405,-0.411,
-0.321,-0.332,0.091,-0.537,
-0.136,-0.143,0.368,-0.509,
-0.283,-0.281,-0.082,-0.495,
-0.191,-0.208,-0.019,-0.342,
-0.215,-0.201,0.182,-0.426,
-0.116,-0.164,0.313,-0.306,
-0.286,-0.403,0.239,-0.528,
-0.199,-0.245,0.32,-0.41,
-0.13,-0.131,0.247,-0.365,
-0.175,-0.173,0.134,-0.37,
-0.265,-0.268,0.069,-0.475,
-0.116,-0.113,0.238,-0.347,
-0.236,-0.194,-0.088,-0.463,
-0.22,-0.294,0.315,-0.385,
-0.269,-0.362,0.364,-0.546,
-0.17,-0.193,0.068,-0.42,
-0.197,-0.185,0.162,-0.416,
-0.14,-0.153,0.275,-0.401,
-0.276,-0.352,0.037,-0.458,
-0.23,-0.257,0.292,-0.48,
-0.199,-0.172,0.344,-0.531,
-0.163,-0.162,0.12,-0.41,
-0.097,-0.127,0.083,-0.218,
-0.222,-0.233,0.172,-0.421,
-0.265,-0.296,-0.053,-0.399,
-0.254,-0.227,-0.082,-0.441,
-0.3,-0.358,-0.029,-0.514,
-0.263,-0.294,0.131,-0.483,
-0.309,-0.336,-0.078,-0.446,
-0.154,-0.219,0.357,-0.387,
-0.28,-0.288,-0.002,-0.427,
-0.273,-0.301,0.206,-0.504,
-0.151,-0.187,0.244,-0.352,
-0.271,-0.289,0.056,-0.506,
-0.1,-0.148,0.304,-0.391,
-0.154,-0.233,0.247,-0.389,
-0.267,-0.253,-0.014,-0.477,
-0.262,-0.309,0.026,-0.435,
-0.138,-0.161,0.263,-0.365,
-0.166,-0.176,0.134,-0.306,
-0.222,-0.217,0.141,-0.439,
-0.185,-0.186,-0.039,-0.487,
-0.232,-0.237,0.137,-0.43,
-0.303,-0.297,-0.086,-0.513,
-0.168,-0.14,0.017,-0.382,
-0.079,-0.107,0.078,-0.248,
-0.152,-0.181,0.136,-0.301,
-0.184,-0.264,0.249,-0.424,
-0.194,-0.283,0.172,-0.385,
-0.124,-0.179,0.249,-0.323,
-0.097,-0.081,0,-0.261,
-0.212,-0.203,0.04,-0.401,
-0.159,-0.183,0.353,-0.408,
-0.163,-0.147,0.325,-0.56,
-0.175,-0.17,0.089,-0.399,
-0.241,-0.29,0.186,-0.46,
-0.304,-0.28,-0.078,-0.539,
-0.206,-0.196,-0.065,-0.376,
-0.137,-0.207,0.164,-0.316,
-0.119,-0.106,0.076,-0.3,
-0.297,-0.335,0.05,-0.408,
-0.273,-0.323,0.102,-0.489,
-0.187,-0.203,0.226,-0.42,
-0.141,-0.111,0.011,-0.334,
-0.143,-0.166,0.107,-0.272,
-0.203,-0.223,0.312,-0.469,
-0.286,-0.297,0.238,-0.552,
-0.162,-0.155,0.199,-0.423,
-0.239,-0.27,0.129,-0.489,
-0.345,-0.354,-0.065,-0.52,
-0.152,-0.167,0.156,-0.375,
-0.119,-0.146,0.211,-0.304,
-0.251,-0.267,0.22,-0.473,
-0.199,-0.218,0.068,-0.432,
-0.203,-0.249,0.155,-0.436,
-0.144,-0.096,0.238,-0.426,
-0.196,-0.181,0.015,-0.383,
-0.124,-0.144,0.17,-0.337,
-0.108,-0.151,0.161,-0.212,
-0.2,-0.205,0.039,-0.411,
-0.164,-0.153,0.057,-0.376,
-0.264,-0.268,0.18,-0.529,
-0.154,-0.142,0.235,-0.414,
-0.169,-0.206,0.268,-0.414,
-0.242,-0.281,0.12,-0.415,
-0.139,-0.143,0.133,-0.335,
-0.249,-0.234,0.208,-0.465,
-0.129,-0.149,0.403,-0.381,
-0.198,-0.288,0.097,-0.382,
-0.232,-0.236,0.09,-0.408,
-0.192,-0.212,0.201,-0.4,
-0.086,-0.114,0.139,-0.253,
-0.071,-0.082,0.154,-0.272,
-0.207,-0.276,0.347,-0.435,
-0.178,-0.197,0.145,-0.488,
-0.299,-0.323,0.021,-0.434,
-0.067,-0.114,0.213,-0.209,
-0.202,-0.236,-0.034,-0.384,
-0.286,-0.307,0.048,-0.44,
-0.199,-0.262,0.109,-0.361,
-0.368,-0.434,0.029,-0.651,
-0.166,-0.217,0.251,-0.382,
-0.146,-0.133,-0.034,-0.391,
-0.191,-0.268,0.503,-0.458,
-0.091,-0.091,0.136,-0.343,
-0.217,-0.223,-0.029,-0.377,
-0.206,-0.26,0.191,-0.421,
-0.219,-0.292,0.287,-0.442,
-0.254,-0.273,0.089,-0.463,
-0.071,-0.098,0.399,-0.402,
-0.081,-0.092,0.282,-0.311,
-0.115,-0.087,0.22,-0.388,
-0.263,-0.293,-0.023,-0.437,
-0.263,-0.271,0.019,-0.495,
-0.109,-0.095,0.085,-0.278,
-0.037,-0.042,0.191,-0.185,
-0.293,-0.321,-0.022,-0.488,
-0.248,-0.242,-0.052,-0.482,
-0.231,-0.274,0.121,-0.422,
-0.337,-0.404,0.067,-0.548,
-0.003,0.02,0.156,-0.168,
-0.223,-0.27,0.202,-0.459,
-0.169,-0.235,0.282,-0.335,
0.014,-0.025,0.421,-0.302,
-0.208,-0.267,0.26,-0.445,
-0.265,-0.311,0.157,-0.488,
-0.158,-0.178,0.102,-0.398,
-0.132,-0.172,0.316,-0.345,
-0.049,-0.043,0.204,-0.268,
-0.209,-0.217,0.195,-0.453,
-0.216,-0.222,-0.051,-0.429,
-0.131,-0.142,0.174,-0.29,
-0.248,-0.362,0.401,-0.532,
-0.17,-0.19,0.077,-0.308,
-0.288,-0.347,0.162,-0.57,
-0.12,-0.131,0.253,-0.362,
-0.15,-0.232,0.392,-0.375,
-0.219,-0.236,-0.043,-0.431,
-0.227,-0.24,0.019,-0.431,
-0.083,-0.091,0.043,-0.186,
-0.301,-0.334,0.08,-0.523,
-0.224,-0.254,0.307,-0.475,
-0.162,-0.202,0.132,-0.304,
-0.162,-0.135,0.05,-0.403,
-0.144,-0.136,0.088,-0.406,
-0.21,-0.293,0.147,-0.382,
-0.219,-0.251,0.248,-0.45,
-0.22,-0.212,0.184,-0.483,
-0.17,-0.191,0.159,-0.282,
-0.316,-0.316,-0.042,-0.562,
-0.26,-0.288,0.069,-0.474,
-0.163,-0.178,0.288,-0.502,
-0.101,-0.12,0.109,-0.328,
-0.31,-0.287,-0.165,-0.493,
-0.216,-0.271,0.256,-0.443,
-0.149,-0.12,0.179,-0.37,
-0.241,-0.246,-0.003,-0.399,
-0.227,-0.256,0.208,-0.452,
-0.162,-0.137,0.219,-0.411,
-0.135,-0.094,0.11,-0.365,
-0.174,-0.254,0.432,-0.422,
-0.038,-0.051,0.253,-0.262,
-0.273,-0.342,0.318,-0.547,
-0.163,-0.246,0.356,-0.346,
-0.21,-0.254,0.325,-0.449,
-0.15,-0.153,0.315,-0.435,
-0.141,-0.149,0.046,-0.304,
-0.231,-0.235,-0.03,-0.439,
-0.114,-0.09,0.154,-0.331,
-0.383,-0.422,-0.105,-0.571,
-0.245,-0.288,0.195,-0.4,
-0.381,-0.409,0.148,-0.607,
-0.194,-0.189,0.124,-0.51,
-0.314,-0.334,0.106,-0.552,
-0.305,-0.353,0.074,-0.533,
-0.212,-0.223,0.038,-0.445,
-0.272,-0.301,0.126,-0.494,
-0.107,-0.121,0.165,-0.354,
-0.328,-0.345,0.032,-0.504,
-0.399,-0.435,-0.071,-0.582,
-0.28,-0.33,0.032,-0.496,
-0.074,-0.114,0.268,-0.33,
-0.027,-0.033,0.2,-0.293,
-0.26,-0.302,-0.007,-0.436,
-0.165,-0.183,0.148,-0.367,
-0.188,-0.19,-0.041,-0.344,
-0.202,-0.258,0.265,-0.415,
-0.23,-0.237,-0.071,-0.4,
-0.127,-0.149,0.391,-0.389,
-0.224,-0.262,0.08,-0.477,
-0.194,-0.186,0.017,-0.353,
-0.108,-0.127,0.202,-0.4,
-0.186,-0.247,0.323,-0.423,
-0.139,-0.212,0.317,-0.349,
-0.128,-0.131,0.191,-0.348,
-0.156,-0.22,0.359,-0.394,
-0.22,-0.214,-0.169,-0.3,
-0.31,-0.356,-0.025,-0.497,
-0.119,-0.071,0.087,-0.339,
-0.142,-0.156,0.101,-0.311,
-0.171,-0.201,0.157,-0.312,
-0.073,-0.082,0.265,-0.277,
-0.313,-0.351,0.013,-0.531,
-0.24,-0.245,0.005,-0.463,
-0.351,-0.389,-0.018,-0.494,
-0.123,-0.138,0.269,-0.445,
-0.1,-0.127,0.263,-0.346,
-0.197,-0.238,0.178,-0.384,
-0.258,-0.314,0.268,-0.519,
-0.277,-0.3,-0.012,-0.538,
-0.111,-0.154,0.148,-0.235,
-0.237,-0.342,0.413,-0.492,
-0.174,-0.191,-0.017,-0.398,
-0.193,-0.225,-0.036,-0.329,
-0.145,-0.155,0.158,-0.35,
-0.111,-0.107,0.025,-0.306,
-0.381,-0.426,-0.141,-0.601,
-0.202,-0.231,0.114,-0.404,
-0.198,-0.202,-0.029,-0.365,
-0.192,-0.261,0.339,-0.48,
-0.126,-0.13,0.008,-0.234,
-0.16,-0.124,0.088,-0.447,
-0.289,-0.331,0.066,-0.508,
-0.168,-0.212,0.394,-0.435,
-0.146,-0.179,0.276,-0.324,
-0.19,-0.278,0.353,-0.435,
-0.227,-0.217,-0.029,-0.391,
-0.168,-0.205,0.064,-0.274,
-0.159,-0.179,0.112,-0.364,
-0.307,-0.334,0.097,-0.515,
-0.285,-0.389,0.249,-0.493,
-0.132,-0.128,0.096,-0.312,
-0.124,-0.158,0.329,-0.433,
-0.266,-0.256,0.099,-0.508,
-0.135,-0.182,0.324,-0.311,
-0.159,-0.169,0.121,-0.424,
-0.264,-0.316,0.083,-0.443,
-0.192,-0.202,0,-0.383,
-0.24,-0.288,0.104,-0.397,
-0.209,-0.214,0.073,-0.409,
-0.225,-0.231,0.022,-0.452,
-0.179,-0.149,-0.027,-0.396,
-0.105,-0.105,0.119,-0.356,
-0.27,-0.265,-0.043,-0.494,
-0.212,-0.281,0.331,-0.483,
-0.199,-0.224,0.429,-0.456,
-0.187,-0.21,0.282,-0.344,
-0.313,-0.414,0.22,-0.541,
-0.26,-0.287,0.089,-0.446,
-0.051,-0.045,0.23,-0.281,
-0.182,-0.18,0.074,-0.324,
-0.186,-0.186,0.345,-0.475,
-0.26,-0.224,0.044,-0.507,
-0.192,-0.194,0.18,-0.367,
-0.069,-0.082,0.17,-0.229,
-0.039,-0.048,0.297,-0.268,
-0.202,-0.248,0.154,-0.401,
-0.288,-0.343,0.099,-0.483,
-0.179,-0.202,0.235,-0.353,
-0.087,-0.116,0.235,-0.246,
-0.127,-0.129,0.17,-0.336,
-0.205,-0.236,0.111,-0.451,
-0.339,-0.351,-0.12,-0.591,
-0.217,-0.228,0.015,-0.425,
-0.108,-0.169,0.258,-0.264,
-0.202,-0.201,-0.008,-0.428,
-0.054,-0.099,0.243,-0.199,
-0.094,-0.095,0.335,-0.425,
-0.301,-0.294,-0.085,-0.484,
-0.118,-0.108,0.184,-0.463,
-0.212,-0.248,0.087,-0.382,
-0.111,-0.098,0.076,-0.288,
-0.271,-0.321,0.102,-0.458,
-0.222,-0.208,-0.081,-0.395,
-0.198,-0.198,0.173,-0.372,
-0.215,-0.201,-0.027,-0.464,
-0.158,-0.166,0.023,-0.408,
-0.231,-0.278,0.134,-0.444,
-0.209,-0.172,-0.016,-0.433,
-0.022,-0.048,0.315,-0.161,
-0.174,-0.17,0.313,-0.467,
-0.385,-0.446,0.256,-0.596,
-0.14,-0.119,0.248,-0.375,
-0.229,-0.208,0.005,-0.419,
-0.142,-0.149,0.056,-0.302,
-0.159,-0.231,0.419,-0.324,
-0.256,-0.328,0.238,-0.433,
-0.214,-0.264,0.184,-0.445,
-0.184,-0.156,0.033,-0.381,
-0.18,-0.2,0.328,-0.474,
-0.143,-0.177,0.326,-0.539,
-0.176,-0.176,0.034,-0.302,
-0.137,-0.139,0.216,-0.353,
-0.125,-0.199,0.337,-0.375,
-0.231,-0.264,0.116,-0.381,
-0.198,-0.184,0.115,-0.421,
-0.319,-0.336,-0.009,-0.524,
-0.205,-0.278,0.371,-0.489,
-0.274,-0.288,0.092,-0.47,
-0.167,-0.167,-0.015,-0.324,
-0.252,-0.269,0.087,-0.435,
-0.273,-0.291,0.033,-0.49,
-0.252,-0.318,0.312,-0.506,
-0.229,-0.209,-0.049,-0.423,
-0.134,-0.13,0.133,-0.346,
-0.172,-0.171,0.182,-0.434,
-0.143,-0.128,0.37,-0.427,
-0.236,-0.279,0.198,-0.427,
-0.201,-0.183,-0.038,-0.411,
-0.13,-0.165,0.196,-0.355,
-0.239,-0.275,0.174,-0.478,
-0.337,-0.374,-0.09,-0.57,
-0.096,-0.151,0.294,-0.336,
-0.247,-0.271,-0.056,-0.448,
-0.256,-0.277,0.203,-0.445,
-0.201,-0.17,-0.052,-0.416,
-0.211,-0.239,0.133,-0.454,
-0.088,-0.127,0.244,-0.388,
-0.19,-0.285,0.447,-0.437,
-0.257,-0.269,0.253,-0.463,
-0.251,-0.304,0.137,-0.481,
-0.042,-0.018,0.2,-0.229,
-0.22,-0.229,0.149,-0.465,
-0.074,-0.092,0.173,-0.285,
-0.213,-0.255,0.147,-0.423,
-0.166,-0.182,0.25,-0.364,
-0.307,-0.331,0.07,-0.51,
-0.162,-0.164,0.091,-0.392,
-0.161,-0.163,0.15,-0.459,
-0.311,-0.395,0.423,-0.605,
-0.216,-0.201,0.095,-0.466,
-0.193,-0.235,0.101,-0.284,
-0.17,-0.238,0.201,-0.411,
-0.301,-0.335,0.151,-0.526,
-0.166,-0.249,0.374,-0.394,
-0.243,-0.298,0.356,-0.522,
-0.215,-0.267,0.419,-0.464,
-0.186,-0.191,0.002,-0.421,
-0.205,-0.295,0.348,-0.468,
-0.236,-0.294,0.348,-0.524,
-0.134,-0.146,0.212,-0.333,
-0.142,-0.15,0.192,-0.407,
-0.116,-0.113,0.166,-0.394,
-0.182,-0.183,0.13,-0.403,
-0.101,-0.094,0.192,-0.265,
-0.061,-0.045,0.376,-0.378,
-0.159,-0.161,0.143,-0.338,
0.009,0.023,0.364,-0.285,
-0.197,-0.18,0.215,-0.52,
-0.087,-0.08,0.163,-0.248,
-0.142,-0.198,0.293,-0.411,
-0.225,-0.205,0.216,-0.476,
-0.079,-0.084,0.1,-0.23,
-0.245,-0.292,0.297,-0.459,
-0.2,-0.198,0.01,-0.446,
-0.155,-0.197,0.292,-0.421,
-0.259,-0.325,0.299,-0.498,
-0.203,-0.284,0.255,-0.409,
-0.222,-0.258,-0.019,-0.418,
-0.117,-0.11,0.027,-0.342,
-0.105,-0.128,0.15,-0.272,
-0.179,-0.201,0.178,-0.353,
-0.087,-0.154,0.197,-0.322,
-0.163,-0.182,0.285,-0.427,
-0.117,-0.127,0.139,-0.35,
-0.284,-0.304,-0.049,-0.48,
-0.204,-0.223,-0.054,-0.343,
-0.111,-0.127,0.205,-0.263,
-0.183,-0.292,0.537,-0.556,
-0.129,-0.175,0.288,-0.414,
-0.283,-0.3,0.271,-0.539,
-0.196,-0.211,0.221,-0.498,
-0.134,-0.126,0.145,-0.37,
-0.229,-0.276,0.129,-0.45,
-0.131,-0.156,0.217,-0.402,
-0.164,-0.167,0.196,-0.475,
-0.176,-0.196,0.094,-0.313,
-0.119,-0.149,0.351,-0.391,
-0.193,-0.202,0.126,-0.502,
-0.23,-0.209,0.105,-0.503,
-0.174,-0.193,0.029,-0.307,
-0.292,-0.354,0.248,-0.538,
0.009,-0.049,0.354,-0.226,
-0.019,-0.036,0.35,-0.284,
-0.267,-0.302,0.087,-0.468,
-0.093,-0.117,0.155,-0.237,
-0.045,-0.038,0.108,-0.22,
-0.181,-0.232,0.213,-0.337,
-0.213,-0.264,0.526,-0.596,
-0.092,-0.112,0.206,-0.36,
-0.164,-0.185,0.401,-0.481,
-0.21,-0.204,0.005,-0.369,
-0.095,-0.106,0.156,-0.362,
-0.124,-0.07,0.204,-0.523,
-0.271,-0.347,0.127,-0.475,
-0.304,-0.376,0.32,-0.535,
-0.174,-0.237,0.348,-0.391,
-0.133,-0.132,0,-0.296,
-0.213,-0.229,0.099,-0.436,
0.008,0.002,0.32,-0.187,
-0.193,-0.178,-0.047,-0.388,
-0.054,-0.055,0.186,-0.279,
-0.412,-0.465,-0.045,-0.634,
-0.268,-0.324,0.144,-0.484,
-0.237,-0.223,-0.077,-0.424,
-0.218,-0.203,-0.029,-0.442,
-0.12,-0.106,0.109,-0.364,
-0.27,-0.327,0.143,-0.48,
-0.234,-0.267,0.263,-0.46,
-0.271,-0.312,-0.002,-0.428,
-0.315,-0.385,0.165,-0.509,
-0.2,-0.26,0.286,-0.393,
-0.228,-0.242,0.373,-0.559,
-0.167,-0.188,0.246,-0.398,
-0.081,-0.077,0.169,-0.263,
-0.06,-0.088,0.286,-0.194,
-0.22,-0.253,0.154,-0.466,
-0.104,-0.165,0.281,-0.348,
-0.267,-0.327,0.065,-0.476,
-0.098,-0.146,0.138,-0.294,
-0.109,-0.134,0.162,-0.315,
-0.314,-0.347,0.119,-0.493,
-0.214,-0.271,0.184,-0.347,
-0.125,-0.191,0.261,-0.355,
-0.239,-0.363,0.38,-0.439,
-0.211,-0.251,0.115,-0.387,
-0.285,-0.32,0.097,-0.45,
-0.2,-0.272,0.197,-0.398,
-0.269,-0.326,0.279,-0.492,
-0.241,-0.278,0.244,-0.489,
-0.199,-0.24,0.088,-0.384,
-0.052,-0.05,0.17,-0.299,
-0.358,-0.395,-0.067,-0.558,
-0.217,-0.259,0.15,-0.384,
-0.225,-0.284,0.395,-0.545,
-0.164,-0.217,0.235,-0.394,
-0.064,-0.082,0.267,-0.326,
-0.252,-0.197,0.174,-0.461,
-0.157,-0.167,0.272,-0.409,
-0.149,-0.137,0.107,-0.409,
-0.173,-0.24,0.391,-0.4,
-0.252,-0.33,0.297,-0.459,
-0.144,-0.124,-0.012,-0.321,
-0.203,-0.235,0.062,-0.363,
-0.148,-0.152,0.151,-0.347,
-0.287,-0.334,0.18,-0.476,
-0.104,-0.111,0.067,-0.32,
-0.146,-0.214,0.434,-0.51,
-0.223,-0.264,0.061,-0.368,
-0.246,-0.24,0.007,-0.485,
-0.299,-0.323,0.079,-0.54,
-0.276,-0.298,0.218,-0.521,
-0.166,-0.165,0.1,-0.357,
-0.121,-0.165,0.264,-0.385,
-0.355,-0.34,-0.147,-0.53,
-0.045,-0.08,0.136,-0.149,
-0.255,-0.304,0.478,-0.616,
-0.188,-0.174,0.213,-0.414,
-0.209,-0.22,0.099,-0.427,
-0.162,-0.158,0.279,-0.395,
-0.087,-0.127,0.253,-0.272,
-0.147,-0.116,-0.006,-0.382,
-0.243,-0.236,-0.041,-0.529,
-0.184,-0.234,0.304,-0.544,
-0.254,-0.224,-0.156,-0.406,
-0.196,-0.169,0.366,-0.467,
-0.368,-0.396,0.12,-0.599,
-0.197,-0.213,0.238,-0.449,
-0.227,-0.209,0.039,-0.515,
-0.126,-0.144,0.205,-0.343,
-0.186,-0.216,0.269,-0.396,
-0.036,-0.069,0.375,-0.307,
-0.129,-0.074,0.077,-0.385,
-0.343,-0.361,-0.022,-0.493,
-0.25,-0.264,0.099,-0.523,
-0.148,-0.165,0.131,-0.486,
-0.143,-0.136,0.126,-0.398,
-0.164,-0.196,0.311,-0.386,
-0.21,-0.204,0.24,-0.422,
-0.127,-0.163,0.177,-0.308,
-0.113,-0.134,0.131,-0.254,
-0.058,-0.06,0.203,-0.328,
-0.073,-0.093,0.166,-0.228,
-0.262,-0.341,0.263,-0.491,
-0.239,-0.292,0.225,-0.462,
-0.076,-0.099,0.199,-0.177,
-0.13,-0.095,0.228,-0.58,
-0.182,-0.195,0.334,-0.407,
-0.232,-0.244,0.134,-0.443,
-0.247,-0.251,-0.072,-0.439,
-0.068,-0.089,0.208,-0.291,
-0.159,-0.172,0.098,-0.315,
-0.259,-0.324,0.23,-0.495,
-0.225,-0.211,0.019,-0.42,
-0.126,-0.139,0.124,-0.35,
-0.206,-0.178,0.334,-0.657,
-0.254,-0.246,-0.019,-0.491,
-0.155,-0.154,0.006,-0.407,
-0.245,-0.306,0.297,-0.549,
-0.208,-0.211,0.067,-0.422,
-0.184,-0.183,0.114,-0.457,
-0.265,-0.28,0.213,-0.507,
-0.175,-0.229,0.272,-0.342,
-0.174,-0.181,0.175,-0.388,
-0.155,-0.162,0.261,-0.445,
-0.288,-0.3,0.017,-0.536,
-0.207,-0.268,0.241,-0.368,
-0.21,-0.207,0.195,-0.463,
-0.041,-0.035,0.21,-0.22,
-0.237,-0.232,0.072,-0.469,
-0.298,-0.301,0.073,-0.501,
-0.143,0.008,0.119,-0.531,
-0.144,-0.114,0.14,-0.346,
-0.356,-0.414,0.129,-0.523,
-0.181,-0.201,0.19,-0.418,
-0.226,-0.231,-0.018,-0.391,
-0.185,-0.282,0.363,-0.37,
-0.086,-0.103,0.19,-0.27,
-0.336,-0.356,0.124,-0.556,
-0.21,-0.233,-0.084,-0.305,
-0.154,-0.174,0.125,-0.31,
-0.341,-0.384,-0.071,-0.548,
-0.099,-0.109,0.124,-0.263,
-0.095,-0.081,0.107,-0.395,
-0.106,-0.12,0.308,-0.272,
-0.184,-0.223,0.307,-0.451,
-0.202,-0.21,0.14,-0.444,
-0.242,-0.289,0.181,-0.469,
-0.288,-0.325,0.085,-0.606,
-0.324,-0.365,-0.108,-0.464,
-0.228,-0.252,0.282,-0.488,
-0.263,-0.297,0.209,-0.487,
-0.228,-0.264,0.209,-0.445,
-0.246,-0.229,-0.006,-0.459,
-0.171,-0.213,0.39,-0.396,
-0.167,-0.223,0.143,-0.369,
-0.135,-0.118,0.107,-0.337,
-0.237,-0.221,-0.01,-0.506,
-0.116,-0.122,0.284,-0.298,
-0.203,-0.201,-0.011,-0.364,
-0.206,-0.244,0.394,-0.476,
-0.146,-0.112,0.07,-0.362,
-0.253,-0.27,0.036,-0.464,
-0.202,-0.196,0.052,-0.401,
-0.231,-0.348,0.447,-0.525,
-0.089,-0.142,0.309,-0.295,
-0.123,-0.104,0.104,-0.301,
-0.212,-0.199,0.154,-0.507,
-0.238,-0.259,0.111,-0.444,
-0.146,-0.127,0.218,-0.409,
-0.234,-0.257,0.075,-0.453,
-0.151,-0.146,0.15,-0.384,
-0.152,-0.134,0.211,-0.377,
-0.152,-0.163,0.243,-0.429,
-0.3,-0.365,0.19,-0.507,
-0.325,-0.355,0.054,-0.592,
-0.257,-0.255,0.016,-0.463,
-0.209,-0.272,0.084,-0.357,
-0.278,-0.359,0.169,-0.548,
-0.264,-0.314,0.244,-0.493,
-0.178,-0.244,0.386,-0.408,
-0.135,-0.231,0.168,-0.328,
-0.111,-0.172,0.213,-0.278,
-0.145,-0.202,0.12,-0.263,
-0.2,-0.207,0.311,-0.49,
-0.315,-0.358,0.176,-0.535,
-0.285,-0.296,-0.165,-0.477,




Further Data analysis of all test cases 
avg med max min 
AVGs,-0.305,-0.303,-0.162,-0.425,
MEDs,-0.299,-0.297,-0.157,-0.458,
MAXs,-0.054,-0.054,0.137,-0.176,
MINs,-0.493,-0.494,-0.267,-0.672,


AVGs,-0.197,-0.2,0.036,-0.412,
MEDs,-0.219,-0.22,0.023,-0.475,
MAXs,0.151,0.148,0.537,-0.175,
MINs,-0.417,-0.423,-0.136,-0.657,



