

Data analysis for each instance 
AVG,MED,MAX,MIN
0.598,0.568,0.803,0.56,
0.589,0.567,0.782,0.555,
0.576,0.547,0.78,0.543,
0.601,0.578,0.802,0.554,
0.54,0.508,0.727,0.491,
0.599,0.565,0.817,0.556,
0.579,0.552,0.782,0.543,
0.534,0.511,0.713,0.502,
0.601,0.571,0.788,0.55,
0.613,0.579,0.822,0.572,
0.57,0.546,0.766,0.536,
0.594,0.569,0.784,0.552,
0.573,0.544,0.773,0.535,
0.57,0.536,0.815,0.523,
0.595,0.564,0.796,0.559,
0.59,0.562,0.808,0.541,
0.562,0.534,0.784,0.514,
0.54,0.508,0.746,0.498,
0.631,0.598,0.866,0.577,
0.606,0.587,0.787,0.559,
0.502,0.473,0.7,0.456,
0.597,0.569,0.794,0.557,
0.466,0.445,0.622,0.43,
0.605,0.572,0.808,0.569,
0.605,0.587,0.81,0.564,
0.57,0.544,0.772,0.538,
0.576,0.546,0.816,0.517,
0.598,0.567,0.79,0.559,
0.617,0.592,0.821,0.579,
0.571,0.548,0.764,0.525,
0.617,0.595,0.813,0.572,
0.596,0.556,0.852,0.53,
0.574,0.538,0.793,0.533,
0.619,0.595,0.801,0.583,
0.616,0.587,0.808,0.564,
0.613,0.582,0.812,0.566,
0.594,0.559,0.813,0.546,
0.643,0.604,0.9,0.602,
0.589,0.566,0.79,0.549,
0.569,0.542,0.763,0.533,
0.564,0.524,0.804,0.509,
0.495,0.47,0.672,0.461,
0.576,0.542,0.782,0.524,
0.486,0.464,0.646,0.453,
0.597,0.566,0.797,0.547,
0.606,0.594,0.779,0.558,
0.574,0.548,0.773,0.515,
0.587,0.546,0.835,0.543,
0.574,0.556,0.755,0.524,
0.529,0.496,0.716,0.49,
0.614,0.585,0.818,0.578,
0.545,0.517,0.741,0.508,
0.53,0.501,0.739,0.494,
0.534,0.505,0.735,0.487,
0.559,0.531,0.74,0.522,
0.569,0.542,0.767,0.532,
0.595,0.566,0.791,0.555,
0.566,0.543,0.757,0.518,
0.54,0.518,0.752,0.472,
0.579,0.551,0.8,0.537,
0.565,0.542,0.794,0.504,
0.589,0.571,0.786,0.531,
0.617,0.584,0.908,0.546,
0.626,0.593,0.878,0.568,
0.602,0.576,0.792,0.569,
0.591,0.562,0.801,0.544,
0.548,0.524,0.732,0.514,
0.594,0.566,0.809,0.557,
0.583,0.555,0.786,0.541,
0.605,0.575,0.809,0.544,
0.633,0.607,0.842,0.587,
0.615,0.599,0.785,0.581,
0.616,0.599,0.817,0.57,
0.594,0.57,0.817,0.524,
0.609,0.581,0.816,0.575,
0.534,0.516,0.72,0.501,
0.627,0.601,0.832,0.582,
0.573,0.549,0.788,0.525,
0.619,0.599,0.798,0.572,
0.597,0.572,0.789,0.553,
0.575,0.55,0.816,0.512,
0.529,0.508,0.697,0.49,
0.592,0.56,0.803,0.556,
0.621,0.597,0.806,0.575,
0.573,0.548,0.745,0.531,
0.603,0.556,0.854,0.553,
0.664,0.646,0.858,0.6,
0.611,0.585,0.818,0.575,
0.622,0.571,0.956,0.565,
0.59,0.565,0.79,0.553,
0.551,0.528,0.761,0.492,
0.621,0.605,0.798,0.566,
0.606,0.573,0.825,0.565,
0.475,0.458,0.648,0.435,
0.583,0.552,0.797,0.55,
0.584,0.561,0.761,0.552,
0.611,0.585,0.828,0.569,
0.552,0.532,0.761,0.481,
0.469,0.45,0.612,0.428,
0.647,0.632,0.797,0.618,
0.548,0.53,0.748,0.493,
0.504,0.478,0.676,0.469,
0.611,0.585,0.798,0.564,
0.586,0.551,0.811,0.53,
0.608,0.583,0.792,0.567,
0.616,0.591,0.821,0.584,
0.576,0.561,0.786,0.528,
0.56,0.536,0.76,0.52,
0.646,0.633,0.868,0.577,
0.605,0.587,0.782,0.542,
0.612,0.583,0.839,0.566,
0.568,0.546,0.74,0.516,
0.59,0.575,0.788,0.503,
0.633,0.609,0.82,0.598,
0.62,0.597,0.815,0.581,
0.601,0.579,0.79,0.559,
0.593,0.556,0.829,0.552,
0.594,0.56,0.799,0.553,
0.491,0.468,0.656,0.456,
0.583,0.563,0.803,0.509,
0.594,0.569,0.809,0.55,
0.589,0.566,0.802,0.526,
0.622,0.605,0.813,0.565,
0.59,0.561,0.798,0.554,
0.538,0.519,0.723,0.497,
0.59,0.565,0.779,0.553,
0.598,0.569,0.804,0.552,
0.598,0.573,0.797,0.555,
0.59,0.561,0.805,0.524,
0.516,0.49,0.693,0.482,
0.509,0.489,0.697,0.46,
0.56,0.54,0.746,0.504,
0.568,0.544,0.779,0.52,
0.576,0.534,0.819,0.514,
0.582,0.559,0.763,0.54,
0.602,0.565,0.859,0.554,
0.618,0.595,0.879,0.547,
0.586,0.561,0.802,0.536,
0.544,0.52,0.739,0.513,
0.543,0.512,0.743,0.498,
0.545,0.52,0.741,0.498,
0.575,0.536,0.79,0.5,
0.573,0.535,0.77,0.515,
0.619,0.595,0.846,0.58,
0.585,0.555,0.781,0.513,
0.552,0.528,0.746,0.511,
0.598,0.573,0.824,0.541,
0.599,0.567,0.819,0.55,
0.56,0.526,0.774,0.523,
0.518,0.498,0.709,0.481,
0.55,0.534,0.728,0.504,
0.607,0.583,0.817,0.568,
0.625,0.595,0.816,0.58,
0.604,0.56,0.854,0.539,
0.61,0.581,0.819,0.572,
0.545,0.522,0.745,0.487,
0.529,0.5,0.706,0.493,
0.582,0.556,0.792,0.528,
0.595,0.576,0.796,0.55,
0.614,0.593,0.821,0.576,
0.581,0.552,0.805,0.524,
0.516,0.492,0.7,0.482,
0.587,0.563,0.773,0.545,
0.517,0.494,0.7,0.484,
0.625,0.591,0.877,0.583,
0.585,0.562,0.785,0.534,
0.645,0.613,0.889,0.599,
0.56,0.53,0.756,0.509,
0.579,0.553,0.788,0.534,
0.532,0.504,0.737,0.495,
0.61,0.58,0.835,0.55,
0.482,0.462,0.63,0.448,
0.555,0.521,0.789,0.499,
0.551,0.527,0.734,0.516,
0.553,0.522,0.728,0.514,
0.504,0.471,0.688,0.459,
0.61,0.586,0.853,0.571,
0.563,0.538,0.76,0.525,
0.532,0.51,0.71,0.494,
0.549,0.522,0.741,0.514,
0.521,0.508,0.696,0.471,
0.585,0.554,0.797,0.54,
0.597,0.589,0.741,0.524,
0.605,0.577,0.804,0.569,
0.599,0.57,0.818,0.56,
0.591,0.563,0.807,0.55,
0.577,0.55,0.795,0.519,
0.573,0.535,0.762,0.516,
0.583,0.55,0.791,0.534,
0.583,0.562,0.794,0.536,
0.572,0.532,0.831,0.53,
0.641,0.607,0.872,0.596,
0.609,0.588,0.801,0.573,
0.571,0.528,0.832,0.52,
0.581,0.554,0.797,0.513,
0.548,0.52,0.743,0.512,
0.577,0.542,0.802,0.507,
0.612,0.585,0.809,0.577,
0.613,0.575,0.881,0.556,
0.543,0.514,0.786,0.476,
0.491,0.47,0.664,0.462,
0.606,0.573,0.849,0.55,
0.6,0.562,0.832,0.549,
0.513,0.498,0.72,0.443,
0.582,0.559,0.808,0.508,
0.523,0.496,0.737,0.46,
0.501,0.472,0.696,0.463,
0.497,0.481,0.644,0.465,
0.567,0.524,0.829,0.516,
0.614,0.589,0.834,0.558,
0.503,0.482,0.685,0.469,
0.516,0.487,0.695,0.473,
0.578,0.542,0.816,0.529,
0.587,0.569,0.76,0.557,
0.554,0.529,0.76,0.51,
0.59,0.562,0.811,0.541,
0.579,0.544,0.816,0.542,
0.584,0.552,0.815,0.542,
0.617,0.591,0.825,0.58,
0.621,0.599,0.789,0.582,
0.657,0.625,0.908,0.615,
0.495,0.472,0.665,0.461,
0.515,0.493,0.68,0.486,
0.596,0.563,0.81,0.544,
0.622,0.603,0.816,0.57,
0.597,0.567,0.797,0.551,
0.587,0.552,0.816,0.539,
0.613,0.585,0.821,0.569,
0.598,0.575,0.799,0.559,
0.549,0.518,0.745,0.489,
0.575,0.556,0.818,0.494,
0.59,0.555,0.82,0.549,
0.518,0.492,0.726,0.467,
0.575,0.544,0.783,0.535,
0.604,0.579,0.802,0.572,
0.573,0.546,0.771,0.536,
0.609,0.593,0.835,0.561,
0.44,0.417,0.577,0.414,
0.651,0.62,0.893,0.61,
0.629,0.611,0.823,0.583,
0.572,0.55,0.762,0.533,
0.593,0.573,0.791,0.547,
0.563,0.532,0.821,0.514,
0.622,0.604,0.807,0.573,
0.567,0.526,0.797,0.516,
0.633,0.613,0.808,0.583,
0.6,0.577,0.796,0.539,
0.594,0.582,0.765,0.506,
0.543,0.514,0.748,0.506,
0.582,0.554,0.798,0.518,
0.526,0.481,0.772,0.465,
0.543,0.529,0.706,0.499,
0.629,0.601,0.83,0.578,
0.657,0.625,0.902,0.612,
0.622,0.597,0.834,0.584,
0.564,0.535,0.765,0.522,
0.601,0.573,0.815,0.569,
0.584,0.559,0.776,0.53,
0.592,0.568,0.762,0.535,
0.563,0.535,0.75,0.528,
0.617,0.589,0.819,0.582,
0.55,0.525,0.747,0.514,
0.491,0.469,0.688,0.439,
0.591,0.558,0.816,0.544,
0.597,0.575,0.808,0.549,
0.611,0.583,0.811,0.556,
0.581,0.554,0.794,0.535,
0.556,0.532,0.747,0.519,
0.617,0.591,0.82,0.56,
0.577,0.545,0.783,0.532,
0.601,0.573,0.786,0.558,
0.593,0.565,0.805,0.546,
0.54,0.518,0.749,0.491,
0.56,0.538,0.757,0.513,
0.584,0.56,0.781,0.546,
0.573,0.544,0.766,0.517,
0.568,0.542,0.756,0.519,
0.558,0.538,0.74,0.515,
0.65,0.635,0.829,0.594,
0.685,0.659,0.954,0.621,
0.44,0.422,0.597,0.416,
0.632,0.604,0.823,0.594,
0.617,0.594,0.805,0.581,
0.6,0.573,0.835,0.536,
0.59,0.565,0.779,0.542,
0.569,0.543,0.768,0.534,
0.493,0.475,0.651,0.458,
0.558,0.533,0.755,0.521,
0.508,0.483,0.723,0.45,
0.583,0.546,0.81,0.533,
0.618,0.593,0.799,0.577,
0.557,0.528,0.753,0.513,
0.573,0.543,0.77,0.537,
0.584,0.557,0.798,0.546,
0.561,0.534,0.774,0.499,
0.616,0.59,0.801,0.569,
0.581,0.549,0.799,0.539,
0.593,0.56,0.822,0.536,
0.597,0.585,0.773,0.548,
0.572,0.541,0.775,0.535,
0.576,0.554,0.764,0.529,
0.535,0.508,0.717,0.499,
0.587,0.554,0.792,0.545,
0.561,0.52,0.799,0.517,
0.547,0.516,0.782,0.48,
0.46,0.44,0.603,0.436,
0.638,0.605,0.835,0.593,
0.561,0.528,0.788,0.516,
0.63,0.606,0.838,0.593,
0.469,0.453,0.64,0.419,
0.527,0.508,0.722,0.478,
0.649,0.63,0.854,0.596,
0.58,0.562,0.758,0.536,
0.551,0.524,0.729,0.511,
0.527,0.504,0.703,0.496,
0.521,0.51,0.689,0.482,
0.595,0.573,0.786,0.558,
0.706,0.676,0.964,0.649,
0.573,0.538,0.79,0.53,
0.546,0.528,0.759,0.476,
0.644,0.616,0.833,0.604,
0.592,0.545,0.884,0.537,
0.577,0.538,0.794,0.537,
0.559,0.533,0.759,0.529,
0.533,0.508,0.722,0.491,
0.576,0.546,0.813,0.524,
0.497,0.472,0.676,0.46,
0.604,0.566,0.83,0.554,
0.606,0.577,0.844,0.541,
0.596,0.571,0.809,0.551,
0.569,0.542,0.786,0.516,
0.563,0.545,0.731,0.506,
0.552,0.528,0.751,0.503,
0.569,0.528,0.81,0.527,
0.6,0.576,0.805,0.553,
0.572,0.549,0.8,0.513,
0.604,0.585,0.806,0.567,
0.61,0.598,0.797,0.568,
0.591,0.562,0.807,0.55,
0.596,0.564,0.821,0.548,
0.608,0.571,0.85,0.546,
0.628,0.603,0.865,0.578,
0.584,0.558,0.787,0.551,
0.606,0.587,0.827,0.518,
0.512,0.488,0.692,0.476,
0.585,0.563,0.784,0.532,
0.544,0.522,0.745,0.482,
0.607,0.581,0.794,0.572,
0.596,0.567,0.812,0.562,
0.609,0.593,0.791,0.564,
0.583,0.549,0.801,0.545,
0.564,0.54,0.794,0.492,
0.56,0.518,0.785,0.513,
0.496,0.477,0.661,0.464,
0.545,0.522,0.75,0.505,
0.534,0.504,0.732,0.493,
0.618,0.594,0.821,0.581,
0.531,0.502,0.722,0.484,
0.623,0.597,0.821,0.593,
0.616,0.591,0.817,0.575,
0.584,0.557,0.775,0.54,
0.585,0.557,0.803,0.539,
0.515,0.484,0.721,0.479,
0.599,0.562,0.829,0.524,
0.537,0.514,0.728,0.503,
0.506,0.48,0.679,0.476,
0.576,0.56,0.75,0.534,
0.579,0.55,0.788,0.532,
0.608,0.578,0.824,0.564,
0.588,0.546,0.851,0.529,
0.581,0.551,0.805,0.526,
0.593,0.565,0.804,0.554,
0.551,0.534,0.731,0.51,
0.612,0.599,0.806,0.567,
0.504,0.483,0.683,0.467,
0.587,0.567,0.812,0.542,
0.57,0.538,0.817,0.518,
0.486,0.461,0.645,0.452,
0.606,0.579,0.839,0.556,
0.555,0.526,0.759,0.52,
0.616,0.581,0.872,0.578,
0.536,0.506,0.778,0.486,
0.602,0.578,0.803,0.564,
0.624,0.603,0.844,0.578,
0.637,0.619,0.825,0.589,
0.615,0.586,0.829,0.575,
0.531,0.499,0.736,0.488,
0.594,0.571,0.771,0.555,
0.535,0.517,0.738,0.47,
0.558,0.538,0.754,0.523,
0.58,0.541,0.844,0.539,
0.581,0.556,0.793,0.537,
0.591,0.569,0.811,0.532,
0.563,0.53,0.771,0.513,
0.542,0.522,0.776,0.481,
0.567,0.522,0.816,0.508,
0.577,0.552,0.765,0.537,
0.489,0.469,0.657,0.449,
0.546,0.508,0.787,0.493,
0.545,0.523,0.722,0.513,
0.55,0.528,0.743,0.516,
0.541,0.52,0.717,0.508,
0.61,0.58,0.821,0.565,
0.639,0.605,0.896,0.562,
0.655,0.617,0.914,0.573,
0.574,0.548,0.777,0.525,
0.589,0.565,0.781,0.551,
0.565,0.532,0.816,0.524,
0.616,0.587,0.858,0.556,
0.55,0.521,0.791,0.506,
0.616,0.579,0.821,0.575,
0.637,0.606,0.869,0.597,
0.572,0.548,0.743,0.527,
0.551,0.518,0.761,0.493,
0.564,0.542,0.769,0.513,
0.594,0.579,0.79,0.543,
0.518,0.496,0.715,0.467,
0.6,0.571,0.805,0.548,
0.562,0.522,0.844,0.49,
0.588,0.558,0.809,0.545,
0.571,0.55,0.748,0.516,
0.611,0.583,0.856,0.544,
0.621,0.593,0.823,0.581,
0.587,0.565,0.781,0.544,
0.511,0.491,0.687,0.479,
0.581,0.548,0.788,0.528,
0.583,0.54,0.847,0.535,
0.603,0.581,0.796,0.56,
0.543,0.518,0.745,0.503,
0.678,0.639,0.934,0.634,
0.598,0.573,0.784,0.559,
0.553,0.531,0.73,0.517,
0.627,0.596,0.864,0.572,
0.6,0.584,0.785,0.547,
0.635,0.613,0.827,0.585,
0.56,0.536,0.758,0.521,
0.663,0.633,0.94,0.617,
0.581,0.558,0.809,0.523,
0.561,0.54,0.799,0.499,
0.518,0.495,0.692,0.481,
0.61,0.579,0.817,0.57,
0.595,0.567,0.804,0.556,
0.595,0.562,0.831,0.553,
0.508,0.481,0.687,0.471,
0.599,0.561,0.822,0.554,
0.609,0.587,0.801,0.568,
0.553,0.526,0.756,0.509,
0.602,0.573,0.809,0.565,
0.631,0.613,0.82,0.58,
0.573,0.543,0.792,0.53,
0.606,0.573,0.837,0.567,
0.59,0.563,0.797,0.551,
0.597,0.575,0.797,0.557,
0.604,0.567,0.827,0.566,
0.61,0.579,0.826,0.579,
0.594,0.57,0.824,0.537,
0.54,0.514,0.743,0.501,
0.549,0.52,0.711,0.513,
0.544,0.518,0.761,0.505,
0.587,0.558,0.797,0.553,
0.509,0.487,0.699,0.473,
0.504,0.481,0.7,0.463,
0.593,0.571,0.806,0.543,
0.595,0.573,0.79,0.557,
0.534,0.512,0.73,0.496,
0.605,0.588,0.799,0.558,
0.601,0.577,0.806,0.568,
0.603,0.588,0.801,0.552,
0.616,0.593,0.842,0.543,
0.594,0.567,0.813,0.542,
0.55,0.526,0.743,0.489,
0.591,0.557,0.819,0.551,
0.646,0.609,0.943,0.599,
0.601,0.581,0.814,0.556,
0.531,0.51,0.671,0.497,
0.606,0.586,0.773,0.57,
0.605,0.583,0.794,0.563,
0.574,0.548,0.79,0.534,
0.613,0.579,0.856,0.576,
0.565,0.531,0.775,0.513,
0.594,0.577,0.782,0.549,
0.535,0.506,0.738,0.492,
0.566,0.54,0.768,0.523,
0.573,0.538,0.817,0.511,
0.563,0.527,0.768,0.527,
0.555,0.533,0.729,0.509,
0.606,0.581,0.804,0.569,
0.625,0.599,0.827,0.583,
0.556,0.533,0.763,0.51,
0.631,0.613,0.827,0.589,
0.589,0.559,0.784,0.552,
0.609,0.567,0.888,0.553,
0.599,0.577,0.808,0.53,
0.591,0.565,0.777,0.546,
0.54,0.527,0.703,0.495,
0.577,0.549,0.776,0.542,
0.629,0.601,0.824,0.587,
0.588,0.548,0.848,0.525,
0.62,0.593,0.831,0.587,
0.638,0.611,0.834,0.6,
0.619,0.601,0.816,0.581,
0.601,0.573,0.812,0.561,
0.568,0.546,0.744,0.53,
0.604,0.575,0.839,0.533,
0.47,0.457,0.616,0.427,
0.583,0.559,0.789,0.543,
0.599,0.575,0.807,0.558,
0.611,0.579,0.845,0.569,
0.611,0.577,0.835,0.569,
0.606,0.579,0.796,0.572,
0.554,0.516,0.789,0.511,
0.549,0.521,0.745,0.505,
0.564,0.536,0.769,0.496,
0.583,0.544,0.804,0.54,
0.602,0.577,0.791,0.561,
0.558,0.523,0.779,0.506,
0.524,0.499,0.712,0.493,
0.494,0.471,0.674,0.461,
0.614,0.579,0.862,0.577,
0.599,0.571,0.818,0.552,
0.502,0.476,0.676,0.467,
0.566,0.55,0.747,0.48,
0.543,0.522,0.715,0.505,
0.536,0.511,0.728,0.499,
0.595,0.567,0.776,0.546,
0.586,0.554,0.816,0.538,
0.53,0.508,0.717,0.491,
0.61,0.587,0.801,0.567,
0.575,0.548,0.793,0.54,
0.568,0.548,0.806,0.507,
0.542,0.522,0.715,0.498,
0.559,0.537,0.759,0.523,
0.58,0.542,0.821,0.528,
0.583,0.561,0.77,0.538,
0.574,0.544,0.776,0.529,
0.596,0.565,0.813,0.547,
0.648,0.606,0.972,0.575,
0.621,0.571,0.965,0.57,
0.547,0.481,0.937,0.467,
0.612,0.558,0.957,0.524,
0.619,0.583,0.945,0.537,
0.615,0.576,0.951,0.553,
0.623,0.565,0.95,0.56,
0.609,0.558,0.952,0.539,
0.618,0.583,0.92,0.562,
0.591,0.538,0.944,0.505,
0.615,0.571,0.945,0.542,
0.595,0.532,0.953,0.523,
0.637,0.593,0.966,0.565,
0.653,0.62,0.947,0.582,
0.587,0.536,0.938,0.526,
0.642,0.611,0.952,0.563,
0.627,0.581,0.949,0.569,
0.565,0.51,0.94,0.5,
0.604,0.556,0.943,0.535,
0.633,0.597,0.952,0.561,
0.63,0.593,0.94,0.567,
0.565,0.522,0.861,0.501,
0.657,0.631,0.924,0.584,
0.593,0.554,0.893,0.537,
0.604,0.571,0.938,0.535,
0.621,0.575,0.939,0.569,
0.612,0.578,0.935,0.541,
0.599,0.551,0.968,0.526,
0.601,0.554,0.965,0.512,
0.629,0.597,0.91,0.579,
0.589,0.53,0.957,0.5,
0.639,0.597,0.941,0.58,
0.586,0.525,0.95,0.522,
0.611,0.56,0.929,0.555,
0.596,0.555,0.943,0.516,
0.627,0.603,0.938,0.536,
0.589,0.542,0.944,0.504,
0.634,0.597,0.929,0.563,
0.576,0.519,0.918,0.508,
0.588,0.539,0.957,0.534,
0.588,0.546,0.955,0.51,
0.594,0.542,0.935,0.524,
0.595,0.549,0.924,0.522,
0.62,0.575,0.955,0.567,
0.654,0.623,0.948,0.59,
0.56,0.526,0.889,0.467,
0.626,0.592,0.942,0.547,
0.595,0.556,0.947,0.488,
0.614,0.576,0.919,0.55,
0.612,0.573,0.926,0.533,
0.616,0.579,0.934,0.541,
0.618,0.567,0.96,0.529,
0.623,0.579,0.96,0.571,
0.614,0.57,0.952,0.542,
0.64,0.604,0.948,0.575,
0.601,0.538,0.96,0.522,
0.632,0.607,0.948,0.564,
0.6,0.558,0.942,0.53,
0.631,0.585,0.934,0.556,
0.651,0.623,0.927,0.557,
0.576,0.54,0.879,0.513,
0.602,0.561,0.922,0.513,
0.647,0.613,0.965,0.572,
0.581,0.53,0.941,0.519,
0.608,0.571,0.935,0.535,
0.611,0.571,0.939,0.524,
0.659,0.629,0.94,0.591,
0.617,0.574,0.951,0.537,
0.627,0.605,0.881,0.562,
0.633,0.597,0.949,0.558,
0.603,0.567,0.938,0.525,
0.619,0.571,0.967,0.542,
0.557,0.529,0.854,0.484,
0.629,0.588,0.935,0.575,
0.608,0.565,0.952,0.528,
0.591,0.558,0.928,0.524,
0.666,0.635,0.934,0.6,
0.54,0.477,0.944,0.474,
0.589,0.544,0.941,0.521,
0.636,0.595,0.937,0.584,
0.633,0.594,0.944,0.559,
0.656,0.623,0.946,0.599,
0.58,0.533,0.931,0.527,
0.578,0.535,0.89,0.513,
0.61,0.561,0.951,0.551,
0.612,0.567,0.942,0.537,
0.59,0.56,0.93,0.51,
0.631,0.593,0.946,0.57,
0.663,0.637,0.916,0.613,
0.595,0.547,0.94,0.52,
0.574,0.53,0.864,0.497,
0.607,0.56,0.939,0.536,
0.624,0.585,0.952,0.56,
0.579,0.538,0.915,0.523,
0.643,0.609,0.936,0.6,
0.645,0.602,0.967,0.591,
0.631,0.597,0.941,0.503,
0.581,0.544,0.896,0.506,
0.686,0.65,0.965,0.619,
0.63,0.605,0.943,0.532,
0.611,0.568,0.938,0.56,
0.537,0.5,0.819,0.48,
0.549,0.502,0.895,0.457,
0.589,0.539,0.935,0.536,
0.587,0.552,0.93,0.502,
0.566,0.541,0.845,0.483,
0.573,0.522,0.919,0.506,
0.619,0.579,0.936,0.555,
0.608,0.575,0.95,0.515,
0.658,0.623,0.955,0.614,
0.577,0.534,0.93,0.509,
0.631,0.583,0.954,0.579,
0.64,0.598,0.929,0.586,
0.694,0.668,0.942,0.611,
0.598,0.557,0.931,0.524,
0.604,0.559,0.927,0.545,
0.609,0.579,0.945,0.514,
0.594,0.542,0.938,0.525,
0.599,0.542,0.938,0.511,
0.558,0.522,0.857,0.495,
0.653,0.609,0.962,0.588,
0.623,0.572,0.948,0.57,
0.667,0.633,0.939,0.606,
0.604,0.583,0.938,0.491,
0.558,0.518,0.962,0.465,
0.605,0.55,0.949,0.544,
0.577,0.522,0.953,0.499,
0.649,0.612,0.961,0.575,
0.581,0.522,0.94,0.499,
0.571,0.51,0.958,0.502,
0.495,0.444,0.831,0.411,
0.621,0.573,0.949,0.535,
0.553,0.495,0.913,0.489,
0.615,0.581,0.945,0.535,
0.639,0.617,0.938,0.557,
0.659,0.633,0.939,0.585,
0.591,0.546,0.937,0.51,
0.593,0.541,0.943,0.518,
0.604,0.562,0.947,0.543,
0.598,0.542,0.963,0.527,
0.599,0.548,0.946,0.526,
0.55,0.521,0.855,0.477,
0.625,0.585,0.93,0.571,
0.63,0.609,0.928,0.531,
0.644,0.607,0.957,0.587,
0.604,0.567,0.906,0.547,
0.605,0.557,0.938,0.53,
0.627,0.581,0.963,0.58,
0.661,0.635,0.949,0.6,
0.616,0.585,0.912,0.542,
0.579,0.522,0.939,0.485,
0.506,0.458,0.818,0.453,
0.558,0.508,0.952,0.489,
0.55,0.512,0.88,0.474,
0.651,0.619,0.946,0.589,
0.618,0.569,0.951,0.553,
0.635,0.591,0.94,0.551,
0.597,0.548,0.941,0.529,
0.659,0.631,0.954,0.581,
0.669,0.647,0.93,0.593,
0.591,0.544,0.944,0.497,
0.638,0.602,0.948,0.547,
0.634,0.599,0.946,0.564,
0.603,0.548,0.952,0.538,
0.625,0.578,0.947,0.564,
0.632,0.599,0.961,0.542,
0.618,0.574,0.938,0.544,
0.59,0.544,0.942,0.501,
0.654,0.607,0.951,0.595,
0.639,0.611,0.94,0.567,
0.555,0.521,0.9,0.458,
0.603,0.556,0.935,0.539,
0.617,0.578,0.941,0.529,
0.621,0.581,0.937,0.546,
0.592,0.547,0.951,0.504,
0.618,0.578,0.951,0.554,
0.628,0.588,0.962,0.542,
0.637,0.599,0.944,0.561,
0.588,0.567,0.898,0.505,
0.596,0.553,0.939,0.525,
0.59,0.53,0.94,0.511,
0.634,0.593,0.94,0.559,
0.654,0.613,0.964,0.586,
0.561,0.536,0.866,0.479,
0.597,0.553,0.926,0.537,
0.589,0.559,0.935,0.509,
0.605,0.56,0.938,0.543,
0.573,0.512,0.929,0.488,
0.591,0.544,0.932,0.51,
0.623,0.585,0.942,0.549,
0.629,0.59,0.924,0.565,
0.571,0.531,0.95,0.475,
0.6,0.567,0.918,0.536,
0.61,0.573,0.891,0.554,
0.619,0.577,0.941,0.536,
0.65,0.609,0.955,0.597,
0.585,0.543,0.932,0.512,
0.598,0.557,0.937,0.524,
0.645,0.613,0.979,0.531,
0.637,0.601,0.936,0.541,
0.58,0.539,0.925,0.499,
0.586,0.547,0.93,0.516,
0.605,0.557,0.972,0.529,
0.635,0.603,0.926,0.581,
0.592,0.557,0.891,0.521,
0.595,0.546,0.943,0.51,
0.584,0.544,0.933,0.508,
0.633,0.599,0.948,0.572,
0.632,0.592,0.939,0.574,
0.595,0.559,0.926,0.496,
0.566,0.516,0.95,0.477,
0.582,0.533,0.949,0.502,
0.593,0.555,0.926,0.516,
0.622,0.582,0.944,0.552,
0.609,0.562,0.959,0.545,
0.606,0.573,0.924,0.54,
0.624,0.593,0.947,0.555,
0.621,0.579,0.951,0.566,
0.588,0.542,0.929,0.521,
0.646,0.603,0.969,0.585,
0.617,0.571,0.959,0.53,
0.635,0.604,0.949,0.569,
0.602,0.56,0.916,0.54,
0.592,0.558,0.894,0.528,
0.618,0.595,0.934,0.525,
0.619,0.575,0.941,0.55,
0.616,0.587,0.897,0.563,
0.604,0.557,0.944,0.532,
0.591,0.526,0.94,0.518,
0.642,0.6,0.93,0.577,
0.558,0.517,0.882,0.48,
0.553,0.516,0.872,0.48,
0.63,0.589,0.947,0.554,
0.624,0.581,0.938,0.566,
0.617,0.575,0.931,0.559,
0.613,0.588,0.941,0.539,
0.631,0.593,0.95,0.576,
0.614,0.575,0.939,0.554,
0.619,0.569,0.931,0.563,
0.612,0.567,0.934,0.52,
0.592,0.555,0.932,0.502,
0.605,0.57,0.915,0.543,
0.662,0.63,0.951,0.604,
0.536,0.502,0.824,0.46,
0.615,0.589,0.852,0.567,
0.604,0.564,0.942,0.528,
0.603,0.548,0.947,0.545,
0.526,0.479,0.829,0.473,
0.579,0.524,0.953,0.486,
0.585,0.54,0.944,0.498,
0.646,0.613,0.953,0.579,
0.581,0.535,0.946,0.484,
0.615,0.587,0.946,0.534,
0.595,0.551,0.929,0.505,
0.545,0.508,0.838,0.472,
0.503,0.446,0.885,0.424,
0.602,0.558,0.916,0.558,
0.553,0.504,0.93,0.502,
0.603,0.568,0.946,0.52,
0.613,0.566,0.959,0.524,
0.627,0.587,0.951,0.531,
0.617,0.581,0.951,0.541,
0.615,0.566,0.939,0.538,
0.643,0.605,0.958,0.581,
0.61,0.571,0.94,0.534,
0.618,0.579,0.938,0.541,
0.579,0.52,0.943,0.52,
0.589,0.551,0.94,0.51,
0.621,0.588,0.941,0.532,
0.625,0.586,0.954,0.543,
0.554,0.519,0.855,0.467,
0.627,0.591,0.948,0.549,
0.613,0.575,0.931,0.541,
0.583,0.536,0.954,0.528,
0.617,0.567,0.946,0.557,
0.573,0.521,0.905,0.489,
0.64,0.603,0.921,0.59,
0.581,0.534,0.939,0.522,
0.62,0.581,0.942,0.554,
0.621,0.591,0.958,0.548,
0.627,0.581,0.945,0.549,
0.585,0.541,0.92,0.523,
0.618,0.571,0.935,0.546,
0.64,0.584,0.972,0.582,
0.661,0.627,0.942,0.606,
0.63,0.593,0.948,0.54,
0.573,0.528,0.936,0.513,
0.599,0.55,0.942,0.546,
0.579,0.538,0.953,0.504,
0.613,0.577,0.959,0.517,
0.614,0.583,0.916,0.542,
0.569,0.538,0.852,0.5,
0.639,0.602,0.938,0.593,
0.548,0.522,0.839,0.459,
0.533,0.469,0.936,0.453,
0.604,0.552,0.937,0.545,
0.613,0.556,0.955,0.549,
0.584,0.536,0.894,0.496,
0.603,0.562,0.94,0.521,
0.615,0.585,0.896,0.571,
0.581,0.543,0.912,0.503,
0.591,0.551,0.909,0.516,
0.621,0.578,0.944,0.558,
0.6,0.559,0.935,0.522,
0.621,0.577,0.943,0.557,
0.64,0.615,0.95,0.562,
0.606,0.564,0.951,0.524,
0.579,0.558,0.91,0.482,
0.561,0.516,0.92,0.483,
0.626,0.599,0.945,0.541,
0.631,0.594,0.94,0.577,
0.631,0.589,0.932,0.572,
0.614,0.573,0.919,0.56,
0.593,0.556,0.947,0.514,
0.616,0.565,0.937,0.543,
0.642,0.609,0.979,0.56,
0.602,0.549,0.959,0.527,
0.573,0.536,0.859,0.529,
0.653,0.622,0.953,0.572,
0.615,0.573,0.909,0.556,
0.613,0.558,0.942,0.556,
0.632,0.599,0.946,0.548,
0.571,0.516,0.943,0.503,
0.584,0.543,0.882,0.523,
0.538,0.484,0.898,0.467,
0.619,0.585,0.941,0.541,
0.637,0.609,0.956,0.544,
0.592,0.54,0.938,0.496,
0.672,0.635,0.952,0.624,
0.602,0.568,0.901,0.523,
0.635,0.601,0.951,0.571,
0.592,0.546,0.944,0.51,
0.643,0.617,0.899,0.564,
0.589,0.534,0.946,0.532,
0.599,0.556,0.927,0.512,
0.593,0.552,0.923,0.511,
0.623,0.578,0.946,0.56,
0.592,0.549,0.894,0.526,
0.597,0.56,0.932,0.516,
0.55,0.502,0.928,0.486,
0.665,0.639,0.938,0.588,
0.587,0.542,0.927,0.524,
0.61,0.579,0.917,0.538,
0.607,0.548,0.957,0.528,
0.612,0.571,0.93,0.536,
0.631,0.577,0.917,0.57,
0.621,0.597,0.938,0.534,
0.558,0.524,0.88,0.479,
0.643,0.602,0.96,0.565,
0.601,0.569,0.927,0.521,
0.584,0.528,0.92,0.512,
0.641,0.602,0.964,0.563,
0.617,0.591,0.935,0.555,
0.661,0.631,0.954,0.583,
0.603,0.565,0.934,0.525,
0.575,0.504,0.906,0.475,
0.611,0.565,0.938,0.506,
0.604,0.545,0.926,0.538,
0.594,0.542,0.925,0.535,
0.606,0.558,0.947,0.554,
0.607,0.56,0.951,0.545,
0.567,0.511,0.957,0.467,
0.599,0.551,0.923,0.527,
0.68,0.65,0.958,0.609,
0.615,0.573,0.948,0.538,
0.641,0.595,0.965,0.573,
0.593,0.542,0.96,0.532,
0.585,0.534,0.94,0.491,
0.598,0.563,0.937,0.505,
0.607,0.559,0.965,0.523,
0.564,0.529,0.877,0.493,
0.662,0.629,0.949,0.605,
0.667,0.639,0.953,0.584,
0.546,0.499,0.877,0.477,
0.555,0.504,0.88,0.485,
0.631,0.585,0.959,0.561,
0.572,0.523,0.924,0.504,
0.535,0.481,0.879,0.469,
0.565,0.54,0.87,0.48,
0.576,0.522,0.945,0.518,
0.594,0.556,0.945,0.52,
0.617,0.576,0.954,0.541,
0.601,0.562,0.945,0.502,
0.596,0.574,0.853,0.521,
0.561,0.535,0.754,0.526,
0.599,0.573,0.817,0.55,
0.618,0.593,0.819,0.561,
0.625,0.596,0.842,0.589,
0.574,0.55,0.764,0.53,
0.537,0.516,0.718,0.501,
0.584,0.554,0.805,0.545,
0.578,0.554,0.805,0.512,
0.598,0.562,0.807,0.555,
0.515,0.497,0.684,0.463,
0.614,0.591,0.831,0.551,
0.619,0.595,0.815,0.579,
0.607,0.583,0.797,0.566,
0.593,0.562,0.811,0.557,
0.584,0.56,0.779,0.547,
0.594,0.575,0.766,0.543,
0.569,0.542,0.802,0.51,
0.492,0.469,0.672,0.445,
0.55,0.524,0.749,0.507,
0.596,0.567,0.802,0.547,
0.604,0.573,0.812,0.559,
0.589,0.566,0.816,0.514,
0.604,0.572,0.819,0.564,
0.673,0.651,0.884,0.634,
0.62,0.595,0.816,0.578,
0.526,0.493,0.735,0.482,
0.626,0.603,0.82,0.593,
0.594,0.573,0.798,0.553,
0.574,0.556,0.813,0.508,
0.581,0.56,0.801,0.537,
0.579,0.558,0.789,0.524,
0.6,0.573,0.798,0.563,
0.569,0.532,0.889,0.505,
0.55,0.502,0.92,0.482,
0.58,0.558,0.78,0.539,
0.648,0.613,0.949,0.584,
0.588,0.554,0.854,0.504,
0.609,0.577,0.948,0.534,
0.642,0.609,0.973,0.554,
0.583,0.53,0.947,0.506,
0.604,0.556,0.95,0.535,
0.616,0.575,0.947,0.552,
0.647,0.609,0.947,0.602,
0.641,0.596,0.943,0.569,
0.613,0.573,0.939,0.55,
0.531,0.474,0.905,0.468,
0.664,0.627,0.96,0.616,
0.572,0.538,0.903,0.494,
0.499,0.47,0.688,0.45,
0.624,0.591,0.839,0.587,
0.617,0.593,0.817,0.575,
0.54,0.508,0.734,0.504,
0.61,0.587,0.821,0.567,
0.615,0.593,0.809,0.568,
0.644,0.613,0.872,0.58,
0.592,0.562,0.803,0.544,
0.603,0.575,0.812,0.572,
0.612,0.585,0.815,0.57,
0.568,0.543,0.793,0.526,
0.59,0.559,0.797,0.547,
0.592,0.579,0.794,0.515,
0.522,0.496,0.715,0.482,
0.557,0.522,0.737,0.515,
0.554,0.531,0.795,0.503,
0.603,0.569,0.907,0.525,
0.601,0.571,0.912,0.543,
0.637,0.595,0.937,0.586,
0.615,0.584,0.948,0.523,
0.637,0.603,0.96,0.573,
0.567,0.517,0.935,0.504,
0.642,0.629,0.937,0.556,
0.62,0.581,0.954,0.564,
0.64,0.607,0.941,0.56,
0.583,0.536,0.939,0.492,
0.596,0.551,0.897,0.532,
0.622,0.595,0.939,0.532,
0.553,0.505,0.871,0.501,
0.648,0.619,0.957,0.555,
0.621,0.591,0.9,0.561,
0.583,0.554,0.933,0.464,


0.917,0.929,0.946,0.829,
0.942,0.968,1,0.821,
0.915,0.914,1,0.816,
0.951,0.973,1,0.844,
0.833,0.837,0.894,0.752,
0.927,0.94,1,0.847,
0.954,0.988,1,0.824,
0.866,0.879,0.937,0.745,
0.907,0.914,0.956,0.84,
0.899,0.929,0.959,0.768,
0.909,0.919,0.944,0.814,
0.895,0.927,0.988,0.773,
0.876,0.873,0.915,0.816,
0.923,0.944,1,0.794,
0.957,0.978,1,0.84,
0.923,0.918,1,0.845,
0.879,0.887,0.936,0.776,
0.901,0.925,0.951,0.773,
0.928,0.928,1,0.871,
0.951,0.966,1,0.826,
0.755,0.749,0.807,0.71,
0.925,0.929,0.971,0.834,
0.753,0.77,0.779,0.657,
0.889,0.884,1,0.752,
0.944,0.979,1,0.779,
0.895,0.921,0.992,0.783,
0.926,0.911,1,0.869,
0.95,0.964,0.978,0.841,
0.973,0.987,1,0.859,
0.907,0.922,0.946,0.803,
0.95,0.96,1,0.86,
0.882,0.913,1,0.766,
0.867,0.841,1,0.694,
0.932,0.934,0.969,0.836,
0.889,0.897,1,0.802,
0.933,0.938,0.992,0.863,
0.923,0.922,1,0.857,
0.855,0.804,1,0.772,
0.885,0.894,0.98,0.758,
0.912,0.911,0.968,0.814,
0.911,0.919,1,0.802,
0.8,0.811,0.855,0.699,
0.93,0.936,1,0.822,
0.765,0.774,0.824,0.698,
0.924,0.931,1,0.832,
0.896,0.897,0.961,0.814,
0.919,0.941,1,0.822,
0.947,0.952,1,0.893,
0.914,0.918,1,0.804,
0.846,0.859,0.916,0.756,
0.959,0.976,1,0.861,
0.853,0.845,0.93,0.777,
0.865,0.879,0.906,0.788,
0.867,0.871,0.925,0.799,
0.913,0.911,0.981,0.783,
0.928,0.933,1,0.81,
0.917,0.923,1,0.825,
0.889,0.914,0.939,0.795,
0.926,0.932,0.992,0.763,
0.951,0.976,1,0.849,
0.839,0.82,1,0.71,
0.892,0.877,1,0.773,
0.887,0.909,1,0.746,
0.908,0.921,0.957,0.823,
0.937,0.96,0.984,0.836,
0.907,0.903,1,0.819,
0.836,0.823,0.921,0.768,
0.949,0.956,1,0.856,
0.928,0.939,0.979,0.827,
0.909,0.889,1,0.767,
0.96,0.973,1,0.893,
0.935,0.935,1,0.839,
0.959,0.97,1,0.867,
0.886,0.869,1,0.759,
0.961,0.988,1,0.867,
0.83,0.849,0.871,0.733,
0.927,0.919,1,0.859,
0.918,0.925,0.975,0.828,
0.954,0.97,1,0.852,
0.909,0.915,0.955,0.814,
0.885,0.87,0.997,0.772,
0.808,0.817,0.831,0.739,
0.94,0.944,1,0.841,
0.934,0.948,0.971,0.845,
0.898,0.911,0.968,0.777,
0.944,0.947,0.966,0.909,
0.958,0.968,1,0.902,
0.962,0.972,1,0.875,
0.83,0.796,1,0.756,
0.92,0.935,0.985,0.8,
0.91,0.928,0.944,0.803,
0.968,0.981,0.995,0.855,
0.943,0.952,0.974,0.885,
0.757,0.744,0.811,0.669,
0.919,0.91,1,0.815,
0.88,0.887,0.923,0.798,
0.957,0.98,0.998,0.874,
0.88,0.91,0.942,0.72,
0.762,0.769,0.816,0.65,
0.945,0.944,1,0.86,
0.916,0.974,1,0.797,
0.858,0.897,0.935,0.708,
0.97,0.986,1,0.819,
0.858,0.865,1,0.759,
0.917,0.923,0.964,0.827,
0.952,0.956,0.981,0.873,
0.938,0.97,1,0.826,
0.878,0.882,0.934,0.806,
0.94,0.941,1,0.851,
0.922,0.929,1,0.831,
0.927,0.943,1,0.794,
0.878,0.857,0.974,0.777,
0.934,0.911,1,0.845,
0.963,0.972,1,0.851,
0.949,0.964,1,0.853,
0.926,0.948,0.967,0.839,
0.967,0.978,0.987,0.888,
0.936,0.922,1,0.85,
0.783,0.798,0.827,0.696,
0.933,0.939,0.97,0.851,
0.949,0.955,1,0.843,
0.937,0.946,1,0.843,
0.948,0.965,1,0.849,
0.955,0.978,1,0.837,
0.833,0.839,0.862,0.767,
0.903,0.921,0.972,0.794,
0.955,0.97,0.999,0.846,
0.936,0.945,0.974,0.835,
0.951,0.968,0.98,0.855,
0.794,0.81,0.839,0.707,
0.809,0.815,0.854,0.736,
0.843,0.831,0.929,0.776,
0.878,0.875,1,0.755,
0.954,0.952,1,0.875,
0.895,0.901,0.94,0.802,
0.909,0.905,1,0.833,
0.835,0.809,1,0.761,
0.952,0.98,1,0.843,
0.897,0.915,0.952,0.78,
0.854,0.863,0.933,0.738,
0.889,0.886,0.98,0.787,
0.917,0.929,1,0.807,
0.864,0.84,0.949,0.779,
0.887,0.869,1,0.81,
0.893,0.88,1,0.786,
0.942,0.97,1,0.779,
0.96,0.978,1,0.873,
0.96,0.971,1,0.873,
0.871,0.883,0.947,0.784,
0.82,0.818,0.873,0.752,
0.846,0.837,0.909,0.772,
0.964,0.98,1,0.86,
0.935,0.94,0.997,0.874,
0.854,0.851,1,0.77,
0.951,0.962,0.989,0.869,
0.898,0.927,0.959,0.787,
0.833,0.833,0.887,0.748,
0.953,0.966,1,0.836,
0.937,0.944,1,0.816,
0.949,0.952,1,0.864,
0.91,0.935,0.98,0.816,
0.83,0.847,0.864,0.731,
0.868,0.86,0.967,0.775,
0.796,0.793,0.864,0.736,
0.878,0.88,1,0.77,
0.946,0.959,0.994,0.838,
0.894,0.893,1,0.792,
0.926,0.934,0.959,0.796,
0.928,0.948,1,0.825,
0.859,0.876,0.931,0.757,
0.953,0.944,1,0.888,
0.742,0.754,0.828,0.642,
0.808,0.814,0.972,0.7,
0.876,0.891,0.907,0.769,
0.796,0.809,0.906,0.674,
0.872,0.899,0.945,0.712,
0.84,0.851,0.931,0.739,
0.877,0.887,0.907,0.801,
0.804,0.844,0.886,0.673,
0.874,0.882,0.926,0.791,
0.743,0.736,0.872,0.614,
0.941,0.96,1,0.839,
0.932,0.937,1,0.84,
0.947,0.956,1,0.866,
0.945,0.956,1,0.866,
0.889,0.873,1,0.839,
0.945,0.958,1,0.823,
0.882,0.887,1,0.791,
0.884,0.851,0.986,0.768,
0.91,0.915,0.959,0.826,
0.894,0.911,0.995,0.737,
0.874,0.884,0.96,0.759,
0.914,0.915,0.984,0.838,
0.892,0.911,1,0.709,
0.856,0.859,0.948,0.791,
0.855,0.86,0.904,0.783,
0.924,0.907,1,0.869,
0.948,0.962,1,0.852,
0.779,0.758,0.932,0.709,
0.866,0.884,0.922,0.766,
0.784,0.798,0.808,0.689,
0.919,0.946,1,0.802,
0.923,0.938,1,0.836,
0.797,0.776,0.93,0.651,
0.872,0.873,0.955,0.773,
0.828,0.812,0.926,0.785,
0.842,0.857,0.876,0.723,
0.85,0.879,0.912,0.673,
0.813,0.786,1,0.682,
0.948,0.954,1,0.883,
0.78,0.784,0.832,0.721,
0.808,0.819,0.842,0.73,
0.965,0.972,1,0.881,
0.872,0.885,0.907,0.796,
0.896,0.901,0.945,0.791,
0.951,0.98,1,0.847,
0.919,0.923,1,0.849,
0.908,0.895,1,0.823,
0.964,0.978,0.999,0.862,
0.929,0.921,1,0.848,
0.869,0.816,1,0.779,
0.77,0.783,0.824,0.709,
0.792,0.806,0.832,0.702,
0.954,0.97,0.997,0.863,
0.974,0.988,0.996,0.864,
0.883,0.915,0.971,0.779,
0.899,0.905,0.975,0.805,
0.953,0.96,0.998,0.866,
0.956,0.964,1,0.849,
0.908,0.919,0.948,0.804,
0.94,0.958,1,0.856,
0.946,0.954,1,0.869,
0.894,0.937,1,0.758,
0.924,0.921,1,0.833,
0.954,0.978,1,0.849,
0.95,0.966,0.998,0.825,
0.904,0.907,1,0.845,
0.684,0.693,0.703,0.608,
0.829,0.82,0.95,0.775,
0.966,0.977,1,0.87,
0.9,0.9,0.954,0.806,
0.888,0.92,1,0.696,
0.713,0.663,1,0.62,
0.96,0.969,1,0.849,
0.852,0.829,1,0.795,
0.951,0.96,1,0.851,
0.876,0.894,0.965,0.751,
0.926,0.939,0.941,0.813,
0.855,0.849,0.918,0.799,
0.947,0.98,0.996,0.835,
0.933,0.974,1,0.794,
0.831,0.839,0.867,0.742,
0.955,0.966,0.998,0.874,
0.928,0.927,1,0.818,
0.97,0.986,1,0.873,
0.859,0.881,0.901,0.771,
0.939,0.954,1,0.846,
0.931,0.94,0.974,0.828,
0.938,0.948,1,0.806,
0.92,0.936,0.982,0.79,
0.928,0.924,1,0.845,
0.904,0.923,0.95,0.789,
0.8,0.811,0.84,0.733,
0.935,0.94,1,0.865,
0.95,0.964,1,0.862,
0.947,0.949,1,0.849,
0.929,0.937,1,0.835,
0.855,0.853,0.892,0.776,
0.93,0.927,1,0.825,
0.952,0.969,1,0.828,
0.91,0.903,0.972,0.821,
0.956,0.967,1,0.859,
0.826,0.829,0.883,0.761,
0.834,0.839,0.933,0.694,
0.913,0.921,0.944,0.83,
0.846,0.901,0.92,0.693,
0.91,0.928,1,0.802,
0.929,0.96,0.971,0.772,
0.934,0.935,0.99,0.87,
0.89,0.895,1,0.776,
0.762,0.79,0.832,0.617,
0.952,0.967,0.99,0.858,
0.946,0.955,0.995,0.839,
0.913,0.927,1,0.8,
0.903,0.903,0.94,0.835,
0.886,0.909,0.953,0.762,
0.767,0.768,0.802,0.696,
0.914,0.929,1,0.796,
0.877,0.865,0.971,0.762,
0.961,0.978,0.998,0.873,
0.937,0.966,1,0.837,
0.868,0.88,0.944,0.792,
0.929,0.938,1,0.834,
0.896,0.893,1,0.794,
0.894,0.903,0.94,0.81,
0.969,0.984,1,0.859,
0.941,0.955,0.984,0.85,
0.959,0.963,1,0.875,
0.838,0.82,0.977,0.698,
0.909,0.921,1,0.824,
0.914,0.927,0.972,0.792,
0.843,0.879,0.897,0.702,
0.932,0.935,1,0.83,
0.857,0.911,1,0.694,
0.887,0.899,1,0.653,
0.704,0.716,0.725,0.631,
0.96,0.964,1,0.889,
0.957,0.98,1,0.838,
0.966,0.972,1,0.868,
0.727,0.724,0.782,0.678,
0.831,0.838,0.899,0.751,
0.955,0.96,1,0.899,
0.902,0.913,0.936,0.81,
0.84,0.853,0.905,0.758,
0.837,0.851,0.876,0.749,
0.824,0.844,0.861,0.735,
0.94,0.957,1,0.816,
0.892,0.878,0.996,0.832,
0.905,0.894,1,0.836,
0.805,0.805,0.918,0.697,
0.917,0.969,1,0.786,
0.938,0.955,0.993,0.799,
0.909,0.927,0.998,0.811,
0.883,0.902,0.937,0.816,
0.88,0.895,0.924,0.746,
0.922,0.932,0.974,0.858,
0.804,0.804,0.833,0.722,
0.805,0.764,1,0.744,
0.801,0.788,0.926,0.735,
0.939,0.964,1,0.854,
0.855,0.86,1,0.714,
0.904,0.913,0.966,0.77,
0.891,0.905,0.935,0.799,
0.842,0.818,1,0.756,
0.936,0.944,0.967,0.864,
0.912,0.925,1,0.763,
0.929,0.931,1,0.832,
0.954,0.97,1,0.838,
0.92,0.901,1,0.864,
0.96,0.962,1,0.874,
0.962,0.963,1,0.9,
0.936,0.93,1,0.883,
0.91,0.929,0.943,0.829,
0.95,0.958,0.964,0.878,
0.8,0.807,0.873,0.721,
0.889,0.906,0.968,0.817,
0.861,0.894,0.93,0.765,
0.92,0.921,0.975,0.847,
0.932,0.942,0.967,0.844,
0.945,0.952,0.993,0.821,
0.965,0.978,1,0.835,
0.898,0.935,1,0.769,
0.885,0.881,0.963,0.819,
0.795,0.8,0.826,0.699,
0.866,0.869,0.931,0.782,
0.833,0.822,0.942,0.716,
0.969,0.976,1,0.866,
0.895,0.887,1,0.763,
0.965,0.972,1,0.875,
0.964,0.979,1,0.865,
0.924,0.952,0.997,0.77,
0.937,0.958,1,0.847,
0.833,0.843,0.877,0.757,
0.927,0.945,1,0.793,
0.821,0.832,0.903,0.718,
0.788,0.807,0.853,0.722,
0.898,0.913,0.929,0.799,
0.952,0.972,1,0.839,
0.921,0.916,1,0.856,
0.932,0.933,1,0.787,
0.969,0.982,1,0.852,
0.944,0.97,1,0.835,
0.861,0.882,0.908,0.783,
0.916,0.913,1,0.87,
0.755,0.75,0.783,0.696,
0.947,0.972,1,0.854,
0.785,0.785,0.878,0.726,
0.78,0.806,0.826,0.66,
0.928,0.946,0.991,0.86,
0.826,0.82,0.96,0.751,
0.865,0.861,1,0.764,
0.887,0.873,0.989,0.814,
0.967,0.986,1,0.851,
0.948,0.954,1,0.878,
0.97,0.982,1,0.866,
0.942,0.953,1,0.872,
0.935,0.98,1,0.778,
0.946,0.954,1,0.814,
0.836,0.844,0.902,0.745,
0.873,0.886,0.924,0.803,
0.964,0.976,1,0.898,
0.945,0.97,1,0.839,
0.92,0.921,0.981,0.852,
0.9,0.907,0.969,0.806,
0.961,0.985,1,0.804,
0.879,0.873,1,0.775,
0.912,0.923,0.949,0.819,
0.783,0.799,0.83,0.704,
0.921,0.947,0.971,0.806,
0.879,0.899,0.922,0.756,
0.891,0.908,0.98,0.781,
0.852,0.869,0.888,0.77,
0.936,0.941,0.999,0.877,
0.931,0.966,0.999,0.765,
0.848,0.827,1,0.748,
0.919,0.933,0.971,0.806,
0.933,0.952,0.965,0.811,
0.842,0.873,0.927,0.721,
0.82,0.802,0.959,0.756,
0.899,0.923,0.955,0.804,
0.936,0.925,1,0.875,
0.929,0.931,1,0.854,
0.893,0.895,0.938,0.797,
0.944,0.962,1,0.805,
0.887,0.868,1,0.799,
0.949,0.96,1,0.828,
0.802,0.782,0.877,0.754,
0.912,0.893,1,0.855,
0.902,0.907,1,0.793,
0.944,0.955,1,0.841,
0.893,0.903,1,0.789,
0.903,0.903,1,0.811,
0.935,0.932,1,0.869,
0.957,0.982,1,0.816,
0.784,0.79,0.828,0.71,
0.928,0.954,1,0.831,
0.909,0.9,1,0.835,
0.951,0.958,1,0.847,
0.887,0.892,0.925,0.772,
0.865,0.842,1,0.801,
0.915,0.929,0.945,0.814,
0.865,0.879,0.897,0.766,
0.93,0.914,1,0.888,
0.893,0.886,0.952,0.826,
0.927,0.925,1,0.876,
0.903,0.925,0.945,0.795,
0.858,0.835,1,0.834,
0.955,0.977,1,0.866,
0.922,0.944,0.989,0.798,
0.864,0.881,0.948,0.727,
0.922,0.91,1,0.848,
0.942,0.956,1,0.846,
0.861,0.842,1,0.746,
0.776,0.777,0.828,0.706,
0.823,0.826,0.979,0.735,
0.921,0.928,0.992,0.845,
0.896,0.915,0.974,0.792,
0.95,0.96,1,0.849,
0.961,0.968,1,0.865,
0.896,0.89,0.996,0.817,
0.942,0.969,1,0.862,
0.956,0.972,1,0.834,
0.942,0.956,1,0.86,
0.967,0.984,1,0.866,
0.927,0.923,1,0.873,
0.89,0.909,1,0.732,
0.892,0.921,0.925,0.788,
0.906,0.92,0.994,0.762,
0.843,0.838,0.936,0.751,
0.943,0.971,0.987,0.832,
0.811,0.814,0.849,0.742,
0.931,0.952,1,0.741,
0.915,0.917,1,0.825,
0.926,0.935,1,0.812,
0.849,0.873,0.911,0.758,
0.97,0.985,1,0.831,
0.941,0.97,0.988,0.839,
0.868,0.853,0.975,0.741,
0.895,0.89,1,0.782,
0.944,0.962,1,0.843,
0.86,0.873,0.921,0.771,
0.903,0.903,0.948,0.869,
0.926,0.935,1,0.831,
0.938,0.93,0.994,0.87,
0.769,0.782,0.809,0.707,
0.902,0.917,0.957,0.808,
0.932,0.946,0.982,0.855,
0.946,0.958,1,0.825,
0.795,0.776,0.908,0.731,
0.881,0.885,0.963,0.749,
0.949,0.972,1,0.82,
0.9,0.901,1,0.788,
0.905,0.947,0.955,0.807,
0.773,0.745,1,0.651,
0.742,0.728,0.837,0.672,
0.863,0.869,0.916,0.768,
0.928,0.952,0.974,0.848,
0.927,0.964,0.985,0.799,
0.919,0.94,0.978,0.793,
0.968,0.982,1,0.87,
0.865,0.856,1,0.76,
0.933,0.92,1,0.889,
0.889,0.876,0.988,0.809,
0.954,0.97,1,0.819,
0.823,0.835,0.884,0.734,
0.933,0.946,0.965,0.821,
0.937,0.953,1,0.853,
0.938,0.966,1,0.841,
0.921,0.906,1,0.864,
0.98,0.994,1,0.873,
0.951,0.969,0.986,0.87,
0.941,0.963,1,0.864,
0.878,0.894,0.929,0.779,
0.92,0.907,0.997,0.854,
0.697,0.696,0.772,0.571,
0.943,0.955,0.98,0.84,
0.916,0.931,0.983,0.842,
0.96,0.96,1,0.899,
0.972,0.986,1,0.892,
0.941,0.954,1,0.824,
0.918,0.936,0.989,0.838,
0.868,0.871,0.946,0.768,
0.854,0.871,0.947,0.707,
0.932,0.98,0.996,0.777,
0.943,0.939,1,0.843,
0.916,0.909,1,0.84,
0.803,0.806,0.876,0.684,
0.787,0.8,0.829,0.719,
0.807,0.799,0.913,0.739,
0.922,0.891,1,0.857,
0.879,0.865,1,0.718,
0.843,0.887,0.927,0.681,
0.862,0.872,0.9,0.747,
0.872,0.896,0.909,0.768,
0.889,0.893,0.938,0.822,
0.93,0.936,1,0.814,
0.85,0.869,0.892,0.769,
0.946,0.949,1,0.857,
0.908,0.922,0.976,0.815,
0.825,0.825,0.954,0.758,
0.864,0.881,0.904,0.75,
0.911,0.933,0.957,0.777,
0.928,0.931,1,0.859,
0.914,0.921,0.947,0.818,
0.923,0.94,0.942,0.82,
0.948,0.954,0.996,0.861,
0.852,0.835,1,0.817,
0.79,0.763,1,0.745,
0.76,0.738,1,0.703,
0.817,0.792,1,0.763,
0.821,0.806,0.999,0.735,
0.834,0.825,1,0.779,
0.741,0.694,1,0.673,
0.814,0.782,1,0.776,
0.768,0.736,0.971,0.722,
0.787,0.768,0.991,0.726,
0.83,0.804,1,0.789,
0.757,0.716,1,0.708,
0.785,0.76,1,0.729,
0.837,0.829,1,0.776,
0.776,0.754,1,0.7,
0.82,0.807,1,0.76,
0.832,0.813,1,0.77,
0.72,0.688,1,0.65,
0.765,0.752,0.985,0.689,
0.827,0.813,1,0.753,
0.814,0.804,1,0.744,
0.72,0.694,0.891,0.658,
0.827,0.812,0.953,0.785,
0.743,0.716,0.94,0.692,
0.78,0.762,1,0.726,
0.782,0.752,1,0.734,
0.79,0.77,1,0.73,
0.73,0.69,1,0.651,
0.781,0.754,1,0.717,
0.808,0.782,0.984,0.749,
0.767,0.736,1,0.704,
0.846,0.825,1,0.801,
0.754,0.716,1,0.692,
0.845,0.807,1,0.789,
0.761,0.748,1,0.682,
0.822,0.807,1,0.76,
0.753,0.72,1,0.715,
0.811,0.81,0.957,0.741,
0.773,0.76,0.991,0.689,
0.753,0.741,1,0.639,
0.74,0.706,1,0.659,
0.83,0.8,0.989,0.793,
0.752,0.726,0.956,0.696,
0.799,0.782,1,0.736,
0.857,0.845,1,0.788,
0.731,0.708,0.942,0.655,
0.79,0.764,1,0.75,
0.787,0.758,1,0.741,
0.819,0.805,0.987,0.725,
0.778,0.748,1,0.738,
0.812,0.796,0.971,0.769,
0.791,0.764,1,0.705,
0.815,0.792,1,0.754,
0.739,0.733,0.982,0.633,
0.844,0.833,1,0.794,
0.73,0.694,1,0.644,
0.828,0.817,1,0.757,
0.793,0.769,1,0.732,
0.807,0.778,1,0.738,
0.842,0.843,0.981,0.759,
0.737,0.716,0.932,0.671,
0.758,0.739,1,0.66,
0.867,0.858,1,0.756,
0.836,0.826,1,0.799,
0.798,0.78,1,0.695,
0.774,0.744,1,0.723,
0.836,0.821,1,0.792,
0.813,0.79,1,0.773,
0.837,0.815,0.953,0.773,
0.855,0.855,1,0.803,
0.811,0.794,0.997,0.774,
0.807,0.788,1,0.763,
0.737,0.727,0.897,0.67,
0.823,0.8,0.999,0.76,
0.794,0.763,1,0.724,
0.744,0.704,1,0.694,
0.832,0.815,1,0.758,
0.807,0.798,0.991,0.716,
0.771,0.718,1,0.697,
0.801,0.77,1,0.736,
0.82,0.814,1,0.735,
0.701,0.652,1,0.62,
0.708,0.673,0.974,0.666,
0.754,0.732,0.931,0.686,
0.769,0.752,1,0.71,
0.821,0.801,1,0.766,
0.742,0.71,1,0.679,
0.825,0.804,1,0.784,
0.851,0.847,1,0.724,
0.794,0.77,1,0.731,
0.775,0.738,0.924,0.723,
0.803,0.792,1,0.707,
0.845,0.839,0.987,0.781,
0.741,0.692,0.98,0.668,
0.812,0.782,0.969,0.756,
0.777,0.757,1,0.683,
0.764,0.738,0.98,0.704,
0.724,0.703,0.959,0.65,
0.759,0.724,1,0.696,
0.816,0.798,1,0.764,
0.809,0.783,0.993,0.763,
0.707,0.7,0.848,0.651,
0.707,0.684,0.929,0.62,
0.801,0.764,1,0.752,
0.823,0.811,0.987,0.767,
0.703,0.703,0.873,0.599,
0.778,0.756,0.969,0.741,
0.784,0.761,1,0.701,
0.831,0.817,1,0.723,
0.821,0.804,1,0.768,
0.734,0.708,1,0.658,
0.83,0.8,1,0.762,
0.818,0.794,1,0.782,
0.897,0.877,1,0.847,
0.785,0.768,0.971,0.729,
0.774,0.746,0.974,0.739,
0.799,0.774,0.994,0.75,
0.758,0.724,1,0.704,
0.789,0.77,1,0.734,
0.692,0.675,0.905,0.602,
0.85,0.826,1,0.78,
0.774,0.776,1,0.676,
0.884,0.878,1,0.825,
0.778,0.754,1,0.701,
0.735,0.716,1,0.658,
0.825,0.81,1,0.751,
0.782,0.754,0.996,0.711,
0.832,0.81,1,0.757,
0.747,0.714,1,0.63,
0.76,0.749,1,0.671,
0.695,0.673,0.883,0.654,
0.819,0.804,1,0.744,
0.739,0.708,0.974,0.673,
0.816,0.798,0.985,0.766,
0.775,0.753,1,0.649,
0.872,0.863,1,0.806,
0.746,0.729,0.991,0.655,
0.764,0.76,0.99,0.681,
0.807,0.789,0.998,0.738,
0.731,0.696,1,0.635,
0.824,0.803,1,0.779,
0.723,0.701,0.899,0.684,
0.794,0.768,1,0.755,
0.802,0.809,1,0.702,
0.872,0.861,1,0.818,
0.812,0.808,0.957,0.745,
0.685,0.625,1,0.623,
0.812,0.784,1,0.712,
0.878,0.867,1,0.83,
0.829,0.82,0.956,0.767,
0.766,0.732,1,0.685,
0.668,0.649,0.857,0.612,
0.687,0.624,1,0.585,
0.681,0.655,0.938,0.602,
0.798,0.782,1,0.748,
0.787,0.772,1,0.676,
0.864,0.828,0.999,0.8,
0.747,0.728,1,0.679,
0.876,0.859,1,0.821,
0.875,0.877,1,0.808,
0.754,0.718,0.978,0.676,
0.829,0.819,0.997,0.771,
0.804,0.794,0.981,0.727,
0.744,0.694,1,0.67,
0.808,0.748,1,0.727,
0.815,0.787,1,0.766,
0.83,0.803,0.995,0.772,
0.741,0.708,0.993,0.676,
0.824,0.794,1,0.735,
0.845,0.849,0.987,0.776,
0.752,0.738,0.945,0.692,
0.822,0.802,1,0.763,
0.778,0.746,0.982,0.712,
0.771,0.69,1,0.667,
0.754,0.715,1,0.64,
0.773,0.752,1,0.697,
0.804,0.774,1,0.727,
0.871,0.885,1,0.778,
0.783,0.764,0.939,0.733,
0.825,0.792,1,0.747,
0.766,0.736,0.998,0.711,
0.764,0.736,1,0.687,
0.822,0.798,1,0.738,
0.736,0.71,0.93,0.696,
0.758,0.724,1,0.687,
0.818,0.81,1,0.738,
0.802,0.783,0.989,0.745,
0.746,0.718,1,0.666,
0.838,0.823,1,0.761,
0.83,0.835,1,0.73,
0.786,0.78,1,0.719,
0.719,0.661,1,0.636,
0.741,0.717,0.972,0.677,
0.791,0.782,0.941,0.737,
0.787,0.768,1,0.727,
0.831,0.823,0.994,0.74,
0.809,0.808,1,0.708,
0.803,0.791,0.999,0.715,
0.846,0.844,0.981,0.76,
0.798,0.783,0.989,0.734,
0.739,0.708,1,0.694,
0.771,0.748,1,0.695,
0.821,0.8,1,0.771,
0.814,0.79,1,0.745,
0.742,0.71,0.931,0.684,
0.77,0.744,1,0.692,
0.751,0.715,1,0.682,
0.847,0.844,1,0.782,
0.804,0.778,1,0.739,
0.823,0.816,0.997,0.733,
0.779,0.76,1,0.678,
0.783,0.752,0.993,0.707,
0.768,0.752,1,0.687,
0.807,0.784,0.998,0.746,
0.77,0.759,1,0.69,
0.773,0.754,0.982,0.715,
0.797,0.785,1,0.734,
0.794,0.773,1,0.708,
0.745,0.723,0.972,0.678,
0.818,0.802,1,0.736,
0.781,0.75,0.992,0.692,
0.786,0.783,1,0.694,
0.824,0.804,0.979,0.728,
0.777,0.755,0.94,0.732,
0.794,0.783,1,0.731,
0.834,0.808,1,0.755,
0.8,0.784,0.961,0.731,
0.78,0.772,0.984,0.703,
0.766,0.739,1,0.692,
0.866,0.848,0.999,0.819,
0.736,0.714,0.913,0.686,
0.71,0.681,0.925,0.646,
0.832,0.812,1,0.781,
0.813,0.792,0.991,0.769,
0.747,0.721,1,0.666,
0.797,0.78,1,0.742,
0.811,0.796,1,0.762,
0.787,0.765,1,0.722,
0.825,0.791,1,0.75,
0.864,0.839,1,0.792,
0.744,0.703,1,0.681,
0.779,0.752,0.991,0.743,
0.812,0.805,1,0.755,
0.716,0.699,0.872,0.67,
0.753,0.728,1,0.612,
0.804,0.786,1,0.747,
0.765,0.732,1,0.718,
0.699,0.683,0.868,0.607,
0.793,0.772,1,0.734,
0.814,0.784,1,0.766,
0.85,0.849,0.99,0.738,
0.697,0.66,1,0.59,
0.79,0.78,1,0.692,
0.786,0.76,1,0.751,
0.722,0.71,0.887,0.672,
0.67,0.647,0.953,0.578,
0.784,0.76,0.967,0.724,
0.743,0.722,1,0.653,
0.769,0.75,0.996,0.675,
0.796,0.767,1,0.732,
0.779,0.738,1,0.697,
0.774,0.758,1,0.666,
0.819,0.792,0.989,0.763,
0.815,0.796,1,0.761,
0.796,0.777,1,0.757,
0.81,0.794,1,0.76,
0.775,0.758,1,0.649,
0.769,0.749,0.993,0.678,
0.817,0.792,1,0.772,
0.766,0.744,1,0.676,
0.717,0.7,0.89,0.604,
0.782,0.762,1,0.696,
0.8,0.789,0.998,0.734,
0.75,0.714,1,0.681,
0.777,0.742,1,0.692,
0.759,0.736,0.958,0.672,
0.849,0.845,0.968,0.796,
0.746,0.723,1,0.641,
0.772,0.743,1,0.688,
0.76,0.724,1,0.67,
0.804,0.774,0.99,0.748,
0.73,0.7,0.957,0.658,
0.734,0.696,0.975,0.606,
0.781,0.753,1,0.725,
0.844,0.829,1,0.784,
0.854,0.839,0.995,0.788,
0.795,0.768,1,0.753,
0.793,0.784,1,0.72,
0.772,0.75,1,0.718,
0.815,0.8,1,0.747,
0.771,0.712,1,0.692,
0.747,0.737,0.883,0.714,
0.832,0.818,0.981,0.783,
0.731,0.691,0.91,0.675,
0.764,0.738,1,0.723,
0.799,0.772,1,0.745,
0.768,0.742,1,0.687,
0.772,0.73,0.939,0.708,
0.753,0.715,1,0.684,
0.769,0.752,0.952,0.722,
0.756,0.727,0.974,0.685,
0.734,0.716,0.971,0.597,
0.818,0.8,1,0.771,
0.726,0.681,1,0.656,
0.798,0.766,1,0.74,
0.837,0.833,0.987,0.777,
0.774,0.76,0.985,0.665,
0.761,0.739,0.957,0.716,
0.759,0.742,0.978,0.702,
0.826,0.804,0.984,0.751,
0.846,0.809,1,0.796,
0.806,0.82,1,0.713,
0.821,0.797,1,0.788,
0.775,0.754,1,0.72,
0.791,0.744,1,0.721,
0.832,0.816,1,0.778,
0.772,0.728,1,0.702,
0.747,0.734,0.893,0.712,
0.87,0.861,0.987,0.818,
0.825,0.805,0.962,0.763,
0.765,0.716,1,0.696,
0.825,0.792,1,0.771,
0.785,0.758,1,0.713,
0.737,0.702,0.926,0.679,
0.719,0.685,0.963,0.649,
0.803,0.786,0.989,0.75,
0.849,0.843,1,0.718,
0.788,0.771,1,0.707,
0.873,0.867,1,0.832,
0.774,0.764,0.928,0.733,
0.8,0.778,1,0.734,
0.784,0.768,1,0.693,
0.779,0.72,0.97,0.679,
0.761,0.718,1,0.689,
0.778,0.769,0.978,0.712,
0.826,0.828,1,0.709,
0.802,0.777,1,0.74,
0.747,0.724,0.94,0.68,
0.795,0.772,0.978,0.75,
0.726,0.697,1,0.662,
0.865,0.849,1,0.77,
0.74,0.72,0.983,0.653,
0.792,0.772,1,0.723,
0.811,0.804,1,0.701,
0.828,0.814,1,0.768,
0.759,0.716,1,0.662,
0.836,0.823,0.987,0.733,
0.761,0.746,0.917,0.711,
0.83,0.811,1,0.738,
0.784,0.752,0.993,0.714,
0.799,0.788,1,0.736,
0.816,0.808,1,0.759,
0.748,0.716,1,0.696,
0.871,0.861,0.953,0.816,
0.808,0.792,0.976,0.749,
0.772,0.724,0.98,0.695,
0.805,0.791,1,0.712,
0.747,0.709,1,0.659,
0.769,0.756,0.977,0.694,
0.76,0.733,1,0.712,
0.826,0.81,1,0.781,
0.71,0.655,1,0.636,
0.75,0.733,0.962,0.69,
0.826,0.792,1,0.769,
0.764,0.755,0.99,0.684,
0.873,0.853,1,0.816,
0.77,0.72,1,0.714,
0.708,0.657,0.976,0.615,
0.81,0.792,0.991,0.767,
0.768,0.742,1,0.709,
0.757,0.744,0.934,0.704,
0.847,0.837,1,0.782,
0.883,0.884,1,0.799,
0.757,0.729,0.94,0.695,
0.782,0.749,0.964,0.705,
0.838,0.819,1,0.784,
0.709,0.673,0.982,0.63,
0.677,0.625,0.938,0.606,
0.747,0.708,0.948,0.679,
0.773,0.743,1,0.694,
0.804,0.797,1,0.714,
0.781,0.748,1,0.729,
0.737,0.703,1,0.689,
0.746,0.685,1,0.658,
0.89,0.896,0.932,0.8,
0.946,0.945,1,0.851,
0.943,0.942,1,0.864,
0.962,0.967,0.986,0.885,
0.893,0.906,0.981,0.832,
0.849,0.853,0.887,0.767,
0.901,0.927,0.946,0.778,
0.856,0.879,1,0.687,
0.908,0.907,1,0.812,
0.766,0.766,0.84,0.711,
0.837,0.838,1,0.717,
0.941,0.964,0.983,0.872,
0.967,0.98,1,0.862,
0.848,0.839,0.979,0.73,
0.918,0.935,0.944,0.81,
0.912,0.931,0.945,0.788,
0.918,0.906,1,0.823,
0.777,0.8,0.847,0.689,
0.893,0.891,0.975,0.774,
0.949,0.98,1,0.826,
0.948,0.949,1,0.869,
0.826,0.863,1,0.633,
0.964,0.986,0.999,0.872,
0.918,0.913,1,0.847,
0.948,0.95,1,0.87,
0.859,0.863,0.897,0.789,
0.98,0.994,1,0.873,
0.932,0.956,1,0.835,
0.766,0.774,0.85,0.707,
0.924,0.926,1,0.829,
0.945,0.959,1,0.821,
0.952,0.973,0.992,0.833,
0.689,0.655,0.949,0.63,
0.701,0.677,0.977,0.601,
0.934,0.946,1,0.823,
0.811,0.788,1,0.751,
0.795,0.778,0.925,0.729,
0.855,0.839,1,0.783,
0.8,0.807,0.917,0.712,
0.762,0.724,0.999,0.668,
0.779,0.75,1,0.722,
0.814,0.785,1,0.767,
0.838,0.819,1,0.776,
0.846,0.826,1,0.805,
0.811,0.787,0.986,0.757,
0.667,0.645,0.969,0.583,
0.835,0.821,1,0.786,
0.761,0.736,0.97,0.695,
0.877,0.885,1,0.71,
0.943,0.958,0.983,0.884,
0.934,0.931,1,0.869,
0.811,0.79,0.948,0.611,
0.93,0.929,0.974,0.857,
0.938,0.95,0.977,0.852,
0.976,0.99,1,0.912,
0.934,0.944,1,0.84,
0.881,0.888,0.944,0.791,
0.962,0.974,1,0.881,
0.841,0.842,0.918,0.782,
0.874,0.874,0.968,0.798,
0.854,0.855,0.948,0.68,
0.838,0.847,0.933,0.75,
0.936,0.93,1,0.8,
0.871,0.85,0.998,0.742,
0.778,0.758,0.973,0.673,
0.74,0.7,1,0.666,
0.841,0.831,1,0.768,
0.796,0.784,1,0.742,
0.792,0.771,1,0.704,
0.739,0.706,0.985,0.656,
0.804,0.788,1,0.702,
0.808,0.788,1,0.776,
0.808,0.792,1,0.765,
0.766,0.728,1,0.695,
0.767,0.76,0.95,0.681,
0.8,0.761,1,0.75,
0.681,0.649,0.914,0.599,
0.862,0.845,1,0.803,
0.82,0.806,0.951,0.799,
0.755,0.696,1,0.666,


0.944,0.94,1,0.881,
0.865,0.888,0.97,0.673,
0.903,0.915,0.953,0.789,
0.876,0.861,0.967,0.745,
0.872,0.873,1,0.775,
0.896,0.893,1,0.765,
0.917,0.947,0.991,0.745,
0.845,0.822,1,0.802,
0.936,0.938,1,0.871,
0.93,0.944,1,0.863,
0.914,0.915,1,0.838,
0.899,0.954,1,0.707,
0.855,0.851,1,0.787,
0.869,0.843,0.996,0.741,
0.946,0.963,0.987,0.836,
0.917,0.917,0.99,0.777,
0.888,0.865,1,0.819,
0.774,0.747,1,0.701,
0.864,0.828,1,0.783,
0.84,0.824,0.934,0.74,
0.835,0.842,1,0.659,
0.964,0.973,1,0.851,
0.776,0.764,1,0.625,
0.757,0.72,0.932,0.688,
0.838,0.856,0.917,0.738,
0.903,0.936,1,0.708,
0.925,0.911,0.991,0.869,
0.955,0.969,1,0.85,
0.779,0.78,0.872,0.712,
0.905,0.903,1,0.822,
0.89,0.867,0.971,0.842,
0.882,0.913,1,0.766,
0.867,0.841,1,0.694,
0.912,0.933,1,0.824,
0.89,0.897,1,0.802,
0.962,0.98,1,0.871,
0.925,0.925,1,0.873,
0.855,0.804,1,0.772,
0.925,0.946,1,0.828,
0.92,0.911,1,0.844,
0.826,0.804,0.988,0.74,
0.764,0.752,1,0.682,
0.925,0.944,0.976,0.822,
0.775,0.759,1,0.698,
0.828,0.816,0.914,0.738,
0.905,0.899,1,0.815,
0.81,0.815,0.855,0.716,
0.949,0.951,1,0.893,
0.901,0.903,0.941,0.799,
0.837,0.794,1,0.706,
0.769,0.766,0.858,0.724,
0.86,0.847,1,0.781,
0.816,0.77,1,0.685,
0.76,0.752,1,0.64,
0.896,0.939,1,0.785,
0.812,0.809,0.909,0.712,
0.928,0.943,0.972,0.816,
0.905,0.899,1,0.799,
0.933,0.988,1,0.765,
0.793,0.793,0.904,0.698,
0.848,0.83,1,0.695,
0.792,0.772,0.938,0.724,
0.907,0.911,1,0.789,
0.902,0.915,1,0.793,
0.944,0.951,1,0.836,
0.9,0.909,1,0.77,
0.841,0.835,1,0.747,
0.762,0.75,0.87,0.736,
0.919,0.935,1,0.757,
0.923,0.919,1,0.813,
0.88,0.877,0.938,0.842,
0.909,0.919,0.998,0.808,
0.937,0.942,0.988,0.834,
0.886,0.869,1,0.759,
0.763,0.75,0.858,0.703,
0.861,0.869,1,0.765,
0.88,0.861,0.994,0.819,
0.844,0.841,1,0.744,
0.927,0.949,0.979,0.836,
0.879,0.859,1,0.804,
0.892,0.881,1,0.768,
0.767,0.77,1,0.628,
0.934,0.942,1,0.841,
0.953,0.961,1,0.871,
0.937,0.964,1,0.833,
0.93,0.953,1,0.779,
0.883,0.891,0.955,0.799,
0.938,0.948,0.984,0.875,
0.83,0.796,1,0.756,
0.94,0.934,1,0.885,
0.923,0.954,1,0.801,
0.963,0.974,1,0.852,
0.949,0.944,1,0.892,
0.786,0.756,1,0.716,
0.919,0.91,1,0.815,
0.899,0.894,1,0.783,
0.943,0.949,1,0.874,
0.932,0.933,1,0.864,
0.763,0.73,1,0.653,
0.883,0.915,0.954,0.684,
0.871,0.901,0.962,0.687,
0.829,0.794,1,0.703,
0.922,0.924,0.972,0.829,
0.858,0.865,1,0.759,
0.916,0.9,1,0.836,
0.951,0.956,1,0.876,
0.867,0.858,0.981,0.804,
0.799,0.792,1,0.686,
0.909,0.921,0.947,0.851,
0.937,0.952,0.986,0.829,
0.939,0.932,1,0.852,
0.922,0.974,1,0.777,
0.805,0.818,0.93,0.7,
0.878,0.877,0.926,0.827,
0.899,0.905,0.979,0.82,
0.904,0.898,1,0.829,
0.78,0.757,1,0.692,
0.897,0.891,0.983,0.845,
0.838,0.827,1,0.74,
0.93,0.92,1,0.849,
0.81,0.782,0.939,0.76,
0.826,0.823,0.909,0.73,
0.899,0.903,0.988,0.817,
0.853,0.849,0.919,0.769,
0.872,0.922,1,0.697,
0.94,0.947,1,0.84,
0.917,0.915,1,0.835,
0.931,0.926,1,0.832,
0.943,0.958,1,0.851,
0.825,0.81,1,0.726,
0.821,0.814,1,0.734,
0.877,0.863,1,0.762,
0.884,0.877,0.996,0.771,
0.905,0.917,0.964,0.823,
0.827,0.811,1,0.747,
0.865,0.857,0.972,0.785,
0.843,0.825,1,0.761,
0.892,0.899,0.975,0.719,
0.861,0.791,1,0.74,
0.895,0.942,1,0.774,
0.891,0.901,1,0.737,
0.918,0.931,1,0.807,
0.916,0.96,1,0.768,
0.825,0.783,0.922,0.755,
0.936,0.958,0.99,0.814,
0.736,0.706,0.886,0.67,
0.92,0.944,0.98,0.826,
0.952,0.962,0.979,0.857,
0.909,0.93,1,0.785,
0.833,0.807,1,0.744,
0.927,0.94,1,0.772,
0.819,0.776,0.986,0.742,
0.939,0.937,1,0.886,
0.792,0.796,0.887,0.725,
0.924,0.946,1,0.852,
0.853,0.859,1,0.688,
0.846,0.833,1,0.76,
0.84,0.823,0.945,0.803,
0.894,0.903,0.945,0.787,
0.901,0.885,0.98,0.867,
0.907,0.915,1,0.782,
0.878,0.885,1,0.75,
0.895,0.905,1,0.79,
0.85,0.87,1,0.736,
0.894,0.913,0.949,0.782,
0.899,0.934,1,0.778,
0.92,0.938,0.975,0.832,
0.891,0.911,1,0.64,
0.809,0.798,0.993,0.751,
0.867,0.855,1,0.779,
0.892,0.906,0.936,0.794,
0.767,0.829,1,0.573,
0.873,0.834,1,0.761,
0.9,0.897,1,0.8,
0.839,0.849,1,0.647,
0.806,0.778,1,0.615,
0.854,0.86,1,0.739,
0.946,0.948,1,0.839,
0.862,0.862,1,0.687,
0.885,0.872,1,0.782,
0.796,0.837,1,0.565,
0.801,0.766,0.958,0.736,
0.874,0.871,0.933,0.795,
0.917,0.895,1,0.854,
0.93,0.928,0.982,0.87,
0.943,0.952,0.995,0.855,
0.754,0.724,0.955,0.663,
0.882,0.887,1,0.791,
0.886,0.851,1,0.768,
0.907,0.923,1,0.821,
0.851,0.829,1,0.738,
0.901,0.919,1,0.777,
0.949,0.946,1,0.849,
0.846,0.847,0.988,0.709,
0.954,0.972,1,0.867,
0.851,0.845,1,0.749,
0.822,0.818,0.917,0.753,
0.839,0.837,0.984,0.737,
0.802,0.776,1,0.741,
0.907,0.92,1,0.823,
0.796,0.792,1,0.712,
0.866,0.867,0.99,0.744,
0.893,0.893,0.954,0.846,
0.826,0.81,1,0.699,
0.923,0.921,1,0.852,
0.834,0.792,1,0.693,
0.868,0.853,1,0.735,
0.805,0.734,1,0.666,
0.817,0.786,1,0.694,
0.889,0.903,0.97,0.815,
0.834,0.793,1,0.73,
0.828,0.797,1,0.721,
0.853,0.853,0.92,0.787,
0.911,0.919,1,0.793,
0.911,0.897,1,0.791,
0.875,0.881,0.96,0.787,
0.9,0.92,1,0.725,
0.874,0.869,0.965,0.761,
0.892,0.877,1,0.794,
0.896,0.899,0.996,0.748,
0.863,0.817,0.981,0.779,
0.817,0.772,1,0.671,
0.879,0.874,1,0.743,
0.923,0.915,1,0.862,
0.91,0.891,1,0.805,
0.897,0.899,1,0.782,
0.916,0.921,1,0.843,
0.934,0.946,1,0.828,
0.923,0.944,0.982,0.822,
0.833,0.801,1,0.69,
0.822,0.815,0.95,0.706,
0.921,0.927,0.968,0.847,
0.878,0.847,0.995,0.8,
0.914,0.938,0.986,0.759,
0.843,0.849,0.889,0.775,
0.888,0.869,1,0.818,
0.823,0.821,0.883,0.766,
0.715,0.683,1,0.6,
0.812,0.791,1,0.772,
0.85,0.845,0.935,0.767,
0.924,0.952,1,0.779,
0.76,0.738,0.824,0.707,
0.713,0.663,1,0.62,
0.914,0.929,0.975,0.855,
0.74,0.713,0.998,0.632,
0.885,0.865,0.985,0.84,
0.889,0.881,1,0.748,
0.888,0.912,1,0.765,
0.905,0.929,1,0.804,
0.913,0.929,1,0.814,
0.812,0.774,1,0.719,
0.799,0.751,1,0.648,
0.947,0.956,1,0.863,
0.839,0.829,0.946,0.796,
0.936,0.951,0.979,0.868,
0.884,0.887,1,0.784,
0.886,0.901,0.935,0.822,
0.865,0.804,1,0.749,
0.934,0.95,0.99,0.806,
0.924,0.963,1,0.767,
0.882,0.879,0.96,0.816,
0.915,0.942,1,0.81,
0.803,0.798,1,0.714,
0.902,0.933,0.988,0.736,
0.914,0.916,0.999,0.817,
0.931,0.935,0.973,0.866,
0.901,0.88,0.987,0.848,
0.844,0.84,1,0.746,
0.883,0.881,0.982,0.813,
0.9,0.901,0.954,0.799,
0.948,0.96,1,0.825,
0.952,0.956,0.993,0.856,
0.838,0.823,1,0.755,
0.858,0.835,1,0.826,
0.939,0.953,1,0.821,
0.902,0.948,1,0.76,
0.881,0.875,0.974,0.802,
0.806,0.789,1,0.661,
0.925,0.913,1,0.87,
0.919,0.903,1,0.873,
0.757,0.778,1,0.552,
0.967,0.976,1,0.868,
0.942,0.95,1,0.863,
0.872,0.862,0.996,0.781,
0.909,0.904,1,0.814,
0.943,0.961,1,0.847,
0.84,0.854,1,0.696,
0.878,0.89,0.932,0.795,
0.831,0.843,1,0.626,
0.95,0.955,1,0.864,
0.92,0.918,0.983,0.853,
0.956,0.996,1,0.792,
0.923,0.941,0.967,0.821,
0.902,0.915,0.965,0.794,
0.844,0.811,1,0.771,
0.952,0.963,0.991,0.859,
0.94,0.96,1,0.816,
0.853,0.875,0.927,0.745,
0.845,0.831,1,0.708,
0.86,0.872,0.943,0.761,
0.948,0.966,1,0.816,
0.86,0.863,1,0.662,
0.902,0.921,0.971,0.831,
0.857,0.911,1,0.694,
0.871,0.889,0.981,0.653,
0.858,0.848,1,0.817,
0.923,0.919,0.959,0.889,
0.726,0.704,0.921,0.68,
0.948,0.968,0.993,0.855,
0.833,0.814,1,0.674,
0.869,0.877,1,0.694,
0.894,0.889,0.978,0.816,
0.891,0.855,1,0.783,
0.88,0.856,1,0.774,
0.779,0.72,1,0.628,
0.919,0.935,1,0.799,
0.942,0.96,0.971,0.824,
0.878,0.853,1,0.823,
0.862,0.859,0.989,0.709,
0.873,0.851,1,0.753,
0.966,0.98,0.994,0.883,
0.842,0.806,1,0.752,
0.896,0.911,1,0.797,
0.9,0.889,1,0.816,
0.906,0.909,1,0.805,
0.899,0.892,1,0.802,
0.833,0.835,1,0.653,
0.806,0.764,1,0.744,
0.923,0.923,1,0.834,
0.801,0.804,0.832,0.769,
0.911,0.905,0.976,0.841,
0.916,0.921,1,0.821,
0.909,0.89,1,0.775,
0.866,0.838,1,0.756,
0.951,0.966,1,0.864,
0.762,0.724,0.898,0.693,
0.807,0.736,0.981,0.687,
0.9,0.911,0.969,0.799,
0.847,0.849,0.925,0.77,
0.877,0.869,0.965,0.817,
0.879,0.883,0.983,0.773,
0.895,0.905,0.939,0.825,
0.95,0.965,1,0.87,
0.918,0.939,1,0.758,
0.849,0.869,1,0.689,
0.875,0.863,1,0.799,
0.854,0.831,1,0.76,
0.91,0.933,1,0.753,
0.892,0.897,1,0.788,
0.949,0.954,1,0.877,
0.887,0.889,0.969,0.764,
0.925,0.937,0.987,0.839,
0.888,0.87,1,0.792,
0.837,0.843,1,0.692,
0.878,0.865,1,0.765,
0.845,0.854,1,0.704,
0.911,0.909,0.98,0.825,
0.87,0.857,0.95,0.804,
0.871,0.874,0.936,0.796,
0.778,0.787,0.857,0.713,
0.936,0.957,1,0.818,
0.867,0.871,0.938,0.74,
0.825,0.821,1,0.7,
0.899,0.911,0.933,0.828,
0.831,0.804,1,0.683,
0.784,0.773,1,0.69,
0.862,0.848,1,0.808,
0.93,0.949,0.98,0.816,
0.878,0.878,0.974,0.798,
0.843,0.816,0.999,0.774,
0.771,0.752,0.854,0.716,
0.803,0.796,0.917,0.731,
0.897,0.928,1,0.731,
0.85,0.856,0.917,0.751,
0.822,0.76,1,0.713,
0.803,0.8,0.864,0.708,
0.811,0.792,1,0.726,
0.81,0.819,1,0.706,
0.858,0.861,1,0.743,
0.818,0.804,1,0.695,
0.836,0.822,0.969,0.749,
0.878,0.855,1,0.778,
0.884,0.877,0.946,0.804,
0.943,0.954,0.97,0.86,
0.865,0.865,0.938,0.814,
0.899,0.915,0.989,0.786,
0.846,0.843,0.996,0.758,
0.939,0.969,0.984,0.824,
0.813,0.81,1,0.706,
0.889,0.859,1,0.794,
0.933,0.954,0.991,0.815,
0.787,0.77,0.976,0.672,
0.909,0.913,1,0.85,
0.851,0.8,1,0.716,
0.728,0.71,0.913,0.665,
0.928,0.937,0.985,0.845,
0.935,0.94,1,0.801,
0.806,0.76,1,0.704,
0.924,0.937,1,0.754,
0.86,0.873,1,0.691,
0.941,0.959,1,0.848,
0.825,0.787,1,0.643,
0.939,0.966,1,0.863,
0.931,0.966,1,0.765,
0.848,0.827,1,0.748,
0.849,0.805,1,0.719,
0.915,0.916,1,0.829,
0.854,0.873,1,0.721,
0.858,0.818,1,0.76,
0.919,0.892,1,0.847,
0.917,0.921,0.963,0.837,
0.929,0.931,1,0.854,
0.861,0.843,1,0.799,
0.869,0.889,0.955,0.697,
0.861,0.908,0.956,0.701,
0.905,0.907,0.961,0.839,
0.865,0.839,1,0.752,
0.928,0.943,0.989,0.841,
0.856,0.871,0.952,0.758,
0.931,0.929,0.992,0.844,
0.839,0.849,0.926,0.747,
0.907,0.907,1,0.811,
0.796,0.779,0.892,0.707,
0.939,0.964,0.997,0.813,
0.726,0.706,1,0.633,
0.9,0.903,0.976,0.782,
0.767,0.744,0.863,0.72,
0.791,0.783,0.872,0.756,
0.834,0.815,1,0.713,
0.865,0.842,1,0.801,
0.877,0.851,1,0.813,
0.878,0.877,1,0.757,
0.897,0.912,0.974,0.772,
0.893,0.885,1,0.836,
0.918,0.922,0.995,0.836,
0.951,0.985,1,0.815,
0.858,0.835,1,0.834,
0.917,0.91,0.998,0.811,
0.829,0.859,1,0.629,
0.819,0.802,1,0.714,
0.843,0.826,0.937,0.766,
0.942,0.956,1,0.846,
0.776,0.764,0.868,0.724,
0.752,0.736,1,0.615,
0.913,0.919,1,0.813,
0.93,0.932,1,0.857,
0.917,0.976,1,0.76,
0.866,0.868,0.922,0.805,
0.898,0.892,0.955,0.863,
0.858,0.842,1,0.745,
0.871,0.865,0.974,0.8,
0.767,0.739,0.981,0.701,
0.936,0.93,1,0.872,
0.945,0.96,0.992,0.866,
0.931,0.927,1,0.873,
0.872,0.885,0.991,0.69,
0.887,0.834,1,0.8,
0.867,0.831,1,0.752,
0.904,0.896,1,0.791,
0.921,0.935,1,0.803,
0.889,0.893,1,0.757,
0.686,0.68,0.783,0.621,
0.867,0.863,0.918,0.802,
0.756,0.751,0.817,0.702,
0.854,0.824,1,0.728,
0.904,0.901,0.957,0.843,
0.95,0.967,1,0.846,
0.861,0.905,1,0.739,
0.845,0.815,1,0.752,
0.788,0.788,0.874,0.712,
0.85,0.799,1,0.739,
0.952,0.972,1,0.869,
0.925,0.935,1,0.831,
0.915,0.911,1,0.848,
0.732,0.706,1,0.62,
0.931,0.948,1,0.823,
0.949,0.966,1,0.842,
0.89,0.903,0.949,0.818,
0.89,0.899,1,0.739,
0.859,0.868,1,0.661,
0.826,0.796,0.95,0.728,
0.857,0.88,0.943,0.743,
0.934,0.948,1,0.807,
0.773,0.745,1,0.651,
0.859,0.847,1,0.678,
0.866,0.829,1,0.765,
0.877,0.843,1,0.779,
0.955,0.971,1,0.863,
0.949,0.967,1,0.831,
0.903,0.907,0.962,0.809,
0.876,0.871,0.982,0.782,
0.933,0.92,1,0.889,
0.868,0.841,1,0.799,
0.755,0.718,0.984,0.67,
0.812,0.796,1,0.701,
0.925,0.942,1,0.821,
0.93,0.924,1,0.877,
0.938,0.966,1,0.841,
0.873,0.867,0.937,0.798,
0.854,0.865,0.908,0.794,
0.96,0.952,1,0.921,
0.946,0.956,1,0.864,
0.898,0.893,1,0.783,
0.903,0.907,1,0.771,
0.706,0.725,1,0.513,
0.9,0.855,1,0.826,
0.916,0.909,1,0.842,
0.78,0.766,0.894,0.745,
0.928,0.913,0.999,0.841,
0.93,0.922,0.997,0.824,
0.894,0.855,1,0.81,
0.888,0.881,1,0.771,
0.869,0.827,1,0.725,
0.927,0.98,1,0.776,
0.867,0.864,0.952,0.79,
0.88,0.89,0.943,0.753,
0.873,0.863,1,0.785,
0.809,0.778,1,0.67,
0.84,0.811,1,0.705,
0.961,0.974,0.998,0.874,
0.813,0.866,0.914,0.684,
0.889,0.924,1,0.723,
0.874,0.889,1,0.747,
0.868,0.875,1,0.756,
0.812,0.81,1,0.669,
0.903,0.929,1,0.759,
0.81,0.784,1,0.667,
0.857,0.854,0.941,0.792,
0.946,0.956,1,0.841,
0.884,0.891,1,0.721,
0.949,0.974,1,0.751,
0.918,0.927,1,0.777,
0.823,0.824,0.866,0.775,
0.89,0.881,1,0.799,
0.905,0.924,1,0.75,
0.947,0.95,1,0.876,
0.773,0.749,0.94,0.723,
0.79,0.763,1,0.745,
0.76,0.738,1,0.703,
0.746,0.725,0.984,0.657,
0.772,0.754,1,0.679,
0.793,0.769,0.993,0.753,
0.85,0.819,1,0.804,
0.803,0.769,1,0.767,
0.75,0.718,1,0.692,
0.757,0.732,1,0.665,
0.786,0.745,1,0.729,
0.757,0.716,1,0.708,
0.804,0.782,1,0.735,
0.798,0.78,0.997,0.736,
0.777,0.75,1,0.739,
0.776,0.753,0.998,0.701,
0.801,0.774,0.989,0.765,
0.72,0.688,1,0.65,
0.767,0.755,1,0.686,
0.753,0.711,0.996,0.677,
0.803,0.783,0.994,0.76,
0.698,0.667,1,0.629,
0.848,0.841,1,0.747,
0.747,0.713,1,0.688,
0.75,0.724,0.983,0.688,
0.779,0.744,1,0.727,
0.727,0.69,0.995,0.661,
0.741,0.71,1,0.671,
0.781,0.754,1,0.724,
0.792,0.775,1,0.732,
0.745,0.723,1,0.638,
0.788,0.769,0.936,0.729,
0.746,0.698,1,0.688,
0.815,0.8,0.981,0.675,
0.75,0.716,1,0.688,
0.793,0.761,1,0.732,
0.753,0.72,1,0.715,
0.81,0.792,1,0.77,
0.736,0.714,1,0.664,
0.719,0.688,1,0.652,
0.749,0.702,1,0.672,
0.777,0.752,1,0.719,
0.721,0.703,1,0.615,
0.717,0.691,0.964,0.663,
0.769,0.756,0.937,0.706,
0.707,0.668,1,0.657,
0.78,0.756,0.987,0.721,
0.738,0.721,0.963,0.627,
0.796,0.772,1,0.728,
0.778,0.748,1,0.738,
0.792,0.771,1,0.744,
0.819,0.803,1,0.733,
0.82,0.798,1,0.79,
0.794,0.775,1,0.733,
0.725,0.706,0.958,0.651,
0.753,0.704,1,0.652,
0.801,0.772,0.99,0.724,
0.792,0.774,1,0.749,
0.807,0.778,1,0.738,
0.778,0.758,1,0.723,
0.698,0.659,1,0.634,
0.758,0.736,0.994,0.663,
0.822,0.817,0.976,0.738,
0.844,0.819,1,0.794,
0.767,0.726,1,0.718,
0.783,0.764,1,0.725,
0.808,0.793,0.989,0.747,
0.789,0.758,0.989,0.742,
0.789,0.78,1,0.7,
0.756,0.735,0.981,0.696,
0.772,0.756,1,0.71,
0.763,0.736,0.989,0.708,
0.733,0.706,1,0.676,
0.786,0.749,1,0.735,
0.814,0.782,1,0.755,
0.724,0.7,1,0.658,
0.788,0.756,0.985,0.714,
0.746,0.725,1,0.653,
0.744,0.722,1,0.637,
0.801,0.77,1,0.736,
0.767,0.742,1,0.691,
0.742,0.728,1,0.657,
0.715,0.681,1,0.668,
0.722,0.694,1,0.637,
0.743,0.716,0.986,0.684,
0.805,0.776,1,0.747,
0.716,0.676,0.989,0.651,
0.839,0.818,1,0.791,
0.81,0.783,0.975,0.757,
0.77,0.752,1,0.668,
0.773,0.753,1,0.693,
0.81,0.792,1,0.716,
0.84,0.827,1,0.758,
0.745,0.709,1,0.653,
0.798,0.778,1,0.737,
0.768,0.742,1,0.697,
0.791,0.752,1,0.751,
0.713,0.675,1,0.631,
0.79,0.76,1,0.746,
0.777,0.758,0.996,0.687,
0.784,0.762,1,0.714,
0.758,0.738,1,0.709,
0.756,0.726,1,0.651,
0.801,0.764,1,0.752,
0.784,0.748,1,0.667,
0.737,0.707,1,0.653,
0.756,0.728,1,0.658,
0.777,0.747,1,0.728,
0.808,0.782,0.996,0.768,
0.818,0.794,1,0.773,
0.718,0.704,1,0.61,
0.77,0.75,1,0.686,
0.818,0.794,1,0.78,
0.798,0.771,0.987,0.713,
0.765,0.736,1,0.715,
0.796,0.77,1,0.757,
0.79,0.774,1,0.704,
0.758,0.724,1,0.704,
0.791,0.778,1,0.731,
0.732,0.696,1,0.656,
0.8,0.778,0.992,0.74,
0.783,0.754,1,0.735,
0.823,0.795,0.998,0.777,
0.745,0.701,0.992,0.666,
0.713,0.681,1,0.647,
0.771,0.753,1,0.638,
0.765,0.728,1,0.708,
0.772,0.73,0.974,0.686,
0.771,0.729,0.998,0.725,
0.732,0.698,1,0.659,
0.676,0.633,1,0.597,
0.747,0.71,0.988,0.652,
0.763,0.744,1,0.674,
0.835,0.823,1,0.765,
0.812,0.782,1,0.759,
0.756,0.732,0.964,0.713,
0.673,0.634,1,0.587,
0.751,0.723,1,0.699,
0.821,0.798,1,0.769,
0.731,0.696,1,0.635,
0.801,0.78,0.982,0.744,
0.692,0.66,1,0.617,
0.788,0.762,1,0.75,
0.76,0.724,1,0.72,
0.791,0.772,0.994,0.705,
0.764,0.736,1,0.708,
0.685,0.625,1,0.623,
0.784,0.753,1,0.725,
0.777,0.746,0.97,0.712,
0.772,0.74,1,0.71,
0.751,0.738,0.999,0.666,
0.844,0.8,1,0.69,
0.687,0.624,1,0.585,
0.737,0.698,1,0.661,
0.774,0.748,0.999,0.717,
0.757,0.726,1,0.659,
0.849,0.812,1,0.762,
0.732,0.713,0.989,0.657,
0.81,0.773,0.986,0.729,
0.79,0.784,0.972,0.71,
0.72,0.694,1,0.622,
0.778,0.764,1,0.723,
0.796,0.784,1,0.748,
0.734,0.677,1,0.666,
0.808,0.748,1,0.727,
0.787,0.764,0.992,0.75,
0.751,0.728,1,0.665,
0.668,0.635,1,0.582,
0.79,0.754,1,0.704,
0.787,0.76,1,0.754,
0.725,0.704,1,0.631,
0.758,0.735,0.941,0.718,
0.779,0.75,1,0.733,
0.771,0.69,1,0.667,
0.703,0.66,0.99,0.624,
0.78,0.754,0.984,0.72,
0.778,0.77,1,0.679,
0.8,0.777,0.99,0.75,
0.781,0.764,1,0.701,
0.772,0.752,0.993,0.703,
0.783,0.768,1,0.709,
0.764,0.736,1,0.687,
0.807,0.782,0.996,0.774,
0.783,0.742,1,0.724,
0.73,0.714,0.906,0.699,
0.77,0.73,1,0.66,
0.762,0.732,1,0.681,
0.738,0.708,1,0.641,
0.805,0.778,1,0.754,
0.815,0.796,0.994,0.764,
0.786,0.78,1,0.719,
0.763,0.765,1,0.67,
0.772,0.748,1,0.696,
0.791,0.767,1,0.683,
0.773,0.75,0.99,0.716,
0.816,0.802,1,0.752,
0.826,0.821,1,0.742,
0.756,0.725,1,0.689,
0.783,0.754,1,0.697,
0.77,0.743,1,0.698,
0.739,0.708,1,0.694,
0.738,0.702,1,0.658,
0.767,0.736,0.996,0.713,
0.799,0.783,0.997,0.736,
0.738,0.714,1,0.653,
0.757,0.744,0.988,0.687,
0.723,0.692,0.993,0.64,
0.753,0.726,0.973,0.671,
0.745,0.71,0.984,0.66,
0.772,0.756,1,0.68,
0.762,0.746,1,0.686,
0.751,0.722,1,0.689,
0.753,0.732,0.99,0.697,
0.747,0.71,1,0.654,
0.776,0.756,1,0.714,
0.718,0.683,1,0.621,
0.753,0.74,0.973,0.663,
0.746,0.72,0.97,0.693,
0.752,0.726,1,0.675,
0.793,0.765,1,0.725,
0.727,0.686,1,0.654,
0.783,0.788,0.994,0.707,
0.802,0.775,1,0.731,
0.758,0.742,1,0.698,
0.782,0.763,1,0.729,
0.826,0.805,0.993,0.791,
0.777,0.743,1,0.714,
0.751,0.728,1,0.674,
0.782,0.748,1,0.717,
0.772,0.755,1,0.695,
0.731,0.692,1,0.664,
0.664,0.631,1,0.574,
0.799,0.766,0.995,0.743,
0.787,0.774,1,0.701,
0.778,0.75,1,0.723,
0.771,0.744,0.976,0.714,
0.78,0.764,0.983,0.713,
0.745,0.706,0.985,0.684,
0.825,0.791,1,0.75,
0.87,0.829,1,0.793,
0.738,0.694,1,0.659,
0.716,0.667,1,0.661,
0.811,0.804,1,0.754,
0.673,0.645,1,0.584,
0.745,0.707,1,0.662,
0.747,0.726,0.97,0.669,
0.765,0.732,1,0.718,
0.682,0.634,1,0.613,
0.734,0.718,0.993,0.649,
0.814,0.784,1,0.766,
0.811,0.786,1,0.752,
0.737,0.712,1,0.619,
0.801,0.757,1,0.728,
0.794,0.776,0.97,0.732,
0.681,0.647,1,0.621,
0.703,0.667,1,0.616,
0.777,0.753,1,0.723,
0.742,0.722,1,0.653,
0.731,0.718,1,0.604,
0.785,0.766,0.965,0.734,
0.747,0.724,0.979,0.689,
0.78,0.768,1,0.688,
0.765,0.734,1,0.71,
0.754,0.736,0.996,0.665,
0.814,0.781,0.988,0.763,
0.744,0.742,0.994,0.616,
0.772,0.732,1,0.694,
0.706,0.66,1,0.604,
0.767,0.752,0.976,0.713,
0.735,0.695,0.989,0.685,
0.677,0.635,1,0.575,
0.811,0.758,1,0.74,
0.775,0.753,1,0.723,
0.75,0.712,1,0.708,
0.776,0.742,1,0.691,
0.678,0.625,1,0.566,
0.817,0.794,1,0.768,
0.733,0.724,0.989,0.617,
0.707,0.686,1,0.611,
0.766,0.732,1,0.676,
0.78,0.76,1,0.72,
0.722,0.691,1,0.639,
0.776,0.746,1,0.722,
0.781,0.753,1,0.725,
0.844,0.829,1,0.784,
0.821,0.788,1,0.77,
0.73,0.715,1,0.634,
0.759,0.746,1,0.617,
0.712,0.669,0.996,0.651,
0.794,0.771,1,0.708,
0.807,0.78,0.994,0.71,
0.768,0.746,1,0.709,
0.799,0.774,1,0.739,
0.752,0.74,1,0.661,
0.764,0.738,1,0.723,
0.74,0.688,0.993,0.679,
0.774,0.737,1,0.72,
0.777,0.738,1,0.716,
0.746,0.712,1,0.685,
0.802,0.778,1,0.733,
0.74,0.709,1,0.673,
0.716,0.667,1,0.632,
0.795,0.784,0.975,0.737,
0.721,0.678,1,0.651,
0.762,0.736,0.998,0.698,
0.813,0.786,1,0.766,
0.764,0.72,1,0.705,
0.774,0.762,1,0.688,
0.748,0.729,1,0.666,
0.765,0.742,1,0.696,
0.873,0.869,0.993,0.813,
0.761,0.71,1,0.703,
0.829,0.811,0.997,0.783,
0.76,0.734,1,0.7,
0.742,0.707,1,0.678,
0.793,0.762,0.994,0.724,
0.743,0.716,0.962,0.684,
0.802,0.78,1,0.743,
0.773,0.767,1,0.671,
0.776,0.745,1,0.701,
0.768,0.738,1,0.701,
0.807,0.8,0.995,0.736,
0.734,0.697,1,0.627,
0.732,0.693,1,0.654,
0.719,0.695,1,0.649,
0.774,0.748,1,0.706,
0.832,0.832,1,0.705,
0.791,0.766,1,0.717,
0.856,0.831,1,0.808,
0.743,0.698,1,0.681,
0.791,0.776,1,0.721,
0.741,0.702,1,0.659,
0.748,0.725,1,0.676,
0.792,0.762,1,0.747,
0.748,0.721,1,0.682,
0.768,0.74,1,0.656,
0.79,0.775,0.987,0.739,
0.725,0.696,1,0.662,
0.765,0.737,1,0.71,
0.694,0.659,1,0.634,
0.839,0.832,1,0.754,
0.73,0.704,1,0.618,
0.769,0.74,0.948,0.724,
0.819,0.78,0.985,0.757,
0.829,0.812,0.977,0.785,
0.724,0.659,1,0.625,
0.816,0.814,1,0.728,
0.754,0.734,1,0.689,
0.741,0.71,0.933,0.693,
0.72,0.667,1,0.664,
0.766,0.731,0.989,0.717,
0.807,0.787,0.991,0.751,
0.744,0.715,1,0.687,
0.765,0.743,1,0.699,
0.805,0.778,1,0.747,
0.767,0.73,1,0.693,
0.754,0.726,0.999,0.692,
0.747,0.709,1,0.659,
0.771,0.746,1,0.701,
0.759,0.724,1,0.713,
0.819,0.804,1,0.741,
0.758,0.726,1,0.69,
0.774,0.736,1,0.712,
0.753,0.732,0.934,0.708,
0.712,0.701,1,0.591,
0.823,0.827,1,0.725,
0.771,0.728,1,0.714,
0.738,0.694,1,0.655,
0.767,0.73,1,0.687,
0.768,0.742,1,0.709,
0.716,0.688,1,0.62,
0.816,0.799,0.999,0.741,
0.753,0.733,0.916,0.716,
0.79,0.771,1,0.696,
0.775,0.737,1,0.704,
0.733,0.692,0.963,0.673,
0.675,0.632,1,0.579,
0.648,0.597,1,0.577,
0.839,0.811,1,0.769,
0.773,0.743,1,0.694,
0.712,0.696,0.906,0.646,
0.75,0.726,0.974,0.661,
0.72,0.672,1,0.656,
0.809,0.775,0.994,0.743,
0.946,0.961,1,0.865,
0.929,0.94,0.959,0.851,
0.913,0.914,0.998,0.796,
0.961,0.966,1,0.888,
0.918,0.95,1,0.751,
0.781,0.76,1,0.705,
0.899,0.888,1,0.843,
0.856,0.879,1,0.685,
0.928,0.936,0.999,0.851,
0.847,0.829,1,0.711,
0.822,0.796,0.988,0.736,
0.903,0.915,1,0.826,
0.955,0.968,0.995,0.853,
0.899,0.899,1,0.766,
0.912,0.913,1,0.804,
0.875,0.847,1,0.773,
0.883,0.881,0.959,0.771,
0.758,0.71,1,0.575,
0.901,0.885,1,0.772,
0.959,0.967,0.995,0.887,
0.918,0.941,0.96,0.835,
0.825,0.863,1,0.633,
0.922,0.896,1,0.866,
0.904,0.899,0.989,0.819,
0.871,0.876,0.929,0.8,
0.861,0.854,1,0.789,
0.894,0.893,0.942,0.836,
0.91,0.917,0.979,0.835,
0.88,0.867,1,0.748,
0.888,0.909,0.974,0.773,
0.929,0.945,0.999,0.821,
0.941,0.948,1,0.838,
0.718,0.694,1,0.648,
0.715,0.7,1,0.601,
0.933,0.939,0.978,0.844,
0.803,0.784,1,0.736,
0.79,0.752,1,0.711,
0.855,0.839,1,0.783,
0.79,0.774,1,0.739,
0.754,0.735,1,0.665,
0.789,0.758,0.998,0.745,
0.765,0.741,0.974,0.694,
0.789,0.764,0.988,0.754,
0.767,0.746,0.955,0.728,
0.775,0.746,1,0.727,
0.682,0.639,1,0.602,
0.835,0.804,0.998,0.764,
0.728,0.705,1,0.642,
0.843,0.831,1,0.685,
0.941,0.944,1,0.878,
0.921,0.917,0.992,0.872,
0.805,0.8,1,0.609,
0.863,0.847,1,0.783,
0.939,0.94,1,0.872,
0.934,0.958,0.994,0.803,
0.894,0.879,0.979,0.83,
0.967,0.975,1,0.858,
0.79,0.786,0.881,0.729,
0.941,0.956,1,0.829,
0.94,0.956,1,0.832,
0.898,0.894,1,0.803,
0.881,0.895,1,0.767,
0.741,0.724,0.868,0.69,
0.893,0.891,1,0.789,
0.718,0.686,1,0.617,
0.707,0.667,1,0.647,
0.843,0.825,1,0.787,
0.766,0.738,0.988,0.718,
0.778,0.756,0.97,0.699,
0.702,0.674,1,0.603,
0.761,0.706,1,0.703,
0.785,0.761,0.943,0.705,
0.759,0.728,0.993,0.712,
0.747,0.722,0.961,0.685,
0.701,0.658,1,0.619,
0.802,0.778,1,0.757,
0.684,0.645,1,0.6,
0.768,0.742,0.969,0.72,
0.787,0.77,1,0.733,
0.827,0.794,1,0.742,




Further Data analysis of all test cases 
avg med max min 
AVGs,0.591,0.595,0.706,0.44,
MEDs,0.558,0.561,0.676,0.417,
MAXs,0.846,0.827,0.979,0.577,
MINs,0.534,0.536,0.649,0.411,


AVGs,0.852,0.852,0.98,0.667,
MEDs,0.847,0.849,0.994,0.624,
MAXs,0.974,1,1,0.703,
MINs,0.766,0.768,0.912,0.571,


AVGs,0.831,0.827,0.967,0.648,
MEDs,0.819,0.81,0.996,0.597,
MAXs,0.987,1,1,0.783,
MINs,0.743,0.74,0.921,0.513,



