

Data analysis for each instance 
AVG,MED,MAX,MIN
0.541,0.543,0.552,0.524,
0.538,0.544,0.554,0.511,
0.418,0.418,0.441,0.411,
0.546,0.546,0.577,0.528,
0.432,0.428,0.471,0.418,
0.536,0.532,0.583,0.525,
0.497,0.5,0.523,0.453,
0.494,0.481,0.543,0.444,
0.383,0.38,0.416,0.371,
0.532,0.526,0.577,0.52,
0.489,0.486,0.516,0.483,
0.517,0.521,0.549,0.466,
0.443,0.44,0.477,0.434,
0.591,0.589,0.61,0.573,
0.487,0.482,0.528,0.481,
0.497,0.503,0.51,0.463,
0.472,0.474,0.476,0.453,
0.554,0.555,0.582,0.523,
0.601,0.597,0.654,0.581,
0.539,0.538,0.567,0.518,
0.449,0.451,0.478,0.414,
0.391,0.386,0.421,0.382,
0.485,0.487,0.494,0.462,
0.487,0.483,0.53,0.475,
0.495,0.496,0.52,0.462,
0.423,0.423,0.461,0.391,
0.512,0.512,0.52,0.505,
0.452,0.448,0.49,0.446,
0.482,0.478,0.517,0.476,
0.398,0.395,0.432,0.392,
0.521,0.516,0.561,0.512,
0.617,0.621,0.686,0.57,
0.601,0.6,0.659,0.574,
0.432,0.428,0.48,0.424,
0.536,0.528,0.578,0.523,
0.508,0.506,0.547,0.496,
0.49,0.485,0.525,0.473,
0.589,0.589,0.646,0.551,
0.49,0.492,0.539,0.449,
0.452,0.45,0.493,0.431,
0.536,0.532,0.584,0.516,
0.471,0.47,0.488,0.461,
0.612,0.616,0.639,0.56,
0.462,0.46,0.503,0.446,
0.464,0.468,0.514,0.428,
0.481,0.478,0.524,0.47,
0.505,0.506,0.538,0.471,
0.541,0.535,0.584,0.53,
0.412,0.408,0.446,0.406,
0.483,0.482,0.528,0.452,
0.52,0.52,0.535,0.506,
0.511,0.518,0.521,0.468,
0.499,0.499,0.534,0.482,
0.51,0.502,0.582,0.439,
0.568,0.571,0.573,0.534,
0.458,0.46,0.482,0.418,
0.468,0.467,0.507,0.442,
0.412,0.41,0.45,0.4,
0.554,0.561,0.581,0.471,
0.448,0.444,0.467,0.433,
0.644,0.643,0.709,0.609,
0.477,0.471,0.516,0.464,
0.602,0.599,0.658,0.568,
0.527,0.524,0.577,0.497,
0.524,0.521,0.562,0.5,
0.595,0.594,0.65,0.569,
0.49,0.49,0.498,0.48,
0.497,0.494,0.541,0.483,
0.506,0.506,0.54,0.475,
0.541,0.546,0.6,0.494,
0.425,0.423,0.453,0.415,
0.42,0.415,0.451,0.409,
0.439,0.435,0.466,0.43,
0.599,0.602,0.662,0.557,
0.476,0.474,0.488,0.469,
0.545,0.546,0.599,0.491,
0.53,0.524,0.571,0.518,
0.556,0.551,0.606,0.541,
0.482,0.48,0.509,0.473,
0.432,0.429,0.465,0.421,
0.546,0.544,0.592,0.533,
0.478,0.483,0.5,0.41,
0.492,0.488,0.537,0.475,
0.44,0.435,0.472,0.433,
0.506,0.515,0.517,0.473,
0.543,0.542,0.594,0.51,
0.479,0.477,0.523,0.458,
0.484,0.481,0.528,0.462,
0.594,0.606,0.656,0.515,
0.404,0.401,0.439,0.399,
0.539,0.538,0.576,0.509,
0.485,0.48,0.525,0.473,
0.536,0.54,0.542,0.515,
0.47,0.467,0.514,0.444,
0.536,0.536,0.588,0.508,
0.419,0.416,0.456,0.409,
0.448,0.447,0.476,0.427,
0.517,0.516,0.549,0.492,
0.519,0.526,0.536,0.476,
0.468,0.467,0.503,0.403,
0.46,0.469,0.486,0.408,
0.541,0.546,0.548,0.515,
0.496,0.494,0.523,0.491,
0.553,0.55,0.602,0.524,
0.462,0.459,0.483,0.445,
0.429,0.425,0.461,0.421,
0.559,0.575,0.625,0.477,
0.503,0.5,0.548,0.483,
0.482,0.477,0.552,0.444,
0.507,0.504,0.529,0.487,
0.474,0.47,0.51,0.464,
0.544,0.549,0.557,0.519,
0.543,0.546,0.555,0.523,
0.516,0.514,0.572,0.488,
0.519,0.514,0.559,0.512,
0.483,0.478,0.523,0.477,
0.559,0.557,0.61,0.535,
0.556,0.558,0.615,0.499,
0.473,0.469,0.499,0.466,
0.483,0.479,0.527,0.469,
0.474,0.47,0.505,0.467,
0.436,0.436,0.466,0.409,
0.477,0.48,0.485,0.451,
0.497,0.494,0.529,0.488,
0.485,0.482,0.524,0.468,
0.507,0.502,0.55,0.498,
0.471,0.464,0.497,0.46,
0.434,0.431,0.461,0.423,
0.502,0.491,0.533,0.485,
0.5,0.495,0.543,0.491,
0.457,0.455,0.482,0.452,
0.548,0.545,0.615,0.521,
0.612,0.617,0.679,0.554,
0.527,0.529,0.546,0.504,
0.42,0.419,0.447,0.406,
0.553,0.551,0.604,0.524,
0.596,0.601,0.671,0.535,
0.489,0.487,0.514,0.483,
0.46,0.458,0.502,0.436,
0.548,0.551,0.605,0.511,
0.475,0.478,0.481,0.451,
0.531,0.553,0.611,0.426,
0.539,0.54,0.592,0.506,
0.576,0.575,0.632,0.537,
0.575,0.576,0.605,0.543,
0.485,0.49,0.492,0.446,
0.467,0.468,0.482,0.442,
0.463,0.459,0.496,0.446,
0.514,0.516,0.565,0.477,
0.545,0.532,0.615,0.487,
0.388,0.387,0.422,0.37,
0.523,0.529,0.53,0.49,
0.544,0.539,0.588,0.525,
0.51,0.505,0.554,0.484,
0.482,0.481,0.505,0.469,
0.478,0.482,0.493,0.43,
0.441,0.435,0.477,0.434,
0.471,0.468,0.499,0.465,
0.543,0.538,0.591,0.529,
0.481,0.478,0.512,0.466,
0.521,0.522,0.525,0.509,
0.505,0.503,0.551,0.482,
0.522,0.516,0.557,0.499,
0.531,0.528,0.579,0.508,
0.559,0.554,0.61,0.532,
0.542,0.544,0.557,0.517,
0.557,0.553,0.606,0.539,
0.545,0.545,0.58,0.502,
0.447,0.447,0.478,0.42,
0.438,0.44,0.476,0.416,
0.511,0.506,0.553,0.494,
0.505,0.504,0.553,0.469,
0.603,0.603,0.665,0.537,
0.422,0.419,0.459,0.416,
0.477,0.472,0.519,0.466,
0.515,0.524,0.542,0.457,
0.614,0.62,0.68,0.53,
0.521,0.521,0.527,0.516,
0.428,0.429,0.47,0.399,
0.485,0.48,0.527,0.478,
0.55,0.549,0.605,0.496,
0.545,0.546,0.58,0.528,
0.448,0.449,0.455,0.44,
0.485,0.485,0.49,0.479,
0.475,0.47,0.515,0.469,
0.475,0.469,0.514,0.467,
0.549,0.554,0.564,0.509,
0.65,0.655,0.722,0.581,
0.58,0.59,0.656,0.495,
0.448,0.45,0.459,0.415,
0.571,0.572,0.629,0.533,
0.573,0.579,0.637,0.499,
0.446,0.444,0.477,0.438,
0.602,0.599,0.668,0.573,
0.529,0.527,0.574,0.497,
0.529,0.526,0.562,0.508,
0.492,0.495,0.506,0.474,
0.468,0.465,0.498,0.459,
0.579,0.582,0.602,0.53,
0.49,0.487,0.534,0.475,
0.389,0.384,0.437,0.383,
0.589,0.587,0.643,0.556,
0.492,0.491,0.516,0.478,
0.506,0.508,0.56,0.478,
0.542,0.54,0.592,0.511,
0.599,0.597,0.639,0.579,
0.533,0.533,0.554,0.515,
0.564,0.561,0.602,0.536,
0.523,0.524,0.574,0.473,
0.599,0.597,0.647,0.574,
0.483,0.48,0.528,0.458,
0.519,0.514,0.545,0.507,
0.479,0.477,0.524,0.458,
0.512,0.512,0.561,0.466,
0.556,0.552,0.605,0.539,
0.513,0.515,0.516,0.5,
0.475,0.47,0.509,0.456,
0.539,0.535,0.585,0.528,
0.555,0.552,0.58,0.535,
0.577,0.575,0.63,0.544,
0.62,0.631,0.724,0.515,
0.462,0.459,0.504,0.449,
0.504,0.505,0.544,0.467,
0.551,0.546,0.598,0.538,
0.409,0.403,0.442,0.402,
0.451,0.45,0.495,0.432,
0.586,0.583,0.639,0.554,
0.442,0.438,0.479,0.434,
0.446,0.443,0.476,0.441,
0.552,0.551,0.586,0.52,
0.439,0.435,0.477,0.421,
0.529,0.527,0.56,0.512,
0.479,0.483,0.49,0.446,
0.552,0.547,0.59,0.52,
0.498,0.497,0.529,0.473,
0.519,0.52,0.531,0.504,
0.48,0.484,0.558,0.398,
0.462,0.468,0.479,0.422,
0.472,0.472,0.506,0.453,
0.571,0.568,0.607,0.556,
0.48,0.482,0.504,0.443,
0.518,0.514,0.577,0.491,
0.568,0.566,0.623,0.535,
0.475,0.47,0.515,0.469,
0.519,0.518,0.56,0.489,
0.443,0.439,0.474,0.436,
0.549,0.547,0.602,0.518,
0.568,0.567,0.621,0.532,
0.557,0.562,0.585,0.505,
0.43,0.43,0.472,0.405,
0.63,0.632,0.693,0.585,
0.408,0.411,0.43,0.379,
0.473,0.473,0.492,0.463,
0.522,0.522,0.534,0.511,
0.525,0.525,0.54,0.504,
0.497,0.497,0.511,0.466,
0.535,0.53,0.579,0.526,
0.527,0.532,0.535,0.51,
0.494,0.489,0.536,0.485,
0.522,0.514,0.569,0.49,
0.564,0.565,0.62,0.533,
0.485,0.487,0.506,0.455,
0.476,0.476,0.523,0.444,
0.525,0.522,0.573,0.504,
0.42,0.416,0.446,0.413,
0.448,0.446,0.47,0.439,
0.495,0.49,0.53,0.484,
0.516,0.514,0.536,0.508,
0.434,0.433,0.457,0.426,
0.542,0.544,0.561,0.508,
0.422,0.418,0.457,0.413,
0.462,0.459,0.489,0.446,
0.503,0.5,0.549,0.483,
0.526,0.528,0.545,0.49,
0.438,0.434,0.476,0.429,
0.568,0.566,0.622,0.54,
0.521,0.528,0.535,0.461,
0.481,0.485,0.492,0.452,
0.524,0.524,0.561,0.507,
0.511,0.51,0.537,0.49,
0.552,0.556,0.568,0.527,
0.558,0.565,0.567,0.519,
0.49,0.48,0.539,0.473,
0.58,0.582,0.638,0.536,
0.492,0.491,0.525,0.477,
0.53,0.529,0.581,0.502,
0.431,0.431,0.457,0.403,
0.501,0.5,0.511,0.495,
0.528,0.534,0.545,0.474,
0.495,0.49,0.543,0.467,
0.441,0.438,0.477,0.424,
0.446,0.446,0.481,0.409,
0.541,0.542,0.564,0.521,
0.55,0.546,0.599,0.524,
0.459,0.456,0.493,0.449,
0.515,0.51,0.559,0.504,
0.496,0.492,0.534,0.468,
0.552,0.55,0.574,0.535,
0.586,0.583,0.641,0.556,
0.52,0.518,0.552,0.496,
0.525,0.526,0.538,0.499,
0.507,0.506,0.555,0.481,
0.507,0.508,0.525,0.493,
0.616,0.615,0.694,0.543,
0.591,0.595,0.655,0.547,
0.466,0.467,0.486,0.439,
0.522,0.518,0.555,0.507,
0.561,0.565,0.577,0.516,
0.483,0.48,0.51,0.471,
0.465,0.462,0.506,0.449,
0.521,0.52,0.567,0.487,
0.51,0.506,0.554,0.491,
0.482,0.477,0.52,0.466,
0.523,0.522,0.571,0.501,
0.458,0.459,0.476,0.441,
0.388,0.39,0.412,0.357,
0.387,0.384,0.419,0.379,
0.529,0.529,0.561,0.5,
0.621,0.645,0.715,0.45,
0.56,0.561,0.574,0.545,
0.489,0.484,0.532,0.479,
0.559,0.558,0.596,0.535,
0.59,0.589,0.658,0.547,
0.538,0.532,0.618,0.51,
0.552,0.555,0.557,0.53,
0.55,0.548,0.6,0.526,
0.474,0.473,0.513,0.442,
0.558,0.556,0.614,0.519,
0.569,0.571,0.579,0.555,
0.5,0.499,0.534,0.474,
0.58,0.579,0.636,0.53,
0.446,0.443,0.46,0.439,
0.536,0.536,0.568,0.504,
0.537,0.534,0.585,0.514,
0.416,0.414,0.438,0.41,
0.56,0.56,0.615,0.525,
0.487,0.491,0.54,0.416,
0.432,0.43,0.442,0.429,
0.507,0.502,0.551,0.497,
0.504,0.502,0.541,0.484,
0.473,0.47,0.505,0.456,
0.488,0.488,0.537,0.461,
0.497,0.493,0.54,0.49,
0.449,0.445,0.488,0.439,
0.531,0.533,0.554,0.489,
0.476,0.476,0.498,0.443,
0.559,0.559,0.614,0.524,
0.473,0.47,0.515,0.454,
0.442,0.439,0.479,0.43,
0.406,0.403,0.426,0.401,
0.501,0.498,0.547,0.482,
0.513,0.514,0.562,0.462,
0.568,0.563,0.599,0.555,
0.465,0.469,0.471,0.446,
0.534,0.53,0.581,0.518,
0.516,0.518,0.569,0.444,
0.41,0.403,0.44,0.397,
0.601,0.605,0.653,0.522,
0.5,0.496,0.542,0.486,
0.519,0.516,0.564,0.492,
0.584,0.583,0.638,0.54,
0.484,0.479,0.515,0.476,
0.44,0.439,0.462,0.43,
0.552,0.548,0.605,0.513,
0.512,0.51,0.559,0.497,
0.507,0.514,0.563,0.448,
0.469,0.464,0.504,0.463,
0.461,0.461,0.482,0.443,
0.489,0.49,0.495,0.48,
0.608,0.606,0.664,0.58,
0.521,0.52,0.525,0.518,
0.454,0.452,0.488,0.444,
0.463,0.465,0.483,0.431,
0.592,0.599,0.651,0.557,
0.518,0.515,0.565,0.486,
0.434,0.444,0.446,0.392,
0.661,0.667,0.733,0.57,
0.423,0.42,0.446,0.419,
0.47,0.466,0.501,0.464,
0.505,0.501,0.544,0.497,
0.558,0.561,0.626,0.508,
0.506,0.506,0.556,0.466,
0.481,0.482,0.501,0.456,
0.559,0.558,0.582,0.546,
0.58,0.577,0.606,0.573,
0.512,0.512,0.537,0.496,
0.509,0.512,0.518,0.473,
0.526,0.528,0.545,0.498,
0.459,0.457,0.496,0.441,
0.497,0.494,0.533,0.489,
0.506,0.504,0.554,0.475,
0.457,0.456,0.497,0.43,
0.5,0.496,0.511,0.492,
0.511,0.51,0.537,0.494,
0.516,0.515,0.541,0.497,
0.578,0.574,0.63,0.56,
0.479,0.474,0.519,0.472,
0.514,0.518,0.522,0.484,
0.573,0.576,0.633,0.513,
0.455,0.454,0.479,0.435,
0.405,0.406,0.427,0.376,
0.491,0.497,0.5,0.44,
0.524,0.519,0.569,0.511,
0.624,0.636,0.709,0.546,
0.624,0.617,0.717,0.576,
0.532,0.532,0.56,0.51,
0.475,0.474,0.498,0.454,
0.539,0.544,0.597,0.48,
0.521,0.528,0.53,0.487,
0.454,0.45,0.492,0.44,
0.398,0.396,0.434,0.386,
0.549,0.554,0.612,0.494,
0.553,0.552,0.585,0.527,
0.458,0.463,0.47,0.411,
0.471,0.471,0.501,0.447,
0.49,0.49,0.506,0.479,
0.518,0.516,0.556,0.503,
0.447,0.447,0.488,0.425,
0.529,0.526,0.575,0.506,
0.455,0.452,0.496,0.435,
0.537,0.538,0.543,0.525,
0.571,0.574,0.63,0.509,
0.501,0.5,0.532,0.477,
0.524,0.524,0.536,0.507,
0.475,0.473,0.518,0.453,
0.542,0.537,0.584,0.527,
0.472,0.472,0.495,0.458,
0.48,0.478,0.505,0.461,
0.47,0.463,0.548,0.459,
0.584,0.585,0.642,0.553,
0.409,0.407,0.442,0.399,
0.432,0.427,0.468,0.426,
0.538,0.534,0.588,0.52,
0.429,0.425,0.465,0.421,
0.411,0.41,0.442,0.397,
0.508,0.51,0.541,0.456,
0.59,0.592,0.653,0.555,
0.413,0.409,0.448,0.407,
0.579,0.582,0.643,0.531,
0.479,0.478,0.49,0.471,
0.461,0.462,0.471,0.454,
0.498,0.496,0.529,0.468,
0.531,0.534,0.555,0.475,
0.506,0.504,0.552,0.478,
0.57,0.573,0.582,0.539,
0.49,0.485,0.532,0.481,
0.517,0.52,0.533,0.472,
0.444,0.441,0.483,0.435,
0.493,0.489,0.527,0.484,
0.52,0.512,0.562,0.502,
0.474,0.472,0.518,0.453,
0.45,0.451,0.463,0.427,
0.453,0.45,0.493,0.437,
0.554,0.549,0.602,0.547,
0.559,0.554,0.612,0.532,
0.63,0.635,0.702,0.56,
0.497,0.496,0.526,0.475,
0.472,0.476,0.479,0.452,
0.532,0.528,0.58,0.507,
0.444,0.44,0.483,0.437,
0.497,0.495,0.544,0.462,
0.491,0.495,0.542,0.43,
0.505,0.504,0.534,0.49,
0.538,0.536,0.558,0.518,
0.511,0.508,0.548,0.485,
0.611,0.613,0.636,0.588,
0.534,0.529,0.581,0.525,
0.554,0.55,0.606,0.529,
0.547,0.545,0.59,0.529,
0.478,0.475,0.494,0.472,
0.501,0.502,0.537,0.464,
0.53,0.527,0.565,0.517,
0.495,0.487,0.545,0.476,
0.51,0.506,0.544,0.502,
0.519,0.52,0.541,0.495,
0.47,0.465,0.509,0.463,
0.477,0.47,0.512,0.468,
0.477,0.475,0.494,0.473,
0.66,0.662,0.726,0.598,
0.549,0.548,0.6,0.513,
0.497,0.5,0.521,0.438,
0.52,0.526,0.536,0.471,
0.489,0.492,0.541,0.441,
0.63,0.645,0.71,0.534,
0.447,0.443,0.48,0.433,
0.537,0.562,0.567,0.478,
0.535,0.532,0.565,0.53,
0.511,0.506,0.554,0.503,
0.461,0.463,0.484,0.426,
0.469,0.473,0.476,0.438,
0.541,0.539,0.59,0.515,
0.632,0.63,0.704,0.583,
0.599,0.609,0.673,0.52,
0.433,0.433,0.454,0.406,
0.467,0.464,0.506,0.451,
0.474,0.469,0.514,0.467,
0.556,0.553,0.607,0.53,
0.529,0.53,0.582,0.491,
0.519,0.513,0.562,0.504,
0.482,0.479,0.516,0.475,
0.552,0.552,0.605,0.505,
0.415,0.409,0.457,0.406,
0.376,0.372,0.409,0.37,
0.533,0.533,0.584,0.503,
0.558,0.563,0.62,0.512,
0.522,0.525,0.527,0.492,
0.454,0.452,0.495,0.439,
0.5,0.499,0.538,0.466,
0.569,0.566,0.607,0.553,
0.516,0.511,0.561,0.506,
0.592,0.59,0.643,0.546,
0.523,0.526,0.577,0.463,
0.516,0.514,0.565,0.49,
0.604,0.605,0.664,0.572,
0.456,0.454,0.484,0.445,
0.591,0.591,0.613,0.569,
0.512,0.512,0.561,0.465,
0.533,0.528,0.648,0.482,
0.555,0.558,0.606,0.493,
0.415,0.413,0.43,0.409,
0.478,0.487,0.489,0.44,
0.458,0.459,0.49,0.435,
0.502,0.505,0.516,0.477,
0.506,0.506,0.546,0.478,
0.57,0.57,0.618,0.54,
0.578,0.575,0.631,0.551,
0.522,0.526,0.539,0.489,
0.435,0.432,0.464,0.425,
0.421,0.417,0.458,0.413,
0.562,0.567,0.622,0.506,
0.465,0.461,0.504,0.454,
0.517,0.512,0.561,0.51,
0.558,0.565,0.57,0.496,
0.481,0.476,0.522,0.472,
0.46,0.463,0.471,0.439,
0.494,0.493,0.525,0.473,
0.538,0.519,0.643,0.506,
0.509,0.496,0.63,0.459,
0.504,0.481,0.628,0.461,
0.499,0.489,0.603,0.458,
0.495,0.489,0.571,0.46,
0.442,0.427,0.537,0.417,
0.459,0.448,0.526,0.425,
0.484,0.471,0.588,0.44,
0.499,0.492,0.603,0.458,
0.444,0.429,0.537,0.405,
0.508,0.501,0.623,0.46,
0.554,0.533,0.703,0.501,
0.512,0.495,0.621,0.477,
0.511,0.538,0.557,0.461,
0.447,0.427,0.532,0.418,
0.468,0.458,0.565,0.446,
0.368,0.352,0.449,0.348,
0.541,0.533,0.677,0.453,
0.449,0.438,0.58,0.396,
0.429,0.414,0.516,0.404,
0.508,0.51,0.564,0.477,
0.476,0.474,0.546,0.419,
0.408,0.402,0.488,0.376,
0.464,0.458,0.541,0.435,
0.552,0.534,0.691,0.514,
0.496,0.479,0.604,0.473,
0.459,0.441,0.557,0.427,
0.522,0.502,0.631,0.475,
0.47,0.448,0.579,0.439,
0.498,0.488,0.605,0.467,
0.495,0.476,0.585,0.439,
0.478,0.467,0.583,0.451,
0.519,0.504,0.63,0.487,
0.488,0.476,0.563,0.455,
0.491,0.47,0.608,0.46,
0.47,0.465,0.572,0.424,
0.515,0.504,0.635,0.464,
0.487,0.468,0.59,0.46,
0.441,0.418,0.537,0.409,
0.545,0.534,0.668,0.472,
0.514,0.494,0.636,0.475,
0.459,0.454,0.535,0.414,
0.425,0.423,0.496,0.364,
0.475,0.463,0.561,0.444,
0.487,0.48,0.582,0.457,
0.474,0.472,0.524,0.433,
0.408,0.4,0.498,0.38,
0.48,0.461,0.586,0.428,
0.479,0.466,0.573,0.444,
0.491,0.476,0.602,0.449,
0.444,0.434,0.545,0.419,
0.506,0.487,0.625,0.472,
0.528,0.524,0.622,0.491,
0.459,0.444,0.559,0.408,
0.528,0.514,0.638,0.503,
0.528,0.523,0.629,0.489,
0.426,0.417,0.496,0.404,
0.49,0.473,0.596,0.447,
0.463,0.449,0.551,0.429,
0.422,0.407,0.519,0.399,
0.509,0.497,0.595,0.479,
0.486,0.469,0.603,0.447,
0.466,0.449,0.548,0.438,
0.525,0.516,0.644,0.439,
0.528,0.52,0.641,0.483,
0.467,0.448,0.574,0.436,
0.431,0.421,0.501,0.405,
0.466,0.457,0.557,0.434,
0.5,0.485,0.589,0.455,
0.459,0.442,0.555,0.431,
0.375,0.358,0.438,0.342,
0.446,0.436,0.527,0.416,
0.526,0.518,0.599,0.499,
0.436,0.421,0.534,0.406,
0.474,0.458,0.582,0.447,
0.392,0.382,0.479,0.363,
0.46,0.454,0.541,0.431,
0.404,0.403,0.497,0.361,
0.467,0.459,0.534,0.43,
0.553,0.542,0.677,0.511,
0.407,0.395,0.487,0.378,
0.529,0.525,0.659,0.452,
0.528,0.512,0.651,0.491,
0.487,0.478,0.6,0.441,
0.433,0.417,0.509,0.389,
0.535,0.522,0.653,0.505,
0.463,0.452,0.561,0.423,
0.541,0.532,0.63,0.515,
0.576,0.569,0.692,0.528,
0.508,0.492,0.618,0.48,
0.462,0.452,0.507,0.436,
0.527,0.513,0.654,0.489,
0.469,0.447,0.577,0.431,
0.471,0.469,0.586,0.397,
0.516,0.498,0.62,0.48,
0.505,0.498,0.621,0.472,
0.356,0.359,0.432,0.307,
0.482,0.473,0.575,0.442,
0.467,0.455,0.573,0.438,
0.398,0.389,0.479,0.367,
0.516,0.499,0.632,0.48,
0.495,0.49,0.625,0.46,
0.424,0.401,0.503,0.378,
0.512,0.502,0.642,0.455,
0.552,0.527,0.676,0.504,
0.42,0.405,0.51,0.396,
0.457,0.456,0.552,0.413,
0.517,0.507,0.629,0.485,
0.438,0.43,0.51,0.418,
0.48,0.474,0.582,0.449,
0.552,0.548,0.638,0.46,
0.436,0.425,0.528,0.408,
0.511,0.498,0.615,0.45,
0.522,0.51,0.611,0.49,
0.388,0.376,0.477,0.359,
0.44,0.412,0.518,0.406,
0.472,0.463,0.581,0.44,
0.632,0.629,0.743,0.539,
0.54,0.523,0.66,0.502,
0.399,0.377,0.482,0.361,
0.479,0.469,0.572,0.447,
0.471,0.464,0.568,0.437,
0.499,0.492,0.585,0.45,
0.446,0.429,0.548,0.403,
0.493,0.475,0.622,0.446,
0.422,0.411,0.498,0.382,
0.408,0.39,0.491,0.383,
0.381,0.374,0.46,0.357,
0.489,0.491,0.545,0.416,
0.519,0.51,0.647,0.481,
0.447,0.433,0.553,0.413,
0.47,0.448,0.576,0.443,
0.394,0.384,0.48,0.365,
0.485,0.474,0.586,0.453,
0.517,0.514,0.637,0.477,
0.493,0.473,0.601,0.458,
0.495,0.501,0.551,0.451,
0.507,0.491,0.629,0.466,
0.479,0.474,0.611,0.422,
0.475,0.459,0.559,0.431,
0.411,0.392,0.504,0.381,
0.464,0.448,0.56,0.435,
0.465,0.457,0.561,0.424,
0.469,0.449,0.559,0.426,
0.39,0.376,0.463,0.361,
0.354,0.346,0.425,0.33,
0.587,0.583,0.711,0.488,
0.432,0.426,0.521,0.402,
0.483,0.47,0.583,0.454,
0.481,0.467,0.585,0.449,
0.519,0.501,0.582,0.479,
0.592,0.585,0.698,0.534,
0.485,0.468,0.644,0.435,
0.544,0.545,0.587,0.502,
0.424,0.408,0.501,0.388,
0.551,0.54,0.689,0.503,
0.463,0.449,0.545,0.433,
0.5,0.487,0.598,0.463,
0.431,0.428,0.518,0.397,
0.456,0.444,0.539,0.43,
0.476,0.463,0.576,0.417,
0.521,0.502,0.62,0.477,
0.414,0.398,0.497,0.386,
0.517,0.52,0.616,0.439,
0.428,0.407,0.54,0.391,
0.515,0.495,0.636,0.485,
0.501,0.492,0.586,0.479,
0.465,0.463,0.551,0.393,
0.512,0.498,0.636,0.46,
0.521,0.507,0.636,0.493,
0.474,0.473,0.566,0.427,
0.462,0.452,0.537,0.428,
0.442,0.426,0.515,0.391,
0.532,0.52,0.664,0.494,
0.497,0.487,0.596,0.468,
0.485,0.475,0.574,0.443,
0.462,0.45,0.556,0.411,
0.486,0.474,0.585,0.449,
0.384,0.377,0.475,0.353,
0.521,0.514,0.572,0.486,
0.504,0.502,0.593,0.464,
0.551,0.522,0.715,0.503,
0.524,0.502,0.633,0.491,
0.466,0.454,0.546,0.436,
0.473,0.457,0.602,0.437,
0.496,0.488,0.608,0.466,
0.45,0.438,0.55,0.421,
0.518,0.504,0.632,0.485,
0.495,0.478,0.591,0.463,
0.522,0.507,0.644,0.489,
0.455,0.436,0.553,0.429,
0.443,0.426,0.554,0.412,
0.442,0.424,0.537,0.408,
0.503,0.492,0.601,0.476,
0.454,0.443,0.542,0.413,
0.466,0.447,0.568,0.427,
0.564,0.556,0.686,0.501,
0.449,0.437,0.536,0.417,
0.53,0.528,0.609,0.481,
0.49,0.481,0.574,0.453,
0.476,0.463,0.572,0.434,
0.513,0.494,0.638,0.479,
0.467,0.448,0.559,0.438,
0.507,0.5,0.604,0.47,
0.47,0.466,0.572,0.428,
0.444,0.425,0.553,0.403,
0.489,0.476,0.579,0.459,
0.501,0.484,0.602,0.462,
0.485,0.472,0.589,0.453,
0.564,0.552,0.674,0.545,
0.497,0.486,0.604,0.462,
0.421,0.411,0.504,0.385,
0.458,0.45,0.539,0.43,
0.476,0.465,0.574,0.444,
0.489,0.479,0.599,0.433,
0.487,0.467,0.561,0.458,
0.429,0.412,0.504,0.393,
0.364,0.348,0.441,0.339,
0.559,0.542,0.7,0.51,
0.437,0.432,0.52,0.397,
0.519,0.51,0.594,0.482,
0.5,0.486,0.613,0.449,
0.388,0.372,0.475,0.365,
0.383,0.373,0.465,0.361,
0.472,0.459,0.53,0.446,
0.521,0.504,0.631,0.484,
0.361,0.352,0.425,0.345,
0.463,0.441,0.635,0.43,
0.5,0.495,0.621,0.449,
0.542,0.535,0.63,0.505,
0.43,0.413,0.529,0.403,
0.509,0.502,0.597,0.477,
0.403,0.393,0.486,0.384,
0.419,0.403,0.516,0.393,
0.476,0.472,0.587,0.429,
0.476,0.472,0.56,0.426,
0.429,0.419,0.527,0.402,
0.479,0.467,0.588,0.437,
0.52,0.508,0.633,0.477,
0.54,0.524,0.655,0.468,
0.453,0.436,0.534,0.397,
0.505,0.5,0.592,0.467,
0.541,0.542,0.67,0.465,
0.491,0.483,0.595,0.452,
0.552,0.538,0.652,0.482,
0.426,0.416,0.518,0.394,
0.471,0.456,0.591,0.452,
0.507,0.498,0.589,0.479,
0.463,0.444,0.554,0.425,
0.553,0.552,0.674,0.468,
0.437,0.421,0.527,0.409,
0.507,0.497,0.617,0.454,
0.522,0.511,0.648,0.494,
0.455,0.441,0.547,0.427,
0.518,0.52,0.597,0.468,
0.535,0.52,0.668,0.493,
0.502,0.482,0.617,0.469,
0.546,0.538,0.685,0.463,
0.506,0.489,0.603,0.483,
0.464,0.449,0.575,0.431,
0.403,0.389,0.494,0.38,
0.515,0.502,0.643,0.472,
0.386,0.38,0.465,0.363,
0.468,0.46,0.536,0.416,
0.417,0.405,0.468,0.386,
0.432,0.424,0.519,0.401,
0.489,0.469,0.616,0.453,
0.427,0.407,0.519,0.388,
0.428,0.414,0.528,0.401,
0.449,0.437,0.541,0.41,
0.47,0.471,0.542,0.41,
0.515,0.512,0.634,0.447,
0.454,0.443,0.542,0.423,
0.517,0.508,0.624,0.473,
0.557,0.544,0.693,0.511,
0.463,0.452,0.536,0.416,
0.407,0.394,0.493,0.386,
0.504,0.494,0.591,0.443,
0.422,0.407,0.518,0.397,
0.535,0.522,0.671,0.493,
0.508,0.493,0.611,0.472,
0.45,0.438,0.575,0.401,
0.461,0.455,0.536,0.405,
0.434,0.42,0.536,0.399,
0.443,0.431,0.531,0.407,
0.406,0.395,0.49,0.381,
0.474,0.463,0.589,0.429,
0.471,0.455,0.578,0.431,
0.44,0.428,0.548,0.406,
0.455,0.441,0.546,0.42,
0.566,0.555,0.688,0.486,
0.382,0.369,0.464,0.361,
0.379,0.37,0.458,0.347,
0.431,0.425,0.469,0.4,
0.523,0.51,0.65,0.477,
0.408,0.388,0.489,0.378,
0.512,0.51,0.592,0.468,
0.455,0.443,0.514,0.401,
0.501,0.492,0.578,0.453,
0.349,0.336,0.422,0.325,
0.474,0.46,0.564,0.435,
0.464,0.449,0.554,0.44,
0.506,0.488,0.627,0.481,
0.558,0.543,0.705,0.522,
0.45,0.438,0.53,0.418,
0.481,0.463,0.582,0.455,
0.485,0.461,0.595,0.453,
0.437,0.421,0.542,0.41,
0.528,0.511,0.642,0.461,
0.443,0.438,0.537,0.417,
0.472,0.454,0.582,0.439,
0.498,0.498,0.598,0.439,
0.509,0.488,0.605,0.481,
0.42,0.403,0.506,0.392,
0.511,0.504,0.607,0.475,
0.439,0.427,0.539,0.405,
0.55,0.551,0.629,0.506,
0.533,0.527,0.597,0.493,
0.431,0.417,0.505,0.403,
0.452,0.443,0.532,0.421,
0.537,0.526,0.619,0.506,
0.453,0.442,0.548,0.421,
0.531,0.522,0.64,0.49,
0.446,0.431,0.537,0.402,
0.516,0.502,0.589,0.463,
0.574,0.56,0.676,0.545,
0.482,0.467,0.603,0.456,
0.517,0.493,0.642,0.484,
0.582,0.573,0.696,0.488,
0.427,0.419,0.48,0.41,
0.448,0.433,0.541,0.429,
0.429,0.41,0.533,0.403,
0.452,0.448,0.519,0.412,
0.479,0.487,0.588,0.409,
0.564,0.542,0.685,0.535,
0.533,0.518,0.671,0.482,
0.491,0.473,0.6,0.458,
0.479,0.467,0.57,0.44,
0.446,0.435,0.542,0.404,
0.525,0.513,0.672,0.48,
0.505,0.496,0.609,0.443,
0.561,0.548,0.69,0.507,
0.484,0.471,0.577,0.451,
0.512,0.506,0.609,0.457,
0.526,0.514,0.641,0.491,
0.525,0.516,0.646,0.492,
0.423,0.408,0.507,0.397,
0.418,0.406,0.53,0.391,
0.509,0.499,0.588,0.462,
0.537,0.524,0.664,0.472,
0.53,0.521,0.634,0.504,
0.426,0.413,0.513,0.395,
0.522,0.52,0.652,0.466,
0.468,0.465,0.539,0.437,
0.395,0.383,0.457,0.354,
0.503,0.496,0.56,0.478,
0.511,0.49,0.615,0.475,
0.56,0.566,0.654,0.477,
0.575,0.565,0.665,0.509,
0.507,0.48,0.665,0.474,
0.518,0.502,0.638,0.495,
0.465,0.45,0.583,0.425,
0.445,0.427,0.521,0.415,
0.5,0.48,0.591,0.456,
0.505,0.502,0.568,0.456,
0.423,0.41,0.506,0.399,
0.51,0.493,0.647,0.474,
0.459,0.448,0.564,0.413,
0.501,0.5,0.562,0.467,
0.484,0.471,0.596,0.438,
0.443,0.433,0.544,0.419,
0.486,0.472,0.581,0.454,
0.467,0.461,0.548,0.436,
0.482,0.474,0.527,0.445,
0.499,0.491,0.594,0.459,
0.455,0.441,0.536,0.417,
0.547,0.528,0.606,0.505,
0.49,0.47,0.645,0.46,
0.491,0.485,0.558,0.439,
0.552,0.553,0.682,0.484,
0.513,0.499,0.666,0.482,
0.425,0.419,0.515,0.392,
0.5,0.484,0.632,0.421,
0.552,0.54,0.683,0.521,
0.535,0.539,0.546,0.51,
0.506,0.504,0.537,0.494,
0.493,0.491,0.536,0.47,
0.537,0.538,0.543,0.531,
0.521,0.522,0.556,0.486,
0.517,0.504,0.563,0.469,
0.501,0.502,0.505,0.491,
0.486,0.485,0.532,0.455,
0.579,0.573,0.63,0.568,
0.43,0.426,0.467,0.417,
0.574,0.565,0.602,0.543,
0.448,0.444,0.485,0.432,
0.512,0.508,0.536,0.504,
0.562,0.569,0.632,0.508,
0.516,0.512,0.56,0.504,
0.517,0.513,0.56,0.506,
0.531,0.528,0.581,0.506,
0.504,0.497,0.542,0.487,
0.499,0.502,0.504,0.485,
0.469,0.47,0.508,0.429,
0.523,0.522,0.552,0.497,
0.619,0.615,0.717,0.529,
0.57,0.565,0.619,0.562,
0.508,0.511,0.59,0.435,
0.467,0.464,0.505,0.46,
0.525,0.525,0.537,0.518,
0.403,0.401,0.422,0.391,
0.435,0.433,0.475,0.42,
0.502,0.498,0.546,0.482,
0.516,0.519,0.559,0.463,
0.515,0.513,0.563,0.483,
0.39,0.386,0.423,0.385,
0.529,0.527,0.633,0.481,
0.495,0.49,0.547,0.466,
0.427,0.422,0.462,0.419,
0.475,0.461,0.584,0.448,
0.524,0.513,0.584,0.486,
0.552,0.536,0.667,0.502,
0.439,0.427,0.529,0.375,
0.427,0.412,0.534,0.406,
0.437,0.417,0.54,0.406,
0.496,0.487,0.607,0.458,
0.492,0.475,0.602,0.464,
0.444,0.429,0.538,0.414,
0.501,0.49,0.6,0.465,
0.507,0.494,0.626,0.46,
0.411,0.404,0.506,0.365,
0.432,0.431,0.504,0.389,
0.506,0.509,0.523,0.468,
0.532,0.532,0.583,0.505,
0.509,0.508,0.534,0.49,
0.549,0.552,0.616,0.496,
0.516,0.512,0.564,0.501,
0.41,0.407,0.446,0.399,
0.511,0.512,0.561,0.477,
0.458,0.454,0.497,0.45,
0.487,0.483,0.528,0.481,
0.482,0.481,0.5,0.469,
0.583,0.583,0.64,0.546,
0.574,0.571,0.637,0.538,
0.529,0.536,0.591,0.455,
0.501,0.504,0.525,0.454,
0.595,0.603,0.605,0.552,
0.477,0.476,0.523,0.454,
0.561,0.554,0.65,0.507,
0.509,0.503,0.609,0.441,
0.468,0.445,0.575,0.43,
0.428,0.416,0.519,0.4,
0.387,0.376,0.464,0.365,
0.488,0.476,0.565,0.439,
0.459,0.44,0.569,0.421,
0.411,0.394,0.512,0.389,
0.439,0.436,0.514,0.4,
0.49,0.478,0.586,0.46,
0.461,0.45,0.557,0.42,
0.451,0.428,0.556,0.394,
0.527,0.514,0.654,0.481,
0.475,0.465,0.566,0.447,
0.427,0.421,0.502,0.387,
0.538,0.518,0.659,0.505,


0.8,0.831,0.901,0.546,
0.733,0.728,0.836,0.561,
0.69,0.716,0.814,0.461,
0.785,0.783,1,0.611,
0.753,0.772,0.964,0.504,
0.831,0.865,0.906,0.604,
0.709,0.729,0.791,0.557,
0.672,0.7,0.738,0.516,
0.579,0.603,0.616,0.443,
0.775,0.775,0.881,0.616,
0.729,0.763,0.769,0.551,
0.728,0.755,0.786,0.578,
0.694,0.69,0.906,0.51,
0.77,0.782,0.857,0.62,
0.792,0.823,0.909,0.564,
0.728,0.728,0.838,0.497,
0.741,0.774,0.791,0.5,
0.827,0.859,0.886,0.604,
0.852,0.855,0.947,0.695,
0.805,0.82,0.874,0.589,
0.655,0.63,0.83,0.502,
0.66,0.679,0.758,0.442,
0.71,0.751,0.769,0.505,
0.784,0.807,0.899,0.557,
0.714,0.722,0.825,0.566,
0.616,0.647,0.655,0.483,
0.726,0.705,1,0.546,
0.743,0.79,0.833,0.518,
0.734,0.709,0.953,0.544,
0.628,0.613,0.852,0.457,
0.767,0.782,0.835,0.593,
0.809,0.807,0.93,0.741,
0.796,0.824,0.866,0.707,
0.701,0.747,0.77,0.46,
0.823,0.821,1,0.611,
0.768,0.749,0.972,0.583,
0.713,0.708,0.842,0.565,
0.858,0.886,0.902,0.687,
0.768,0.795,0.85,0.566,
0.668,0.687,0.708,0.521,
0.763,0.774,0.829,0.621,
0.725,0.757,0.787,0.514,
0.881,0.877,1,0.684,
0.656,0.672,0.684,0.543,
0.652,0.609,0.78,0.537,
0.73,0.723,1,0.549,
0.745,0.762,0.844,0.574,
0.843,0.863,0.967,0.625,
0.741,0.796,0.848,0.475,
0.712,0.708,0.815,0.55,
0.754,0.766,0.949,0.561,
0.709,0.724,0.774,0.524,
0.749,0.781,0.797,0.563,
0.748,0.722,1,0.563,
0.83,0.877,0.906,0.598,
0.71,0.744,0.763,0.511,
0.662,0.679,0.704,0.532,
0.606,0.589,0.853,0.474,
0.82,0.846,0.919,0.589,
0.757,0.786,0.849,0.494,
0.846,0.848,0.91,0.769,
0.77,0.793,0.84,0.553,
0.874,0.88,1,0.697,
0.742,0.762,0.789,0.607,
0.793,0.817,0.885,0.59,
0.832,0.804,1,0.698,
0.738,0.74,0.843,0.523,
0.714,0.71,0.856,0.568,
0.745,0.744,0.901,0.568,
0.81,0.826,0.905,0.641,
0.665,0.695,0.742,0.482,
0.641,0.617,0.818,0.482,
0.725,0.772,0.795,0.495,
0.866,0.873,0.952,0.698,
0.707,0.744,0.749,0.513,
0.783,0.776,1,0.634,
0.802,0.785,1,0.603,
0.84,0.835,1,0.652,
0.732,0.728,1,0.543,
0.602,0.619,0.627,0.479,
0.783,0.788,0.859,0.621,
0.674,0.702,0.735,0.534,
0.84,0.871,1,0.562,
0.648,0.671,0.686,0.495,
0.704,0.719,0.761,0.515,
0.769,0.776,0.923,0.632,
0.682,0.679,0.8,0.55,
0.741,0.698,1,0.565,
0.839,0.861,0.931,0.68,
0.656,0.687,0.765,0.444,
0.788,0.806,0.878,0.608,
0.732,0.73,1,0.563,
0.756,0.76,0.89,0.552,
0.669,0.673,0.854,0.53,
0.831,0.847,0.967,0.606,
0.673,0.59,0.994,0.479,
0.724,0.754,0.8,0.504,
0.703,0.714,0.78,0.576,
0.74,0.768,0.812,0.529,
0.678,0.692,0.74,0.534,
0.647,0.667,0.696,0.514,
0.811,0.845,0.919,0.557,
0.765,0.808,0.841,0.537,
0.826,0.829,1,0.651,
0.701,0.728,0.757,0.504,
0.627,0.651,0.658,0.491,
0.812,0.809,1,0.667,
0.741,0.737,0.857,0.588,
0.703,0.665,0.899,0.584,
0.724,0.75,0.812,0.534,
0.728,0.74,0.855,0.535,
0.825,0.856,0.92,0.576,
0.809,0.818,0.975,0.589,
0.747,0.758,0.828,0.597,
0.783,0.753,1,0.585,
0.731,0.694,1,0.565,
0.818,0.829,0.891,0.654,
0.828,0.814,0.972,0.654,
0.728,0.759,0.786,0.53,
0.731,0.768,0.778,0.558,
0.742,0.767,0.835,0.525,
0.719,0.753,0.848,0.488,
0.678,0.706,0.729,0.505,
0.71,0.706,0.89,0.551,
0.719,0.722,0.853,0.555,
0.81,0.831,0.906,0.59,
0.74,0.766,0.863,0.531,
0.734,0.763,0.838,0.483,
0.747,0.78,0.818,0.521,
0.721,0.74,0.776,0.575,
0.716,0.746,0.783,0.516,
0.795,0.791,0.999,0.686,
0.849,0.831,1,0.723,
0.771,0.753,0.905,0.583,
0.65,0.68,0.712,0.476,
0.806,0.82,0.893,0.637,
0.876,0.913,1,0.605,
0.792,0.829,0.871,0.546,
0.698,0.702,0.822,0.53,
0.762,0.74,0.916,0.641,
0.747,0.772,0.847,0.489,
0.72,0.698,0.943,0.589,
0.773,0.79,0.855,0.611,
0.788,0.807,0.837,0.656,
0.881,0.905,1,0.625,
0.706,0.732,0.77,0.544,
0.709,0.736,0.778,0.515,
0.691,0.675,0.86,0.529,
0.724,0.741,0.79,0.594,
0.765,0.799,0.818,0.591,
0.714,0.76,0.799,0.448,
0.75,0.775,0.847,0.514,
0.825,0.788,1,0.63,
0.818,0.839,0.922,0.585,
0.704,0.694,0.94,0.536,
0.672,0.697,0.731,0.525,
0.675,0.681,0.768,0.516,
0.713,0.738,0.77,0.528,
0.906,0.958,1,0.606,
0.713,0.704,0.952,0.555,
0.775,0.774,0.914,0.541,
0.76,0.754,0.917,0.581,
0.751,0.744,0.934,0.584,
0.784,0.74,0.987,0.609,
0.837,0.855,1,0.647,
0.798,0.826,0.878,0.584,
0.841,0.859,0.969,0.631,
0.812,0.833,0.883,0.613,
0.627,0.654,0.661,0.499,
0.668,0.663,0.814,0.513,
0.77,0.744,0.909,0.588,
0.795,0.821,0.873,0.581,
0.875,0.895,0.92,0.713,
0.65,0.671,0.725,0.482,
0.694,0.684,0.778,0.552,
0.794,0.832,0.879,0.542,
0.882,0.913,0.943,0.714,
0.762,0.77,0.947,0.547,
0.6,0.616,0.628,0.5,
0.738,0.694,1,0.562,
0.803,0.849,0.887,0.642,
0.806,0.805,0.961,0.611,
0.698,0.728,0.754,0.499,
0.718,0.709,0.885,0.522,
0.725,0.753,0.816,0.538,
0.785,0.821,0.888,0.547,
0.78,0.796,0.86,0.574,
0.942,0.966,0.998,0.77,
0.856,0.885,0.913,0.698,
0.655,0.665,0.72,0.497,
0.834,0.827,1,0.654,
0.81,0.831,0.874,0.664,
0.659,0.683,0.692,0.504,
0.851,0.861,0.922,0.706,
0.802,0.816,0.873,0.616,
0.798,0.827,0.856,0.616,
0.782,0.772,0.986,0.548,
0.676,0.696,0.723,0.528,
0.805,0.812,0.947,0.641,
0.752,0.765,0.95,0.561,
0.598,0.603,0.71,0.464,
0.884,0.913,0.944,0.682,
0.753,0.794,0.811,0.544,
0.719,0.742,0.769,0.575,
0.763,0.775,0.873,0.614,
0.831,0.836,0.93,0.672,
0.788,0.817,0.887,0.581,
0.793,0.826,0.859,0.561,
0.755,0.77,0.825,0.606,
0.891,0.901,1,0.691,
0.694,0.7,0.743,0.562,
0.75,0.78,0.799,0.567,
0.741,0.736,0.985,0.559,
0.752,0.746,1,0.588,
0.86,0.875,0.958,0.63,
0.71,0.728,0.77,0.542,
0.775,0.803,0.89,0.535,
0.793,0.802,0.905,0.614,
0.8,0.823,0.868,0.606,
0.827,0.843,0.86,0.668,
0.84,0.817,0.966,0.724,
0.655,0.649,0.871,0.537,
0.717,0.74,0.78,0.576,
0.794,0.78,0.962,0.637,
0.687,0.729,0.754,0.468,
0.685,0.683,0.86,0.52,
0.868,0.885,1,0.669,
0.744,0.787,0.816,0.505,
0.702,0.738,0.773,0.503,
0.765,0.768,0.903,0.625,
0.698,0.723,0.77,0.513,
0.762,0.74,0.933,0.593,
0.716,0.739,0.795,0.512,
0.879,0.901,1,0.624,
0.735,0.736,0.981,0.56,
0.769,0.778,0.918,0.563,
0.738,0.758,0.792,0.596,
0.734,0.8,0.812,0.453,
0.692,0.701,0.772,0.539,
0.835,0.867,0.88,0.641,
0.696,0.678,0.896,0.533,
0.772,0.784,0.936,0.601,
0.826,0.846,0.882,0.661,
0.707,0.694,1,0.542,
0.786,0.806,0.871,0.603,
0.668,0.699,0.705,0.5,
0.75,0.744,0.888,0.647,
0.801,0.798,0.901,0.66,
0.757,0.776,0.796,0.624,
0.674,0.664,0.848,0.494,
0.919,0.952,0.972,0.726,
0.59,0.617,0.634,0.452,
0.723,0.754,0.808,0.518,
0.717,0.718,0.8,0.559,
0.733,0.76,0.768,0.563,
0.751,0.756,0.894,0.526,
0.812,0.851,0.864,0.601,
0.772,0.803,0.829,0.559,
0.801,0.825,0.883,0.563,
0.731,0.76,0.781,0.547,
0.85,0.881,0.91,0.652,
0.699,0.716,0.791,0.535,
0.755,0.804,0.826,0.557,
0.768,0.803,0.844,0.599,
0.615,0.63,0.666,0.475,
0.696,0.701,0.909,0.498,
0.742,0.731,1,0.572,
0.779,0.78,1,0.558,
0.615,0.637,0.67,0.46,
0.802,0.826,0.93,0.584,
0.656,0.679,0.729,0.478,
0.811,0.851,0.893,0.521,
0.747,0.744,1,0.574,
0.769,0.786,0.861,0.611,
0.676,0.704,0.73,0.505,
0.786,0.783,0.862,0.663,
0.791,0.802,1,0.538,
0.69,0.726,0.756,0.516,
0.792,0.842,0.863,0.589,
0.797,0.817,1,0.569,
0.823,0.863,0.895,0.56,
0.781,0.774,0.954,0.539,
0.731,0.754,0.809,0.577,
0.88,0.893,0.981,0.674,
0.746,0.726,0.949,0.56,
0.777,0.777,0.867,0.617,
0.639,0.623,0.826,0.489,
0.753,0.78,0.814,0.539,
0.733,0.76,0.81,0.577,
0.746,0.711,0.951,0.585,
0.674,0.688,0.767,0.5,
0.688,0.711,0.799,0.509,
0.821,0.849,0.901,0.605,
0.834,0.851,0.901,0.642,
0.734,0.761,0.814,0.516,
0.8,0.744,1,0.599,
0.686,0.695,0.751,0.563,
0.8,0.778,1,0.611,
0.817,0.819,0.891,0.679,
0.789,0.76,0.964,0.595,
0.759,0.765,0.899,0.558,
0.705,0.716,0.75,0.591,
0.741,0.73,0.919,0.544,
0.888,0.917,0.93,0.76,
0.841,0.867,0.916,0.701,
0.689,0.702,0.757,0.513,
0.766,0.748,1,0.592,
0.801,0.805,0.901,0.635,
0.751,0.788,0.826,0.53,
0.688,0.71,0.738,0.537,
0.742,0.764,0.792,0.599,
0.75,0.712,0.948,0.586,
0.77,0.774,0.994,0.556,
0.746,0.758,0.87,0.607,
0.719,0.742,0.879,0.51,
0.654,0.677,0.765,0.435,
0.675,0.71,0.765,0.433,
0.808,0.833,1,0.587,
0.793,0.758,0.955,0.715,
0.802,0.839,0.887,0.576,
0.776,0.764,1,0.558,
0.822,0.812,0.917,0.644,
0.828,0.85,0.887,0.688,
0.846,0.879,0.963,0.616,
0.851,0.897,0.931,0.569,
0.855,0.877,1,0.633,
0.68,0.698,0.726,0.536,
0.725,0.718,0.79,0.666,
0.84,0.853,1,0.605,
0.755,0.766,0.838,0.65,
0.775,0.778,0.848,0.672,
0.648,0.663,0.708,0.488,
0.775,0.78,0.873,0.604,
0.816,0.847,0.881,0.621,
0.67,0.685,0.761,0.466,
0.744,0.716,0.84,0.658,
0.696,0.724,0.752,0.557,
0.65,0.681,0.692,0.465,
0.741,0.724,0.885,0.584,
0.776,0.768,0.963,0.573,
0.755,0.768,1,0.534,
0.682,0.693,0.722,0.559,
0.706,0.718,0.751,0.569,
0.662,0.661,0.776,0.517,
0.756,0.785,0.794,0.601,
0.707,0.744,0.765,0.523,
0.806,0.808,0.975,0.641,
0.724,0.713,0.906,0.549,
0.637,0.653,0.668,0.501,
0.646,0.665,0.712,0.452,
0.753,0.747,0.975,0.57,
0.746,0.757,0.858,0.593,
0.872,0.861,1,0.635,
0.649,0.671,0.707,0.484,
0.812,0.823,0.924,0.602,
0.774,0.802,0.817,0.603,
0.595,0.613,0.637,0.464,
0.832,0.863,0.895,0.648,
0.761,0.744,0.979,0.578,
0.78,0.766,0.978,0.598,
0.841,0.865,0.902,0.669,
0.785,0.816,0.882,0.533,
0.721,0.75,0.817,0.486,
0.825,0.865,0.877,0.579,
0.757,0.776,0.819,0.584,
0.759,0.738,1,0.599,
0.731,0.671,0.958,0.537,
0.737,0.773,0.798,0.506,
0.718,0.732,0.822,0.516,
0.817,0.832,0.882,0.712,
0.782,0.799,0.968,0.552,
0.709,0.741,0.763,0.519,
0.677,0.7,0.72,0.515,
0.855,0.866,0.944,0.705,
0.823,0.825,1,0.576,
0.597,0.623,0.642,0.415,
0.915,0.938,0.984,0.776,
0.61,0.625,0.676,0.477,
0.77,0.775,1,0.533,
0.774,0.766,1,0.575,
0.828,0.85,0.94,0.645,
0.818,0.836,0.946,0.584,
0.755,0.796,0.832,0.525,
0.807,0.837,0.877,0.606,
0.866,0.905,0.914,0.639,
0.745,0.744,0.992,0.57,
0.741,0.774,0.839,0.539,
0.748,0.744,0.845,0.568,
0.707,0.713,0.82,0.519,
0.729,0.702,0.944,0.562,
0.773,0.776,1,0.589,
0.677,0.69,0.783,0.526,
0.804,0.841,0.911,0.531,
0.741,0.774,0.786,0.573,
0.727,0.738,0.786,0.563,
0.818,0.83,0.896,0.682,
0.713,0.702,1,0.556,
0.793,0.853,0.87,0.56,
0.807,0.805,0.981,0.674,
0.645,0.655,0.706,0.511,
0.602,0.621,0.68,0.452,
0.691,0.706,0.748,0.534,
0.774,0.778,1,0.606,
0.904,0.926,0.968,0.759,
0.885,0.867,0.966,0.784,
0.772,0.811,0.827,0.582,
0.721,0.745,0.785,0.515,
0.805,0.768,1,0.644,
0.717,0.718,0.791,0.536,
0.673,0.695,0.714,0.52,
0.62,0.573,0.833,0.463,
0.773,0.773,0.917,0.655,
0.81,0.834,0.888,0.618,
0.7,0.739,0.792,0.496,
0.745,0.758,0.945,0.53,
0.754,0.784,0.823,0.527,
0.775,0.762,1,0.587,
0.71,0.701,0.902,0.519,
0.808,0.831,0.893,0.608,
0.66,0.665,0.726,0.518,
0.803,0.837,0.892,0.562,
0.813,0.821,1,0.664,
0.739,0.732,0.932,0.561,
0.735,0.738,0.902,0.577,
0.734,0.762,0.792,0.535,
0.809,0.797,1,0.617,
0.723,0.749,0.797,0.503,
0.731,0.71,0.943,0.531,
0.712,0.714,0.976,0.532,
0.831,0.859,0.923,0.688,
0.649,0.68,0.71,0.458,
0.614,0.629,0.639,0.496,
0.781,0.775,1,0.623,
0.675,0.7,0.756,0.49,
0.634,0.651,0.687,0.469,
0.708,0.728,0.764,0.56,
0.861,0.874,0.958,0.7,
0.72,0.767,0.81,0.48,
0.795,0.8,0.951,0.682,
0.697,0.728,0.766,0.515,
0.74,0.72,0.871,0.503,
0.737,0.735,0.854,0.561,
0.807,0.839,0.908,0.593,
0.72,0.718,0.873,0.576,
0.842,0.847,0.98,0.628,
0.723,0.719,1,0.56,
0.777,0.807,0.848,0.561,
0.697,0.662,0.934,0.506,
0.775,0.794,0.957,0.547,
0.819,0.786,1,0.602,
0.75,0.728,1,0.547,
0.653,0.678,0.704,0.484,
0.709,0.678,0.933,0.527,
0.791,0.784,0.984,0.63,
0.821,0.785,0.996,0.651,
0.853,0.875,0.927,0.738,
0.733,0.75,0.806,0.558,
0.696,0.677,0.918,0.491,
0.744,0.758,0.796,0.603,
0.659,0.68,0.718,0.505,
0.736,0.75,0.807,0.577,
0.739,0.75,0.825,0.584,
0.828,0.867,0.952,0.564,
0.803,0.839,0.888,0.563,
0.79,0.819,0.855,0.569,
0.895,0.914,0.961,0.661,
0.737,0.74,0.855,0.605,
0.811,0.798,1,0.64,
0.828,0.849,0.899,0.631,
0.758,0.772,0.876,0.517,
0.785,0.826,0.869,0.555,
0.772,0.764,0.935,0.605,
0.829,0.865,0.908,0.578,
0.747,0.77,0.778,0.581,
0.75,0.756,0.822,0.583,
0.745,0.782,0.859,0.532,
0.769,0.801,0.837,0.555,
0.754,0.772,0.895,0.512,
0.919,0.938,0.99,0.772,
0.805,0.823,0.861,0.637,
0.705,0.736,0.754,0.543,
0.755,0.756,0.857,0.593,
0.726,0.726,0.899,0.568,
0.894,0.897,0.966,0.752,
0.678,0.7,0.726,0.501,
0.773,0.788,0.996,0.533,
0.809,0.792,1,0.596,
0.864,0.901,1,0.586,
0.693,0.731,0.748,0.501,
0.695,0.675,0.984,0.519,
0.882,0.913,0.979,0.611,
0.841,0.853,0.896,0.736,
0.853,0.891,0.936,0.686,
0.683,0.714,0.769,0.476,
0.747,0.786,0.854,0.53,
0.732,0.729,0.923,0.535,
0.82,0.846,0.869,0.645,
0.77,0.765,0.903,0.603,
0.791,0.748,1,0.593,
0.684,0.71,0.725,0.54,
0.805,0.796,0.99,0.645,
0.677,0.681,0.861,0.482,
0.625,0.657,0.69,0.432,
0.768,0.769,1,0.609,
0.816,0.835,0.883,0.634,
0.774,0.792,0.848,0.559,
0.763,0.792,0.862,0.516,
0.772,0.807,0.824,0.572,
0.852,0.831,1,0.657,
0.753,0.754,0.949,0.583,
0.867,0.892,0.919,0.684,
0.831,0.867,0.923,0.604,
0.728,0.721,0.842,0.621,
0.84,0.875,0.891,0.718,
0.694,0.64,0.912,0.515,
0.826,0.808,0.995,0.655,
0.796,0.782,1,0.602,
0.782,0.785,0.977,0.609,
0.756,0.77,0.811,0.645,
0.69,0.744,0.767,0.459,
0.713,0.73,0.793,0.486,
0.707,0.743,0.771,0.5,
0.731,0.741,0.791,0.555,
0.733,0.768,0.79,0.576,
0.815,0.845,0.869,0.654,
0.849,0.852,0.961,0.67,
0.796,0.829,0.865,0.602,
0.666,0.694,0.704,0.492,
0.696,0.731,0.782,0.481,
0.856,0.871,0.936,0.643,
0.727,0.727,0.841,0.534,
0.852,0.912,1,0.573,
0.767,0.792,0.827,0.621,
0.749,0.69,1,0.56,
0.675,0.704,0.753,0.498,
0.78,0.802,0.864,0.552,
0.803,0.824,0.835,0.659,
0.774,0.805,0.837,0.652,
0.803,0.807,0.877,0.67,
0.766,0.79,0.813,0.638,
0.801,0.815,0.862,0.607,
0.711,0.726,0.762,0.565,
0.751,0.787,0.815,0.553,
0.816,0.825,0.912,0.619,
0.801,0.807,1,0.652,
0.671,0.671,0.792,0.572,
0.809,0.823,0.88,0.649,
0.835,0.843,0.93,0.739,
0.862,0.89,0.958,0.645,
0.787,0.802,0.886,0.602,
0.735,0.752,0.798,0.566,
0.732,0.749,0.774,0.626,
0.578,0.567,0.792,0.474,
0.853,0.872,0.957,0.721,
0.747,0.794,0.806,0.599,
0.695,0.711,0.779,0.542,
0.797,0.824,0.903,0.6,
0.707,0.728,0.823,0.572,
0.628,0.639,0.665,0.503,
0.723,0.738,0.807,0.57,
0.878,0.896,0.932,0.74,
0.824,0.821,0.939,0.633,
0.771,0.787,0.842,0.61,
0.836,0.855,0.923,0.659,
0.794,0.843,0.86,0.6,
0.757,0.774,0.782,0.654,
0.789,0.799,0.871,0.621,
0.764,0.782,0.794,0.619,
0.83,0.829,1,0.663,
0.791,0.782,0.93,0.596,
0.776,0.791,0.817,0.652,
0.741,0.745,0.849,0.61,
0.776,0.789,0.838,0.678,
0.812,0.833,0.943,0.611,
0.72,0.746,0.766,0.58,
0.82,0.846,0.862,0.698,
0.791,0.809,0.825,0.669,
0.748,0.756,0.906,0.564,
0.669,0.667,0.782,0.55,
0.807,0.844,0.905,0.58,
0.776,0.794,0.814,0.614,
0.719,0.746,0.838,0.538,
0.714,0.741,0.77,0.529,
0.829,0.831,1,0.613,
0.764,0.734,1,0.611,
0.825,0.823,1,0.648,
0.725,0.76,0.767,0.567,
0.804,0.821,0.87,0.651,
0.791,0.794,0.9,0.647,
0.782,0.801,0.865,0.574,
0.866,0.891,0.924,0.672,
0.832,0.845,0.935,0.665,
0.723,0.74,0.828,0.524,
0.837,0.833,1,0.635,
0.779,0.772,1,0.59,
0.685,0.667,0.837,0.549,
0.785,0.805,0.833,0.628,
0.746,0.74,0.923,0.654,
0.757,0.776,0.83,0.572,
0.787,0.817,0.853,0.677,
0.775,0.79,0.812,0.687,
0.759,0.756,0.851,0.611,
0.64,0.652,0.679,0.54,
0.729,0.756,0.77,0.583,
0.728,0.742,0.768,0.666,
0.743,0.712,1,0.585,
0.712,0.762,0.808,0.467,
0.721,0.75,0.797,0.545,
0.785,0.8,0.914,0.63,
0.669,0.679,0.765,0.571,
0.753,0.77,0.801,0.612,
0.694,0.714,0.763,0.51,
0.739,0.77,0.791,0.578,
0.615,0.624,0.657,0.524,
0.754,0.784,0.828,0.568,
0.884,0.894,0.979,0.723,
0.719,0.739,0.82,0.516,
0.824,0.853,0.915,0.662,
0.807,0.827,0.857,0.689,
0.795,0.817,0.853,0.632,
0.752,0.784,0.833,0.525,
0.834,0.853,0.884,0.694,
0.707,0.714,0.8,0.6,
0.847,0.874,0.884,0.666,
0.88,0.898,0.93,0.737,
0.781,0.809,0.846,0.647,
0.705,0.72,0.754,0.548,
0.844,0.839,0.973,0.696,
0.754,0.784,0.803,0.607,
0.79,0.786,1,0.628,
0.798,0.821,0.84,0.642,
0.82,0.818,0.997,0.664,
0.656,0.66,0.788,0.45,
0.811,0.843,0.884,0.615,
0.741,0.764,0.78,0.594,
0.656,0.678,0.703,0.508,
0.847,0.847,0.924,0.673,
0.754,0.772,0.796,0.648,
0.725,0.758,0.793,0.511,
0.774,0.762,0.863,0.678,
0.891,0.907,0.947,0.725,
0.69,0.718,0.754,0.527,
0.669,0.676,0.721,0.578,
0.819,0.821,0.991,0.673,
0.725,0.738,0.995,0.541,
0.775,0.783,0.882,0.608,
0.838,0.869,0.884,0.691,
0.745,0.777,0.821,0.553,
0.786,0.79,0.854,0.661,
0.825,0.854,0.913,0.649,
0.632,0.658,0.663,0.498,
0.767,0.783,0.915,0.545,
0.775,0.794,0.836,0.617,
0.844,0.865,1,0.607,
0.831,0.825,1,0.697,
0.586,0.6,0.615,0.509,
0.739,0.764,0.784,0.596,
0.767,0.784,0.839,0.6,
0.801,0.831,0.877,0.623,
0.773,0.787,0.845,0.595,
0.777,0.796,0.831,0.647,
0.73,0.732,0.992,0.533,
0.707,0.744,0.752,0.51,
0.677,0.711,0.741,0.479,
0.792,0.827,0.868,0.582,
0.813,0.831,0.859,0.673,
0.703,0.702,0.904,0.579,
0.772,0.796,0.826,0.61,
0.625,0.625,0.717,0.515,
0.773,0.774,0.9,0.611,
0.81,0.827,0.891,0.664,
0.811,0.813,0.91,0.64,
0.776,0.803,0.857,0.58,
0.833,0.841,0.94,0.661,
0.747,0.76,0.831,0.646,
0.803,0.833,0.894,0.59,
0.705,0.728,0.781,0.532,
0.73,0.748,0.782,0.589,
0.707,0.721,0.736,0.602,
0.82,0.835,0.972,0.602,
0.65,0.684,0.701,0.485,
0.646,0.677,0.798,0.439,
0.877,0.881,0.999,0.758,
0.7,0.688,0.866,0.541,
0.762,0.784,0.792,0.614,
0.82,0.845,0.899,0.621,
0.78,0.804,0.854,0.62,
0.865,0.891,0.942,0.732,
0.805,0.815,0.928,0.677,
0.835,0.879,0.906,0.621,
0.708,0.741,0.754,0.526,
0.853,0.869,0.91,0.722,
0.844,0.879,0.95,0.57,
0.827,0.849,0.916,0.628,
0.702,0.667,0.948,0.543,
0.722,0.751,0.756,0.579,
0.774,0.802,0.821,0.597,
0.864,0.897,0.96,0.652,
0.695,0.719,0.762,0.524,
0.816,0.825,0.918,0.647,
0.759,0.738,0.942,0.57,
0.873,0.92,0.952,0.66,
0.805,0.777,1,0.622,
0.699,0.706,0.783,0.593,
0.813,0.826,0.902,0.669,
0.828,0.837,0.927,0.668,
0.769,0.794,0.868,0.585,
0.729,0.747,0.791,0.574,
0.764,0.783,0.841,0.547,
0.771,0.793,0.971,0.617,
0.797,0.816,0.864,0.624,
0.813,0.83,0.928,0.614,
0.783,0.812,0.878,0.597,
0.748,0.763,0.779,0.62,
0.597,0.605,0.625,0.496,
0.821,0.855,0.915,0.61,
0.795,0.772,1,0.631,
0.808,0.821,0.931,0.654,
0.809,0.835,0.843,0.656,
0.786,0.814,0.865,0.557,
0.81,0.815,0.925,0.654,
0.778,0.801,0.85,0.637,
0.738,0.744,0.872,0.58,
0.85,0.871,0.967,0.682,
0.802,0.821,0.858,0.635,
0.806,0.796,0.934,0.683,
0.774,0.806,0.848,0.578,
0.687,0.703,0.728,0.583,
0.752,0.752,0.823,0.572,
0.773,0.775,0.864,0.634,
0.763,0.762,0.89,0.616,
0.739,0.746,0.81,0.595,
0.846,0.861,0.912,0.73,
0.717,0.746,0.761,0.564,
0.808,0.839,0.86,0.625,
0.767,0.77,0.904,0.64,
0.874,0.927,0.957,0.604,
0.787,0.79,0.852,0.673,
0.792,0.818,0.853,0.581,
0.821,0.84,0.875,0.653,
0.745,0.738,0.915,0.597,
0.802,0.817,0.918,0.577,
0.783,0.805,0.985,0.563,
0.86,0.899,0.926,0.634,
0.814,0.849,0.884,0.627,
0.895,0.899,0.97,0.718,
0.782,0.804,0.841,0.636,
0.695,0.727,0.737,0.53,
0.734,0.728,0.85,0.582,
0.767,0.731,1,0.607,
0.751,0.769,0.812,0.623,
0.778,0.786,0.996,0.596,
0.789,0.825,0.867,0.525,
0.624,0.657,0.685,0.464,
0.882,0.925,0.948,0.744,
0.657,0.681,0.692,0.536,
0.837,0.853,0.949,0.614,
0.791,0.81,0.851,0.643,
0.722,0.724,0.924,0.508,
0.631,0.645,0.698,0.484,
0.772,0.8,0.857,0.55,
0.809,0.798,0.945,0.67,
0.577,0.599,0.616,0.455,
0.808,0.811,0.907,0.659,
0.769,0.776,0.846,0.661,
0.848,0.859,0.919,0.676,
0.724,0.748,0.784,0.56,
0.796,0.821,0.834,0.624,
0.695,0.683,0.885,0.513,
0.646,0.662,0.683,0.545,
0.733,0.749,0.757,0.63,
0.776,0.77,0.953,0.623,
0.737,0.737,0.902,0.552,
0.761,0.756,0.859,0.626,
0.842,0.826,1,0.678,
0.836,0.857,0.87,0.702,
0.705,0.726,0.748,0.567,
0.829,0.879,0.917,0.641,
0.746,0.766,0.873,0.613,
0.806,0.831,0.897,0.629,
0.927,0.978,1,0.68,
0.741,0.732,0.93,0.548,
0.763,0.769,0.871,0.624,
0.755,0.784,0.809,0.619,
0.78,0.805,0.867,0.581,
0.868,0.892,0.952,0.714,
0.718,0.746,0.773,0.549,
0.767,0.78,0.799,0.652,
0.854,0.863,0.951,0.685,
0.709,0.72,0.77,0.589,
0.772,0.812,0.818,0.632,
0.805,0.833,0.857,0.699,
0.842,0.867,0.932,0.657,
0.842,0.871,0.888,0.73,
0.807,0.831,0.881,0.64,
0.796,0.84,0.85,0.6,
0.651,0.677,0.694,0.52,
0.813,0.826,0.888,0.679,
0.597,0.607,0.64,0.502,
0.808,0.841,0.877,0.566,
0.797,0.853,0.891,0.496,
0.731,0.747,0.881,0.553,
0.744,0.758,0.784,0.653,
0.703,0.704,0.813,0.548,
0.679,0.702,0.709,0.561,
0.774,0.81,0.844,0.561,
0.744,0.764,0.832,0.567,
0.844,0.841,0.947,0.674,
0.738,0.728,0.881,0.582,
0.753,0.782,0.84,0.654,
0.854,0.859,0.916,0.709,
0.69,0.699,0.773,0.561,
0.657,0.653,0.85,0.518,
0.84,0.873,0.909,0.629,
0.671,0.677,0.728,0.553,
0.861,0.887,0.978,0.7,
0.827,0.837,0.964,0.641,
0.742,0.75,0.821,0.594,
0.797,0.807,0.891,0.557,
0.723,0.724,0.876,0.552,
0.739,0.734,0.931,0.564,
0.619,0.634,0.643,0.515,
0.756,0.748,0.834,0.629,
0.755,0.778,0.803,0.61,
0.751,0.766,0.843,0.576,
0.73,0.726,0.826,0.569,
0.856,0.883,0.906,0.733,
0.654,0.673,0.713,0.484,
0.647,0.661,0.712,0.483,
0.67,0.697,0.72,0.509,
0.803,0.822,0.845,0.696,
0.697,0.665,0.877,0.522,
0.86,0.879,1,0.62,
0.711,0.723,0.837,0.512,
0.818,0.827,1,0.615,
0.57,0.583,0.596,0.448,
0.77,0.775,0.855,0.623,
0.72,0.742,0.76,0.594,
0.77,0.786,0.805,0.656,
0.863,0.887,0.954,0.755,
0.747,0.783,0.81,0.562,
0.832,0.876,0.915,0.605,
0.751,0.754,0.804,0.626,
0.659,0.671,0.711,0.568,
0.797,0.824,0.857,0.682,
0.709,0.736,0.738,0.563,
0.73,0.728,0.804,0.615,
0.81,0.8,0.937,0.641,
0.823,0.827,0.916,0.658,
0.729,0.768,0.784,0.529,
0.777,0.8,0.827,0.649,
0.686,0.706,0.762,0.556,
0.835,0.854,0.942,0.668,
0.832,0.855,0.921,0.586,
0.662,0.681,0.704,0.523,
0.734,0.696,1,0.56,
0.827,0.828,0.974,0.657,
0.742,0.767,0.78,0.58,
0.811,0.821,0.875,0.678,
0.737,0.772,0.799,0.543,
0.775,0.8,0.845,0.625,
0.868,0.886,0.942,0.702,
0.749,0.766,0.804,0.631,
0.84,0.855,0.899,0.684,
0.83,0.847,0.903,0.731,
0.672,0.693,0.716,0.494,
0.748,0.75,0.868,0.568,
0.672,0.662,0.8,0.561,
0.714,0.734,0.764,0.56,
0.726,0.722,0.827,0.621,
0.858,0.887,0.913,0.722,
0.815,0.838,0.855,0.714,
0.813,0.849,0.866,0.634,
0.813,0.853,0.88,0.595,
0.737,0.761,0.818,0.565,
0.839,0.867,0.923,0.704,
0.753,0.767,0.811,0.649,
0.895,0.917,0.953,0.741,
0.832,0.864,0.916,0.621,
0.817,0.824,0.901,0.637,
0.83,0.835,0.933,0.689,
0.775,0.827,0.931,0.608,
0.667,0.671,0.721,0.534,
0.641,0.651,0.659,0.554,
0.814,0.849,0.871,0.613,
0.841,0.851,1,0.659,
0.82,0.852,0.94,0.685,
0.746,0.756,0.848,0.538,
0.844,0.839,1,0.708,
0.703,0.675,1,0.57,
0.746,0.775,0.823,0.476,
0.75,0.762,0.816,0.61,
0.865,0.888,0.936,0.656,
0.761,0.746,0.862,0.588,
0.845,0.864,0.925,0.708,
0.819,0.815,0.938,0.721,
0.797,0.817,0.838,0.67,
0.8,0.821,0.887,0.626,
0.741,0.756,0.853,0.543,
0.775,0.802,0.817,0.612,
0.75,0.744,0.912,0.585,
0.679,0.66,0.869,0.524,
0.804,0.803,0.895,0.674,
0.79,0.8,0.889,0.6,
0.813,0.835,0.911,0.587,
0.786,0.8,0.926,0.617,
0.667,0.669,0.717,0.574,
0.755,0.772,0.784,0.612,
0.744,0.696,1,0.575,
0.79,0.815,0.882,0.574,
0.783,0.769,0.931,0.624,
0.72,0.744,0.761,0.583,
0.834,0.865,0.92,0.656,
0.814,0.811,1,0.675,
0.811,0.863,0.876,0.555,
0.85,0.889,1,0.7,
0.806,0.817,0.89,0.718,
0.739,0.753,0.842,0.539,
0.764,0.762,0.927,0.576,
0.83,0.842,0.89,0.726,
0.804,0.829,0.991,0.542,
0.779,0.802,0.841,0.561,
0.733,0.756,0.764,0.568,
0.772,0.784,1,0.559,
0.796,0.789,1,0.606,
0.748,0.762,0.8,0.6,
0.809,0.866,0.894,0.512,
0.773,0.805,0.869,0.572,
0.838,0.835,1,0.665,
0.71,0.76,0.789,0.485,
0.809,0.826,0.886,0.6,
0.686,0.667,0.874,0.519,
0.816,0.867,0.885,0.58,
0.887,0.915,0.976,0.658,
0.743,0.747,0.813,0.593,
0.813,0.853,0.899,0.576,
0.787,0.758,0.935,0.611,
0.737,0.726,0.891,0.563,
0.754,0.794,0.798,0.523,
0.695,0.733,0.75,0.523,
0.772,0.799,0.847,0.59,
0.856,0.856,0.941,0.76,
0.819,0.823,0.889,0.673,
0.739,0.673,0.99,0.576,
0.723,0.665,0.908,0.544,
0.851,0.912,0.928,0.567,
0.607,0.633,0.636,0.45,
0.647,0.645,0.746,0.497,
0.722,0.742,0.778,0.576,
0.75,0.776,0.865,0.582,
0.799,0.778,1,0.586,
0.606,0.635,0.648,0.438,
0.775,0.79,0.933,0.61,
0.732,0.74,0.934,0.509,
0.633,0.648,0.666,0.486,
0.788,0.801,0.884,0.616,
0.848,0.857,1,0.632,
0.839,0.838,0.937,0.703,
0.758,0.741,1,0.502,
0.767,0.783,0.899,0.564,
0.766,0.804,0.82,0.57,
0.817,0.846,0.868,0.641,
0.846,0.835,0.958,0.641,
0.729,0.714,0.916,0.571,
0.758,0.772,0.795,0.642,
0.755,0.778,0.81,0.673,
0.695,0.71,0.784,0.526,
0.659,0.681,0.7,0.537,
0.709,0.716,0.792,0.541,
0.767,0.76,0.884,0.617,
0.758,0.74,0.951,0.568,
0.746,0.754,0.861,0.64,
0.766,0.768,1,0.593,
0.671,0.653,0.881,0.469,
0.749,0.778,0.797,0.581,
0.654,0.666,0.694,0.518,
0.833,0.876,0.913,0.558,
0.708,0.714,0.885,0.541,
0.821,0.863,0.956,0.668,
0.86,0.889,0.941,0.654,
0.751,0.752,1,0.622,
0.749,0.711,0.929,0.563,
0.848,0.864,1,0.627,
0.749,0.788,0.825,0.546,
0.848,0.871,0.898,0.69,
0.731,0.76,0.793,0.601,
0.786,0.768,1,0.614,
0.67,0.683,0.718,0.547,
0.693,0.73,0.74,0.484,
0.771,0.804,0.885,0.6,
0.684,0.706,0.767,0.531,
0.683,0.714,0.723,0.537,
0.667,0.692,0.702,0.547,
0.776,0.776,0.908,0.624,
0.784,0.812,0.861,0.59,
0.733,0.762,0.798,0.592,
0.821,0.847,0.892,0.687,
0.737,0.688,1,0.592,
0.666,0.659,0.758,0.531,
0.821,0.827,0.907,0.707,


0.815,0.779,1,0.581,
0.845,0.859,1,0.548,
0.802,0.879,1,0.483,
0.791,0.798,0.915,0.654,
0.749,0.737,1,0.627,
0.873,0.898,1,0.616,
0.79,0.772,1,0.59,
0.829,0.887,1,0.537,
0.712,0.685,1,0.579,
0.858,0.899,1,0.665,
0.879,0.912,1,0.725,
0.844,0.889,1,0.567,
0.834,0.821,1,0.608,
0.875,0.919,1,0.676,
0.85,0.907,1,0.555,
0.789,0.847,1,0.574,
0.814,0.836,1,0.544,
0.843,0.833,1,0.697,
0.874,0.851,1,0.695,
0.816,0.823,1,0.534,
0.733,0.725,1,0.511,
0.786,0.783,1,0.53,
0.791,0.707,1,0.573,
0.874,0.901,1,0.603,
0.798,0.792,1,0.59,
0.783,0.71,1,0.468,
0.723,0.717,0.945,0.546,
0.802,0.794,1,0.55,
0.816,0.814,1,0.475,
0.785,0.835,1,0.545,
0.917,0.946,1,0.737,
0.883,0.907,1,0.743,
0.846,0.861,1,0.707,
0.826,0.879,1,0.56,
0.843,0.863,0.972,0.611,
0.831,0.834,1,0.587,
0.758,0.76,1,0.588,
0.883,0.891,1,0.687,
0.802,0.768,1,0.659,
0.784,0.79,1,0.533,
0.89,0.94,1,0.63,
0.854,0.909,1,0.612,
0.857,0.867,0.982,0.706,
0.83,0.81,1,0.619,
0.757,0.765,1,0.537,
0.815,0.889,0.943,0.549,
0.802,0.826,1,0.513,
0.856,0.879,1,0.647,
0.762,0.77,1,0.472,
0.911,0.966,1,0.702,
0.825,0.817,1,0.641,
0.825,0.843,1,0.6,
0.869,0.927,1,0.574,
0.814,0.851,0.925,0.637,
0.87,0.928,1,0.631,
0.838,0.897,1,0.557,
0.801,0.81,1,0.548,
0.813,0.774,1,0.595,
0.842,0.885,1,0.591,
0.806,0.826,1,0.558,
0.857,0.855,1,0.686,
0.865,0.939,1,0.638,
0.879,0.886,0.974,0.699,
0.873,0.925,1,0.696,
0.827,0.81,1,0.59,
0.833,0.831,0.913,0.756,
0.832,0.855,1,0.565,
0.84,0.889,1,0.581,
0.798,0.826,1,0.573,
0.846,0.873,1,0.641,
0.825,0.897,1,0.51,
0.738,0.77,1,0.464,
0.786,0.803,1,0.578,
0.903,0.928,1,0.698,
0.855,0.926,1,0.537,
0.852,0.913,1,0.591,
0.827,0.837,0.956,0.658,
0.826,0.794,0.973,0.652,
0.828,0.89,0.938,0.537,
0.751,0.764,1,0.494,
0.87,0.932,1,0.625,
0.854,0.919,1,0.555,
0.806,0.83,0.914,0.562,
0.805,0.784,1,0.617,
0.834,0.871,1,0.587,
0.895,0.942,1,0.696,
0.779,0.734,1,0.654,
0.752,0.757,0.879,0.565,
0.871,0.893,1,0.68,
0.878,0.962,1,0.612,
0.865,0.909,1,0.61,
0.813,0.819,0.897,0.691,
0.818,0.807,1,0.669,
0.812,0.746,1,0.686,
0.853,0.856,1,0.695,
0.778,0.796,1,0.469,
0.839,0.913,1,0.556,
0.848,0.863,1,0.589,
0.773,0.728,1,0.629,
0.77,0.771,1,0.493,
0.74,0.792,1,0.444,
0.891,0.962,1,0.557,
0.859,0.918,1,0.543,
0.84,0.839,0.96,0.696,
0.75,0.761,1,0.586,
0.817,0.848,1,0.6,
0.843,0.881,0.944,0.708,
0.886,0.95,1,0.679,
0.819,0.8,1,0.545,
0.831,0.864,1,0.572,
0.772,0.803,1,0.535,
0.885,0.943,1,0.576,
0.81,0.815,1,0.699,
0.862,0.919,1,0.667,
0.844,0.89,0.935,0.565,
0.809,0.817,0.934,0.726,
0.889,0.927,1,0.677,
0.855,0.871,1,0.654,
0.822,0.819,1,0.666,
0.823,0.903,1,0.596,
0.841,0.865,1,0.627,
0.794,0.82,1,0.478,
0.813,0.847,1,0.537,
0.868,0.925,1,0.649,
0.792,0.804,1,0.549,
0.862,0.875,1,0.645,
0.764,0.751,1,0.614,
0.868,0.947,1,0.558,
0.834,0.843,1,0.611,
0.896,0.935,1,0.679,
0.82,0.86,1,0.589,
0.83,0.809,1,0.641,
0.864,0.865,0.999,0.702,
0.758,0.732,1,0.572,
0.76,0.738,1,0.575,
0.885,0.917,1,0.67,
0.904,0.943,0.998,0.702,
0.86,0.906,1,0.593,
0.844,0.925,1,0.53,
0.832,0.878,1,0.641,
0.789,0.775,1,0.553,
0.766,0.737,1,0.653,
0.891,0.957,1,0.632,
0.835,0.863,1,0.655,
0.876,0.915,0.999,0.599,
0.789,0.823,1,0.585,
0.812,0.849,1,0.604,
0.787,0.785,1,0.632,
0.804,0.815,1,0.57,
0.861,0.901,1,0.602,
0.711,0.677,1,0.595,
0.866,0.916,1,0.611,
0.852,0.832,0.975,0.758,
0.849,0.919,1,0.629,
0.843,0.894,1,0.563,
0.768,0.82,1,0.457,
0.816,0.841,1,0.627,
0.827,0.887,1,0.585,
0.89,0.935,0.984,0.585,
0.819,0.798,1,0.577,
0.848,0.865,1,0.608,
0.868,0.888,1,0.635,
0.728,0.679,1,0.597,
0.839,0.84,1,0.645,
0.867,0.905,0.965,0.647,
0.837,0.859,1,0.603,
0.85,0.86,1,0.642,
0.904,0.96,1,0.682,
0.793,0.774,1,0.547,
0.806,0.825,1,0.547,
0.81,0.811,1,0.686,
0.814,0.835,1,0.587,
0.926,0.954,1,0.723,
0.808,0.788,1,0.593,
0.843,0.866,1,0.568,
0.844,0.886,1,0.551,
0.919,0.944,1,0.714,
0.856,0.892,1,0.601,
0.796,0.841,1,0.478,
0.82,0.847,0.882,0.606,
0.841,0.886,1,0.663,
0.788,0.762,1,0.654,
0.824,0.86,1,0.552,
0.803,0.794,1,0.622,
0.859,0.94,1,0.572,
0.831,0.831,1,0.565,
0.873,0.941,1,0.634,
0.925,0.952,1,0.77,
0.882,0.901,1,0.698,
0.783,0.808,1,0.57,
0.857,0.855,0.999,0.654,
0.879,0.937,1,0.629,
0.849,0.931,1,0.579,
0.889,0.898,1,0.706,
0.861,0.899,1,0.64,
0.863,0.873,1,0.676,
0.813,0.773,1,0.6,
0.843,0.903,1,0.512,
0.861,0.871,1,0.642,
0.855,0.884,1,0.563,
0.82,0.855,1,0.586,
0.933,0.956,1,0.682,
0.832,0.867,1,0.63,
0.836,0.85,1,0.623,
0.833,0.838,1,0.614,
0.811,0.819,1,0.622,
0.854,0.858,1,0.622,
0.855,0.906,1,0.585,
0.8,0.789,1,0.628,
0.879,0.885,0.977,0.758,
0.881,0.95,1,0.623,
0.849,0.918,1,0.579,
0.792,0.763,1,0.625,
0.826,0.837,0.951,0.649,
0.848,0.866,1,0.63,
0.841,0.932,1,0.621,
0.821,0.848,1,0.535,
0.887,0.934,1,0.614,
0.895,0.923,1,0.697,
0.915,0.955,1,0.692,
0.856,0.842,1,0.724,
0.834,0.886,1,0.592,
0.873,0.902,1,0.61,
0.897,0.939,1,0.649,
0.844,0.917,1,0.542,
0.759,0.789,1,0.52,
0.869,0.886,0.998,0.682,
0.828,0.816,1,0.587,
0.807,0.873,1,0.572,
0.836,0.835,1,0.698,
0.823,0.885,1,0.572,
0.836,0.811,1,0.66,
0.761,0.768,1,0.552,
0.894,0.923,0.993,0.624,
0.903,0.973,1,0.522,
0.84,0.861,1,0.584,
0.823,0.847,1,0.543,
0.791,0.706,1,0.605,
0.845,0.899,1,0.622,
0.9,0.935,1,0.622,
0.793,0.802,1,0.531,
0.851,0.935,1,0.601,
0.829,0.788,1,0.661,
0.838,0.893,0.959,0.548,
0.893,0.935,1,0.606,
0.854,0.942,1,0.569,
0.832,0.833,1,0.712,
0.912,0.962,1,0.66,
0.816,0.832,1,0.622,
0.768,0.742,1,0.629,
0.935,0.968,1,0.726,
0.682,0.746,1,0.484,
0.795,0.802,1,0.571,
0.861,0.907,1,0.59,
0.845,0.883,1,0.651,
0.814,0.854,1,0.596,
0.856,0.843,1,0.704,
0.856,0.897,1,0.607,
0.894,0.951,1,0.629,
0.848,0.898,1,0.656,
0.888,0.903,1,0.689,
0.797,0.821,1,0.559,
0.876,0.958,1,0.627,
0.847,0.881,1,0.574,
0.699,0.697,1,0.476,
0.802,0.827,1,0.542,
0.812,0.827,0.951,0.601,
0.837,0.903,0.927,0.627,
0.848,0.946,1,0.535,
0.829,0.865,1,0.605,
0.803,0.823,1,0.611,
0.825,0.814,1,0.608,
0.79,0.808,0.932,0.591,
0.832,0.867,1,0.609,
0.811,0.819,1,0.624,
0.845,0.847,1,0.663,
0.758,0.762,0.973,0.595,
0.817,0.861,1,0.522,
0.854,0.879,1,0.589,
0.851,0.912,0.945,0.676,
0.873,0.937,1,0.711,
0.876,0.925,1,0.597,
0.853,0.904,1,0.578,
0.909,0.961,1,0.682,
0.816,0.871,1,0.568,
0.857,0.886,1,0.609,
0.748,0.767,1,0.456,
0.798,0.774,1,0.642,
0.786,0.776,1,0.576,
0.833,0.792,1,0.662,
0.79,0.781,1,0.6,
0.789,0.833,1,0.534,
0.843,0.863,1,0.663,
0.911,0.949,1,0.733,
0.823,0.85,1,0.593,
0.842,0.885,0.925,0.6,
0.847,0.859,1,0.646,
0.815,0.851,0.888,0.611,
0.856,0.857,1,0.691,
0.828,0.828,1,0.659,
0.812,0.841,1,0.625,
0.863,0.924,1,0.557,
0.818,0.817,1,0.588,
0.862,0.873,1,0.76,
0.846,0.852,1,0.623,
0.867,0.922,1,0.628,
0.799,0.833,0.866,0.592,
0.905,0.972,1,0.631,
0.824,0.807,1,0.572,
0.902,0.95,1,0.643,
0.895,0.96,1,0.6,
0.776,0.77,1,0.569,
0.862,0.858,1,0.654,
0.859,0.851,1,0.638,
0.805,0.854,1,0.574,
0.856,0.921,1,0.559,
0.777,0.784,1,0.56,
0.836,0.899,0.935,0.616,
0.825,0.802,1,0.647,
0.871,0.901,1,0.644,
0.842,0.875,0.938,0.661,
0.855,0.871,1,0.657,
0.815,0.789,1,0.64,
0.835,0.863,1,0.616,
0.902,0.974,1,0.633,
0.855,0.913,0.966,0.644,
0.862,0.847,1,0.605,
0.845,0.873,1,0.672,
0.866,0.89,0.976,0.616,
0.854,0.881,1,0.569,
0.836,0.853,1,0.681,
0.807,0.847,1,0.582,
0.89,0.945,1,0.637,
0.864,0.912,1,0.656,
0.83,0.933,1,0.531,
0.855,0.847,1,0.661,
0.782,0.796,1,0.557,
0.794,0.833,1,0.505,
0.807,0.808,1,0.64,
0.807,0.784,1,0.639,
0.834,0.85,0.976,0.634,
0.887,0.94,1,0.601,
0.838,0.845,1,0.646,
0.862,0.891,1,0.63,
0.886,0.954,1,0.555,
0.775,0.76,1,0.559,
0.827,0.827,1,0.659,
0.827,0.8,1,0.626,
0.774,0.767,1,0.591,
0.828,0.899,1,0.57,
0.855,0.851,1,0.631,
0.83,0.898,1,0.593,
0.865,0.871,0.977,0.635,
0.836,0.879,1,0.596,
0.883,0.893,1,0.707,
0.809,0.796,1,0.606,
0.724,0.712,1,0.534,
0.79,0.809,1,0.611,
0.858,0.964,1,0.556,
0.899,0.942,1,0.66,
0.908,0.941,1,0.699,
0.863,0.899,1,0.608,
0.845,0.875,1,0.563,
0.913,0.901,1,0.85,
0.901,0.966,1,0.613,
0.795,0.821,0.864,0.607,
0.767,0.804,1,0.543,
0.819,0.842,1,0.567,
0.77,0.748,1,0.628,
0.916,0.944,1,0.704,
0.879,0.903,1,0.65,
0.843,0.871,1,0.587,
0.819,0.834,1,0.605,
0.839,0.834,1,0.654,
0.781,0.766,0.923,0.649,
0.718,0.743,1,0.465,
0.929,0.962,1,0.783,
0.855,0.881,1,0.567,
0.811,0.831,0.923,0.613,
0.787,0.798,0.979,0.577,
0.843,0.845,1,0.657,
0.874,0.936,1,0.584,
0.841,0.884,1,0.549,
0.832,0.853,1,0.609,
0.901,0.96,1,0.597,
0.77,0.778,1,0.542,
0.8,0.789,1,0.567,
0.836,0.827,1,0.624,
0.794,0.841,1,0.517,
0.854,0.889,1,0.562,
0.775,0.773,0.887,0.589,
0.784,0.84,1,0.471,
0.862,0.873,1,0.638,
0.787,0.824,1,0.588,
0.85,0.903,1,0.573,
0.854,0.826,1,0.698,
0.843,0.91,0.962,0.544,
0.889,0.959,1,0.615,
0.832,0.856,1,0.674,
0.788,0.826,1,0.504,
0.783,0.767,1,0.53,
0.825,0.852,1,0.631,
0.837,0.85,0.971,0.672,
0.9,0.92,1,0.739,
0.908,0.925,1,0.784,
0.842,0.86,1,0.621,
0.87,0.956,1,0.587,
0.781,0.792,0.907,0.622,
0.862,0.905,1,0.608,
0.797,0.814,1,0.58,
0.685,0.669,1,0.443,
0.772,0.754,1,0.655,
0.83,0.812,1,0.642,
0.775,0.783,1,0.527,
0.813,0.841,1,0.603,
0.852,0.895,1,0.62,
0.869,0.945,0.997,0.589,
0.824,0.897,1,0.555,
0.83,0.823,1,0.634,
0.822,0.785,1,0.607,
0.817,0.792,1,0.583,
0.843,0.879,0.965,0.627,
0.82,0.853,1,0.563,
0.817,0.848,1,0.633,
0.76,0.695,1,0.54,
0.84,0.9,0.936,0.619,
0.76,0.769,1,0.531,
0.864,0.903,1,0.639,
0.867,0.904,1,0.58,
0.888,0.909,1,0.688,
0.752,0.74,1,0.578,
0.766,0.748,1,0.485,
0.795,0.835,0.85,0.599,
0.769,0.758,1,0.58,
0.73,0.649,1,0.567,
0.815,0.826,1,0.622,
0.868,0.889,1,0.7,
0.814,0.814,1,0.586,
0.806,0.816,1,0.666,
0.827,0.883,1,0.518,
0.813,0.835,1,0.563,
0.812,0.827,1,0.561,
0.828,0.835,1,0.602,
0.89,0.976,1,0.579,
0.878,0.923,1,0.648,
0.836,0.867,0.933,0.569,
0.777,0.801,1,0.532,
0.829,0.858,1,0.599,
0.798,0.796,1,0.636,
0.861,0.883,0.97,0.608,
0.799,0.791,0.971,0.653,
0.756,0.79,1,0.529,
0.84,0.843,1,0.583,
0.869,0.874,1,0.705,
0.889,0.896,1,0.651,
0.833,0.842,1,0.701,
0.811,0.823,1,0.565,
0.77,0.788,1,0.52,
0.834,0.845,1,0.618,
0.761,0.739,1,0.536,
0.826,0.837,1,0.62,
0.807,0.821,1,0.563,
0.813,0.811,1,0.627,
0.856,0.895,1,0.592,
0.876,0.921,1,0.628,
0.874,0.868,1,0.749,
0.872,0.894,1,0.648,
0.875,0.903,0.97,0.708,
0.85,0.837,1,0.631,
0.856,0.931,1,0.571,
0.837,0.879,1,0.616,
0.862,0.849,1,0.658,
0.838,0.817,1,0.578,
0.84,0.843,1,0.649,
0.873,0.9,1,0.627,
0.818,0.811,1,0.633,
0.864,0.935,1,0.6,
0.827,0.891,1,0.557,
0.916,0.953,1,0.772,
0.869,0.895,1,0.646,
0.832,0.858,1,0.555,
0.818,0.834,1,0.55,
0.79,0.75,1,0.642,
0.927,0.966,1,0.756,
0.873,0.921,1,0.591,
0.858,0.903,1,0.624,
0.849,0.863,0.936,0.706,
0.852,0.891,0.941,0.623,
0.799,0.767,1,0.591,
0.831,0.895,1,0.57,
0.858,0.834,1,0.668,
0.868,0.88,1,0.736,
0.864,0.887,1,0.686,
0.758,0.756,1,0.482,
0.906,0.946,1,0.701,
0.769,0.749,1,0.556,
0.899,0.911,1,0.758,
0.843,0.892,1,0.603,
0.814,0.835,0.895,0.636,
0.841,0.879,1,0.557,
0.866,0.898,1,0.641,
0.745,0.723,1,0.596,
0.785,0.776,1,0.577,
0.879,0.905,0.972,0.663,
0.886,0.922,1,0.704,
0.85,0.858,1,0.629,
0.779,0.786,1,0.6,
0.806,0.804,1,0.569,
0.863,0.865,0.997,0.738,
0.846,0.892,1,0.583,
0.857,0.873,1,0.684,
0.873,0.901,1,0.597,
0.845,0.82,1,0.667,
0.879,0.879,1,0.718,
0.765,0.788,1,0.621,
0.899,0.934,1,0.689,
0.82,0.865,0.974,0.632,
0.859,0.841,1,0.701,
0.831,0.848,1,0.639,
0.806,0.869,1,0.509,
0.769,0.783,1,0.542,
0.817,0.851,1,0.597,
0.832,0.863,1,0.631,
0.824,0.826,1,0.591,
0.866,0.899,1,0.645,
0.884,0.887,1,0.695,
0.867,0.922,1,0.599,
0.721,0.72,1,0.572,
0.821,0.853,1,0.575,
0.856,0.883,1,0.681,
0.767,0.768,1,0.609,
0.87,0.895,0.987,0.573,
0.842,0.874,1,0.621,
0.868,0.909,0.946,0.647,
0.822,0.899,1,0.525,
0.826,0.83,1,0.592,
0.884,0.933,1,0.658,
0.81,0.766,1,0.641,
0.845,0.846,1,0.673,
0.866,0.926,1,0.64,
0.892,0.975,1,0.648,
0.767,0.759,1,0.629,
0.856,0.931,1,0.553,
0.836,0.834,1,0.616,
0.829,0.839,0.987,0.683,
0.811,0.83,1,0.61,
0.852,0.851,1,0.672,
0.878,0.857,1,0.739,
0.872,0.941,1,0.645,
0.89,0.952,1,0.651,
0.848,0.871,1,0.598,
0.81,0.788,1,0.66,
0.664,0.619,1,0.579,
0.858,0.855,1,0.721,
0.818,0.869,1,0.538,
0.779,0.776,1,0.545,
0.795,0.808,1,0.601,
0.839,0.839,1,0.555,
0.752,0.776,1,0.599,
0.809,0.837,1,0.544,
0.915,0.925,1,0.745,
0.826,0.895,1,0.633,
0.804,0.815,1,0.648,
0.88,0.873,1,0.691,
0.855,0.887,1,0.6,
0.892,0.925,1,0.665,
0.845,0.837,1,0.665,
0.894,0.955,1,0.578,
0.834,0.828,0.979,0.68,
0.851,0.919,1,0.611,
0.81,0.783,1,0.677,
0.796,0.748,1,0.633,
0.796,0.785,1,0.653,
0.907,0.958,1,0.709,
0.831,0.802,1,0.588,
0.877,0.926,1,0.698,
0.873,0.921,1,0.669,
0.758,0.702,1,0.638,
0.756,0.735,1,0.529,
0.887,0.968,1,0.639,
0.842,0.884,1,0.57,
0.784,0.799,1,0.574,
0.872,0.954,1,0.586,
0.846,0.867,0.919,0.628,
0.782,0.848,0.886,0.623,
0.796,0.775,0.991,0.648,
0.804,0.807,1,0.574,
0.862,0.897,1,0.685,
0.821,0.865,1,0.647,
0.853,0.857,1,0.626,
0.918,0.967,1,0.671,
0.891,0.966,1,0.682,
0.741,0.716,1,0.589,
0.861,0.887,0.926,0.687,
0.802,0.803,0.966,0.59,
0.768,0.752,1,0.577,
0.844,0.901,1,0.598,
0.882,0.964,1,0.671,
0.791,0.764,1,0.586,
0.854,0.859,1,0.668,
0.848,0.855,1,0.687,
0.793,0.72,1,0.655,
0.826,0.856,1,0.577,
0.831,0.876,1,0.635,
0.913,0.952,1,0.684,
0.816,0.85,0.92,0.574,
0.826,0.925,1,0.554,
0.865,0.904,1,0.568,
0.844,0.873,1,0.614,
0.836,0.838,1,0.625,
0.773,0.716,1,0.654,
0.796,0.837,1,0.537,
0.925,0.958,1,0.732,
0.778,0.821,1,0.519,
0.793,0.747,1,0.618,
0.847,0.836,1,0.673,
0.755,0.738,1,0.545,
0.884,0.892,1,0.698,
0.836,0.816,1,0.648,
0.848,0.907,1,0.626,
0.817,0.861,1,0.55,
0.896,0.919,1,0.694,
0.845,0.864,1,0.621,
0.875,0.893,1,0.666,
0.907,0.919,1,0.79,
0.845,0.838,1,0.726,
0.755,0.786,1,0.543,
0.849,0.875,1,0.675,
0.824,0.843,1,0.661,
0.799,0.762,0.966,0.63,
0.881,0.939,1,0.663,
0.829,0.817,1,0.681,
0.725,0.657,1,0.615,
0.851,0.862,1,0.639,
0.779,0.777,1,0.653,
0.744,0.748,1,0.574,
0.91,0.955,1,0.729,
0.892,0.942,1,0.693,
0.782,0.836,1,0.56,
0.832,0.847,1,0.709,
0.927,0.956,1,0.722,
0.794,0.792,1,0.599,
0.769,0.679,1,0.535,
0.878,0.873,1,0.777,
0.782,0.8,1,0.601,
0.847,0.847,1,0.657,
0.886,0.907,1,0.74,
0.858,0.923,1,0.553,
0.83,0.78,1,0.707,
0.919,0.96,1,0.638,
0.751,0.716,1,0.599,
0.79,0.803,1,0.565,
0.851,0.849,1,0.672,
0.835,0.829,0.993,0.607,
0.906,0.935,0.967,0.748,
0.71,0.733,1,0.519,
0.82,0.806,1,0.615,
0.819,0.873,1,0.599,
0.881,0.933,1,0.72,
0.859,0.911,1,0.616,
0.818,0.828,1,0.622,
0.78,0.772,1,0.531,
0.833,0.853,1,0.574,
0.801,0.8,1,0.535,
0.795,0.788,1,0.61,
0.9,0.916,1,0.736,
0.851,0.892,1,0.609,
0.839,0.867,1,0.603,
0.74,0.765,1,0.509,
0.883,0.927,1,0.744,
0.842,0.808,1,0.698,
0.872,0.839,1,0.707,
0.828,0.822,1,0.562,
0.888,0.958,1,0.661,
0.828,0.83,1,0.645,
0.821,0.819,1,0.59,
0.763,0.758,1,0.592,
0.895,0.97,1,0.63,
0.855,0.857,1,0.602,
0.767,0.75,1,0.645,
0.821,0.852,1,0.545,
0.71,0.73,1,0.506,
0.897,0.89,1,0.758,
0.754,0.724,1,0.638,
0.874,0.933,1,0.595,
0.91,0.954,1,0.691,
0.849,0.921,1,0.59,
0.884,0.897,1,0.732,
0.804,0.789,1,0.677,
0.841,0.862,1,0.638,
0.801,0.76,1,0.577,
0.893,0.94,1,0.722,
0.827,0.807,1,0.57,
0.852,0.863,1,0.646,
0.765,0.753,1,0.665,
0.809,0.792,1,0.563,
0.866,0.886,1,0.663,
0.854,0.835,1,0.712,
0.744,0.748,1,0.574,
0.786,0.756,1,0.603,
0.787,0.783,1,0.57,
0.916,0.96,1,0.734,
0.824,0.865,0.97,0.625,
0.773,0.773,1,0.566,
0.851,0.875,1,0.669,
0.873,0.883,1,0.671,
0.823,0.847,1,0.585,
0.814,0.771,1,0.579,
0.788,0.774,1,0.574,
0.79,0.802,1,0.614,
0.871,0.921,1,0.602,
0.88,0.923,1,0.679,
0.748,0.738,1,0.606,
0.828,0.843,1,0.613,
0.797,0.878,1,0.508,
0.839,0.834,1,0.611,
0.772,0.778,0.895,0.638,
0.859,0.828,1,0.728,
0.922,0.954,1,0.768,
0.883,0.928,1,0.665,
0.783,0.758,1,0.619,
0.892,0.96,1,0.596,
0.784,0.743,1,0.576,
0.878,0.873,1,0.675,
0.869,0.892,1,0.638,
0.894,0.927,1,0.679,
0.793,0.788,1,0.578,
0.791,0.738,1,0.625,
0.795,0.774,1,0.676,
0.924,0.97,1,0.709,
0.843,0.809,1,0.648,
0.88,0.946,1,0.688,
0.884,0.929,1,0.685,
0.83,0.855,1,0.601,
0.893,0.976,1,0.664,
0.858,0.918,1,0.607,
0.894,0.928,1,0.647,
0.824,0.796,1,0.686,
0.836,0.812,1,0.61,
0.879,0.913,1,0.651,
0.822,0.849,1,0.575,
0.805,0.788,1,0.622,
0.871,0.874,1,0.659,
0.91,0.945,1,0.723,
0.904,0.93,1,0.737,
0.915,0.937,1,0.773,
0.884,0.947,1,0.681,
0.819,0.846,1,0.59,
0.787,0.774,1,0.609,
0.816,0.849,0.881,0.654,
0.827,0.843,1,0.623,
0.867,0.913,1,0.643,
0.832,0.839,1,0.605,
0.688,0.692,1,0.498,
0.874,0.863,1,0.744,
0.809,0.869,1,0.547,
0.833,0.836,1,0.641,
0.842,0.871,1,0.697,
0.747,0.722,1,0.596,
0.731,0.738,1,0.544,
0.768,0.767,1,0.597,
0.845,0.841,1,0.712,
0.75,0.722,1,0.554,
0.884,0.929,1,0.682,
0.826,0.79,1,0.708,
0.891,0.902,1,0.755,
0.856,0.916,1,0.6,
0.848,0.893,1,0.651,
0.74,0.743,1,0.513,
0.757,0.758,1,0.561,
0.826,0.804,1,0.63,
0.832,0.861,1,0.618,
0.779,0.726,1,0.599,
0.818,0.833,1,0.631,
0.859,0.879,0.987,0.678,
0.817,0.835,1,0.69,
0.793,0.816,1,0.564,
0.854,0.912,1,0.656,
0.807,0.793,1,0.626,
0.909,0.942,1,0.739,
0.914,0.951,0.999,0.68,
0.777,0.774,1,0.584,
0.803,0.804,1,0.605,
0.899,0.958,1,0.709,
0.869,0.93,1,0.622,
0.863,0.845,1,0.728,
0.823,0.792,1,0.632,
0.833,0.827,1,0.652,
0.912,0.937,1,0.698,
0.794,0.811,1,0.621,
0.798,0.73,1,0.646,
0.889,0.909,1,0.701,
0.886,0.905,1,0.657,
0.86,0.828,1,0.73,
0.779,0.718,1,0.544,
0.785,0.815,1,0.601,
0.719,0.724,1,0.556,
0.901,0.967,1,0.684,
0.695,0.703,1,0.46,
0.873,0.96,1,0.601,
0.771,0.754,1,0.556,
0.824,0.796,1,0.524,
0.778,0.72,1,0.653,
0.834,0.873,1,0.591,
0.811,0.778,1,0.589,
0.844,0.911,1,0.637,
0.821,0.841,1,0.648,
0.877,0.889,1,0.696,
0.844,0.895,1,0.628,
0.821,0.871,1,0.665,
0.914,0.948,1,0.729,
0.761,0.774,1,0.487,
0.767,0.764,1,0.627,
0.844,0.836,1,0.646,
0.847,0.887,1,0.551,
0.88,0.887,1,0.733,
0.778,0.762,1,0.647,
0.843,0.861,1,0.629,
0.876,0.95,1,0.627,
0.751,0.712,1,0.552,
0.815,0.871,1,0.564,
0.742,0.732,1,0.581,
0.803,0.835,1,0.634,
0.871,0.92,1,0.657,
0.788,0.768,1,0.606,
0.753,0.729,1,0.586,
0.908,0.917,1,0.804,
0.77,0.752,1,0.511,
0.725,0.72,1,0.525,
0.801,0.795,1,0.569,
0.858,0.885,1,0.618,
0.764,0.706,1,0.592,
0.86,0.913,0.968,0.62,
0.768,0.729,1,0.642,
0.783,0.785,0.94,0.65,
0.742,0.712,1,0.46,
0.866,0.889,1,0.66,
0.809,0.827,1,0.579,
0.884,0.906,1,0.658,
0.903,0.95,1,0.721,
0.846,0.893,1,0.541,
0.882,0.912,1,0.68,
0.831,0.886,1,0.525,
0.84,0.879,1,0.626,
0.896,0.949,1,0.703,
0.796,0.806,1,0.57,
0.857,0.873,1,0.679,
0.828,0.797,1,0.641,
0.874,0.881,1,0.652,
0.848,0.933,1,0.586,
0.826,0.857,1,0.671,
0.812,0.792,1,0.563,
0.873,0.891,1,0.687,
0.883,0.894,1,0.721,
0.758,0.756,1,0.584,
0.817,0.843,0.884,0.677,
0.825,0.822,1,0.657,
0.836,0.817,1,0.655,
0.898,0.91,1,0.75,
0.858,0.957,1,0.528,
0.856,0.891,1,0.651,
0.92,0.94,1,0.756,
0.907,0.958,1,0.631,
0.896,0.92,1,0.721,
0.848,0.869,1,0.702,
0.793,0.732,1,0.546,
0.817,0.843,1,0.576,
0.802,0.792,1,0.576,
0.83,0.847,1,0.577,
0.77,0.78,1,0.607,
0.918,0.971,1,0.75,
0.895,0.898,1,0.745,
0.859,0.871,1,0.746,
0.832,0.867,1,0.67,
0.874,0.96,1,0.545,
0.856,0.914,1,0.64,
0.861,0.842,1,0.693,
0.919,0.927,1,0.798,
0.875,0.899,1,0.657,
0.876,0.978,1,0.604,
0.88,0.877,1,0.8,
0.886,0.941,1,0.613,
0.733,0.76,1,0.478,
0.826,0.881,1,0.621,
0.796,0.77,1,0.573,
0.867,0.901,1,0.623,
0.885,0.901,1,0.677,
0.847,0.897,1,0.559,
0.855,0.849,0.981,0.714,
0.835,0.847,0.933,0.677,
0.76,0.757,1,0.508,
0.786,0.741,1,0.621,
0.895,0.936,1,0.721,
0.832,0.82,1,0.621,
0.898,0.92,1,0.715,
0.899,0.954,1,0.658,
0.881,0.893,1,0.659,
0.862,0.868,1,0.646,
0.857,0.922,1,0.614,
0.897,0.944,1,0.666,
0.84,0.889,1,0.658,
0.755,0.772,1,0.524,
0.807,0.837,1,0.559,
0.821,0.806,1,0.613,
0.772,0.804,1,0.593,
0.848,0.865,1,0.617,
0.822,0.831,1,0.594,
0.842,0.829,1,0.712,
0.724,0.74,0.795,0.527,
0.839,0.885,1,0.605,
0.834,0.811,1,0.678,
0.777,0.686,1,0.536,
0.846,0.881,1,0.612,
0.851,0.891,0.959,0.681,
0.864,0.925,1,0.578,
0.862,0.909,0.959,0.713,
0.867,0.843,1,0.745,
0.809,0.865,1,0.564,
0.808,0.825,1,0.66,
0.865,0.865,1,0.721,
0.844,0.855,1,0.666,
0.837,0.828,1,0.595,
0.834,0.83,1,0.683,
0.776,0.776,0.891,0.561,
0.861,0.925,0.965,0.602,
0.861,0.909,1,0.582,
0.892,0.976,1,0.578,
0.823,0.839,1,0.572,
0.897,0.915,0.977,0.724,
0.856,0.935,1,0.485,
0.882,0.905,1,0.621,
0.79,0.767,1,0.586,
0.871,0.89,1,0.574,
0.909,0.95,1,0.724,
0.874,0.899,1,0.581,
0.853,0.875,1,0.565,
0.834,0.815,1,0.69,
0.812,0.83,1,0.592,
0.862,0.899,1,0.568,
0.697,0.72,1,0.555,
0.86,0.903,1,0.669,
0.894,0.899,1,0.76,
0.869,0.893,1,0.673,
0.831,0.843,1,0.63,
0.767,0.773,1,0.538,
0.809,0.774,1,0.687,
0.858,0.942,1,0.526,
0.787,0.78,1,0.535,
0.838,0.851,1,0.664,
0.791,0.784,1,0.552,
0.822,0.839,0.926,0.669,
0.763,0.738,1,0.524,
0.871,0.96,1,0.675,
0.794,0.752,1,0.616,
0.833,0.843,1,0.6,
0.834,0.824,1,0.716,
0.802,0.821,0.926,0.631,
0.839,0.813,1,0.715,
0.697,0.7,0.817,0.59,
0.856,0.929,1,0.604,
0.823,0.854,1,0.649,
0.921,0.948,1,0.746,
0.888,0.918,1,0.626,
0.83,0.892,1,0.514,
0.83,0.85,1,0.665,
0.843,0.895,1,0.651,
0.818,0.822,1,0.628,
0.764,0.776,1,0.578,
0.762,0.761,1,0.574,
0.845,0.867,1,0.621,
0.847,0.848,1,0.636,
0.849,0.879,1,0.658,
0.866,0.911,0.931,0.67,
0.791,0.784,1,0.561,
0.808,0.796,1,0.637,
0.819,0.808,1,0.597,
0.858,0.868,1,0.644,
0.843,0.929,1,0.565,
0.914,0.953,1,0.736,
0.896,0.925,1,0.7,
0.798,0.819,0.909,0.648,
0.852,0.889,1,0.632,
0.876,0.916,0.986,0.709,
0.815,0.836,1,0.546,
0.881,0.933,1,0.719,
0.808,0.802,1,0.578,
0.83,0.858,0.957,0.669,
0.797,0.851,1,0.512,
0.847,0.948,1,0.55,
0.891,0.935,1,0.628,
0.844,0.873,1,0.634,
0.76,0.74,1,0.571,
0.782,0.74,1,0.566,
0.803,0.752,1,0.65,
0.796,0.817,1,0.629,
0.753,0.683,1,0.59,
0.842,0.828,1,0.64,
0.78,0.793,0.867,0.631,
0.783,0.77,1,0.531,
0.932,0.96,1,0.703,




Further Data analysis of all test cases 
avg med max min 
AVGs,0.496,0.497,0.661,0.349,
MEDs,0.491,0.491,0.667,0.336,
MAXs,0.558,0.554,0.743,0.409,
MINs,0.464,0.466,0.609,0.307,


AVGs,0.76,0.763,0.942,0.57,
MEDs,0.774,0.774,0.978,0.567,
MAXs,0.865,0.87,1,0.596,
MINs,0.587,0.583,0.784,0.415,


AVGs,0.833,0.836,0.935,0.664,
MEDs,0.852,0.856,0.978,0.619,
MAXs,0.994,1,1,0.795,
MINs,0.621,0.621,0.85,0.443,



