

Data analysis for each instance 
AVG,MED,MAX,MIN
0.407,0.408,0.43,0.39,
0.434,0.429,0.483,0.397,
0.402,0.394,0.459,0.353,
0.511,0.512,0.53,0.491,
0.434,0.433,0.441,0.431,
0.463,0.46,0.495,0.455,
0.445,0.451,0.456,0.407,
0.426,0.424,0.449,0.408,
0.372,0.37,0.388,0.362,
0.46,0.458,0.491,0.45,
0.394,0.394,0.402,0.385,
0.528,0.539,0.544,0.454,
0.418,0.418,0.427,0.412,
0.521,0.532,0.567,0.454,
0.388,0.39,0.397,0.363,
0.477,0.485,0.5,0.42,
0.464,0.459,0.5,0.418,
0.444,0.446,0.459,0.413,
0.585,0.584,0.624,0.555,
0.409,0.408,0.424,0.405,
0.434,0.435,0.466,0.41,
0.382,0.381,0.39,0.379,
0.515,0.519,0.522,0.497,
0.457,0.46,0.479,0.429,
0.463,0.457,0.513,0.443,
0.36,0.362,0.381,0.331,
0.533,0.521,0.596,0.479,
0.395,0.392,0.416,0.39,
0.464,0.467,0.47,0.44,
0.433,0.429,0.455,0.428,
0.398,0.398,0.407,0.394,
0.592,0.589,0.64,0.557,
0.616,0.612,0.665,0.581,
0.347,0.348,0.349,0.341,
0.52,0.527,0.553,0.464,
0.379,0.374,0.402,0.372,
0.398,0.396,0.415,0.376,
0.509,0.507,0.549,0.48,
0.48,0.482,0.524,0.435,
0.434,0.431,0.459,0.424,
0.464,0.463,0.499,0.44,
0.385,0.386,0.39,0.38,
0.55,0.545,0.586,0.485,
0.452,0.45,0.485,0.439,
0.469,0.468,0.496,0.443,
0.402,0.399,0.434,0.395,
0.466,0.467,0.487,0.433,
0.515,0.521,0.524,0.494,
0.384,0.385,0.389,0.377,
0.46,0.46,0.492,0.43,
0.437,0.44,0.441,0.42,
0.444,0.45,0.453,0.419,
0.425,0.424,0.439,0.41,
0.41,0.41,0.451,0.364,
0.437,0.443,0.444,0.397,
0.397,0.402,0.403,0.362,
0.383,0.382,0.409,0.372,
0.407,0.405,0.436,0.397,
0.567,0.575,0.586,0.521,
0.418,0.428,0.441,0.371,
0.561,0.574,0.619,0.445,
0.487,0.487,0.494,0.478,
0.384,0.385,0.414,0.358,
0.449,0.447,0.482,0.433,
0.482,0.484,0.488,0.462,
0.5,0.502,0.528,0.477,
0.399,0.403,0.406,0.38,
0.449,0.446,0.481,0.437,
0.49,0.493,0.514,0.451,
0.574,0.574,0.62,0.535,
0.351,0.348,0.368,0.346,
0.447,0.445,0.469,0.44,
0.421,0.42,0.423,0.418,
0.539,0.538,0.582,0.5,
0.423,0.426,0.429,0.406,
0.486,0.489,0.528,0.428,
0.52,0.52,0.538,0.511,
0.439,0.446,0.471,0.401,
0.432,0.43,0.445,0.429,
0.355,0.353,0.368,0.35,
0.441,0.438,0.469,0.434,
0.361,0.363,0.367,0.338,
0.428,0.428,0.455,0.395,
0.351,0.349,0.363,0.347,
0.473,0.468,0.505,0.422,
0.471,0.471,0.507,0.442,
0.491,0.484,0.548,0.445,
0.483,0.482,0.518,0.453,
0.578,0.587,0.625,0.511,
0.291,0.289,0.305,0.283,
0.404,0.405,0.428,0.377,
0.441,0.435,0.485,0.431,
0.534,0.538,0.547,0.498,
0.491,0.491,0.53,0.451,
0.487,0.488,0.526,0.458,
0.372,0.371,0.399,0.364,
0.406,0.407,0.414,0.394,
0.397,0.398,0.422,0.381,
0.54,0.548,0.558,0.5,
0.534,0.556,0.558,0.461,
0.456,0.464,0.465,0.395,
0.438,0.436,0.489,0.405,
0.393,0.395,0.399,0.377,
0.578,0.577,0.621,0.544,
0.422,0.425,0.427,0.409,
0.406,0.407,0.414,0.392,
0.537,0.54,0.569,0.479,
0.449,0.448,0.478,0.432,
0.411,0.411,0.443,0.368,
0.404,0.403,0.427,0.383,
0.573,0.579,0.583,0.541,
0.484,0.484,0.498,0.457,
0.469,0.475,0.479,0.443,
0.426,0.43,0.434,0.394,
0.37,0.368,0.39,0.366,
0.407,0.403,0.431,0.399,
0.536,0.534,0.574,0.506,
0.531,0.53,0.571,0.506,
0.427,0.427,0.437,0.414,
0.405,0.404,0.436,0.38,
0.393,0.39,0.43,0.348,
0.399,0.403,0.408,0.386,
0.434,0.439,0.44,0.406,
0.484,0.482,0.506,0.47,
0.434,0.432,0.452,0.419,
0.375,0.372,0.401,0.37,
0.41,0.41,0.423,0.396,
0.326,0.326,0.327,0.322,
0.464,0.469,0.473,0.442,
0.407,0.408,0.433,0.394,
0.406,0.406,0.416,0.4,
0.503,0.502,0.536,0.476,
0.547,0.552,0.595,0.495,
0.56,0.561,0.569,0.536,
0.422,0.421,0.441,0.412,
0.528,0.531,0.571,0.484,
0.545,0.546,0.588,0.486,
0.453,0.459,0.461,0.427,
0.506,0.511,0.543,0.444,
0.49,0.49,0.53,0.46,
0.498,0.474,0.578,0.43,
0.574,0.572,0.654,0.496,
0.442,0.442,0.476,0.415,
0.484,0.482,0.52,0.459,
0.489,0.494,0.496,0.464,
0.438,0.44,0.445,0.409,
0.395,0.398,0.4,0.377,
0.402,0.402,0.412,0.392,
0.515,0.514,0.55,0.479,
0.531,0.54,0.543,0.441,
0.406,0.41,0.424,0.372,
0.433,0.441,0.459,0.396,
0.497,0.5,0.515,0.481,
0.425,0.422,0.451,0.411,
0.467,0.466,0.478,0.453,
0.466,0.469,0.479,0.442,
0.387,0.388,0.389,0.377,
0.41,0.41,0.423,0.403,
0.395,0.392,0.422,0.383,
0.415,0.418,0.429,0.373,
0.476,0.477,0.488,0.451,
0.451,0.453,0.486,0.421,
0.473,0.482,0.508,0.419,
0.405,0.403,0.434,0.396,
0.524,0.527,0.543,0.485,
0.415,0.417,0.423,0.389,
0.455,0.458,0.488,0.422,
0.448,0.453,0.458,0.415,
0.423,0.423,0.445,0.393,
0.42,0.423,0.432,0.397,
0.405,0.405,0.428,0.386,
0.487,0.485,0.523,0.465,
0.545,0.544,0.588,0.501,
0.378,0.375,0.404,0.373,
0.503,0.499,0.543,0.471,
0.479,0.486,0.498,0.434,
0.55,0.556,0.601,0.484,
0.437,0.439,0.442,0.42,
0.404,0.403,0.435,0.382,
0.403,0.4,0.434,0.397,
0.502,0.513,0.557,0.396,
0.479,0.474,0.503,0.469,
0.409,0.41,0.418,0.392,
0.494,0.496,0.506,0.476,
0.351,0.348,0.376,0.347,
0.458,0.461,0.469,0.43,
0.475,0.478,0.481,0.459,
0.584,0.587,0.637,0.544,
0.546,0.546,0.589,0.525,
0.343,0.345,0.349,0.327,
0.533,0.537,0.579,0.495,
0.542,0.55,0.595,0.475,
0.351,0.35,0.369,0.346,
0.602,0.603,0.687,0.504,
0.492,0.497,0.5,0.467,
0.48,0.48,0.488,0.464,
0.518,0.528,0.533,0.461,
0.418,0.418,0.431,0.401,
0.468,0.472,0.478,0.429,
0.421,0.418,0.446,0.402,
0.283,0.283,0.291,0.28,
0.479,0.477,0.513,0.464,
0.434,0.434,0.448,0.42,
0.465,0.463,0.499,0.452,
0.521,0.52,0.558,0.491,
0.519,0.519,0.546,0.483,
0.44,0.446,0.449,0.414,
0.458,0.464,0.475,0.418,
0.569,0.569,0.614,0.53,
0.525,0.524,0.556,0.508,
0.471,0.469,0.508,0.448,
0.471,0.473,0.475,0.458,
0.416,0.415,0.448,0.391,
0.442,0.442,0.474,0.415,
0.521,0.518,0.558,0.506,
0.469,0.474,0.477,0.44,
0.488,0.489,0.543,0.432,
0.489,0.502,0.518,0.449,
0.417,0.415,0.436,0.413,
0.463,0.463,0.499,0.428,
0.62,0.638,0.683,0.541,
0.357,0.355,0.383,0.337,
0.449,0.448,0.483,0.425,
0.495,0.494,0.514,0.484,
0.348,0.349,0.35,0.341,
0.409,0.412,0.445,0.373,
0.515,0.511,0.548,0.501,
0.34,0.339,0.352,0.336,
0.393,0.395,0.406,0.384,
0.484,0.485,0.509,0.462,
0.35,0.349,0.359,0.347,
0.453,0.454,0.468,0.432,
0.455,0.457,0.463,0.426,
0.571,0.567,0.61,0.527,
0.416,0.418,0.436,0.38,
0.442,0.446,0.448,0.43,
0.428,0.427,0.474,0.377,
0.41,0.419,0.424,0.349,
0.403,0.401,0.431,0.375,
0.431,0.43,0.44,0.426,
0.462,0.464,0.477,0.432,
0.459,0.461,0.497,0.433,
0.485,0.486,0.524,0.451,
0.371,0.368,0.392,0.366,
0.433,0.43,0.449,0.412,
0.439,0.438,0.451,0.424,
0.461,0.462,0.496,0.431,
0.432,0.43,0.465,0.413,
0.455,0.456,0.469,0.418,
0.473,0.468,0.529,0.436,
0.517,0.52,0.561,0.487,
0.438,0.445,0.454,0.391,
0.386,0.386,0.389,0.384,
0.499,0.495,0.571,0.431,
0.443,0.446,0.447,0.42,
0.478,0.49,0.496,0.427,
0.396,0.394,0.419,0.39,
0.431,0.435,0.438,0.406,
0.39,0.382,0.428,0.379,
0.445,0.447,0.458,0.412,
0.416,0.414,0.441,0.412,
0.426,0.43,0.436,0.391,
0.437,0.434,0.458,0.409,
0.503,0.504,0.541,0.466,
0.5,0.498,0.519,0.494,
0.379,0.379,0.386,0.372,
0.446,0.443,0.469,0.437,
0.466,0.456,0.501,0.439,
0.342,0.34,0.354,0.338,
0.445,0.451,0.453,0.398,
0.326,0.325,0.342,0.32,
0.414,0.413,0.444,0.376,
0.492,0.492,0.514,0.458,
0.447,0.454,0.468,0.391,
0.385,0.383,0.409,0.379,
0.472,0.474,0.511,0.448,
0.52,0.527,0.537,0.48,
0.453,0.457,0.459,0.425,
0.391,0.391,0.414,0.371,
0.424,0.425,0.439,0.396,
0.525,0.535,0.54,0.498,
0.438,0.445,0.463,0.403,
0.373,0.374,0.382,0.356,
0.421,0.419,0.452,0.405,
0.411,0.412,0.428,0.393,
0.443,0.445,0.478,0.405,
0.38,0.381,0.393,0.357,
0.429,0.431,0.445,0.406,
0.552,0.553,0.602,0.462,
0.438,0.435,0.457,0.425,
0.418,0.413,0.463,0.408,
0.381,0.385,0.398,0.337,
0.506,0.507,0.515,0.483,
0.359,0.352,0.392,0.34,
0.385,0.383,0.406,0.37,
0.53,0.523,0.582,0.481,
0.431,0.429,0.461,0.409,
0.516,0.519,0.525,0.497,
0.503,0.501,0.529,0.47,
0.446,0.446,0.461,0.438,
0.554,0.558,0.562,0.521,
0.447,0.447,0.482,0.414,
0.483,0.484,0.493,0.469,
0.58,0.581,0.628,0.54,
0.555,0.555,0.606,0.506,
0.338,0.344,0.348,0.322,
0.503,0.504,0.521,0.48,
0.449,0.445,0.467,0.426,
0.427,0.425,0.44,0.422,
0.319,0.317,0.341,0.314,
0.476,0.481,0.499,0.442,
0.455,0.45,0.496,0.432,
0.374,0.374,0.388,0.369,
0.463,0.463,0.497,0.446,
0.472,0.459,0.529,0.432,
0.317,0.314,0.341,0.31,
0.285,0.282,0.304,0.28,
0.464,0.465,0.475,0.452,
0.594,0.589,0.688,0.521,
0.434,0.439,0.465,0.395,
0.422,0.418,0.447,0.412,
0.528,0.528,0.554,0.509,
0.624,0.635,0.683,0.521,
0.431,0.434,0.45,0.404,
0.43,0.436,0.44,0.41,
0.571,0.581,0.59,0.544,
0.37,0.368,0.39,0.356,
0.541,0.553,0.601,0.474,
0.566,0.556,0.609,0.53,
0.432,0.432,0.487,0.391,
0.625,0.641,0.689,0.524,
0.367,0.367,0.379,0.352,
0.464,0.466,0.478,0.439,
0.467,0.471,0.491,0.426,
0.42,0.419,0.424,0.415,
0.43,0.43,0.463,0.401,
0.471,0.473,0.511,0.429,
0.372,0.373,0.377,0.362,
0.453,0.453,0.499,0.411,
0.478,0.479,0.493,0.445,
0.457,0.466,0.469,0.417,
0.41,0.409,0.441,0.377,
0.367,0.364,0.393,0.362,
0.354,0.352,0.379,0.345,
0.513,0.515,0.523,0.486,
0.458,0.461,0.463,0.446,
0.472,0.469,0.508,0.453,
0.43,0.426,0.459,0.424,
0.387,0.385,0.409,0.38,
0.311,0.317,0.331,0.276,
0.468,0.465,0.502,0.459,
0.521,0.523,0.561,0.471,
0.532,0.534,0.562,0.499,
0.394,0.4,0.405,0.36,
0.446,0.456,0.477,0.416,
0.532,0.532,0.573,0.488,
0.382,0.381,0.396,0.373,
0.548,0.536,0.61,0.469,
0.46,0.46,0.484,0.434,
0.43,0.427,0.457,0.423,
0.496,0.493,0.532,0.473,
0.413,0.405,0.442,0.382,
0.423,0.419,0.478,0.384,
0.395,0.396,0.404,0.384,
0.417,0.415,0.448,0.405,
0.525,0.524,0.567,0.477,
0.473,0.47,0.499,0.466,
0.402,0.4,0.409,0.393,
0.496,0.502,0.506,0.46,
0.526,0.53,0.569,0.494,
0.439,0.442,0.462,0.404,
0.377,0.377,0.391,0.365,
0.498,0.506,0.512,0.414,
0.471,0.472,0.501,0.436,
0.506,0.506,0.536,0.469,
0.396,0.391,0.432,0.369,
0.587,0.587,0.638,0.545,
0.332,0.332,0.342,0.321,
0.495,0.491,0.524,0.472,
0.53,0.528,0.562,0.516,
0.525,0.531,0.582,0.476,
0.457,0.457,0.483,0.441,
0.446,0.457,0.463,0.391,
0.473,0.474,0.484,0.453,
0.544,0.544,0.549,0.538,
0.502,0.501,0.516,0.495,
0.435,0.439,0.441,0.408,
0.463,0.466,0.475,0.434,
0.423,0.429,0.437,0.405,
0.446,0.445,0.472,0.435,
0.516,0.512,0.603,0.436,
0.405,0.406,0.422,0.376,
0.413,0.417,0.417,0.4,
0.476,0.481,0.497,0.43,
0.442,0.443,0.459,0.423,
0.488,0.487,0.524,0.47,
0.386,0.383,0.41,0.381,
0.503,0.492,0.588,0.464,
0.553,0.554,0.599,0.509,
0.426,0.427,0.442,0.405,
0.343,0.345,0.355,0.315,
0.466,0.469,0.472,0.444,
0.486,0.485,0.522,0.46,
0.576,0.589,0.642,0.487,
0.594,0.596,0.66,0.508,
0.454,0.453,0.465,0.433,
0.429,0.432,0.441,0.386,
0.555,0.559,0.594,0.505,
0.457,0.464,0.469,0.423,
0.385,0.386,0.394,0.372,
0.399,0.398,0.416,0.389,
0.684,0.685,0.735,0.624,
0.527,0.529,0.549,0.491,
0.38,0.378,0.398,0.361,
0.479,0.481,0.517,0.412,
0.4,0.4,0.422,0.386,
0.458,0.458,0.478,0.437,
0.466,0.472,0.488,0.422,
0.484,0.486,0.51,0.434,
0.437,0.428,0.471,0.425,
0.414,0.417,0.421,0.393,
0.604,0.61,0.659,0.529,
0.45,0.454,0.464,0.416,
0.424,0.427,0.431,0.395,
0.331,0.334,0.343,0.314,
0.474,0.474,0.5,0.45,
0.496,0.492,0.532,0.463,
0.434,0.435,0.437,0.42,
0.429,0.432,0.438,0.396,
0.503,0.506,0.545,0.461,
0.387,0.386,0.393,0.384,
0.357,0.355,0.379,0.353,
0.516,0.515,0.553,0.485,
0.335,0.332,0.346,0.326,
0.343,0.342,0.358,0.334,
0.438,0.434,0.482,0.397,
0.551,0.55,0.593,0.512,
0.404,0.405,0.41,0.398,
0.542,0.553,0.597,0.48,
0.339,0.342,0.342,0.318,
0.419,0.419,0.426,0.415,
0.446,0.45,0.497,0.394,
0.498,0.495,0.514,0.485,
0.453,0.452,0.487,0.432,
0.552,0.556,0.56,0.531,
0.411,0.408,0.439,0.405,
0.426,0.429,0.438,0.404,
0.375,0.371,0.399,0.368,
0.478,0.48,0.482,0.465,
0.54,0.544,0.569,0.511,
0.479,0.477,0.509,0.454,
0.368,0.371,0.373,0.347,
0.356,0.349,0.386,0.347,
0.464,0.461,0.496,0.456,
0.487,0.484,0.524,0.468,
0.604,0.61,0.663,0.545,
0.477,0.483,0.49,0.45,
0.497,0.505,0.513,0.459,
0.357,0.356,0.383,0.341,
0.361,0.359,0.387,0.353,
0.394,0.401,0.418,0.347,
0.408,0.411,0.424,0.346,
0.434,0.433,0.445,0.428,
0.411,0.413,0.424,0.376,
0.385,0.384,0.396,0.371,
0.49,0.49,0.495,0.486,
0.475,0.471,0.508,0.467,
0.508,0.509,0.549,0.481,
0.464,0.463,0.49,0.455,
0.395,0.395,0.402,0.379,
0.412,0.415,0.429,0.377,
0.443,0.443,0.464,0.43,
0.452,0.452,0.475,0.423,
0.445,0.445,0.469,0.426,
0.485,0.492,0.495,0.433,
0.404,0.401,0.427,0.399,
0.409,0.409,0.436,0.382,
0.434,0.436,0.438,0.422,
0.597,0.596,0.644,0.552,
0.457,0.456,0.492,0.428,
0.413,0.415,0.435,0.382,
0.468,0.474,0.484,0.414,
0.487,0.491,0.529,0.449,
0.63,0.638,0.688,0.54,
0.411,0.408,0.432,0.407,
0.458,0.461,0.463,0.442,
0.423,0.422,0.433,0.418,
0.393,0.39,0.42,0.388,
0.391,0.395,0.4,0.37,
0.373,0.375,0.376,0.359,
0.425,0.424,0.438,0.409,
0.559,0.556,0.605,0.54,
0.54,0.555,0.599,0.434,
0.449,0.447,0.47,0.432,
0.275,0.274,0.294,0.267,
0.455,0.453,0.481,0.435,
0.473,0.471,0.507,0.452,
0.491,0.49,0.53,0.461,
0.437,0.435,0.465,0.415,
0.357,0.356,0.376,0.345,
0.547,0.548,0.586,0.504,
0.423,0.424,0.435,0.41,
0.363,0.36,0.381,0.354,
0.52,0.522,0.563,0.483,
0.493,0.494,0.534,0.439,
0.403,0.404,0.409,0.388,
0.493,0.505,0.507,0.455,
0.416,0.417,0.424,0.389,
0.518,0.517,0.537,0.502,
0.486,0.483,0.52,0.476,
0.54,0.545,0.577,0.471,
0.454,0.454,0.489,0.417,
0.477,0.481,0.509,0.436,
0.561,0.56,0.605,0.528,
0.385,0.384,0.401,0.378,
0.524,0.522,0.549,0.499,
0.484,0.484,0.494,0.469,
0.421,0.418,0.48,0.375,
0.515,0.516,0.544,0.486,
0.432,0.435,0.475,0.372,
0.455,0.461,0.474,0.425,
0.434,0.438,0.442,0.417,
0.439,0.442,0.453,0.419,
0.477,0.477,0.501,0.452,
0.466,0.466,0.495,0.438,
0.566,0.567,0.611,0.526,
0.459,0.461,0.463,0.436,
0.438,0.44,0.453,0.401,
0.364,0.362,0.39,0.347,
0.569,0.579,0.597,0.503,
0.345,0.343,0.368,0.336,
0.328,0.325,0.351,0.322,
0.414,0.415,0.419,0.404,
0.342,0.339,0.366,0.338,
0.487,0.489,0.493,0.463,
0.496,0.5,0.505,0.477,
0.401,0.401,0.438,0.382,
0.496,0.493,0.582,0.424,
0.425,0.424,0.476,0.406,
0.44,0.442,0.478,0.404,
0.398,0.401,0.403,0.375,
0.453,0.451,0.49,0.437,
0.497,0.5,0.514,0.465,
0.455,0.461,0.471,0.418,
0.46,0.458,0.514,0.43,
0.368,0.369,0.404,0.341,
0.408,0.403,0.452,0.399,
0.536,0.542,0.608,0.47,
0.508,0.513,0.544,0.447,
0.396,0.4,0.401,0.378,
0.413,0.413,0.424,0.4,
0.413,0.41,0.458,0.385,
0.344,0.34,0.385,0.333,
0.586,0.577,0.681,0.534,
0.459,0.47,0.482,0.392,
0.464,0.461,0.501,0.442,
0.491,0.487,0.534,0.452,
0.4,0.403,0.435,0.359,
0.362,0.356,0.399,0.339,
0.496,0.497,0.527,0.459,
0.459,0.463,0.481,0.429,
0.447,0.447,0.492,0.425,
0.379,0.377,0.405,0.361,
0.47,0.468,0.499,0.449,
0.424,0.426,0.45,0.385,
0.422,0.418,0.469,0.404,
0.479,0.489,0.496,0.438,
0.402,0.4,0.438,0.39,
0.523,0.527,0.588,0.472,
0.467,0.472,0.479,0.424,
0.452,0.454,0.511,0.424,
0.424,0.423,0.482,0.384,
0.476,0.475,0.55,0.42,
0.35,0.347,0.389,0.33,
0.389,0.385,0.428,0.361,
0.476,0.472,0.547,0.442,
0.473,0.469,0.532,0.455,
0.502,0.504,0.517,0.477,
0.44,0.45,0.463,0.365,
0.432,0.436,0.438,0.414,
0.385,0.383,0.419,0.372,
0.467,0.466,0.486,0.442,
0.34,0.341,0.344,0.328,
0.378,0.389,0.407,0.338,
0.394,0.394,0.428,0.375,
0.465,0.467,0.523,0.43,
0.346,0.345,0.382,0.331,
0.417,0.413,0.46,0.392,
0.414,0.412,0.463,0.398,
0.404,0.406,0.408,0.39,
0.416,0.413,0.452,0.403,
0.456,0.471,0.493,0.386,
0.426,0.426,0.454,0.379,
0.408,0.403,0.441,0.385,
0.489,0.477,0.536,0.467,
0.37,0.366,0.409,0.358,
0.457,0.458,0.487,0.413,
0.426,0.427,0.48,0.385,
0.413,0.41,0.444,0.37,
0.487,0.485,0.569,0.407,
0.467,0.47,0.528,0.432,
0.471,0.472,0.534,0.43,
0.321,0.318,0.358,0.307,
0.431,0.433,0.469,0.388,
0.322,0.32,0.359,0.295,
0.473,0.474,0.523,0.44,
0.38,0.391,0.403,0.32,
0.391,0.385,0.421,0.355,
0.495,0.5,0.535,0.438,
0.414,0.409,0.459,0.397,
0.518,0.515,0.575,0.478,
0.313,0.309,0.345,0.298,
0.324,0.32,0.357,0.309,
0.396,0.389,0.461,0.367,
0.392,0.391,0.41,0.37,
0.469,0.466,0.532,0.422,
0.387,0.388,0.391,0.376,
0.47,0.473,0.539,0.366,
0.503,0.502,0.581,0.446,
0.397,0.398,0.433,0.368,
0.455,0.459,0.476,0.424,
0.437,0.436,0.488,0.409,
0.464,0.467,0.526,0.43,
0.472,0.477,0.495,0.42,
0.451,0.447,0.501,0.422,
0.409,0.408,0.457,0.385,
0.476,0.478,0.492,0.454,
0.48,0.484,0.545,0.446,
0.398,0.397,0.436,0.366,
0.426,0.434,0.487,0.372,
0.352,0.349,0.391,0.342,
0.556,0.565,0.573,0.479,
0.346,0.351,0.394,0.311,
0.4,0.401,0.428,0.381,
0.457,0.457,0.514,0.421,
0.334,0.331,0.365,0.328,
0.401,0.398,0.43,0.388,
0.371,0.371,0.425,0.333,
0.467,0.47,0.477,0.441,
0.528,0.53,0.613,0.435,
0.479,0.476,0.525,0.452,
0.408,0.406,0.455,0.369,
0.379,0.379,0.425,0.341,
0.456,0.454,0.51,0.43,
0.379,0.379,0.397,0.362,
0.403,0.4,0.448,0.393,
0.499,0.496,0.529,0.469,
0.39,0.392,0.43,0.371,
0.561,0.58,0.637,0.467,
0.293,0.287,0.32,0.279,
0.431,0.435,0.472,0.396,
0.473,0.486,0.489,0.408,
0.387,0.386,0.423,0.371,
0.602,0.6,0.707,0.518,
0.452,0.45,0.507,0.423,
0.439,0.439,0.492,0.397,
0.482,0.48,0.519,0.456,
0.397,0.395,0.442,0.377,
0.37,0.368,0.394,0.358,
0.452,0.454,0.463,0.436,
0.466,0.464,0.531,0.429,
0.457,0.449,0.508,0.429,
0.342,0.342,0.353,0.324,
0.313,0.309,0.349,0.302,
0.486,0.493,0.502,0.441,
0.412,0.408,0.46,0.401,
0.409,0.411,0.448,0.368,
0.447,0.445,0.485,0.421,
0.416,0.418,0.474,0.356,
0.405,0.403,0.451,0.391,
0.501,0.494,0.578,0.479,
0.404,0.403,0.427,0.393,
0.416,0.422,0.433,0.371,
0.417,0.415,0.472,0.381,
0.522,0.521,0.594,0.494,
0.483,0.489,0.505,0.443,
0.346,0.347,0.366,0.325,
0.447,0.45,0.456,0.421,
0.369,0.367,0.414,0.339,
0.422,0.421,0.467,0.379,
0.288,0.275,0.331,0.261,
0.308,0.305,0.335,0.299,
0.494,0.488,0.573,0.444,
0.428,0.425,0.479,0.412,
0.373,0.368,0.409,0.366,
0.418,0.418,0.435,0.401,
0.46,0.466,0.468,0.418,
0.567,0.58,0.659,0.429,
0.474,0.47,0.551,0.436,
0.443,0.447,0.451,0.421,
0.346,0.347,0.36,0.33,
0.523,0.53,0.597,0.446,
0.45,0.452,0.46,0.435,
0.482,0.49,0.496,0.444,
0.41,0.41,0.437,0.394,
0.344,0.338,0.376,0.336,
0.416,0.42,0.432,0.37,
0.443,0.442,0.476,0.425,
0.405,0.402,0.433,0.398,
0.461,0.459,0.522,0.421,
0.388,0.387,0.444,0.348,
0.364,0.36,0.404,0.353,
0.448,0.449,0.492,0.426,
0.433,0.436,0.479,0.391,
0.515,0.513,0.577,0.479,
0.378,0.374,0.412,0.368,
0.44,0.443,0.484,0.375,
0.425,0.427,0.446,0.386,
0.451,0.455,0.463,0.419,
0.389,0.386,0.473,0.321,
0.434,0.43,0.458,0.398,
0.422,0.424,0.457,0.391,
0.48,0.477,0.514,0.455,
0.399,0.397,0.441,0.385,
0.325,0.327,0.366,0.306,
0.485,0.49,0.512,0.441,
0.414,0.41,0.458,0.398,
0.542,0.541,0.625,0.473,
0.46,0.457,0.499,0.437,
0.397,0.401,0.417,0.356,
0.436,0.436,0.458,0.418,
0.43,0.427,0.516,0.391,
0.435,0.433,0.484,0.419,
0.473,0.468,0.542,0.441,
0.456,0.46,0.49,0.429,
0.42,0.421,0.473,0.396,
0.41,0.407,0.457,0.386,
0.392,0.394,0.441,0.345,
0.43,0.424,0.474,0.382,
0.392,0.389,0.429,0.378,
0.408,0.41,0.416,0.382,
0.366,0.364,0.409,0.348,
0.458,0.458,0.513,0.424,
0.417,0.418,0.455,0.391,
0.438,0.445,0.451,0.395,
0.416,0.417,0.442,0.394,
0.458,0.462,0.47,0.44,
0.591,0.589,0.671,0.53,
0.493,0.496,0.509,0.452,
0.403,0.4,0.438,0.38,
0.426,0.422,0.473,0.397,
0.453,0.456,0.471,0.433,
0.417,0.423,0.43,0.384,
0.372,0.369,0.39,0.353,
0.344,0.339,0.375,0.334,
0.475,0.479,0.521,0.437,
0.423,0.424,0.446,0.393,
0.382,0.38,0.402,0.37,
0.393,0.394,0.422,0.373,
0.391,0.388,0.434,0.374,
0.512,0.508,0.574,0.486,
0.463,0.465,0.476,0.434,
0.384,0.394,0.397,0.345,
0.323,0.32,0.35,0.304,
0.526,0.524,0.578,0.492,
0.436,0.436,0.49,0.408,
0.477,0.473,0.502,0.458,
0.448,0.449,0.481,0.423,
0.352,0.353,0.382,0.326,
0.336,0.334,0.363,0.318,
0.447,0.453,0.458,0.428,
0.443,0.441,0.491,0.426,
0.357,0.352,0.395,0.343,
0.487,0.492,0.5,0.423,
0.475,0.475,0.538,0.429,
0.455,0.457,0.485,0.425,
0.404,0.405,0.452,0.371,
0.447,0.45,0.462,0.411,
0.411,0.417,0.438,0.382,
0.447,0.443,0.501,0.422,
0.49,0.49,0.558,0.464,
0.381,0.385,0.394,0.34,
0.332,0.329,0.365,0.316,
0.473,0.477,0.528,0.431,
0.471,0.468,0.526,0.448,
0.468,0.458,0.534,0.44,
0.418,0.419,0.437,0.396,
0.482,0.483,0.546,0.421,
0.524,0.525,0.607,0.472,
0.417,0.42,0.465,0.351,
0.45,0.451,0.48,0.411,
0.366,0.367,0.429,0.336,
0.535,0.542,0.606,0.451,
0.449,0.454,0.491,0.395,
0.4,0.401,0.409,0.381,
0.472,0.472,0.54,0.421,
0.39,0.386,0.423,0.377,
0.47,0.471,0.529,0.43,
0.466,0.465,0.529,0.421,
0.38,0.379,0.415,0.357,
0.451,0.454,0.493,0.409,
0.516,0.516,0.58,0.465,
0.465,0.465,0.513,0.434,
0.522,0.518,0.607,0.467,
0.425,0.426,0.462,0.39,
0.399,0.395,0.439,0.387,
0.448,0.447,0.5,0.421,
0.451,0.454,0.514,0.405,
0.408,0.41,0.438,0.363,
0.422,0.424,0.432,0.398,
0.423,0.427,0.432,0.399,
0.447,0.445,0.507,0.421,
0.505,0.504,0.577,0.469,
0.368,0.358,0.396,0.339,
0.377,0.375,0.418,0.36,
0.433,0.436,0.452,0.412,
0.448,0.45,0.472,0.402,
0.498,0.497,0.559,0.463,
0.461,0.461,0.495,0.437,
0.516,0.52,0.59,0.444,
0.431,0.429,0.489,0.385,
0.459,0.466,0.478,0.413,
0.374,0.369,0.42,0.365,
0.45,0.453,0.461,0.428,
0.344,0.343,0.384,0.328,
0.483,0.482,0.547,0.439,
0.527,0.528,0.574,0.486,
0.391,0.395,0.443,0.339,
0.448,0.449,0.482,0.42,
0.465,0.466,0.525,0.416,
0.405,0.403,0.451,0.389,
0.4,0.398,0.445,0.379,
0.463,0.463,0.519,0.429,
0.431,0.43,0.461,0.409,
0.412,0.411,0.451,0.378,
0.458,0.458,0.501,0.43,
0.499,0.499,0.589,0.42,
0.346,0.337,0.41,0.319,
0.325,0.322,0.353,0.315,
0.453,0.455,0.469,0.422,
0.472,0.482,0.542,0.392,
0.4,0.39,0.457,0.372,
0.452,0.451,0.496,0.394,
0.457,0.461,0.472,0.403,
0.488,0.49,0.52,0.452,
0.283,0.282,0.301,0.272,
0.375,0.373,0.392,0.356,
0.427,0.429,0.457,0.395,
0.443,0.441,0.495,0.423,
0.489,0.508,0.547,0.387,
0.41,0.412,0.423,0.384,
0.387,0.385,0.411,0.373,
0.398,0.399,0.443,0.367,
0.363,0.362,0.41,0.333,
0.437,0.441,0.494,0.404,
0.358,0.353,0.39,0.345,
0.468,0.469,0.526,0.427,
0.521,0.536,0.588,0.427,
0.43,0.428,0.465,0.392,
0.397,0.4,0.404,0.381,
0.468,0.465,0.498,0.458,
0.365,0.363,0.416,0.345,
0.439,0.443,0.47,0.375,
0.454,0.462,0.474,0.413,
0.403,0.399,0.439,0.393,
0.362,0.355,0.394,0.351,
0.509,0.506,0.565,0.455,
0.377,0.378,0.418,0.342,
0.387,0.385,0.432,0.349,
0.407,0.41,0.414,0.378,
0.395,0.395,0.425,0.365,
0.378,0.377,0.41,0.353,
0.419,0.423,0.477,0.382,
0.443,0.441,0.493,0.421,
0.466,0.484,0.542,0.392,
0.355,0.355,0.367,0.341,
0.355,0.353,0.383,0.342,
0.388,0.386,0.433,0.365,
0.457,0.455,0.485,0.437,
0.53,0.537,0.61,0.442,
0.45,0.454,0.504,0.414,
0.503,0.51,0.573,0.46,
0.399,0.395,0.443,0.372,
0.463,0.465,0.486,0.421,
0.389,0.388,0.427,0.35,
0.484,0.485,0.55,0.434,
0.454,0.454,0.51,0.425,
0.49,0.49,0.528,0.444,
0.339,0.339,0.354,0.323,
0.496,0.493,0.53,0.471,
0.413,0.408,0.453,0.402,
0.465,0.472,0.537,0.416,
0.362,0.36,0.395,0.349,
0.376,0.378,0.403,0.345,
0.353,0.355,0.364,0.323,
0.489,0.493,0.553,0.436,
0.402,0.398,0.455,0.371,
0.337,0.337,0.346,0.329,
0.531,0.529,0.612,0.484,
0.436,0.425,0.507,0.412,
0.377,0.37,0.405,0.353,
0.458,0.464,0.469,0.429,
0.385,0.384,0.404,0.37,
0.516,0.526,0.598,0.444,
0.5,0.502,0.511,0.479,
0.431,0.433,0.502,0.384,
0.356,0.358,0.398,0.325,
0.412,0.41,0.494,0.374,
0.385,0.391,0.403,0.355,
0.284,0.281,0.34,0.269,
0.486,0.491,0.494,0.444,
0.428,0.425,0.468,0.414,
0.568,0.575,0.645,0.519,
0.493,0.506,0.531,0.412,
0.513,0.52,0.528,0.486,
0.44,0.442,0.495,0.412,
0.373,0.372,0.416,0.34,
0.376,0.375,0.414,0.355,
0.437,0.434,0.482,0.422,
0.453,0.459,0.464,0.424,
0.504,0.5,0.581,0.464,
0.387,0.388,0.407,0.361,
0.476,0.478,0.517,0.395,
0.477,0.461,0.53,0.424,
0.457,0.443,0.5,0.427,
0.499,0.492,0.579,0.42,
0.384,0.387,0.441,0.325,
0.375,0.379,0.391,0.344,
0.522,0.53,0.599,0.409,
0.481,0.48,0.54,0.441,
0.495,0.5,0.503,0.457,
0.432,0.433,0.436,0.422,
0.376,0.375,0.397,0.356,
0.492,0.492,0.503,0.478,
0.542,0.544,0.548,0.517,
0.397,0.399,0.407,0.368,
0.492,0.497,0.541,0.412,
0.469,0.467,0.503,0.458,
0.448,0.445,0.48,0.438,
0.395,0.395,0.407,0.378,
0.539,0.547,0.551,0.5,
0.454,0.454,0.458,0.445,
0.385,0.386,0.392,0.378,
0.479,0.478,0.518,0.446,
0.369,0.365,0.4,0.364,
0.391,0.389,0.416,0.385,
0.434,0.432,0.468,0.412,
0.465,0.464,0.495,0.424,
0.451,0.457,0.465,0.408,
0.464,0.465,0.485,0.434,
0.42,0.425,0.436,0.398,
0.612,0.615,0.677,0.527,
0.463,0.462,0.497,0.444,
0.459,0.449,0.53,0.396,
0.396,0.383,0.461,0.374,
0.51,0.518,0.542,0.462,
0.339,0.339,0.339,0.337,
0.417,0.414,0.446,0.409,
0.492,0.495,0.533,0.456,
0.45,0.456,0.467,0.404,
0.432,0.432,0.466,0.395,
0.331,0.324,0.344,0.319,
0.518,0.522,0.591,0.479,
0.417,0.435,0.472,0.341,
0.387,0.385,0.417,0.381,
0.443,0.447,0.503,0.405,
0.56,0.558,0.595,0.519,
0.511,0.514,0.588,0.464,
0.443,0.446,0.467,0.414,
0.414,0.417,0.427,0.397,
0.384,0.383,0.424,0.356,
0.416,0.411,0.45,0.405,
0.368,0.36,0.41,0.358,
0.472,0.47,0.514,0.454,
0.443,0.447,0.467,0.391,
0.523,0.53,0.597,0.446,
0.422,0.425,0.478,0.395,
0.452,0.455,0.483,0.413,
0.478,0.474,0.516,0.408,
0.426,0.431,0.466,0.374,
0.474,0.474,0.479,0.456,
0.534,0.538,0.582,0.481,
0.422,0.418,0.465,0.412,
0.459,0.457,0.476,0.455,
0.494,0.492,0.53,0.477,
0.4,0.398,0.428,0.392,
0.407,0.406,0.414,0.402,
0.421,0.422,0.428,0.409,
0.508,0.512,0.552,0.466,
0.476,0.474,0.511,0.457,
0.454,0.457,0.497,0.394,
0.423,0.424,0.438,0.401,
0.523,0.528,0.532,0.498,
0.437,0.434,0.468,0.426,
0.457,0.462,0.48,0.419,
0.509,0.504,0.593,0.457,
0.449,0.445,0.498,0.435,
0.361,0.363,0.391,0.332,
0.265,0.262,0.283,0.255,
0.445,0.446,0.456,0.43,
0.444,0.446,0.499,0.405,
0.358,0.357,0.384,0.344,
0.42,0.418,0.443,0.407,
0.502,0.5,0.552,0.482,
0.473,0.473,0.511,0.436,
0.472,0.473,0.534,0.446,
0.499,0.512,0.573,0.439,
0.439,0.435,0.484,0.429,
0.344,0.338,0.378,0.333,
0.471,0.462,0.537,0.441,


0.631,0.657,0.808,0.403,
0.626,0.601,0.821,0.455,
0.616,0.643,0.694,0.419,
0.759,0.722,0.953,0.557,
0.707,0.682,1,0.457,
0.74,0.722,0.978,0.524,
0.652,0.655,0.815,0.476,
0.602,0.605,0.754,0.47,
0.583,0.548,0.807,0.414,
0.698,0.693,0.808,0.524,
0.629,0.605,0.864,0.429,
0.758,0.75,0.929,0.574,
0.674,0.623,0.885,0.46,
0.668,0.66,0.81,0.523,
0.62,0.617,0.828,0.407,
0.656,0.671,0.788,0.431,
0.661,0.69,0.733,0.442,
0.669,0.653,0.869,0.485,
0.815,0.805,1,0.663,
0.649,0.648,1,0.444,
0.624,0.597,0.817,0.489,
0.679,0.662,0.915,0.415,
0.744,0.77,0.821,0.525,
0.676,0.696,0.756,0.484,
0.668,0.635,0.859,0.554,
0.552,0.546,0.778,0.4,
0.815,0.804,0.985,0.538,
0.698,0.701,0.95,0.441,
0.682,0.642,0.876,0.52,
0.703,0.667,0.936,0.482,
0.605,0.576,0.841,0.43,
0.785,0.771,0.873,0.691,
0.786,0.807,0.898,0.689,
0.575,0.591,0.836,0.355,
0.731,0.704,0.964,0.561,
0.627,0.537,1,0.429,
0.593,0.567,0.837,0.427,
0.718,0.722,0.857,0.584,
0.68,0.692,0.872,0.484,
0.666,0.632,0.895,0.484,
0.67,0.669,0.842,0.532,
0.622,0.633,0.847,0.406,
0.788,0.741,1,0.6,
0.693,0.656,0.946,0.524,
0.665,0.633,1,0.518,
0.641,0.59,0.848,0.448,
0.707,0.696,0.915,0.517,
0.742,0.72,0.909,0.543,
0.672,0.679,1,0.404,
0.696,0.669,0.928,0.517,
0.653,0.627,0.842,0.458,
0.664,0.679,0.758,0.478,
0.65,0.635,0.842,0.468,
0.609,0.564,0.783,0.51,
0.656,0.673,0.897,0.459,
0.6,0.617,0.809,0.421,
0.555,0.564,0.636,0.421,
0.642,0.577,0.872,0.459,
0.782,0.809,0.875,0.577,
0.597,0.614,0.718,0.39,
0.724,0.728,0.821,0.666,
0.733,0.729,1,0.51,
0.595,0.566,0.754,0.434,
0.632,0.633,0.734,0.505,
0.717,0.743,0.839,0.519,
0.691,0.695,0.843,0.567,
0.596,0.601,0.873,0.401,
0.7,0.653,0.923,0.521,
0.72,0.703,0.867,0.54,
0.805,0.84,0.939,0.607,
0.575,0.569,0.857,0.392,
0.684,0.621,0.88,0.498,
0.705,0.718,1,0.447,
0.769,0.758,0.943,0.615,
0.642,0.627,0.865,0.433,
0.703,0.667,0.876,0.559,
0.791,0.764,0.988,0.568,
0.653,0.643,0.827,0.48,
0.691,0.637,0.909,0.475,
0.521,0.498,0.691,0.379,
0.653,0.651,0.912,0.492,
0.533,0.55,0.607,0.394,
0.724,0.732,0.945,0.478,
0.558,0.528,0.785,0.381,
0.66,0.696,0.724,0.443,
0.64,0.645,0.8,0.539,
0.642,0.631,0.771,0.519,
0.74,0.756,0.885,0.554,
0.829,0.823,0.972,0.648,
0.483,0.484,0.655,0.309,
0.617,0.635,0.793,0.452,
0.679,0.643,0.88,0.503,
0.724,0.706,0.925,0.534,
0.719,0.718,0.926,0.547,
0.733,0.738,0.857,0.566,
0.588,0.513,0.852,0.418,
0.655,0.678,0.88,0.425,
0.576,0.554,0.78,0.451,
0.776,0.792,0.943,0.531,
0.703,0.724,0.774,0.564,
0.646,0.667,0.748,0.508,
0.643,0.676,0.713,0.431,
0.619,0.615,0.856,0.415,
0.837,0.829,1,0.671,
0.644,0.617,0.873,0.427,
0.611,0.585,0.812,0.456,
0.77,0.758,0.916,0.604,
0.661,0.633,0.851,0.514,
0.64,0.587,0.919,0.475,
0.581,0.593,0.647,0.423,
0.787,0.789,0.956,0.553,
0.726,0.76,0.89,0.502,
0.668,0.669,0.831,0.488,
0.637,0.601,0.873,0.475,
0.544,0.521,0.746,0.408,
0.613,0.571,0.795,0.461,
0.789,0.792,1,0.603,
0.769,0.741,0.951,0.595,
0.666,0.673,0.91,0.463,
0.671,0.654,0.902,0.462,
0.603,0.601,0.785,0.401,
0.602,0.633,0.716,0.405,
0.653,0.637,0.894,0.441,
0.743,0.694,1,0.531,
0.646,0.635,0.831,0.479,
0.626,0.614,0.826,0.428,
0.662,0.651,0.875,0.449,
0.534,0.571,0.599,0.339,
0.679,0.681,0.949,0.475,
0.613,0.599,0.768,0.459,
0.686,0.711,0.928,0.445,
0.696,0.682,0.932,0.591,
0.798,0.759,1,0.633,
0.776,0.763,0.954,0.604,
0.687,0.666,0.965,0.464,
0.805,0.8,0.96,0.601,
0.794,0.81,0.885,0.615,
0.661,0.693,0.75,0.454,
0.771,0.802,0.847,0.561,
0.677,0.651,0.833,0.558,
0.745,0.783,0.946,0.465,
0.821,0.8,1,0.701,
0.644,0.635,0.891,0.491,
0.683,0.651,0.883,0.539,
0.746,0.774,0.819,0.517,
0.648,0.663,0.902,0.473,
0.591,0.576,0.805,0.408,
0.587,0.559,0.781,0.44,
0.726,0.722,0.943,0.577,
0.759,0.738,0.999,0.585,
0.629,0.675,0.712,0.395,
0.638,0.63,0.835,0.418,
0.74,0.69,0.928,0.552,
0.637,0.671,0.745,0.443,
0.68,0.643,0.852,0.505,
0.679,0.682,0.924,0.506,
0.573,0.55,0.801,0.426,
0.644,0.627,0.845,0.446,
0.645,0.677,0.719,0.432,
0.645,0.605,0.842,0.443,
0.637,0.655,0.768,0.475,
0.687,0.658,0.864,0.512,
0.704,0.662,1,0.513,
0.581,0.562,0.72,0.465,
0.791,0.796,0.944,0.576,
0.631,0.645,0.831,0.441,
0.693,0.687,0.781,0.505,
0.693,0.665,0.908,0.48,
0.629,0.607,0.856,0.465,
0.615,0.609,0.733,0.463,
0.595,0.567,0.75,0.455,
0.731,0.748,0.81,0.542,
0.747,0.759,0.894,0.631,
0.623,0.605,0.883,0.423,
0.722,0.739,0.792,0.576,
0.737,0.743,1,0.485,
0.769,0.783,0.843,0.631,
0.646,0.623,0.81,0.447,
0.599,0.577,0.801,0.462,
0.627,0.573,0.884,0.471,
0.696,0.724,0.782,0.564,
0.7,0.681,0.868,0.529,
0.652,0.671,0.907,0.444,
0.729,0.686,0.927,0.525,
0.602,0.573,0.866,0.393,
0.714,0.7,0.946,0.458,
0.681,0.661,1,0.484,
0.806,0.807,0.918,0.679,
0.743,0.736,0.826,0.627,
0.503,0.5,0.707,0.361,
0.801,0.764,0.949,0.602,
0.753,0.792,0.832,0.586,
0.551,0.536,0.744,0.389,
0.836,0.855,0.955,0.725,
0.725,0.712,0.966,0.517,
0.72,0.736,0.959,0.514,
0.762,0.74,1,0.55,
0.617,0.619,0.867,0.454,
0.685,0.7,0.76,0.501,
0.662,0.629,0.84,0.468,
0.423,0.424,0.564,0.303,
0.761,0.768,0.927,0.543,
0.644,0.635,0.861,0.44,
0.662,0.628,0.897,0.513,
0.758,0.744,1,0.579,
0.694,0.673,0.822,0.562,
0.627,0.647,0.689,0.453,
0.634,0.629,0.771,0.437,
0.791,0.792,0.898,0.649,
0.78,0.762,0.987,0.597,
0.726,0.693,1,0.541,
0.705,0.687,0.912,0.52,
0.669,0.651,0.826,0.478,
0.675,0.641,0.843,0.497,
0.749,0.766,0.933,0.58,
0.691,0.665,0.933,0.479,
0.715,0.739,0.808,0.493,
0.681,0.673,0.803,0.531,
0.651,0.651,0.933,0.451,
0.646,0.651,0.824,0.525,
0.838,0.855,0.925,0.681,
0.536,0.504,0.674,0.408,
0.681,0.679,0.834,0.518,
0.736,0.692,1,0.547,
0.554,0.54,0.824,0.361,
0.642,0.598,0.835,0.44,
0.76,0.738,0.992,0.572,
0.589,0.566,0.829,0.371,
0.608,0.637,0.723,0.432,
0.661,0.663,0.775,0.558,
0.543,0.573,0.59,0.387,
0.65,0.617,0.827,0.496,
0.675,0.71,0.76,0.474,
0.873,0.918,0.977,0.579,
0.647,0.603,0.821,0.468,
0.666,0.655,0.813,0.473,
0.619,0.614,0.782,0.471,
0.624,0.653,0.862,0.376,
0.619,0.634,0.765,0.463,
0.692,0.649,0.999,0.465,
0.65,0.63,0.796,0.505,
0.678,0.657,0.866,0.518,
0.71,0.704,0.904,0.558,
0.597,0.529,0.819,0.413,
0.671,0.669,0.93,0.474,
0.694,0.653,0.985,0.478,
0.665,0.641,0.897,0.533,
0.66,0.623,0.904,0.494,
0.625,0.637,0.761,0.503,
0.721,0.663,1,0.545,
0.742,0.732,0.948,0.587,
0.611,0.636,0.665,0.471,
0.604,0.609,0.881,0.406,
0.729,0.752,0.801,0.524,
0.647,0.638,0.834,0.461,
0.627,0.643,0.735,0.45,
0.596,0.628,0.643,0.435,
0.655,0.661,0.917,0.452,
0.617,0.621,0.801,0.446,
0.636,0.643,0.854,0.49,
0.634,0.623,0.939,0.463,
0.623,0.617,0.75,0.483,
0.679,0.701,0.775,0.489,
0.718,0.731,0.781,0.573,
0.761,0.736,1,0.552,
0.561,0.552,0.713,0.393,
0.634,0.614,0.837,0.495,
0.704,0.669,0.95,0.481,
0.532,0.51,0.774,0.356,
0.68,0.698,0.778,0.477,
0.517,0.502,0.781,0.357,
0.631,0.657,0.695,0.403,
0.742,0.696,0.948,0.537,
0.673,0.696,0.749,0.493,
0.613,0.611,0.861,0.434,
0.629,0.621,0.752,0.536,
0.772,0.756,1,0.534,
0.635,0.671,0.701,0.472,
0.6,0.625,0.65,0.435,
0.661,0.655,0.901,0.458,
0.78,0.803,0.854,0.514,
0.621,0.627,0.769,0.424,
0.56,0.562,0.801,0.402,
0.648,0.645,0.889,0.477,
0.621,0.593,0.786,0.448,
0.663,0.681,0.725,0.508,
0.551,0.521,0.689,0.419,
0.611,0.615,0.84,0.426,
0.798,0.798,0.995,0.602,
0.623,0.612,0.779,0.493,
0.626,0.623,0.74,0.487,
0.564,0.577,0.646,0.419,
0.79,0.781,1,0.553,
0.558,0.551,0.797,0.408,
0.634,0.655,0.886,0.425,
0.759,0.723,1,0.555,
0.612,0.599,0.754,0.486,
0.723,0.692,0.9,0.546,
0.727,0.681,1,0.56,
0.66,0.627,0.834,0.497,
0.803,0.775,1,0.578,
0.605,0.612,0.71,0.498,
0.708,0.694,0.88,0.509,
0.785,0.792,0.847,0.688,
0.741,0.716,0.969,0.648,
0.522,0.522,0.746,0.368,
0.748,0.701,0.984,0.555,
0.661,0.649,0.864,0.496,
0.662,0.701,0.723,0.455,
0.476,0.496,0.512,0.363,
0.7,0.685,0.872,0.527,
0.665,0.59,0.971,0.493,
0.596,0.575,0.807,0.41,
0.649,0.637,0.816,0.532,
0.703,0.69,0.926,0.489,
0.561,0.579,0.643,0.36,
0.535,0.542,0.79,0.316,
0.702,0.687,0.856,0.496,
0.83,0.807,0.973,0.74,
0.64,0.639,0.873,0.448,
0.677,0.647,0.879,0.474,
0.789,0.829,0.875,0.589,
0.82,0.799,0.957,0.687,
0.653,0.688,0.767,0.49,
0.651,0.679,0.894,0.428,
0.785,0.76,0.957,0.577,
0.545,0.534,0.782,0.407,
0.72,0.716,0.799,0.658,
0.803,0.791,1,0.591,
0.657,0.649,0.917,0.531,
0.839,0.838,0.944,0.738,
0.538,0.534,0.786,0.38,
0.728,0.718,0.921,0.511,
0.701,0.706,0.875,0.514,
0.677,0.678,0.937,0.451,
0.616,0.597,0.856,0.496,
0.664,0.669,0.82,0.527,
0.552,0.58,0.605,0.385,
0.69,0.635,0.866,0.542,
0.726,0.687,0.926,0.521,
0.636,0.627,0.82,0.441,
0.598,0.562,0.834,0.46,
0.558,0.546,0.753,0.414,
0.539,0.536,0.696,0.401,
0.768,0.786,1,0.541,
0.685,0.675,0.892,0.484,
0.665,0.667,0.846,0.531,
0.673,0.642,0.872,0.489,
0.6,0.569,0.835,0.427,
0.47,0.452,0.655,0.319,
0.696,0.675,0.878,0.571,
0.739,0.726,0.889,0.595,
0.763,0.74,1,0.589,
0.571,0.565,0.842,0.42,
0.689,0.706,0.883,0.515,
0.777,0.788,0.961,0.607,
0.581,0.552,0.809,0.418,
0.75,0.728,0.92,0.567,
0.689,0.672,0.893,0.515,
0.657,0.629,0.844,0.485,
0.741,0.736,0.899,0.574,
0.615,0.629,0.789,0.403,
0.628,0.669,0.689,0.418,
0.594,0.583,0.905,0.386,
0.652,0.653,0.834,0.465,
0.759,0.76,0.915,0.603,
0.716,0.679,0.891,0.532,
0.618,0.627,0.855,0.432,
0.742,0.732,0.995,0.482,
0.673,0.677,0.801,0.59,
0.621,0.619,0.768,0.431,
0.601,0.591,0.764,0.415,
0.712,0.691,0.917,0.564,
0.72,0.698,0.978,0.542,
0.783,0.76,1,0.546,
0.579,0.585,0.848,0.384,
0.812,0.807,0.973,0.676,
0.525,0.498,0.736,0.366,
0.747,0.738,1,0.506,
0.786,0.758,0.991,0.594,
0.71,0.732,0.791,0.591,
0.725,0.745,0.879,0.507,
0.663,0.667,0.862,0.492,
0.706,0.698,0.903,0.5,
0.807,0.836,0.854,0.584,
0.773,0.728,0.993,0.548,
0.639,0.677,0.691,0.454,
0.665,0.651,0.824,0.496,
0.642,0.663,0.736,0.457,
0.659,0.621,0.861,0.502,
0.782,0.772,0.99,0.572,
0.596,0.584,0.797,0.447,
0.611,0.608,0.873,0.435,
0.74,0.708,0.957,0.53,
0.657,0.655,0.858,0.479,
0.686,0.681,0.852,0.56,
0.611,0.552,0.825,0.439,
0.735,0.708,0.977,0.528,
0.772,0.742,0.927,0.637,
0.639,0.627,0.86,0.458,
0.512,0.522,0.575,0.376,
0.656,0.657,0.91,0.493,
0.731,0.685,0.887,0.556,
0.798,0.807,0.903,0.685,
0.874,0.899,1,0.721,
0.658,0.658,0.796,0.472,
0.616,0.641,0.66,0.471,
0.82,0.77,0.994,0.641,
0.615,0.625,0.715,0.441,
0.567,0.58,0.703,0.418,
0.601,0.549,0.784,0.444,
0.894,0.902,1,0.787,
0.801,0.815,1,0.589,
0.573,0.593,0.652,0.405,
0.686,0.688,0.841,0.506,
0.623,0.63,0.862,0.408,
0.674,0.635,0.848,0.505,
0.692,0.651,1,0.474,
0.653,0.665,0.737,0.504,
0.644,0.625,0.834,0.475,
0.631,0.63,0.854,0.413,
0.785,0.789,0.9,0.672,
0.675,0.638,0.858,0.49,
0.618,0.595,0.757,0.458,
0.489,0.512,0.54,0.354,
0.696,0.683,0.882,0.528,
0.752,0.774,0.839,0.511,
0.622,0.607,0.848,0.478,
0.623,0.6,0.797,0.45,
0.692,0.695,0.773,0.584,
0.586,0.615,0.636,0.407,
0.558,0.51,0.831,0.402,
0.792,0.74,1,0.586,
0.533,0.557,0.603,0.364,
0.527,0.512,0.742,0.379,
0.641,0.615,0.84,0.471,
0.808,0.809,0.922,0.642,
0.706,0.7,0.973,0.435,
0.734,0.74,0.813,0.633,
0.492,0.518,0.534,0.36,
0.7,0.736,0.798,0.454,
0.706,0.708,1,0.468,
0.738,0.77,0.852,0.499,
0.657,0.633,0.803,0.508,
0.752,0.758,0.925,0.562,
0.634,0.607,0.867,0.463,
0.661,0.688,0.811,0.461,
0.607,0.559,0.836,0.418,
0.712,0.702,0.962,0.494,
0.81,0.789,0.979,0.58,
0.77,0.731,0.97,0.538,
0.555,0.576,0.68,0.39,
0.569,0.524,0.755,0.412,
0.679,0.647,0.886,0.52,
0.739,0.738,0.957,0.556,
0.78,0.807,0.844,0.678,
0.672,0.686,0.785,0.504,
0.679,0.681,0.861,0.512,
0.542,0.534,0.71,0.404,
0.561,0.565,0.76,0.404,
0.608,0.613,0.802,0.47,
0.587,0.597,0.677,0.456,
0.738,0.774,1,0.464,
0.635,0.67,0.696,0.439,
0.588,0.587,0.805,0.411,
0.747,0.74,0.952,0.509,
0.639,0.607,0.768,0.529,
0.733,0.72,0.927,0.58,
0.728,0.69,1,0.524,
0.629,0.648,0.834,0.409,
0.637,0.669,0.714,0.443,
0.659,0.637,0.812,0.497,
0.715,0.722,0.893,0.481,
0.693,0.673,0.898,0.501,
0.666,0.642,0.902,0.552,
0.675,0.682,1,0.445,
0.597,0.593,0.843,0.409,
0.654,0.687,0.729,0.448,
0.836,0.825,0.964,0.685,
0.66,0.678,0.722,0.522,
0.614,0.588,0.81,0.454,
0.664,0.679,0.732,0.512,
0.746,0.698,0.987,0.556,
0.842,0.847,0.914,0.728,
0.618,0.586,0.846,0.429,
0.679,0.667,0.872,0.5,
0.658,0.617,0.848,0.459,
0.674,0.686,0.957,0.452,
0.564,0.571,0.774,0.391,
0.568,0.53,0.707,0.393,
0.675,0.708,0.742,0.454,
0.767,0.777,0.93,0.639,
0.758,0.774,0.901,0.54,
0.645,0.673,0.716,0.46,
0.444,0.47,0.493,0.308,
0.662,0.649,0.877,0.473,
0.74,0.74,0.93,0.539,
0.703,0.696,0.898,0.539,
0.623,0.606,0.769,0.473,
0.543,0.526,0.71,0.394,
0.781,0.745,0.928,0.625,
0.637,0.598,0.809,0.46,
0.582,0.603,0.64,0.402,
0.788,0.763,0.941,0.599,
0.709,0.718,0.776,0.547,
0.617,0.609,0.811,0.42,
0.75,0.754,1,0.48,
0.646,0.636,0.832,0.448,
0.806,0.742,0.997,0.573,
0.766,0.727,0.992,0.539,
0.81,0.819,1,0.609,
0.713,0.738,0.802,0.512,
0.701,0.638,0.882,0.554,
0.727,0.734,0.812,0.646,
0.546,0.536,0.674,0.427,
0.68,0.672,0.815,0.561,
0.705,0.704,0.864,0.525,
0.598,0.579,0.723,0.465,
0.729,0.715,0.895,0.576,
0.655,0.647,0.896,0.397,
0.673,0.708,0.763,0.441,
0.66,0.663,0.933,0.449,
0.632,0.643,0.748,0.458,
0.726,0.712,0.956,0.528,
0.695,0.7,0.901,0.524,
0.835,0.841,1,0.648,
0.702,0.714,0.881,0.503,
0.678,0.637,0.963,0.478,
0.588,0.621,0.661,0.409,
0.84,0.869,1,0.617,
0.531,0.539,0.618,0.384,
0.565,0.59,0.665,0.359,
0.616,0.619,0.818,0.448,
0.533,0.51,0.658,0.391,
0.705,0.747,0.773,0.503,
0.776,0.821,0.875,0.53,
0.611,0.574,0.842,0.451,
0.728,0.766,0.807,0.603,
0.626,0.627,0.796,0.513,
0.649,0.651,0.823,0.499,
0.597,0.608,0.722,0.426,
0.711,0.698,0.917,0.518,
0.757,0.757,0.964,0.513,
0.691,0.702,0.862,0.492,
0.74,0.709,0.971,0.556,
0.56,0.566,0.656,0.413,
0.662,0.639,0.852,0.478,
0.738,0.726,0.824,0.64,
0.807,0.84,1,0.566,
0.58,0.615,0.65,0.405,
0.64,0.631,0.822,0.45,
0.625,0.627,0.87,0.495,
0.532,0.494,0.721,0.407,
0.899,0.924,0.995,0.724,
0.688,0.704,0.942,0.501,
0.74,0.734,0.994,0.519,
0.784,0.795,0.97,0.555,
0.605,0.615,0.695,0.453,
0.55,0.538,0.793,0.412,
0.799,0.804,1,0.555,
0.692,0.677,0.866,0.534,
0.735,0.704,1,0.524,
0.601,0.614,0.759,0.43,
0.698,0.712,0.793,0.539,
0.64,0.677,0.682,0.466,
0.646,0.61,0.852,0.502,
0.713,0.704,0.871,0.525,
0.643,0.601,0.897,0.466,
0.797,0.802,0.949,0.618,
0.704,0.69,0.888,0.513,
0.697,0.694,0.836,0.548,
0.625,0.623,0.706,0.513,
0.694,0.712,0.743,0.583,
0.594,0.571,0.843,0.406,
0.605,0.601,0.788,0.452,
0.712,0.712,0.916,0.561,
0.721,0.702,0.863,0.561,
0.774,0.8,1,0.527,
0.657,0.659,0.763,0.483,
0.649,0.677,0.714,0.453,
0.592,0.584,0.859,0.442,
0.685,0.698,0.828,0.486,
0.516,0.54,0.548,0.365,
0.583,0.577,0.747,0.417,
0.598,0.586,0.755,0.459,
0.772,0.74,1,0.564,
0.542,0.543,0.766,0.397,
0.634,0.654,0.708,0.48,
0.664,0.661,0.83,0.476,
0.616,0.597,0.908,0.426,
0.66,0.656,0.918,0.476,
0.652,0.671,0.734,0.515,
0.702,0.733,0.781,0.479,
0.658,0.631,0.818,0.468,
0.834,0.853,1,0.574,
0.566,0.537,0.724,0.432,
0.689,0.688,0.824,0.514,
0.643,0.613,0.789,0.52,
0.608,0.64,0.666,0.439,
0.724,0.746,0.771,0.59,
0.688,0.676,0.79,0.566,
0.744,0.773,0.855,0.568,
0.494,0.467,0.668,0.382,
0.672,0.653,0.847,0.493,
0.474,0.457,0.631,0.392,
0.76,0.786,0.904,0.551,
0.538,0.561,0.602,0.341,
0.559,0.571,0.619,0.409,
0.749,0.734,0.934,0.563,
0.64,0.589,0.823,0.49,
0.806,0.797,0.978,0.604,
0.547,0.561,0.626,0.361,
0.513,0.524,0.561,0.383,
0.588,0.585,0.654,0.485,
0.597,0.625,0.667,0.435,
0.701,0.68,0.861,0.568,
0.611,0.616,0.76,0.406,
0.701,0.712,0.778,0.581,
0.774,0.747,1,0.615,
0.609,0.621,0.771,0.456,
0.685,0.698,0.845,0.447,
0.681,0.651,0.91,0.518,
0.686,0.669,0.802,0.561,
0.697,0.689,0.954,0.513,
0.693,0.673,0.908,0.533,
0.612,0.625,0.695,0.479,
0.718,0.721,0.86,0.511,
0.697,0.706,0.817,0.58,
0.634,0.609,0.878,0.452,
0.59,0.589,0.68,0.507,
0.546,0.532,0.836,0.405,
0.832,0.833,1,0.626,
0.62,0.638,0.73,0.41,
0.61,0.619,0.729,0.436,
0.726,0.716,0.912,0.532,
0.549,0.544,0.781,0.387,
0.621,0.627,0.795,0.455,
0.558,0.53,0.742,0.441,
0.718,0.699,1,0.458,
0.777,0.784,0.879,0.678,
0.756,0.721,0.983,0.563,
0.643,0.662,0.718,0.47,
0.581,0.552,0.746,0.456,
0.744,0.686,0.98,0.545,
0.626,0.59,0.828,0.421,
0.678,0.668,0.897,0.468,
0.742,0.73,0.97,0.557,
0.664,0.66,0.881,0.451,
0.823,0.829,1,0.686,
0.479,0.468,0.762,0.34,
0.688,0.657,0.922,0.493,
0.698,0.694,0.886,0.465,
0.621,0.611,0.82,0.445,
0.842,0.843,0.945,0.72,
0.689,0.65,0.855,0.542,
0.615,0.625,0.65,0.521,
0.748,0.744,0.874,0.541,
0.634,0.639,0.841,0.461,
0.628,0.595,0.871,0.419,
0.671,0.695,0.735,0.477,
0.698,0.7,0.783,0.558,
0.74,0.738,1,0.487,
0.568,0.544,0.765,0.369,
0.542,0.573,0.598,0.366,
0.76,0.755,0.931,0.517,
0.624,0.617,0.787,0.478,
0.627,0.645,0.736,0.472,
0.714,0.696,0.913,0.515,
0.683,0.677,0.86,0.514,
0.616,0.648,0.671,0.475,
0.758,0.74,1,0.6,
0.62,0.655,0.673,0.448,
0.635,0.665,0.707,0.455,
0.678,0.673,0.919,0.496,
0.738,0.748,0.853,0.625,
0.73,0.754,0.816,0.506,
0.558,0.558,0.749,0.387,
0.638,0.617,0.828,0.471,
0.584,0.542,0.762,0.445,
0.67,0.689,0.75,0.486,
0.453,0.446,0.636,0.366,
0.577,0.582,0.834,0.354,
0.768,0.73,1,0.599,
0.671,0.661,0.834,0.511,
0.6,0.562,0.823,0.431,
0.67,0.667,0.869,0.457,
0.669,0.675,0.844,0.495,
0.83,0.861,0.991,0.54,
0.758,0.753,1,0.584,
0.666,0.689,0.749,0.468,
0.524,0.541,0.575,0.377,
0.802,0.78,0.977,0.628,
0.717,0.752,0.828,0.462,
0.74,0.719,0.936,0.534,
0.62,0.605,0.807,0.458,
0.534,0.552,0.576,0.404,
0.595,0.589,0.809,0.429,
0.717,0.728,0.897,0.503,
0.644,0.657,0.747,0.449,
0.745,0.758,0.847,0.549,
0.685,0.641,0.984,0.465,
0.603,0.605,0.839,0.42,
0.717,0.691,0.98,0.522,
0.678,0.686,0.776,0.515,
0.779,0.774,0.909,0.606,
0.595,0.573,0.743,0.43,
0.7,0.692,0.839,0.499,
0.662,0.669,0.841,0.477,
0.703,0.706,0.884,0.457,
0.584,0.566,0.756,0.455,
0.657,0.65,0.843,0.479,
0.65,0.658,0.784,0.445,
0.784,0.772,1,0.535,
0.633,0.603,0.86,0.467,
0.481,0.492,0.505,0.382,
0.766,0.772,0.941,0.529,
0.642,0.641,0.768,0.488,
0.739,0.742,0.808,0.609,
0.736,0.688,0.964,0.516,
0.609,0.639,0.66,0.417,
0.65,0.681,0.694,0.488,
0.676,0.654,0.89,0.509,
0.714,0.688,0.883,0.511,
0.727,0.723,0.887,0.574,
0.702,0.712,0.918,0.527,
0.667,0.611,0.952,0.502,
0.714,0.687,1,0.488,
0.58,0.577,0.758,0.458,
0.654,0.682,0.711,0.51,
0.642,0.595,0.932,0.453,
0.633,0.641,0.747,0.451,
0.565,0.579,0.613,0.429,
0.666,0.682,0.739,0.547,
0.622,0.609,0.815,0.452,
0.636,0.635,0.811,0.474,
0.643,0.612,0.776,0.481,
0.73,0.738,0.894,0.48,
0.86,0.864,1,0.708,
0.725,0.732,0.974,0.528,
0.682,0.64,0.961,0.473,
0.647,0.639,0.774,0.494,
0.75,0.793,0.846,0.502,
0.65,0.684,0.776,0.451,
0.603,0.585,0.785,0.4,
0.567,0.567,0.839,0.399,
0.757,0.75,1,0.556,
0.637,0.619,0.847,0.471,
0.613,0.596,0.822,0.423,
0.614,0.628,0.698,0.45,
0.62,0.573,0.827,0.459,
0.747,0.753,0.926,0.598,
0.718,0.69,0.91,0.509,
0.563,0.596,0.618,0.362,
0.519,0.546,0.553,0.375,
0.773,0.786,0.911,0.606,
0.67,0.657,0.961,0.505,
0.725,0.746,0.853,0.519,
0.665,0.662,0.818,0.513,
0.605,0.589,0.817,0.408,
0.527,0.548,0.588,0.378,
0.708,0.692,0.906,0.461,
0.641,0.648,0.741,0.522,
0.611,0.572,0.83,0.423,
0.704,0.722,0.862,0.5,
0.72,0.712,0.865,0.568,
0.725,0.707,0.927,0.522,
0.658,0.669,0.815,0.478,
0.665,0.676,0.778,0.483,
0.674,0.627,0.89,0.463,
0.703,0.677,0.885,0.53,
0.75,0.719,0.956,0.596,
0.571,0.583,0.668,0.428,
0.544,0.579,0.596,0.378,
0.712,0.697,0.851,0.563,
0.696,0.687,0.833,0.563,
0.737,0.716,0.924,0.556,
0.625,0.613,0.772,0.469,
0.754,0.768,0.89,0.54,
0.74,0.744,0.829,0.639,
0.651,0.683,0.702,0.492,
0.72,0.686,0.946,0.48,
0.572,0.564,0.735,0.414,
0.753,0.776,0.797,0.64,
0.678,0.677,0.865,0.518,
0.597,0.623,0.651,0.43,
0.698,0.714,0.748,0.572,
0.627,0.631,0.691,0.448,
0.679,0.672,0.823,0.559,
0.764,0.76,0.94,0.56,
0.602,0.583,0.793,0.447,
0.696,0.685,0.875,0.522,
0.739,0.739,0.914,0.62,
0.771,0.762,1,0.549,
0.73,0.736,0.843,0.651,
0.666,0.684,0.764,0.49,
0.664,0.655,0.876,0.458,
0.715,0.702,0.95,0.525,
0.663,0.704,0.73,0.467,
0.609,0.617,0.722,0.463,
0.649,0.685,0.699,0.445,
0.718,0.75,0.804,0.42,
0.756,0.74,0.993,0.532,
0.768,0.741,0.92,0.612,
0.552,0.568,0.688,0.394,
0.593,0.577,0.735,0.444,
0.623,0.615,0.752,0.47,
0.685,0.726,0.744,0.49,
0.765,0.75,0.936,0.595,
0.748,0.681,0.996,0.531,
0.743,0.76,0.834,0.624,
0.623,0.627,0.688,0.531,
0.659,0.666,0.724,0.507,
0.618,0.578,0.844,0.439,
0.646,0.621,0.881,0.466,
0.539,0.526,0.756,0.445,
0.757,0.726,1,0.571,
0.819,0.817,1,0.602,
0.596,0.617,0.636,0.464,
0.643,0.664,0.715,0.439,
0.785,0.804,0.927,0.54,
0.692,0.686,0.924,0.479,
0.671,0.597,0.93,0.467,
0.752,0.763,0.943,0.554,
0.656,0.647,0.847,0.488,
0.63,0.628,0.72,0.473,
0.735,0.733,0.964,0.522,
0.762,0.758,1,0.628,
0.563,0.548,0.798,0.428,
0.535,0.553,0.598,0.375,
0.695,0.689,0.874,0.489,
0.689,0.706,0.851,0.578,
0.603,0.637,0.665,0.442,
0.748,0.771,0.858,0.52,
0.69,0.69,0.794,0.477,
0.727,0.716,0.934,0.553,
0.441,0.431,0.63,0.319,
0.593,0.567,0.792,0.422,
0.637,0.642,0.757,0.494,
0.706,0.651,0.915,0.518,
0.693,0.7,0.806,0.597,
0.634,0.638,0.855,0.449,
0.66,0.648,0.858,0.43,
0.568,0.586,0.653,0.459,
0.55,0.545,0.686,0.43,
0.636,0.645,0.703,0.525,
0.575,0.555,0.774,0.407,
0.675,0.671,0.751,0.557,
0.835,0.875,1,0.6,
0.669,0.672,0.82,0.496,
0.616,0.631,0.802,0.423,
0.706,0.688,0.837,0.531,
0.596,0.591,0.724,0.425,
0.651,0.651,0.772,0.499,
0.68,0.659,1,0.448,
0.594,0.609,0.638,0.455,
0.562,0.544,0.717,0.415,
0.758,0.755,0.889,0.599,
0.573,0.552,0.77,0.445,
0.619,0.587,0.871,0.458,
0.608,0.627,0.675,0.45,
0.589,0.587,0.765,0.451,
0.544,0.554,0.582,0.426,
0.656,0.622,0.857,0.499,
0.709,0.687,0.928,0.526,
0.661,0.681,0.779,0.499,
0.519,0.544,0.553,0.371,
0.581,0.605,0.651,0.402,
0.614,0.589,0.791,0.457,
0.71,0.708,1,0.523,
0.736,0.728,0.84,0.645,
0.698,0.681,0.882,0.532,
0.706,0.72,0.771,0.609,
0.667,0.654,0.858,0.461,
0.726,0.719,0.886,0.506,
0.609,0.623,0.662,0.451,
0.729,0.715,0.907,0.578,
0.655,0.64,0.764,0.544,
0.722,0.72,0.99,0.56,
0.53,0.551,0.567,0.386,
0.765,0.76,1,0.554,
0.652,0.604,0.894,0.488,
0.703,0.71,0.795,0.565,
0.541,0.557,0.574,0.438,
0.536,0.519,0.768,0.42,
0.512,0.536,0.547,0.378,
0.733,0.726,0.882,0.584,
0.644,0.617,0.774,0.495,
0.546,0.581,0.601,0.368,
0.757,0.731,0.979,0.664,
0.727,0.645,1,0.507,
0.593,0.617,0.69,0.374,
0.672,0.663,0.84,0.511,
0.612,0.627,0.814,0.431,
0.674,0.657,0.787,0.588,
0.732,0.738,0.816,0.537,
0.645,0.653,0.752,0.548,
0.58,0.54,0.768,0.415,
0.668,0.685,0.737,0.539,
0.585,0.613,0.631,0.412,
0.462,0.434,0.674,0.354,
0.686,0.7,0.866,0.508,
0.677,0.625,0.878,0.485,
0.834,0.853,0.942,0.673,
0.744,0.775,0.876,0.542,
0.767,0.767,0.9,0.527,
0.693,0.716,0.766,0.511,
0.557,0.542,0.759,0.44,
0.6,0.562,0.852,0.436,
0.68,0.645,0.887,0.505,
0.68,0.694,0.848,0.472,
0.781,0.8,0.912,0.611,
0.59,0.573,0.766,0.44,
0.698,0.724,0.755,0.511,
0.726,0.722,0.863,0.573,
0.714,0.74,0.819,0.465,
0.772,0.772,1,0.572,
0.58,0.556,0.691,0.466,
0.58,0.599,0.669,0.403,
0.74,0.752,0.828,0.633,
0.679,0.677,0.755,0.574,
0.723,0.712,0.883,0.485,
0.636,0.642,0.79,0.448,
0.595,0.566,0.8,0.419,
0.723,0.728,0.92,0.503,
0.817,0.784,1,0.596,
0.61,0.593,0.8,0.446,
0.727,0.726,1,0.439,
0.706,0.702,0.84,0.534,
0.668,0.626,0.931,0.498,
0.654,0.694,0.737,0.431,
0.79,0.786,0.972,0.56,
0.693,0.661,0.971,0.495,
0.633,0.627,0.894,0.41,
0.719,0.679,1,0.539,
0.636,0.561,0.886,0.422,
0.654,0.653,1,0.437,
0.609,0.618,0.687,0.493,
0.689,0.65,0.85,0.513,
0.644,0.661,0.838,0.419,
0.681,0.68,0.831,0.5,
0.633,0.613,0.839,0.462,
0.799,0.804,0.909,0.711,
0.677,0.663,0.949,0.54,
0.672,0.651,0.937,0.527,
0.579,0.524,0.814,0.432,
0.77,0.78,0.974,0.495,
0.544,0.521,0.752,0.361,
0.636,0.653,0.71,0.473,
0.723,0.715,0.951,0.564,
0.643,0.673,0.716,0.487,
0.659,0.655,0.846,0.485,
0.504,0.488,0.691,0.34,
0.789,0.798,0.891,0.63,
0.675,0.699,0.776,0.479,
0.604,0.578,0.782,0.418,
0.722,0.752,0.773,0.53,
0.805,0.814,0.927,0.604,
0.76,0.732,1,0.62,
0.702,0.691,0.877,0.443,
0.659,0.66,0.899,0.449,
0.648,0.653,0.929,0.448,
0.66,0.657,0.94,0.475,
0.644,0.695,0.753,0.436,
0.738,0.688,0.954,0.545,
0.637,0.637,0.834,0.49,
0.735,0.763,0.785,0.635,
0.723,0.714,1,0.498,
0.702,0.688,0.904,0.513,
0.68,0.695,0.832,0.5,
0.588,0.56,0.769,0.491,
0.695,0.658,0.902,0.51,
0.777,0.782,0.891,0.614,
0.668,0.615,0.896,0.489,
0.737,0.712,0.963,0.508,
0.731,0.724,0.993,0.549,
0.621,0.589,0.847,0.448,
0.665,0.681,0.944,0.423,
0.652,0.607,0.858,0.462,
0.713,0.713,0.866,0.577,
0.738,0.726,1,0.556,
0.688,0.649,0.833,0.523,
0.638,0.649,0.818,0.463,
0.752,0.732,0.914,0.541,
0.67,0.666,0.928,0.49,
0.69,0.668,0.866,0.51,
0.72,0.735,0.832,0.605,
0.744,0.687,0.987,0.531,
0.523,0.541,0.552,0.416,
0.432,0.455,0.464,0.294,
0.656,0.647,0.736,0.471,
0.652,0.653,0.761,0.52,
0.555,0.55,0.81,0.403,
0.641,0.611,0.879,0.471,
0.754,0.739,0.954,0.571,
0.77,0.8,0.911,0.535,
0.739,0.764,0.798,0.566,
0.725,0.738,0.785,0.601,
0.672,0.59,0.913,0.506,
0.557,0.539,0.756,0.399,
0.66,0.675,0.757,0.576,


0.777,0.722,1,0.524,
0.801,0.857,1,0.526,
0.803,0.823,1,0.503,
0.836,0.895,1,0.585,
0.787,0.812,0.942,0.537,
0.811,0.794,1,0.53,
0.742,0.733,1,0.464,
0.772,0.799,1,0.468,
0.801,0.877,1,0.514,
0.816,0.821,1,0.551,
0.803,0.862,1,0.536,
0.841,0.892,1,0.595,
0.818,0.878,1,0.511,
0.828,0.84,1,0.575,
0.756,0.799,1,0.446,
0.776,0.744,1,0.519,
0.806,0.792,1,0.516,
0.758,0.741,1,0.531,
0.868,0.883,0.991,0.663,
0.742,0.699,0.978,0.548,
0.794,0.8,1,0.5,
0.805,0.866,1,0.499,
0.862,0.919,1,0.656,
0.815,0.837,1,0.524,
0.826,0.873,1,0.61,
0.72,0.745,1,0.395,
0.786,0.79,1,0.538,
0.79,0.815,1,0.5,
0.827,0.881,1,0.471,
0.861,0.893,1,0.551,
0.818,0.844,1,0.525,
0.897,0.928,1,0.699,
0.873,0.892,1,0.71,
0.756,0.77,1,0.456,
0.817,0.799,1,0.561,
0.657,0.678,0.769,0.436,
0.731,0.764,1,0.503,
0.805,0.806,1,0.584,
0.785,0.766,1,0.544,
0.8,0.837,1,0.498,
0.789,0.806,1,0.523,
0.776,0.746,1,0.469,
0.801,0.836,0.933,0.615,
0.873,0.913,1,0.65,
0.754,0.754,0.966,0.518,
0.775,0.756,1,0.527,
0.798,0.83,1,0.556,
0.824,0.844,1,0.563,
0.734,0.759,0.902,0.42,
0.82,0.863,1,0.564,
0.75,0.754,1,0.506,
0.806,0.806,1,0.562,
0.753,0.756,1,0.514,
0.73,0.738,1,0.542,
0.775,0.799,1,0.553,
0.764,0.799,1,0.476,
0.739,0.751,1,0.439,
0.857,0.953,1,0.54,
0.855,0.893,1,0.578,
0.764,0.765,1,0.46,
0.844,0.839,1,0.671,
0.865,0.919,0.993,0.572,
0.679,0.669,1,0.434,
0.814,0.833,1,0.624,
0.817,0.845,1,0.543,
0.862,0.908,1,0.59,
0.751,0.738,1,0.478,
0.815,0.81,1,0.591,
0.832,0.855,1,0.659,
0.888,0.941,1,0.688,
0.786,0.796,1,0.455,
0.778,0.807,1,0.48,
0.795,0.825,0.97,0.49,
0.854,0.889,1,0.615,
0.784,0.792,1,0.514,
0.831,0.83,1,0.601,
0.833,0.817,1,0.685,
0.723,0.74,1,0.485,
0.815,0.819,1,0.558,
0.711,0.773,1,0.457,
0.776,0.792,1,0.511,
0.735,0.74,1,0.444,
0.794,0.836,1,0.478,
0.739,0.756,1,0.515,
0.86,0.914,1,0.595,
0.815,0.806,1,0.555,
0.788,0.829,1,0.533,
0.815,0.814,1,0.593,
0.847,0.844,1,0.658,
0.725,0.706,1,0.447,
0.787,0.836,1,0.533,
0.789,0.779,1,0.605,
0.816,0.822,1,0.6,
0.846,0.825,1,0.681,
0.832,0.842,1,0.586,
0.787,0.807,1,0.41,
0.77,0.769,1,0.502,
0.787,0.808,1,0.577,
0.781,0.779,1,0.555,
0.832,0.868,1,0.607,
0.787,0.817,1,0.481,
0.793,0.794,1,0.518,
0.769,0.768,1,0.501,
0.862,0.877,0.993,0.719,
0.774,0.792,1,0.53,
0.8,0.821,1,0.551,
0.795,0.756,1,0.634,
0.796,0.829,1,0.537,
0.78,0.709,1,0.583,
0.752,0.759,1,0.452,
0.827,0.867,1,0.553,
0.782,0.779,1,0.503,
0.757,0.697,1,0.539,
0.747,0.728,1,0.544,
0.67,0.635,1,0.405,
0.735,0.724,1,0.572,
0.887,0.941,0.997,0.62,
0.844,0.849,1,0.595,
0.825,0.865,1,0.551,
0.739,0.769,1,0.467,
0.753,0.746,1,0.528,
0.783,0.778,1,0.467,
0.799,0.829,1,0.526,
0.854,0.913,0.997,0.638,
0.781,0.805,1,0.503,
0.776,0.859,1,0.431,
0.769,0.788,1,0.527,
0.76,0.781,1,0.433,
0.797,0.827,1,0.529,
0.784,0.806,1,0.552,
0.784,0.766,1,0.489,
0.84,0.847,1,0.608,
0.811,0.817,0.936,0.633,
0.83,0.838,1,0.617,
0.837,0.885,1,0.534,
0.873,0.911,1,0.648,
0.835,0.857,1,0.615,
0.786,0.788,1,0.517,
0.893,0.925,1,0.681,
0.776,0.802,1,0.58,
0.778,0.788,1,0.506,
0.828,0.827,0.982,0.708,
0.808,0.83,1,0.507,
0.802,0.782,1,0.555,
0.772,0.784,1,0.495,
0.785,0.795,1,0.557,
0.737,0.731,1,0.484,
0.749,0.758,1,0.537,
0.834,0.851,1,0.636,
0.843,0.864,1,0.619,
0.756,0.781,1,0.489,
0.794,0.828,1,0.485,
0.806,0.836,1,0.597,
0.793,0.79,1,0.5,
0.867,0.95,1,0.563,
0.833,0.897,1,0.55,
0.779,0.782,1,0.482,
0.774,0.794,1,0.505,
0.774,0.75,1,0.561,
0.736,0.764,1,0.46,
0.788,0.807,1,0.527,
0.798,0.828,1,0.542,
0.693,0.655,0.904,0.525,
0.736,0.739,1,0.488,
0.823,0.854,1,0.607,
0.758,0.747,1,0.489,
0.788,0.786,1,0.535,
0.798,0.76,1,0.588,
0.806,0.883,1,0.497,
0.758,0.779,1,0.469,
0.704,0.67,1,0.468,
0.81,0.809,1,0.568,
0.839,0.831,1,0.766,
0.78,0.826,1,0.505,
0.896,0.915,1,0.667,
0.778,0.822,0.871,0.575,
0.816,0.808,1,0.649,
0.792,0.815,1,0.539,
0.781,0.793,1,0.521,
0.801,0.873,1,0.48,
0.782,0.816,1,0.527,
0.747,0.748,1,0.529,
0.8,0.849,1,0.49,
0.847,0.857,1,0.625,
0.763,0.796,1,0.409,
0.801,0.813,1,0.476,
0.754,0.757,0.86,0.566,
0.863,0.87,1,0.679,
0.808,0.821,1,0.595,
0.649,0.663,1,0.418,
0.813,0.797,1,0.642,
0.823,0.832,1,0.59,
0.768,0.83,1,0.488,
0.906,0.908,1,0.79,
0.772,0.766,1,0.518,
0.841,0.85,1,0.602,
0.844,0.885,0.984,0.584,
0.778,0.812,1,0.496,
0.804,0.802,1,0.614,
0.749,0.774,1,0.477,
0.678,0.694,1,0.397,
0.758,0.744,1,0.543,
0.785,0.798,1,0.488,
0.761,0.779,1,0.538,
0.867,0.902,0.989,0.632,
0.808,0.822,1,0.59,
0.802,0.821,1,0.614,
0.72,0.716,1,0.481,
0.868,0.846,1,0.704,
0.839,0.835,1,0.655,
0.841,0.891,0.981,0.608,
0.826,0.861,1,0.587,
0.732,0.722,1,0.52,
0.819,0.854,1,0.55,
0.835,0.845,1,0.586,
0.805,0.808,1,0.539,
0.791,0.789,1,0.493,
0.805,0.816,1,0.572,
0.777,0.834,1,0.518,
0.768,0.771,1,0.529,
0.883,0.873,1,0.743,
0.716,0.685,1,0.471,
0.834,0.855,1,0.579,
0.805,0.839,0.992,0.602,
0.769,0.748,1,0.425,
0.824,0.907,1,0.44,
0.802,0.786,1,0.584,
0.777,0.794,1,0.496,
0.785,0.825,1,0.477,
0.803,0.834,1,0.609,
0.734,0.703,1,0.43,
0.79,0.798,1,0.552,
0.801,0.821,1,0.576,
0.841,0.847,1,0.597,
0.805,0.806,1,0.457,
0.767,0.784,1,0.489,
0.76,0.794,1,0.462,
0.715,0.732,1,0.501,
0.773,0.794,1,0.516,
0.831,0.871,1,0.447,
0.815,0.859,1,0.527,
0.787,0.808,1,0.518,
0.789,0.782,1,0.558,
0.765,0.703,1,0.567,
0.757,0.75,1,0.511,
0.854,0.887,1,0.614,
0.761,0.774,1,0.465,
0.747,0.734,1,0.52,
0.77,0.763,1,0.575,
0.807,0.762,1,0.658,
0.84,0.886,1,0.587,
0.807,0.886,1,0.474,
0.711,0.734,1,0.446,
0.853,0.874,1,0.656,
0.78,0.748,1,0.523,
0.803,0.809,1,0.534,
0.787,0.806,1,0.518,
0.72,0.738,1,0.474,
0.805,0.857,1,0.54,
0.804,0.777,1,0.585,
0.828,0.886,1,0.529,
0.772,0.799,1,0.493,
0.787,0.812,1,0.52,
0.848,0.855,1,0.584,
0.827,0.863,0.963,0.636,
0.735,0.767,1,0.43,
0.825,0.875,1,0.517,
0.8,0.819,1,0.525,
0.749,0.74,1,0.493,
0.791,0.797,1,0.59,
0.694,0.714,1,0.409,
0.759,0.776,1,0.414,
0.83,0.833,1,0.628,
0.803,0.806,1,0.592,
0.798,0.83,1,0.51,
0.79,0.796,1,0.592,
0.815,0.828,0.945,0.585,
0.792,0.853,1,0.503,
0.773,0.731,1,0.583,
0.79,0.786,1,0.511,
0.825,0.838,1,0.673,
0.798,0.796,1,0.47,
0.76,0.779,1,0.483,
0.818,0.865,1,0.524,
0.787,0.788,1,0.534,
0.796,0.78,1,0.635,
0.757,0.799,1,0.523,
0.746,0.794,1,0.476,
0.783,0.743,1,0.584,
0.758,0.807,1,0.539,
0.827,0.849,1,0.55,
0.753,0.774,1,0.484,
0.814,0.864,0.974,0.557,
0.717,0.732,1,0.444,
0.725,0.744,1,0.47,
0.8,0.798,0.993,0.574,
0.794,0.85,1,0.539,
0.787,0.77,1,0.633,
0.715,0.744,0.86,0.57,
0.779,0.845,1,0.532,
0.817,0.81,0.952,0.649,
0.818,0.843,1,0.542,
0.825,0.869,1,0.606,
0.836,0.853,1,0.624,
0.882,0.945,1,0.65,
0.714,0.721,1,0.423,
0.812,0.78,1,0.63,
0.786,0.817,1,0.512,
0.807,0.844,1,0.523,
0.715,0.713,1,0.445,
0.818,0.838,1,0.57,
0.721,0.662,1,0.546,
0.77,0.762,1,0.477,
0.823,0.868,1,0.532,
0.819,0.832,1,0.586,
0.799,0.815,1,0.491,
0.65,0.632,1,0.381,
0.781,0.788,1,0.552,
0.879,0.875,1,0.74,
0.759,0.768,1,0.468,
0.785,0.744,1,0.529,
0.843,0.861,1,0.625,
0.909,0.954,1,0.755,
0.764,0.776,1,0.528,
0.797,0.802,1,0.541,
0.83,0.858,1,0.61,
0.777,0.835,1,0.511,
0.822,0.853,1,0.652,
0.877,0.917,0.994,0.625,
0.808,0.801,1,0.594,
0.898,0.909,1,0.734,
0.748,0.738,1,0.485,
0.826,0.868,1,0.577,
0.784,0.77,1,0.581,
0.828,0.909,1,0.487,
0.756,0.756,1,0.522,
0.829,0.871,1,0.626,
0.789,0.794,1,0.48,
0.827,0.859,1,0.598,
0.833,0.864,1,0.635,
0.753,0.752,1,0.509,
0.776,0.762,1,0.498,
0.718,0.74,1,0.469,
0.779,0.826,1,0.515,
0.809,0.859,0.915,0.519,
0.813,0.855,1,0.535,
0.732,0.727,1,0.548,
0.778,0.778,1,0.566,
0.752,0.809,1,0.472,
0.701,0.671,1,0.448,
0.868,0.907,1,0.619,
0.822,0.845,1,0.595,
0.833,0.863,0.995,0.63,
0.798,0.862,1,0.517,
0.806,0.829,1,0.539,
0.847,0.853,1,0.614,
0.791,0.812,1,0.479,
0.803,0.81,1,0.587,
0.825,0.864,1,0.514,
0.808,0.797,1,0.638,
0.799,0.794,1,0.614,
0.742,0.748,1,0.446,
0.818,0.853,1,0.49,
0.737,0.657,1,0.542,
0.774,0.786,1,0.522,
0.82,0.79,1,0.704,
0.792,0.818,1,0.551,
0.782,0.784,1,0.496,
0.806,0.867,1,0.564,
0.846,0.857,1,0.615,
0.769,0.756,1,0.493,
0.777,0.776,1,0.508,
0.857,0.879,1,0.585,
0.713,0.646,1,0.546,
0.8,0.827,0.956,0.617,
0.753,0.751,1,0.434,
0.842,0.834,1,0.676,
0.745,0.754,1,0.477,
0.824,0.851,0.96,0.575,
0.852,0.905,1,0.612,
0.826,0.856,1,0.599,
0.784,0.818,1,0.545,
0.72,0.73,1,0.505,
0.794,0.836,1,0.49,
0.886,0.889,1,0.727,
0.823,0.838,1,0.613,
0.765,0.795,1,0.538,
0.818,0.878,1,0.511,
0.766,0.756,1,0.545,
0.817,0.861,1,0.589,
0.791,0.8,1,0.572,
0.765,0.78,1,0.444,
0.783,0.784,1,0.485,
0.775,0.782,1,0.578,
0.828,0.863,1,0.58,
0.85,0.903,1,0.579,
0.769,0.742,1,0.536,
0.828,0.855,1,0.592,
0.791,0.794,1,0.611,
0.786,0.865,1,0.495,
0.731,0.756,1,0.443,
0.829,0.887,1,0.529,
0.887,0.94,1,0.598,
0.868,0.886,1,0.685,
0.842,0.886,0.949,0.721,
0.765,0.77,1,0.51,
0.779,0.781,1,0.527,
0.84,0.848,1,0.641,
0.819,0.806,1,0.597,
0.773,0.851,1,0.464,
0.725,0.745,1,0.424,
0.867,0.901,0.95,0.742,
0.862,0.897,0.951,0.645,
0.699,0.708,1,0.44,
0.799,0.816,1,0.569,
0.738,0.716,1,0.462,
0.815,0.801,1,0.604,
0.795,0.833,0.952,0.495,
0.785,0.819,1,0.503,
0.813,0.831,1,0.613,
0.728,0.711,1,0.403,
0.897,0.919,1,0.717,
0.791,0.809,1,0.51,
0.782,0.851,1,0.526,
0.703,0.773,1,0.375,
0.813,0.795,1,0.556,
0.838,0.862,1,0.531,
0.782,0.764,1,0.559,
0.802,0.82,1,0.529,
0.807,0.824,1,0.584,
0.765,0.817,1,0.496,
0.733,0.714,1,0.393,
0.805,0.793,0.922,0.659,
0.724,0.748,1,0.47,
0.707,0.748,1,0.448,
0.788,0.821,1,0.535,
0.826,0.802,1,0.706,
0.82,0.855,1,0.53,
0.789,0.827,1,0.61,
0.735,0.777,1,0.402,
0.776,0.783,1,0.496,
0.739,0.776,0.835,0.526,
0.825,0.839,1,0.539,
0.825,0.851,1,0.588,
0.83,0.831,1,0.576,
0.803,0.778,1,0.596,
0.779,0.781,1,0.492,
0.749,0.77,1,0.505,
0.839,0.893,1,0.596,
0.849,0.872,1,0.597,
0.84,0.874,1,0.557,
0.755,0.803,1,0.447,
0.743,0.743,1,0.46,
0.845,0.907,1,0.56,
0.787,0.776,1,0.633,
0.854,0.867,1,0.679,
0.825,0.881,1,0.575,
0.812,0.845,1,0.541,
0.718,0.706,1,0.449,
0.774,0.786,1,0.477,
0.776,0.769,1,0.524,
0.777,0.806,1,0.507,
0.764,0.81,0.931,0.556,
0.779,0.813,1,0.505,
0.723,0.717,1,0.447,
0.8,0.771,1,0.567,
0.793,0.783,1,0.57,
0.836,0.85,1,0.626,
0.778,0.784,0.964,0.561,
0.8,0.84,1,0.486,
0.804,0.873,1,0.484,
0.751,0.775,1,0.526,
0.795,0.817,1,0.481,
0.845,0.911,1,0.583,
0.827,0.839,1,0.613,
0.731,0.737,0.982,0.502,
0.771,0.79,1,0.436,
0.769,0.786,1,0.517,
0.867,0.859,1,0.732,
0.803,0.814,1,0.575,
0.769,0.812,1,0.477,
0.754,0.799,1,0.531,
0.82,0.832,1,0.609,
0.846,0.845,1,0.699,
0.735,0.747,1,0.484,
0.816,0.814,1,0.566,
0.739,0.709,1,0.559,
0.766,0.82,1,0.452,
0.699,0.698,1,0.448,
0.756,0.79,1,0.456,
0.833,0.915,1,0.487,
0.836,0.797,1,0.639,
0.791,0.802,1,0.522,
0.82,0.877,1,0.555,
0.674,0.706,1,0.381,
0.808,0.847,1,0.487,
0.803,0.829,1,0.569,
0.79,0.803,1,0.582,
0.731,0.721,1,0.524,
0.689,0.675,1,0.443,
0.868,0.864,1,0.661,
0.813,0.82,1,0.527,
0.846,0.911,1,0.544,
0.868,0.872,1,0.628,
0.775,0.768,1,0.581,
0.77,0.807,1,0.469,
0.836,0.887,0.988,0.513,
0.781,0.802,1,0.502,
0.845,0.838,1,0.657,
0.838,0.871,1,0.539,
0.833,0.876,0.978,0.609,
0.762,0.728,1,0.506,
0.827,0.856,1,0.616,
0.883,0.913,1,0.682,
0.732,0.743,1,0.492,
0.852,0.903,1,0.582,
0.799,0.804,1,0.531,
0.769,0.776,1,0.54,
0.804,0.829,1,0.579,
0.758,0.788,1,0.419,
0.796,0.857,1,0.491,
0.754,0.738,1,0.509,
0.789,0.807,1,0.497,
0.833,0.863,1,0.638,
0.763,0.776,1,0.585,
0.88,0.904,0.994,0.648,
0.794,0.81,1,0.54,
0.814,0.895,1,0.561,
0.818,0.873,1,0.524,
0.856,0.901,0.99,0.637,
0.716,0.7,1,0.441,
0.748,0.736,1,0.485,
0.756,0.748,1,0.476,
0.722,0.696,1,0.464,
0.764,0.73,1,0.516,
0.824,0.818,1,0.567,
0.764,0.804,1,0.515,
0.809,0.809,1,0.615,
0.782,0.821,1,0.548,
0.782,0.81,1,0.5,
0.765,0.774,1,0.483,
0.829,0.885,1,0.577,
0.824,0.847,1,0.513,
0.783,0.786,1,0.544,
0.805,0.79,1,0.578,
0.734,0.756,1,0.439,
0.837,0.904,1,0.496,
0.819,0.821,1,0.64,
0.814,0.849,0.978,0.566,
0.774,0.808,1,0.488,
0.789,0.796,1,0.516,
0.758,0.791,1,0.505,
0.762,0.826,1,0.482,
0.87,0.843,1,0.724,
0.806,0.825,1,0.533,
0.857,0.925,1,0.532,
0.768,0.78,1,0.557,
0.755,0.781,1,0.468,
0.737,0.707,1,0.474,
0.804,0.8,0.971,0.561,
0.817,0.857,1,0.591,
0.702,0.713,0.865,0.524,
0.764,0.804,1,0.474,
0.813,0.871,1,0.564,
0.74,0.734,1,0.523,
0.843,0.884,1,0.577,
0.831,0.83,1,0.555,
0.817,0.852,1,0.533,
0.817,0.842,1,0.619,
0.805,0.823,1,0.583,
0.781,0.759,1,0.57,
0.795,0.806,1,0.6,
0.72,0.729,1,0.479,
0.764,0.787,1,0.492,
0.737,0.756,1,0.482,
0.815,0.788,1,0.644,
0.833,0.862,1,0.599,
0.809,0.869,0.951,0.572,
0.797,0.84,1,0.5,
0.811,0.831,1,0.529,
0.792,0.832,1,0.496,
0.802,0.873,1,0.501,
0.721,0.718,1,0.438,
0.72,0.748,1,0.421,
0.724,0.683,1,0.557,
0.783,0.802,0.975,0.564,
0.745,0.752,1,0.46,
0.791,0.851,1,0.488,
0.787,0.806,1,0.476,
0.774,0.764,1,0.495,
0.792,0.85,1,0.506,
0.77,0.79,1,0.556,
0.787,0.819,1,0.533,
0.764,0.774,1,0.529,
0.831,0.871,0.974,0.574,
0.763,0.811,1,0.488,
0.811,0.827,1,0.54,
0.779,0.8,1,0.545,
0.726,0.725,1,0.442,
0.809,0.826,1,0.625,
0.843,0.852,1,0.622,
0.783,0.822,1,0.597,
0.742,0.769,1,0.443,
0.797,0.799,1,0.465,
0.738,0.755,1,0.501,
0.827,0.797,1,0.675,
0.784,0.895,1,0.444,
0.776,0.869,1,0.467,
0.823,0.861,1,0.595,
0.803,0.851,1,0.592,
0.852,0.917,1,0.656,
0.748,0.727,1,0.426,
0.795,0.853,1,0.503,
0.854,0.894,1,0.602,
0.739,0.732,1,0.519,
0.719,0.696,1,0.536,
0.743,0.762,1,0.429,
0.773,0.768,1,0.611,
0.85,0.877,0.946,0.633,
0.754,0.756,1,0.51,
0.8,0.809,1,0.496,
0.792,0.762,1,0.545,
0.866,0.899,1,0.615,
0.843,0.891,1,0.577,
0.755,0.724,1,0.583,
0.756,0.787,1,0.528,
0.797,0.782,1,0.648,
0.795,0.798,1,0.595,
0.726,0.688,1,0.516,
0.775,0.763,1,0.56,
0.733,0.69,1,0.52,
0.861,0.871,0.989,0.646,
0.738,0.683,1,0.535,
0.708,0.727,1,0.436,
0.788,0.783,1,0.563,
0.711,0.746,1,0.494,
0.766,0.787,1,0.537,
0.785,0.867,1,0.503,
0.74,0.814,0.883,0.494,
0.833,0.889,1,0.678,
0.837,0.873,1,0.64,
0.835,0.81,1,0.552,
0.725,0.738,1,0.46,
0.81,0.768,1,0.621,
0.725,0.757,1,0.474,
0.783,0.782,1,0.489,
0.837,0.867,1,0.606,
0.758,0.766,1,0.516,
0.827,0.816,0.93,0.738,
0.729,0.793,1,0.437,
0.802,0.827,1,0.57,
0.749,0.762,1,0.478,
0.769,0.824,1,0.487,
0.874,0.891,1,0.718,
0.779,0.763,1,0.624,
0.852,0.931,1,0.563,
0.86,0.901,1,0.626,
0.717,0.744,1,0.466,
0.76,0.78,1,0.505,
0.817,0.822,1,0.522,
0.795,0.818,1,0.558,
0.762,0.766,0.944,0.533,
0.756,0.754,1,0.442,
0.751,0.764,1,0.497,
0.807,0.819,1,0.545,
0.77,0.746,1,0.51,
0.804,0.842,1,0.495,
0.804,0.821,1,0.528,
0.81,0.848,1,0.536,
0.849,0.918,1,0.567,
0.81,0.853,0.997,0.6,
0.774,0.789,1,0.544,
0.757,0.794,1,0.457,
0.778,0.757,1,0.543,
0.887,0.907,1,0.673,
0.819,0.875,1,0.506,
0.71,0.722,1,0.407,
0.785,0.752,1,0.56,
0.716,0.724,1,0.516,
0.788,0.837,1,0.568,
0.688,0.756,1,0.329,
0.722,0.745,1,0.417,
0.734,0.681,0.92,0.612,
0.815,0.798,1,0.591,
0.769,0.813,1,0.508,
0.812,0.835,1,0.507,
0.774,0.792,1,0.516,
0.82,0.871,1,0.542,
0.759,0.746,0.962,0.584,
0.788,0.826,1,0.482,
0.71,0.716,1,0.44,
0.82,0.83,1,0.625,
0.817,0.868,1,0.462,
0.838,0.847,1,0.557,
0.768,0.742,1,0.548,
0.793,0.814,1,0.507,
0.732,0.721,1,0.486,
0.806,0.859,1,0.509,
0.799,0.859,1,0.499,
0.798,0.83,1,0.551,
0.778,0.76,1,0.465,
0.756,0.801,1,0.477,
0.754,0.697,1,0.527,
0.778,0.796,1,0.519,
0.854,0.874,1,0.619,
0.771,0.802,1,0.511,
0.802,0.778,1,0.526,
0.767,0.784,1,0.572,
0.805,0.822,1,0.536,
0.665,0.603,1,0.505,
0.779,0.766,1,0.492,
0.835,0.943,1,0.493,
0.776,0.759,0.961,0.543,
0.749,0.711,1,0.58,
0.779,0.812,1,0.443,
0.796,0.824,1,0.533,
0.764,0.751,1,0.546,
0.833,0.841,1,0.683,
0.796,0.803,1,0.597,
0.795,0.797,1,0.522,
0.79,0.792,1,0.525,
0.82,0.854,1,0.545,
0.814,0.845,1,0.592,
0.786,0.766,1,0.592,
0.763,0.786,1,0.58,
0.765,0.791,1,0.53,
0.756,0.763,0.982,0.488,
0.777,0.795,1,0.511,
0.792,0.808,1,0.541,
0.846,0.895,1,0.604,
0.787,0.838,1,0.534,
0.799,0.802,1,0.519,
0.763,0.766,1,0.55,
0.809,0.865,1,0.464,
0.805,0.812,1,0.549,
0.798,0.758,1,0.557,
0.814,0.828,1,0.481,
0.84,0.851,0.956,0.691,
0.807,0.855,1,0.57,
0.767,0.729,1,0.545,
0.843,0.899,1,0.57,
0.804,0.837,1,0.515,
0.747,0.761,1,0.478,
0.723,0.732,1,0.478,
0.776,0.827,1,0.47,
0.789,0.756,0.952,0.624,
0.77,0.75,1,0.529,
0.782,0.779,1,0.517,
0.753,0.766,1,0.525,
0.795,0.842,1,0.554,
0.836,0.843,1,0.673,
0.817,0.834,1,0.569,
0.733,0.738,1,0.432,
0.719,0.782,1,0.456,
0.825,0.827,1,0.606,
0.816,0.84,1,0.505,
0.781,0.789,1,0.518,
0.821,0.877,1,0.523,
0.786,0.804,1,0.514,
0.705,0.677,1,0.425,
0.762,0.746,1,0.531,
0.763,0.778,1,0.552,
0.796,0.849,1,0.543,
0.834,0.858,1,0.554,
0.797,0.845,1,0.586,
0.808,0.793,1,0.575,
0.796,0.766,1,0.554,
0.761,0.785,1,0.504,
0.803,0.838,1,0.56,
0.807,0.829,1,0.584,
0.854,0.887,1,0.616,
0.733,0.736,1,0.451,
0.768,0.814,1,0.441,
0.808,0.799,1,0.609,
0.798,0.82,1,0.563,
0.753,0.709,1,0.556,
0.808,0.897,1,0.493,
0.829,0.865,1,0.546,
0.792,0.768,1,0.567,
0.774,0.75,1,0.494,
0.752,0.799,1,0.48,
0.722,0.751,1,0.451,
0.823,0.835,1,0.639,
0.822,0.875,1,0.544,
0.787,0.799,1,0.51,
0.75,0.73,1,0.581,
0.788,0.816,1,0.535,
0.826,0.855,1,0.59,
0.839,0.812,1,0.56,
0.787,0.814,1,0.516,
0.779,0.79,1,0.506,
0.797,0.803,1,0.608,
0.821,0.833,0.981,0.59,
0.837,0.879,1,0.622,
0.784,0.808,1,0.509,
0.733,0.766,1,0.485,
0.785,0.77,1,0.599,
0.819,0.842,1,0.547,
0.789,0.836,1,0.501,
0.767,0.804,1,0.521,
0.838,0.855,1,0.494,
0.828,0.917,1,0.515,
0.833,0.817,1,0.671,
0.735,0.726,1,0.419,
0.755,0.752,1,0.534,
0.765,0.802,1,0.5,
0.819,0.857,1,0.601,
0.846,0.841,1,0.609,
0.796,0.84,1,0.571,
0.847,0.851,1,0.641,
0.759,0.761,1,0.548,
0.803,0.869,1,0.505,
0.778,0.783,1,0.525,
0.756,0.776,1,0.474,
0.772,0.74,1,0.481,
0.743,0.705,0.922,0.571,
0.78,0.756,0.917,0.608,
0.774,0.776,1,0.582,
0.763,0.758,1,0.525,
0.774,0.789,1,0.54,
0.842,0.888,1,0.507,
0.833,0.897,1,0.544,
0.841,0.873,1,0.554,
0.781,0.782,1,0.53,
0.777,0.817,1,0.511,
0.829,0.851,1,0.522,
0.803,0.806,0.922,0.642,
0.722,0.772,1,0.469,
0.706,0.733,1,0.466,
0.857,0.931,1,0.553,
0.763,0.795,1,0.54,
0.751,0.665,1,0.547,
0.768,0.822,1,0.51,
0.796,0.791,1,0.611,
0.807,0.827,1,0.591,
0.681,0.696,1,0.398,
0.747,0.754,1,0.487,
0.762,0.77,1,0.514,
0.782,0.767,1,0.663,
0.81,0.852,1,0.585,
0.767,0.767,1,0.479,
0.82,0.861,1,0.55,
0.79,0.809,1,0.487,
0.761,0.747,1,0.523,
0.784,0.761,1,0.579,
0.754,0.731,1,0.49,
0.838,0.892,1,0.605,
0.846,0.892,0.983,0.6,
0.775,0.772,1,0.494,
0.815,0.885,1,0.491,
0.772,0.797,1,0.531,
0.728,0.764,1,0.515,
0.753,0.728,1,0.488,
0.709,0.702,0.87,0.558,
0.783,0.829,1,0.557,
0.764,0.815,1,0.484,
0.812,0.845,1,0.599,
0.765,0.756,1,0.466,
0.737,0.762,1,0.521,
0.777,0.789,1,0.476,
0.729,0.772,1,0.482,
0.737,0.753,1,0.467,
0.8,0.809,1,0.665,
0.817,0.834,1,0.618,
0.72,0.694,1,0.509,
0.728,0.73,1,0.447,
0.743,0.736,1,0.408,
0.752,0.768,1,0.5,
0.855,0.899,0.982,0.618,
0.835,0.808,1,0.685,
0.791,0.811,1,0.527,
0.85,0.858,1,0.601,
0.777,0.778,1,0.522,
0.799,0.794,1,0.518,
0.761,0.771,1,0.496,
0.773,0.775,1,0.603,
0.78,0.796,1,0.574,
0.852,0.899,1,0.608,
0.741,0.747,1,0.465,
0.796,0.831,0.971,0.546,
0.788,0.786,1,0.539,
0.817,0.827,1,0.579,
0.74,0.75,1,0.493,
0.787,0.783,1,0.519,
0.699,0.664,1,0.436,
0.815,0.861,1,0.612,
0.727,0.716,1,0.518,
0.779,0.811,1,0.44,
0.864,0.879,1,0.68,
0.847,0.873,0.954,0.645,
0.724,0.742,1,0.406,
0.772,0.798,1,0.55,
0.72,0.719,1,0.463,
0.814,0.802,1,0.646,
0.79,0.778,1,0.551,
0.772,0.764,1,0.549,
0.666,0.654,1,0.502,
0.818,0.836,1,0.532,
0.808,0.851,1,0.479,
0.694,0.699,1,0.432,
0.838,0.857,1,0.542,
0.78,0.759,1,0.59,
0.796,0.742,1,0.641,
0.827,0.879,1,0.608,
0.819,0.862,1,0.532,
0.788,0.791,1,0.527,
0.786,0.838,1,0.437,
0.778,0.844,1,0.523,
0.784,0.73,1,0.616,
0.777,0.798,1,0.573,
0.866,0.865,1,0.674,
0.743,0.756,1,0.413,
0.801,0.859,1,0.535,
0.786,0.772,1,0.596,
0.782,0.807,1,0.524,
0.815,0.832,0.947,0.614,
0.748,0.758,1,0.491,
0.743,0.756,1,0.457,
0.853,0.821,1,0.626,
0.83,0.832,1,0.574,
0.829,0.836,1,0.56,
0.788,0.817,1,0.469,
0.739,0.79,1,0.479,
0.751,0.74,1,0.504,
0.857,0.877,0.915,0.725,
0.761,0.726,1,0.45,
0.83,0.881,0.992,0.501,
0.864,0.893,1,0.582,
0.802,0.764,1,0.607,
0.788,0.835,1,0.49,
0.849,0.881,1,0.623,
0.815,0.853,1,0.571,
0.764,0.811,1,0.491,
0.76,0.759,0.984,0.617,
0.815,0.867,1,0.537,
0.767,0.78,0.932,0.534,
0.751,0.719,1,0.53,
0.779,0.829,1,0.513,
0.804,0.805,1,0.506,
0.846,0.906,1,0.509,
0.773,0.775,1,0.486,
0.839,0.835,1,0.672,
0.85,0.868,1,0.626,
0.861,0.909,1,0.564,
0.713,0.702,1,0.428,
0.834,0.847,1,0.585,
0.74,0.77,1,0.456,
0.799,0.855,1,0.506,
0.842,0.896,1,0.624,
0.799,0.809,1,0.586,
0.741,0.732,1,0.562,
0.744,0.754,1,0.4,
0.814,0.876,1,0.61,
0.77,0.768,1,0.497,
0.804,0.82,1,0.546,
0.806,0.783,1,0.619,
0.852,0.898,1,0.655,
0.745,0.752,0.815,0.622,
0.776,0.821,1,0.512,
0.785,0.779,1,0.49,
0.811,0.847,1,0.504,
0.849,0.936,1,0.548,
0.786,0.774,1,0.537,
0.837,0.913,1,0.531,
0.815,0.802,1,0.534,
0.831,0.869,1,0.627,
0.826,0.878,0.993,0.551,
0.829,0.842,1,0.587,
0.81,0.844,1,0.544,
0.757,0.769,1,0.516,
0.828,0.879,1,0.532,
0.823,0.833,1,0.678,
0.814,0.838,1,0.587,
0.831,0.824,1,0.633,
0.864,0.898,1,0.567,
0.782,0.782,1,0.569,
0.753,0.783,1,0.489,
0.773,0.833,1,0.463,
0.82,0.828,1,0.674,
0.845,0.917,0.997,0.583,
0.76,0.701,1,0.622,
0.763,0.75,1,0.498,
0.828,0.857,1,0.594,
0.826,0.847,1,0.51,
0.793,0.807,1,0.493,
0.809,0.807,1,0.571,
0.805,0.815,1,0.601,
0.729,0.734,1,0.478,
0.657,0.609,1,0.395,
0.793,0.818,1,0.508,
0.786,0.824,1,0.557,
0.735,0.768,1,0.46,
0.778,0.815,1,0.55,
0.84,0.911,1,0.604,
0.782,0.741,1,0.554,
0.786,0.776,1,0.566,
0.846,0.835,1,0.668,
0.778,0.795,1,0.586,
0.75,0.747,1,0.499,
0.841,0.825,1,0.683,




Further Data analysis of all test cases 
avg med max min 
AVGs,0.444,0.443,0.684,0.265,
MEDs,0.445,0.445,0.685,0.262,
MAXs,0.476,0.471,0.735,0.283,
MINs,0.415,0.414,0.624,0.255,


AVGs,0.67,0.668,0.899,0.423,
MEDs,0.664,0.663,0.924,0.424,
MAXs,0.839,0.845,1,0.464,
MINs,0.495,0.489,0.787,0.294,


AVGs,0.791,0.791,0.909,0.649,
MEDs,0.807,0.808,0.954,0.603,
MAXs,0.996,1,1,0.769,
MINs,0.543,0.536,0.79,0.329,



