

Data analysis for each instance 
AVG,MED,MAX,MIN
-0.289,-0.316,-0.046,-0.329,
-0.274,-0.293,-0.044,-0.319,
-0.277,-0.303,-0.045,-0.322,
-0.284,-0.306,-0.048,-0.341,
-0.302,-0.339,-0.047,-0.348,
-0.304,-0.33,-0.055,-0.365,
-0.285,-0.313,-0.047,-0.33,
-0.28,-0.303,-0.049,-0.325,
-0.299,-0.329,-0.047,-0.349,
-0.311,-0.341,-0.046,-0.376,
-0.281,-0.308,-0.047,-0.315,
-0.298,-0.324,-0.048,-0.347,
-0.282,-0.309,-0.05,-0.321,
-0.284,-0.316,-0.047,-0.361,
-0.283,-0.311,-0.046,-0.318,
-0.272,-0.289,-0.051,-0.324,
-0.308,-0.338,-0.046,-0.356,
-0.285,-0.311,-0.05,-0.323,
-0.328,-0.362,-0.05,-0.387,
-0.287,-0.314,-0.052,-0.326,
-0.297,-0.321,-0.051,-0.347,
-0.284,-0.31,-0.053,-0.32,
-0.305,-0.336,-0.046,-0.347,
-0.298,-0.327,-0.047,-0.348,
-0.288,-0.311,-0.047,-0.34,
-0.303,-0.328,-0.047,-0.351,
-0.291,-0.316,-0.054,-0.367,
-0.269,-0.296,-0.044,-0.301,
-0.28,-0.305,-0.048,-0.315,
-0.285,-0.306,-0.048,-0.333,
-0.275,-0.3,-0.046,-0.31,
-0.281,-0.307,-0.06,-0.379,
-0.298,-0.324,-0.055,-0.356,
-0.272,-0.298,-0.048,-0.305,
-0.317,-0.342,-0.052,-0.385,
-0.287,-0.312,-0.052,-0.324,
-0.25,-0.273,-0.057,-0.334,
-0.294,-0.329,-0.049,-0.349,
-0.313,-0.343,-0.045,-0.364,
-0.295,-0.321,-0.051,-0.34,
-0.29,-0.319,-0.049,-0.329,
-0.279,-0.306,-0.047,-0.311,
-0.281,-0.319,-0.052,-0.372,
-0.293,-0.318,-0.053,-0.341,
-0.283,-0.313,-0.052,-0.356,
-0.288,-0.318,-0.047,-0.328,
-0.287,-0.315,-0.052,-0.328,
-0.308,-0.335,-0.051,-0.357,
-0.284,-0.311,-0.046,-0.315,
-0.299,-0.34,-0.044,-0.362,
-0.283,-0.311,-0.048,-0.329,
-0.28,-0.308,-0.043,-0.315,
-0.283,-0.31,-0.051,-0.323,
-0.288,-0.309,-0.054,-0.348,
-0.287,-0.31,-0.051,-0.345,
-0.28,-0.306,-0.047,-0.314,
-0.292,-0.319,-0.05,-0.339,
-0.298,-0.326,-0.049,-0.337,
-0.287,-0.312,-0.039,-0.342,
-0.28,-0.308,-0.05,-0.321,
-0.266,-0.325,-0.059,-0.366,
-0.305,-0.335,-0.046,-0.356,
-0.307,-0.332,-0.049,-0.366,
-0.31,-0.336,-0.05,-0.363,
-0.289,-0.308,-0.053,-0.345,
-0.274,-0.297,-0.055,-0.368,
-0.272,-0.299,-0.042,-0.306,
-0.284,-0.305,-0.048,-0.336,
-0.29,-0.32,-0.05,-0.343,
-0.3,-0.32,-0.051,-0.395,
-0.285,-0.309,-0.051,-0.328,
-0.289,-0.319,-0.05,-0.33,
-0.279,-0.306,-0.048,-0.31,
-0.319,-0.342,-0.055,-0.374,
-0.276,-0.303,-0.044,-0.312,
-0.291,-0.317,-0.049,-0.338,
-0.279,-0.305,-0.05,-0.329,
-0.289,-0.316,-0.049,-0.339,
-0.289,-0.315,-0.048,-0.336,
-0.285,-0.313,-0.046,-0.318,
-0.284,-0.303,-0.049,-0.348,
-0.281,-0.307,-0.047,-0.322,
-0.321,-0.354,-0.047,-0.374,
-0.276,-0.303,-0.044,-0.308,
-0.263,-0.293,-0.048,-0.303,
-0.29,-0.313,-0.049,-0.345,
-0.293,-0.315,-0.047,-0.358,
-0.282,-0.304,-0.05,-0.337,
-0.311,-0.345,-0.049,-0.36,
-0.274,-0.302,-0.046,-0.311,
-0.273,-0.299,-0.045,-0.325,
-0.309,-0.339,-0.048,-0.361,
-0.29,-0.315,-0.048,-0.343,
-0.299,-0.336,-0.048,-0.352,
-0.301,-0.325,-0.049,-0.362,
-0.28,-0.306,-0.05,-0.314,
-0.273,-0.3,-0.048,-0.312,
-0.285,-0.308,-0.049,-0.324,
-0.29,-0.325,-0.047,-0.354,
-0.284,-0.296,-0.054,-0.357,
-0.295,-0.324,-0.055,-0.339,
-0.292,-0.317,-0.046,-0.33,
-0.295,-0.322,-0.045,-0.34,
-0.325,-0.354,-0.056,-0.39,
-0.285,-0.312,-0.05,-0.327,
-0.281,-0.308,-0.052,-0.311,
-0.302,-0.333,-0.052,-0.363,
-0.296,-0.328,-0.051,-0.349,
-0.288,-0.315,-0.055,-0.326,
-0.282,-0.304,-0.051,-0.327,
-0.286,-0.326,-0.048,-0.347,
-0.289,-0.315,-0.039,-0.337,
-0.295,-0.325,-0.05,-0.363,
-0.286,-0.311,-0.047,-0.326,
-0.296,-0.325,-0.048,-0.336,
-0.284,-0.311,-0.051,-0.332,
-0.288,-0.312,-0.052,-0.326,
-0.31,-0.345,-0.045,-0.352,
-0.283,-0.304,-0.048,-0.341,
-0.297,-0.321,-0.052,-0.35,
-0.285,-0.309,-0.052,-0.323,
-0.287,-0.319,-0.047,-0.324,
-0.281,-0.306,-0.046,-0.318,
-0.28,-0.308,-0.047,-0.312,
-0.288,-0.313,-0.047,-0.33,
-0.282,-0.306,-0.049,-0.322,
-0.29,-0.316,-0.047,-0.328,
-0.28,-0.305,-0.048,-0.325,
-0.269,-0.295,-0.047,-0.314,
-0.299,-0.33,-0.052,-0.346,
-0.281,-0.305,-0.046,-0.329,
-0.272,-0.303,-0.05,-0.329,
-0.305,-0.326,-0.054,-0.396,
-0.298,-0.323,-0.049,-0.354,
-0.298,-0.326,-0.046,-0.335,
-0.312,-0.342,-0.046,-0.365,
-0.325,-0.364,-0.053,-0.385,
-0.292,-0.318,-0.048,-0.339,
-0.285,-0.316,-0.049,-0.342,
-0.291,-0.32,-0.049,-0.357,
-0.298,-0.325,-0.044,-0.358,
-0.295,-0.314,-0.053,-0.385,
-0.293,-0.316,-0.048,-0.349,
-0.281,-0.306,-0.045,-0.332,
-0.302,-0.329,-0.056,-0.348,
-0.275,-0.302,-0.043,-0.326,
-0.276,-0.305,-0.05,-0.311,
-0.287,-0.314,-0.053,-0.333,
-0.28,-0.306,-0.049,-0.332,
-0.286,-0.312,-0.047,-0.343,
-0.303,-0.332,-0.044,-0.353,
-0.277,-0.3,-0.05,-0.321,
-0.288,-0.319,-0.057,-0.332,
-0.312,-0.348,-0.047,-0.368,
-0.286,-0.314,-0.05,-0.326,
-0.286,-0.317,-0.049,-0.33,
-0.28,-0.303,-0.051,-0.333,
-0.281,-0.306,-0.047,-0.313,
-0.305,-0.334,-0.045,-0.353,
-0.285,-0.311,-0.05,-0.331,
-0.274,-0.3,-0.046,-0.315,
-0.292,-0.316,-0.047,-0.339,
-0.29,-0.321,-0.051,-0.362,
-0.289,-0.316,-0.051,-0.336,
-0.322,-0.355,-0.057,-0.381,
-0.279,-0.303,-0.048,-0.319,
-0.284,-0.309,-0.048,-0.332,
-0.306,-0.335,-0.05,-0.352,
-0.282,-0.311,-0.045,-0.326,
-0.287,-0.324,-0.055,-0.351,
-0.296,-0.324,-0.053,-0.337,
-0.296,-0.326,-0.048,-0.349,
-0.336,-0.369,-0.051,-0.377,
-0.283,-0.308,-0.048,-0.327,
-0.282,-0.297,-0.054,-0.341,
-0.298,-0.328,-0.044,-0.339,
-0.321,-0.347,-0.054,-0.366,
-0.278,-0.304,-0.049,-0.315,
-0.298,-0.321,-0.048,-0.347,
-0.285,-0.306,-0.052,-0.331,
-0.298,-0.321,-0.05,-0.363,
-0.295,-0.327,-0.051,-0.346,
-0.288,-0.311,-0.044,-0.331,
-0.283,-0.308,-0.053,-0.317,
-0.277,-0.302,-0.048,-0.318,
-0.292,-0.314,-0.047,-0.344,
-0.294,-0.329,-0.05,-0.34,
-0.336,-0.368,-0.054,-0.443,
-0.302,-0.331,-0.054,-0.374,
-0.292,-0.319,-0.042,-0.335,
-0.319,-0.352,-0.045,-0.395,
-0.294,-0.318,-0.044,-0.35,
-0.285,-0.312,-0.045,-0.325,
-0.272,-0.331,-0.058,-0.37,
-0.286,-0.308,-0.051,-0.341,
-0.295,-0.322,-0.047,-0.34,
-0.291,-0.32,-0.051,-0.339,
-0.285,-0.312,-0.044,-0.321,
-0.281,-0.304,-0.049,-0.322,
-0.297,-0.33,-0.044,-0.348,
-0.279,-0.306,-0.046,-0.311,
-0.296,-0.325,-0.048,-0.334,
-0.282,-0.306,-0.053,-0.324,
-0.301,-0.329,-0.044,-0.354,
-0.322,-0.358,-0.044,-0.38,
-0.287,-0.321,-0.047,-0.35,
-0.287,-0.312,-0.045,-0.335,
-0.306,-0.336,-0.047,-0.369,
-0.314,-0.342,-0.048,-0.387,
-0.285,-0.312,-0.049,-0.322,
-0.303,-0.338,-0.05,-0.342,
-0.28,-0.306,-0.052,-0.324,
-0.295,-0.318,-0.051,-0.351,
-0.293,-0.318,-0.041,-0.332,
-0.307,-0.343,-0.05,-0.367,
-0.276,-0.304,-0.046,-0.32,
-0.296,-0.322,-0.056,-0.344,
-0.303,-0.337,-0.048,-0.362,
-0.286,-0.311,-0.05,-0.318,
-0.312,-0.344,-0.049,-0.361,
-0.279,-0.311,-0.059,-0.385,
-0.285,-0.31,-0.051,-0.324,
-0.29,-0.314,-0.052,-0.338,
-0.28,-0.303,-0.054,-0.323,
-0.289,-0.314,-0.052,-0.339,
-0.291,-0.306,-0.05,-0.355,
-0.312,-0.341,-0.049,-0.362,
-0.285,-0.31,-0.048,-0.328,
-0.278,-0.302,-0.047,-0.316,
-0.288,-0.316,-0.051,-0.331,
-0.285,-0.307,-0.049,-0.327,
-0.294,-0.318,-0.052,-0.344,
-0.284,-0.313,-0.045,-0.332,
-0.283,-0.312,-0.051,-0.332,
-0.295,-0.323,-0.052,-0.331,
-0.277,-0.303,-0.046,-0.336,
-0.284,-0.311,-0.052,-0.329,
-0.293,-0.319,-0.05,-0.34,
-0.273,-0.298,-0.05,-0.315,
-0.288,-0.315,-0.047,-0.325,
-0.282,-0.304,-0.05,-0.331,
-0.314,-0.347,-0.049,-0.376,
-0.327,-0.354,-0.052,-0.39,
-0.28,-0.307,-0.045,-0.316,
-0.301,-0.336,-0.044,-0.348,
-0.297,-0.321,-0.049,-0.347,
-0.281,-0.308,-0.054,-0.354,
-0.294,-0.322,-0.053,-0.343,
-0.282,-0.309,-0.053,-0.323,
-0.303,-0.333,-0.047,-0.345,
-0.308,-0.33,-0.043,-0.367,
-0.287,-0.317,-0.047,-0.329,
-0.295,-0.316,-0.045,-0.352,
-0.277,-0.295,-0.044,-0.362,
-0.275,-0.3,-0.046,-0.313,
-0.275,-0.306,-0.047,-0.319,
-0.29,-0.317,-0.044,-0.342,
-0.295,-0.324,-0.045,-0.36,
-0.291,-0.315,-0.044,-0.332,
-0.275,-0.303,-0.051,-0.309,
-0.287,-0.317,-0.047,-0.326,
-0.279,-0.309,-0.048,-0.324,
-0.297,-0.319,-0.048,-0.348,
-0.297,-0.324,-0.048,-0.338,
-0.289,-0.313,-0.048,-0.332,
-0.29,-0.312,-0.045,-0.333,
-0.284,-0.308,-0.051,-0.332,
-0.277,-0.302,-0.045,-0.316,
-0.278,-0.302,-0.052,-0.313,
-0.284,-0.311,-0.044,-0.324,
-0.284,-0.311,-0.045,-0.334,
-0.283,-0.303,-0.049,-0.328,
-0.281,-0.305,-0.049,-0.317,
-0.27,-0.295,-0.044,-0.311,
-0.296,-0.321,-0.049,-0.353,
-0.311,-0.336,-0.052,-0.369,
-0.305,-0.341,-0.052,-0.361,
-0.279,-0.309,-0.042,-0.313,
-0.29,-0.316,-0.047,-0.336,
-0.288,-0.314,-0.049,-0.326,
-0.3,-0.327,-0.046,-0.36,
-0.282,-0.303,-0.042,-0.336,
-0.278,-0.304,-0.047,-0.316,
-0.316,-0.35,-0.048,-0.369,
-0.284,-0.311,-0.052,-0.326,
-0.284,-0.311,-0.047,-0.323,
-0.284,-0.307,-0.05,-0.335,
-0.284,-0.311,-0.052,-0.323,
-0.285,-0.311,-0.05,-0.326,
-0.311,-0.348,-0.05,-0.376,
-0.282,-0.308,-0.05,-0.317,
-0.284,-0.311,-0.052,-0.319,
-0.288,-0.311,-0.056,-0.338,
-0.295,-0.319,-0.052,-0.339,
-0.299,-0.332,-0.053,-0.344,
-0.272,-0.293,-0.047,-0.33,
-0.274,-0.317,-0.051,-0.339,
-0.301,-0.332,-0.05,-0.345,
-0.28,-0.297,-0.049,-0.364,
-0.291,-0.317,-0.058,-0.324,
-0.288,-0.315,-0.048,-0.325,
-0.289,-0.319,-0.051,-0.324,
-0.291,-0.314,-0.051,-0.344,
-0.329,-0.359,-0.062,-0.434,
-0.297,-0.326,-0.054,-0.36,
-0.283,-0.307,-0.045,-0.337,
-0.3,-0.334,-0.05,-0.345,
-0.271,-0.299,-0.046,-0.309,
-0.275,-0.303,-0.044,-0.307,
-0.279,-0.302,-0.052,-0.311,
-0.301,-0.331,-0.051,-0.347,
-0.28,-0.306,-0.051,-0.332,
-0.281,-0.308,-0.046,-0.315,
-0.29,-0.317,-0.049,-0.33,
-0.284,-0.309,-0.05,-0.336,
-0.287,-0.314,-0.049,-0.32,
-0.282,-0.308,-0.048,-0.313,
-0.284,-0.31,-0.05,-0.333,
-0.233,-0.265,-0.061,-0.354,
-0.273,-0.3,-0.041,-0.314,
-0.296,-0.323,-0.049,-0.346,
-0.283,-0.309,-0.047,-0.336,
-0.285,-0.316,-0.054,-0.371,
-0.28,-0.305,-0.048,-0.334,
-0.28,-0.303,-0.041,-0.334,
-0.294,-0.32,-0.051,-0.336,
-0.294,-0.32,-0.046,-0.334,
-0.311,-0.346,-0.061,-0.378,
-0.29,-0.315,-0.046,-0.349,
-0.285,-0.314,-0.051,-0.32,
-0.253,-0.294,-0.053,-0.345,
-0.271,-0.296,-0.048,-0.303,
-0.29,-0.309,-0.048,-0.337,
-0.297,-0.325,-0.046,-0.341,
-0.284,-0.31,-0.05,-0.33,
-0.294,-0.324,-0.049,-0.365,
-0.308,-0.34,-0.044,-0.364,
-0.286,-0.311,-0.046,-0.321,
-0.285,-0.308,-0.052,-0.331,
-0.289,-0.316,-0.05,-0.332,
-0.292,-0.318,-0.054,-0.345,
-0.31,-0.344,-0.048,-0.363,
-0.275,-0.302,-0.046,-0.306,
-0.286,-0.306,-0.043,-0.339,
-0.295,-0.323,-0.055,-0.336,
-0.276,-0.297,-0.052,-0.314,
-0.309,-0.333,-0.049,-0.37,
-0.302,-0.325,-0.048,-0.35,
-0.283,-0.309,-0.05,-0.317,
-0.282,-0.306,-0.053,-0.323,
-0.306,-0.336,-0.046,-0.35,
-0.302,-0.332,-0.048,-0.364,
-0.297,-0.321,-0.045,-0.367,
-0.28,-0.309,-0.051,-0.315,
-0.274,-0.299,-0.043,-0.308,
-0.299,-0.331,-0.046,-0.354,
-0.288,-0.316,-0.052,-0.324,
-0.267,-0.27,-0.052,-0.357,
-0.291,-0.319,-0.051,-0.338,
-0.289,-0.316,-0.05,-0.328,
-0.299,-0.326,-0.048,-0.345,
-0.277,-0.303,-0.048,-0.314,
-0.273,-0.298,-0.049,-0.323,
-0.296,-0.323,-0.048,-0.339,
-0.311,-0.349,-0.049,-0.358,
-0.298,-0.32,-0.053,-0.35,
-0.304,-0.339,-0.051,-0.355,
-0.284,-0.309,-0.05,-0.327,
-0.3,-0.324,-0.051,-0.347,
-0.297,-0.32,-0.054,-0.348,
-0.277,-0.303,-0.047,-0.319,
-0.285,-0.31,-0.052,-0.317,
-0.279,-0.303,-0.051,-0.319,
-0.304,-0.332,-0.051,-0.357,
-0.291,-0.318,-0.048,-0.351,
-0.277,-0.304,-0.043,-0.319,
-0.304,-0.328,-0.062,-0.376,
-0.279,-0.307,-0.048,-0.313,
-0.28,-0.307,-0.05,-0.323,
-0.298,-0.328,-0.048,-0.338,
-0.285,-0.32,-0.04,-0.349,
-0.308,-0.342,-0.051,-0.373,
-0.282,-0.308,-0.05,-0.319,
-0.286,-0.308,-0.053,-0.335,
-0.289,-0.317,-0.049,-0.322,
-0.288,-0.318,-0.049,-0.328,
-0.284,-0.302,-0.044,-0.344,
-0.281,-0.307,-0.045,-0.324,
-0.294,-0.322,-0.046,-0.33,
-0.289,-0.317,-0.046,-0.329,
-0.303,-0.33,-0.057,-0.355,
-0.29,-0.31,-0.052,-0.337,
-0.297,-0.319,-0.046,-0.362,
-0.285,-0.309,-0.051,-0.327,
-0.275,-0.3,-0.05,-0.313,
-0.295,-0.318,-0.053,-0.357,
-0.281,-0.306,-0.049,-0.314,
-0.291,-0.329,-0.049,-0.343,
-0.31,-0.342,-0.053,-0.353,
-0.279,-0.307,-0.047,-0.318,
-0.282,-0.307,-0.048,-0.323,
-0.288,-0.316,-0.051,-0.328,
-0.288,-0.315,-0.052,-0.335,
-0.309,-0.339,-0.058,-0.358,
-0.283,-0.296,-0.068,-0.355,
-0.273,-0.301,-0.048,-0.305,
-0.289,-0.315,-0.049,-0.333,
-0.28,-0.303,-0.054,-0.344,
-0.274,-0.299,-0.046,-0.311,
-0.292,-0.317,-0.051,-0.337,
-0.301,-0.328,-0.046,-0.351,
-0.295,-0.307,-0.062,-0.41,
-0.295,-0.322,-0.054,-0.342,
-0.274,-0.301,-0.049,-0.337,
-0.297,-0.324,-0.05,-0.355,
-0.277,-0.303,-0.05,-0.311,
-0.287,-0.313,-0.049,-0.322,
-0.289,-0.323,-0.048,-0.349,
-0.293,-0.32,-0.044,-0.36,
-0.3,-0.325,-0.047,-0.35,
-0.289,-0.312,-0.05,-0.328,
-0.298,-0.315,-0.051,-0.376,
-0.281,-0.305,-0.054,-0.319,
-0.278,-0.302,-0.05,-0.315,
-0.293,-0.323,-0.049,-0.334,
-0.293,-0.319,-0.044,-0.347,
-0.28,-0.301,-0.05,-0.335,
-0.283,-0.312,-0.048,-0.321,
-0.281,-0.305,-0.051,-0.317,
-0.315,-0.34,-0.056,-0.371,
-0.279,-0.305,-0.044,-0.311,
-0.279,-0.305,-0.047,-0.311,
-0.283,-0.306,-0.051,-0.323,
-0.289,-0.314,-0.048,-0.332,
-0.315,-0.346,-0.049,-0.363,
-0.275,-0.3,-0.045,-0.322,
-0.313,-0.339,-0.054,-0.371,
-0.278,-0.305,-0.046,-0.311,
-0.32,-0.348,-0.061,-0.382,
-0.28,-0.305,-0.049,-0.321,
-0.277,-0.301,-0.056,-0.312,
-0.297,-0.325,-0.053,-0.385,
-0.32,-0.344,-0.041,-0.382,
-0.289,-0.313,-0.049,-0.344,
-0.276,-0.302,-0.047,-0.314,
-0.29,-0.316,-0.054,-0.334,
-0.287,-0.307,-0.046,-0.337,
-0.288,-0.315,-0.045,-0.334,
-0.288,-0.316,-0.051,-0.323,
-0.297,-0.323,-0.053,-0.366,
-0.3,-0.325,-0.045,-0.357,
-0.269,-0.296,-0.045,-0.301,
-0.287,-0.312,-0.049,-0.331,
-0.302,-0.33,-0.049,-0.352,
-0.301,-0.321,-0.052,-0.369,
-0.321,-0.355,-0.055,-0.371,
-0.279,-0.313,-0.048,-0.329,
-0.285,-0.31,-0.049,-0.339,
-0.29,-0.318,-0.046,-0.321,
-0.283,-0.308,-0.049,-0.321,
-0.28,-0.308,-0.047,-0.317,
-0.276,-0.303,-0.048,-0.321,
-0.3,-0.325,-0.049,-0.351,
-0.286,-0.307,-0.048,-0.332,
-0.285,-0.31,-0.044,-0.327,
-0.29,-0.315,-0.045,-0.338,
-0.296,-0.324,-0.046,-0.347,
-0.306,-0.338,-0.042,-0.361,
-0.309,-0.346,-0.056,-0.355,
-0.272,-0.298,-0.045,-0.303,
-0.284,-0.312,-0.041,-0.322,
-0.29,-0.314,-0.047,-0.348,
-0.331,-0.37,-0.051,-0.392,
-0.293,-0.323,-0.053,-0.335,
-0.297,-0.321,-0.047,-0.352,
-0.279,-0.304,-0.05,-0.315,
-0.278,-0.303,-0.047,-0.315,
-0.274,-0.301,-0.041,-0.319,
-0.323,-0.359,-0.054,-0.401,
-0.298,-0.325,-0.045,-0.343,
-0.282,-0.305,-0.048,-0.33,
-0.273,-0.308,-0.052,-0.343,
-0.301,-0.321,-0.048,-0.362,
-0.312,-0.346,-0.061,-0.37,
-0.308,-0.34,-0.046,-0.352,
-0.27,-0.3,-0.047,-0.308,
-0.285,-0.31,-0.049,-0.323,
-0.283,-0.31,-0.053,-0.318,
-0.287,-0.318,-0.047,-0.332,
-0.276,-0.3,-0.047,-0.317,
-0.3,-0.323,-0.047,-0.35,
-0.297,-0.305,-0.055,-0.383,
-0.307,-0.317,-0.054,-0.375,
-0.277,-0.304,-0.046,-0.31,
-0.293,-0.322,-0.049,-0.327,
-0.28,-0.309,-0.046,-0.317,
-0.298,-0.323,-0.053,-0.342,
-0.327,-0.353,-0.045,-0.388,
-0.292,-0.323,-0.051,-0.347,
-0.285,-0.308,-0.045,-0.333,
-0.287,-0.313,-0.052,-0.327,
-0.284,-0.31,-0.049,-0.317,
-0.289,-0.315,-0.046,-0.322,
-0.299,-0.327,-0.048,-0.335,
-0.301,-0.331,-0.047,-0.346,
-0.277,-0.301,-0.046,-0.321,
-0.286,-0.313,-0.045,-0.323,
-0.285,-0.311,-0.042,-0.331,
-0.304,-0.33,-0.05,-0.346,
-0.289,-0.308,-0.046,-0.347,
-0.303,-0.336,-0.048,-0.352,
-0.294,-0.321,-0.046,-0.349,
-0.278,-0.302,-0.052,-0.338,
-0.295,-0.323,-0.059,-0.346,
-0.29,-0.315,-0.052,-0.339,
-0.294,-0.33,-0.054,-0.359,
-0.288,-0.312,-0.052,-0.343,
-0.287,-0.311,-0.051,-0.34,
-0.317,-0.338,-0.052,-0.38,
-0.293,-0.329,-0.049,-0.342,
-0.293,-0.325,-0.051,-0.342,
-0.289,-0.322,-0.041,-0.344,
-0.292,-0.32,-0.049,-0.344,
-0.278,-0.302,-0.048,-0.322,
-0.286,-0.312,-0.053,-0.319,
-0.295,-0.324,-0.055,-0.328,
-0.283,-0.309,-0.05,-0.327,
-0.297,-0.325,-0.051,-0.339,
-0.29,-0.317,-0.046,-0.339,
-0.315,-0.352,-0.047,-0.378,
-0.298,-0.327,-0.048,-0.344,
-0.286,-0.313,-0.044,-0.32,
-0.285,-0.306,-0.051,-0.342,
-0.294,-0.322,-0.049,-0.339,
-0.292,-0.317,-0.046,-0.341,
-0.292,-0.315,-0.052,-0.34,
-0.349,-0.389,-0.046,-0.408,
-0.322,-0.344,-0.047,-0.473,
-0.4,-0.453,-0.051,-0.488,
-0.357,-0.398,-0.047,-0.417,
-0.344,-0.39,-0.049,-0.409,
-0.365,-0.412,-0.048,-0.431,
-0.347,-0.386,-0.046,-0.436,
-0.378,-0.43,-0.043,-0.476,
-0.37,-0.42,-0.053,-0.45,
-0.352,-0.392,-0.045,-0.419,
-0.368,-0.417,-0.043,-0.443,
-0.405,-0.458,-0.053,-0.487,
-0.322,-0.345,-0.049,-0.42,
-0.341,-0.389,-0.047,-0.399,
-0.397,-0.456,-0.051,-0.488,
-0.346,-0.384,-0.047,-0.412,
-0.354,-0.394,-0.049,-0.414,
-0.352,-0.356,-0.052,-0.496,
-0.363,-0.41,-0.045,-0.461,
-0.349,-0.393,-0.051,-0.408,
-0.323,-0.339,-0.051,-0.438,
-0.336,-0.364,-0.051,-0.395,
-0.342,-0.38,-0.045,-0.404,
-0.354,-0.379,-0.046,-0.478,
-0.37,-0.411,-0.051,-0.457,
-0.353,-0.378,-0.046,-0.435,
-0.361,-0.409,-0.043,-0.419,
-0.4,-0.448,-0.047,-0.496,
-0.383,-0.425,-0.049,-0.467,
-0.364,-0.405,-0.053,-0.424,
-0.381,-0.424,-0.052,-0.461,
-0.349,-0.389,-0.048,-0.404,
-0.359,-0.404,-0.047,-0.433,
-0.346,-0.386,-0.051,-0.411,
-0.391,-0.448,-0.05,-0.461,
-0.359,-0.401,-0.051,-0.425,
-0.336,-0.354,-0.062,-0.443,
-0.358,-0.399,-0.045,-0.413,
-0.362,-0.4,-0.052,-0.436,
-0.392,-0.446,-0.042,-0.485,
-0.403,-0.463,-0.05,-0.487,
-0.358,-0.394,-0.049,-0.416,
-0.334,-0.37,-0.046,-0.393,
-0.371,-0.414,-0.043,-0.441,
-0.342,-0.382,-0.049,-0.397,
-0.368,-0.387,-0.047,-0.481,
-0.356,-0.399,-0.047,-0.41,
-0.384,-0.432,-0.047,-0.44,
-0.331,-0.358,-0.051,-0.394,
-0.382,-0.441,-0.05,-0.474,
-0.352,-0.392,-0.048,-0.41,
-0.369,-0.414,-0.05,-0.419,
-0.37,-0.414,-0.046,-0.438,
-0.393,-0.445,-0.046,-0.465,
-0.356,-0.398,-0.049,-0.405,
-0.304,-0.34,-0.047,-0.433,
-0.374,-0.418,-0.051,-0.46,
-0.379,-0.423,-0.049,-0.456,
-0.366,-0.408,-0.051,-0.433,
-0.354,-0.402,-0.049,-0.41,
-0.388,-0.427,-0.049,-0.46,
-0.352,-0.392,-0.054,-0.423,
-0.35,-0.388,-0.041,-0.421,
-0.354,-0.431,-0.047,-0.475,
-0.382,-0.419,-0.051,-0.464,
-0.353,-0.378,-0.047,-0.419,
-0.347,-0.386,-0.049,-0.403,
-0.358,-0.398,-0.041,-0.416,
-0.342,-0.384,-0.047,-0.395,
-0.343,-0.38,-0.048,-0.421,
-0.365,-0.402,-0.055,-0.425,
-0.35,-0.395,-0.044,-0.408,
-0.352,-0.408,-0.045,-0.441,
-0.334,-0.38,-0.05,-0.423,
-0.367,-0.424,-0.045,-0.449,
-0.381,-0.434,-0.051,-0.453,
-0.351,-0.393,-0.046,-0.41,
-0.378,-0.426,-0.049,-0.466,
-0.35,-0.398,-0.052,-0.42,
-0.333,-0.365,-0.055,-0.435,
-0.361,-0.4,-0.052,-0.42,
-0.368,-0.428,-0.048,-0.488,
-0.355,-0.397,-0.047,-0.47,
-0.354,-0.4,-0.049,-0.407,
-0.36,-0.379,-0.048,-0.452,
-0.358,-0.402,-0.052,-0.418,
-0.388,-0.446,-0.053,-0.47,
-0.381,-0.432,-0.047,-0.442,
-0.372,-0.423,-0.049,-0.471,
-0.356,-0.4,-0.051,-0.435,
-0.356,-0.4,-0.048,-0.429,
-0.329,-0.376,-0.052,-0.434,
-0.371,-0.419,-0.048,-0.443,
-0.352,-0.398,-0.054,-0.437,
-0.346,-0.379,-0.048,-0.405,
-0.377,-0.42,-0.046,-0.487,
-0.348,-0.394,-0.048,-0.407,
-0.374,-0.412,-0.048,-0.463,
-0.371,-0.413,-0.042,-0.434,
-0.36,-0.405,-0.048,-0.42,
-0.365,-0.406,-0.047,-0.422,
-0.34,-0.391,-0.043,-0.412,
-0.352,-0.384,-0.049,-0.428,
-0.367,-0.436,-0.049,-0.471,
-0.363,-0.417,-0.049,-0.44,
-0.345,-0.388,-0.046,-0.408,
-0.352,-0.4,-0.048,-0.414,
-0.362,-0.403,-0.052,-0.44,
-0.356,-0.396,-0.049,-0.416,
-0.383,-0.437,-0.051,-0.451,
-0.388,-0.445,-0.049,-0.465,
-0.384,-0.425,-0.051,-0.461,
-0.372,-0.404,-0.053,-0.487,
-0.345,-0.385,-0.046,-0.404,
-0.388,-0.447,-0.05,-0.46,
-0.377,-0.445,-0.045,-0.465,
-0.368,-0.42,-0.05,-0.434,
-0.283,-0.275,0.012,-0.463,
-0.352,-0.396,-0.048,-0.419,
-0.345,-0.385,-0.054,-0.394,
-0.34,-0.37,-0.045,-0.411,
-0.36,-0.397,-0.042,-0.435,
-0.334,-0.367,-0.052,-0.392,
-0.358,-0.391,-0.044,-0.45,
-0.36,-0.399,-0.047,-0.471,
-0.356,-0.398,-0.053,-0.42,
-0.369,-0.416,-0.048,-0.431,
-0.348,-0.405,-0.051,-0.413,
-0.359,-0.386,-0.057,-0.455,
-0.396,-0.458,-0.049,-0.484,
-0.366,-0.421,-0.048,-0.438,
-0.384,-0.422,-0.047,-0.479,
-0.35,-0.392,-0.048,-0.445,
-0.366,-0.412,-0.046,-0.434,
-0.381,-0.434,-0.052,-0.481,
-0.354,-0.395,-0.049,-0.411,
-0.338,-0.385,-0.046,-0.414,
-0.386,-0.423,-0.047,-0.471,
-0.406,-0.47,-0.048,-0.502,
-0.391,-0.441,-0.047,-0.477,
-0.353,-0.394,-0.044,-0.408,
-0.372,-0.407,-0.044,-0.442,
-0.338,-0.387,-0.048,-0.41,
-0.373,-0.415,-0.052,-0.458,
-0.336,-0.378,-0.049,-0.393,
-0.353,-0.4,-0.048,-0.418,
-0.371,-0.414,-0.057,-0.48,
-0.37,-0.408,-0.047,-0.451,
-0.35,-0.39,-0.044,-0.398,
-0.355,-0.393,-0.052,-0.408,
-0.375,-0.424,-0.046,-0.455,
-0.377,-0.41,-0.054,-0.475,
-0.332,-0.368,-0.056,-0.427,
-0.387,-0.446,-0.049,-0.482,
-0.363,-0.405,-0.052,-0.423,
-0.33,-0.364,-0.048,-0.405,
-0.366,-0.42,-0.046,-0.464,
-0.372,-0.415,-0.045,-0.477,
-0.347,-0.389,-0.051,-0.405,
-0.346,-0.385,-0.05,-0.401,
-0.387,-0.446,-0.045,-0.464,
-0.361,-0.398,-0.053,-0.421,
-0.357,-0.404,-0.046,-0.424,
-0.339,-0.362,-0.049,-0.425,
-0.357,-0.402,-0.055,-0.43,
-0.353,-0.397,-0.047,-0.401,
-0.343,-0.377,-0.052,-0.414,
-0.361,-0.422,-0.049,-0.45,
-0.385,-0.428,-0.053,-0.494,
-0.352,-0.397,-0.047,-0.406,
-0.363,-0.409,-0.046,-0.44,
-0.356,-0.403,-0.057,-0.413,
-0.372,-0.407,-0.048,-0.464,
-0.288,-0.299,-0.061,-0.398,
-0.36,-0.403,-0.051,-0.441,
-0.374,-0.421,-0.044,-0.463,
-0.37,-0.418,-0.053,-0.447,
-0.354,-0.389,-0.055,-0.408,
-0.358,-0.398,-0.046,-0.424,
-0.362,-0.398,-0.05,-0.425,
-0.361,-0.405,-0.052,-0.419,
-0.355,-0.383,-0.054,-0.454,
-0.355,-0.402,-0.051,-0.42,
-0.337,-0.365,-0.047,-0.418,
-0.362,-0.407,-0.049,-0.428,
-0.353,-0.391,-0.052,-0.433,
-0.366,-0.406,-0.049,-0.436,
-0.376,-0.42,-0.052,-0.451,
-0.356,-0.403,-0.048,-0.439,
-0.362,-0.393,-0.052,-0.418,
-0.381,-0.423,-0.042,-0.455,
-0.386,-0.434,-0.047,-0.47,
-0.337,-0.374,-0.05,-0.418,
-0.353,-0.394,-0.051,-0.411,
-0.377,-0.422,-0.05,-0.462,
-0.349,-0.392,-0.044,-0.419,
-0.38,-0.428,-0.053,-0.469,
-0.349,-0.377,-0.049,-0.44,
-0.334,-0.373,-0.045,-0.403,
-0.367,-0.414,-0.049,-0.427,
-0.381,-0.428,-0.045,-0.458,
-0.383,-0.423,-0.059,-0.472,
-0.37,-0.419,-0.044,-0.441,
-0.342,-0.388,-0.049,-0.406,
-0.367,-0.409,-0.05,-0.429,
-0.392,-0.441,-0.048,-0.484,
-0.395,-0.451,-0.054,-0.477,
-0.352,-0.395,-0.047,-0.403,
-0.354,-0.394,-0.051,-0.414,
-0.334,-0.372,-0.049,-0.41,
-0.368,-0.415,-0.051,-0.438,
-0.38,-0.435,-0.05,-0.457,
-0.369,-0.414,-0.049,-0.42,
-0.352,-0.394,-0.049,-0.402,
-0.359,-0.405,-0.045,-0.467,
-0.379,-0.426,-0.053,-0.451,
-0.358,-0.398,-0.046,-0.418,
-0.366,-0.407,-0.047,-0.423,
-0.371,-0.424,-0.047,-0.442,
-0.368,-0.41,-0.046,-0.437,
-0.351,-0.395,-0.047,-0.433,
-0.381,-0.443,-0.047,-0.462,
-0.355,-0.397,-0.054,-0.421,
-0.353,-0.39,-0.047,-0.411,
-0.358,-0.383,-0.049,-0.429,
-0.343,-0.394,-0.051,-0.417,
-0.35,-0.386,-0.049,-0.405,
-0.385,-0.433,-0.049,-0.457,
-0.381,-0.436,-0.049,-0.46,
-0.346,-0.389,-0.047,-0.409,
-0.348,-0.401,-0.049,-0.41,
-0.355,-0.407,-0.052,-0.433,
-0.356,-0.401,-0.048,-0.413,
-0.356,-0.4,-0.053,-0.411,
-0.383,-0.441,-0.047,-0.494,
-0.347,-0.39,-0.05,-0.406,
-0.358,-0.401,-0.044,-0.414,
-0.349,-0.387,-0.055,-0.425,
-0.359,-0.414,-0.056,-0.454,
-0.354,-0.399,-0.051,-0.423,
-0.376,-0.413,-0.049,-0.474,
-0.377,-0.421,-0.051,-0.465,
-0.347,-0.393,-0.053,-0.437,
-0.359,-0.395,-0.047,-0.44,
-0.357,-0.405,-0.053,-0.453,
-0.346,-0.381,-0.05,-0.412,
-0.327,-0.337,-0.051,-0.433,
-0.349,-0.386,-0.045,-0.419,
-0.358,-0.393,-0.045,-0.424,
-0.359,-0.39,-0.055,-0.435,
-0.358,-0.399,-0.044,-0.41,
-0.384,-0.436,-0.047,-0.462,
-0.385,-0.446,-0.045,-0.467,
-0.37,-0.424,-0.053,-0.437,
-0.357,-0.402,-0.054,-0.423,
-0.357,-0.414,-0.05,-0.435,
-0.394,-0.437,-0.048,-0.477,
-0.336,-0.36,-0.056,-0.472,
-0.374,-0.418,-0.052,-0.443,
-0.37,-0.419,-0.045,-0.452,
-0.355,-0.4,-0.049,-0.427,
-0.364,-0.424,-0.051,-0.445,
-0.363,-0.403,-0.05,-0.428,
-0.363,-0.402,-0.045,-0.428,
-0.372,-0.419,-0.046,-0.452,
-0.361,-0.398,-0.051,-0.426,
-0.357,-0.41,-0.054,-0.431,
-0.369,-0.419,-0.049,-0.445,
-0.363,-0.404,-0.051,-0.428,
-0.381,-0.411,-0.045,-0.477,
-0.364,-0.404,-0.045,-0.436,
-0.35,-0.387,-0.043,-0.438,
-0.352,-0.397,-0.051,-0.413,
-0.378,-0.415,-0.059,-0.488,
-0.381,-0.434,-0.049,-0.474,
-0.334,-0.365,-0.046,-0.412,
-0.347,-0.384,-0.048,-0.401,
-0.37,-0.407,-0.051,-0.47,
-0.384,-0.43,-0.049,-0.471,
-0.347,-0.391,-0.046,-0.445,
-0.357,-0.399,-0.046,-0.421,
-0.369,-0.431,-0.047,-0.454,
-0.372,-0.414,-0.045,-0.46,
-0.389,-0.43,-0.052,-0.477,
-0.39,-0.443,-0.049,-0.47,
-0.338,-0.374,-0.046,-0.394,
-0.374,-0.417,-0.052,-0.454,
-0.385,-0.429,-0.05,-0.473,
-0.387,-0.435,-0.051,-0.455,
-0.37,-0.42,-0.043,-0.448,
-0.302,-0.335,-0.048,-0.374,
-0.344,-0.384,-0.046,-0.397,
-0.353,-0.396,-0.053,-0.409,
-0.346,-0.384,-0.053,-0.418,
-0.395,-0.445,-0.051,-0.494,
-0.334,-0.374,-0.053,-0.425,
-0.357,-0.395,-0.052,-0.427,
-0.341,-0.393,-0.051,-0.449,
-0.347,-0.379,-0.053,-0.406,
-0.353,-0.397,-0.046,-0.414,
-0.368,-0.414,-0.048,-0.432,
-0.369,-0.406,-0.054,-0.46,
-0.351,-0.389,-0.051,-0.419,
-0.356,-0.422,-0.057,-0.474,
-0.354,-0.395,-0.05,-0.418,
-0.369,-0.411,-0.049,-0.424,
-0.4,-0.433,-0.046,-0.491,
-0.363,-0.402,-0.047,-0.438,
-0.359,-0.396,-0.05,-0.444,
-0.345,-0.39,-0.045,-0.398,
-0.338,-0.378,-0.053,-0.4,
-0.324,-0.358,-0.051,-0.388,
-0.378,-0.433,-0.056,-0.451,
-0.362,-0.4,-0.045,-0.445,
-0.355,-0.402,-0.05,-0.421,
-0.349,-0.391,-0.045,-0.412,
-0.382,-0.422,-0.05,-0.487,
-0.346,-0.388,-0.049,-0.414,
-0.344,-0.382,-0.048,-0.408,
-0.338,-0.387,-0.047,-0.399,
-0.361,-0.404,-0.05,-0.445,
-0.349,-0.392,-0.046,-0.418,
-0.381,-0.422,-0.049,-0.453,
-0.349,-0.399,-0.052,-0.41,
-0.346,-0.391,-0.052,-0.458,
-0.342,-0.39,-0.051,-0.415,
-0.365,-0.412,-0.048,-0.44,
-0.361,-0.404,-0.045,-0.435,
-0.323,-0.33,-0.053,-0.451,
-0.351,-0.398,-0.044,-0.406,
-0.379,-0.418,-0.05,-0.451,
-0.373,-0.422,-0.049,-0.437,
-0.342,-0.378,-0.052,-0.416,
-0.344,-0.387,-0.047,-0.429,
-0.356,-0.401,-0.048,-0.422,
-0.375,-0.431,-0.048,-0.485,
-0.367,-0.416,-0.05,-0.423,
-0.361,-0.4,-0.047,-0.443,
-0.353,-0.404,-0.046,-0.41,
-0.379,-0.424,-0.046,-0.489,
-0.379,-0.422,-0.054,-0.465,
-0.346,-0.389,-0.046,-0.415,
-0.359,-0.401,-0.053,-0.423,
-0.324,-0.363,-0.048,-0.404,
-0.347,-0.387,-0.052,-0.419,
-0.339,-0.388,-0.046,-0.44,
-0.349,-0.388,-0.045,-0.416,
-0.36,-0.407,-0.046,-0.411,
-0.349,-0.387,-0.048,-0.413,
-0.327,-0.361,-0.05,-0.425,
-0.347,-0.391,-0.053,-0.402,
-0.353,-0.391,-0.044,-0.415,
-0.389,-0.439,-0.054,-0.491,
-0.337,-0.375,-0.049,-0.39,
-0.354,-0.401,-0.043,-0.428,
-0.338,-0.387,-0.054,-0.408,
-0.358,-0.397,-0.05,-0.428,
-0.358,-0.378,-0.046,-0.478,
-0.337,-0.386,-0.045,-0.416,
-0.359,-0.422,-0.051,-0.457,
-0.354,-0.388,-0.05,-0.418,
-0.417,-0.464,-0.056,-0.492,
-0.381,-0.424,-0.046,-0.463,
-0.352,-0.392,-0.051,-0.401,
-0.357,-0.384,-0.05,-0.433,
-0.342,-0.378,-0.048,-0.41,
-0.335,-0.363,-0.053,-0.434,
-0.367,-0.417,-0.052,-0.453,
-0.387,-0.417,-0.052,-0.474,
-0.366,-0.413,-0.045,-0.483,
-0.344,-0.387,-0.049,-0.405,
-0.34,-0.379,-0.048,-0.399,
-0.337,-0.369,-0.043,-0.397,
-0.35,-0.396,-0.051,-0.423,
-0.406,-0.464,-0.048,-0.486,
-0.354,-0.4,-0.049,-0.422,
-0.358,-0.389,-0.046,-0.441,
-0.378,-0.418,-0.047,-0.478,
-0.376,-0.438,-0.05,-0.493,
-0.36,-0.385,-0.046,-0.463,
-0.342,-0.376,-0.045,-0.406,
-0.378,-0.428,-0.046,-0.455,
-0.305,-0.353,-0.054,-0.438,
-0.359,-0.405,-0.051,-0.472,
-0.284,-0.31,-0.05,-0.325,
-0.285,-0.305,-0.05,-0.345,
-0.291,-0.322,-0.046,-0.349,
-0.309,-0.34,-0.048,-0.35,
-0.297,-0.319,-0.056,-0.347,
-0.28,-0.311,-0.045,-0.323,
-0.279,-0.31,-0.047,-0.318,
-0.321,-0.356,-0.048,-0.373,
-0.314,-0.343,-0.05,-0.362,
-0.296,-0.32,-0.054,-0.343,
-0.288,-0.318,-0.05,-0.326,
-0.285,-0.312,-0.052,-0.322,
-0.284,-0.31,-0.051,-0.318,
-0.304,-0.331,-0.049,-0.362,
-0.285,-0.312,-0.046,-0.321,
-0.282,-0.309,-0.047,-0.317,
-0.304,-0.324,-0.048,-0.363,
-0.304,-0.333,-0.047,-0.362,
-0.278,-0.308,-0.05,-0.312,
-0.285,-0.311,-0.046,-0.327,
-0.282,-0.304,-0.053,-0.326,
-0.29,-0.306,-0.059,-0.358,
-0.305,-0.328,-0.05,-0.367,
-0.289,-0.317,-0.049,-0.333,
-0.283,-0.303,-0.053,-0.33,
-0.276,-0.306,-0.046,-0.324,
-0.279,-0.305,-0.049,-0.308,
-0.307,-0.33,-0.048,-0.369,
-0.286,-0.307,-0.049,-0.339,
-0.287,-0.314,-0.051,-0.332,
-0.301,-0.329,-0.043,-0.357,
-0.274,-0.3,-0.047,-0.305,
-0.379,-0.425,-0.048,-0.463,
-0.367,-0.394,-0.046,-0.477,
-0.288,-0.316,-0.047,-0.328,
-0.365,-0.402,-0.046,-0.467,
-0.338,-0.38,-0.054,-0.412,
-0.334,-0.342,-0.047,-0.467,
-0.353,-0.383,-0.049,-0.419,
-0.373,-0.424,-0.045,-0.449,
-0.376,-0.432,-0.044,-0.439,
-0.354,-0.4,-0.048,-0.41,
-0.357,-0.398,-0.046,-0.416,
-0.351,-0.394,-0.049,-0.421,
-0.344,-0.383,-0.04,-0.409,
-0.348,-0.401,-0.054,-0.431,
-0.37,-0.408,-0.048,-0.432,
-0.373,-0.417,-0.05,-0.444,
-0.287,-0.307,-0.046,-0.352,
-0.272,-0.296,-0.05,-0.335,
-0.283,-0.308,-0.055,-0.335,
-0.301,-0.32,-0.048,-0.363,
-0.292,-0.319,-0.049,-0.342,
-0.29,-0.313,-0.047,-0.334,
-0.293,-0.318,-0.052,-0.33,
-0.284,-0.312,-0.04,-0.325,
-0.276,-0.302,-0.043,-0.312,
-0.283,-0.311,-0.053,-0.316,
-0.301,-0.332,-0.049,-0.355,
-0.292,-0.325,-0.048,-0.327,
-0.301,-0.33,-0.048,-0.364,
-0.28,-0.305,-0.047,-0.318,
-0.292,-0.317,-0.056,-0.341,
-0.314,-0.338,-0.047,-0.365,
-0.341,-0.379,-0.047,-0.416,
-0.317,-0.349,-0.048,-0.418,
-0.387,-0.444,-0.05,-0.45,
-0.348,-0.384,-0.05,-0.413,
-0.337,-0.384,-0.049,-0.404,
-0.368,-0.423,-0.051,-0.461,
-0.38,-0.431,-0.05,-0.451,
-0.358,-0.407,-0.046,-0.411,
-0.357,-0.4,-0.051,-0.421,
-0.342,-0.378,-0.052,-0.421,
-0.382,-0.44,-0.044,-0.478,
-0.354,-0.406,-0.049,-0.427,
-0.372,-0.417,-0.051,-0.467,
-0.341,-0.379,-0.045,-0.4,
-0.349,-0.389,-0.045,-0.401,
-0.37,-0.412,-0.049,-0.455,


0.016,0.013,0.043,0,
0.012,0.013,0.051,-0.027,
-0,0,0.017,-0.018,
-0.002,-0.002,0.021,-0.019,
0.017,0.019,0.048,-0.023,
-0,0.001,0.015,-0.02,
0.042,0.034,0.107,-0.002,
0.04,0.037,0.108,-0.002,
0.001,0.004,0.019,-0.027,
0.004,0.002,0.025,-0.007,
0.011,0.01,0.026,0,
0.041,0.034,0.093,-0.005,
0.008,0.004,0.043,-0.007,
0.004,-0,0.139,-0.128,
0.002,0.002,0.01,-0.006,
0.002,-0.004,0.058,-0.03,
0.018,0.025,0.045,-0.027,
0.013,0.015,0.031,-0.005,
0.012,0.014,0.034,-0.005,
0.009,0.006,0.039,-0.004,
0.034,0.037,0.07,0,
0.013,0.007,0.056,-0.006,
0.039,0.042,0.072,-0.005,
0,-0,0.043,-0.067,
0.019,0.021,0.053,-0.024,
0.049,0.051,0.086,0,
0.018,0,0.117,-0.034,
-0,-0,0.011,-0.009,
0.078,0.077,0.121,0.002,
0.01,0.002,0.06,-0.008,
0.009,0.009,0.02,-0.002,
-0.033,-0.013,0.058,-0.14,
0.016,0,0.216,-0.073,
0.003,0.003,0.006,-0.002,
0.006,0.003,0.045,-0.042,
-0.002,0,0.011,-0.01,
-0.04,-0.038,0.04,-0.148,
-0.007,-0,0.009,-0.053,
0.034,0.033,0.117,-0.008,
0.034,0.028,0.091,-0.012,
0.038,0.031,0.089,0,
0.011,0.009,0.032,-0.003,
-0.003,0.008,0.055,-0.147,
0.045,0.034,0.105,0.004,
0.071,0.034,0.255,-0.021,
0.019,0.02,0.044,-0.011,
0.067,0.072,0.136,0,
0.004,0,0.026,-0.009,
0.002,0,0.018,-0.007,
0.051,0.032,0.208,-0.05,
0.031,0.035,0.044,-0.002,
0.01,0.007,0.049,-0.006,
0.028,0.025,0.072,-0.005,
0.03,0.043,0.071,-0.015,
0.013,0.009,0.047,-0.004,
0.032,0.021,0.087,-0.002,
0.02,0.017,0.055,-0.003,
0.044,0.042,0.082,-0.002,
0.008,0.009,0.044,-0.03,
0.017,0.012,0.044,-0.003,
0.011,0.011,0.044,-0.012,
0.023,0.018,0.073,-0.007,
0.007,0.005,0.042,-0.011,
0.03,0.027,0.084,0,
-0.002,-0,0.019,-0.037,
-0.005,-0.002,0.28,-0.119,
0.011,0.009,0.035,-0.003,
0.013,0.004,0.071,-0.017,
0.019,0.011,0.063,-0.004,
-0.003,0.001,0.023,-0.066,
0.021,0.017,0.044,-0.002,
0.009,0.006,0.033,-0.007,
0,0.001,0.007,-0.013,
0.001,-0.002,0.025,-0.006,
0.038,0.024,0.101,-0.001,
0.045,0.051,0.065,0,
0.003,0.003,0.021,-0.012,
-0.011,-0.006,0.043,-0.062,
0.022,0.024,0.042,-0.002,
0.056,0.062,0.075,-0.001,
0.012,0.009,0.034,-0.008,
0.036,0.037,0.067,-0.001,
0.002,0.001,0.009,-0.002,
0.011,0.007,0.029,-0.001,
0.007,0.005,0.044,-0.014,
0.015,0.013,0.039,-0.001,
0.023,0.005,0.108,-0.065,
-0.01,-0.001,0.014,-0.051,
-0.002,0,0.002,-0.024,
0.045,0.027,0.122,-0.001,
0.004,0.006,0.024,-0.015,
0.01,0.008,0.033,-0.004,
0.022,0.006,0.092,-0.002,
0.033,0.03,0.092,-0.04,
0.014,0.015,0.051,-0.022,
0.005,0.002,0.021,-0.003,
0.008,0.007,0.029,-0.009,
0.009,-0.001,0.061,-0.007,
0.026,0.021,0.089,-0.058,
0.047,0.052,0.105,-0.001,
0.068,0.062,0.177,0.002,
0.034,0.028,0.084,-0.01,
0.025,0.025,0.048,0,
0.021,0.02,0.073,-0.025,
0.023,0.021,0.062,0.001,
0.024,0.014,0.1,-0.003,
0.014,0.011,0.036,-0.005,
0.025,0.015,0.081,-0.009,
-0,0.004,0.014,-0.025,
0.004,0.006,0.019,-0.012,
0.054,0.033,0.244,-0.114,
0.027,0.018,0.092,-0.003,
0.044,0.048,0.085,-0.008,
0.026,0.015,0.099,-0.013,
0.073,0.071,0.12,0,
0.035,0.034,0.072,-0.001,
0.005,0.002,0.023,-0.003,
0.05,0.032,0.13,0,
0.011,0.007,0.04,-0.002,
0.025,0.017,0.08,-0.005,
0.021,0.014,0.054,-0.011,
0.013,0.008,0.054,-0.004,
0.012,0.007,0.038,-0.001,
0.017,0.008,0.064,-0.001,
0.01,0.009,0.022,0,
-0.001,0,0.002,-0.004,
0.002,-0.001,0.022,-0.006,
0.005,0.003,0.018,-0.004,
0.001,0.002,0.021,-0.027,
0.023,0.017,0.058,0.002,
-0.002,-0.001,0.018,-0.022,
0.009,0.01,0.048,-0.035,
0.009,0.004,0.18,-0.104,
0.047,0.025,0.179,-0.001,
0.058,0.061,0.099,-0.001,
0.007,0.003,0.037,-0.003,
0.033,0.037,0.063,0,
0.005,0.003,0.063,-0.025,
0.029,0.018,0.118,-0.009,
0.037,0.01,0.163,-0.007,
0.057,0.03,0.241,-0.09,
0.044,0.036,0.148,-0.055,
0.014,0.008,0.041,-0.004,
0.014,0.005,0.09,-0.007,
-0.001,-0.001,0.01,-0.013,
0.02,0.016,0.06,0,
0,-0.002,0.018,-0.011,
0.015,0.011,0.058,-0.01,
0.002,0.003,0.018,-0.029,
0.019,0.016,0.06,-0.002,
0.028,0.026,0.063,0.005,
0.016,0.007,0.059,-0.024,
0.004,0.008,0.047,-0.077,
0.002,0.002,0.015,-0.011,
0.029,0.028,0.058,0,
0.041,0.019,0.137,0.001,
0.004,0.005,0.021,-0.011,
0.038,0.036,0.079,-0.004,
0.022,0.015,0.048,0.001,
0.038,0.037,0.076,0,
0.007,-0,0.043,-0.023,
0.004,0,0.045,-0.011,
0.07,0.059,0.168,0.001,
0.007,0.007,0.02,-0.003,
0.007,0.007,0.024,-0.002,
0.007,0.002,0.033,-0.01,
0.001,0.003,0.014,-0.015,
0.036,0.034,0.073,0.001,
0.035,0.03,0.065,-0.001,
0.023,0.011,0.106,-0.05,
0.029,0.032,0.054,0.006,
0.058,0.06,0.103,-0.001,
0.011,0.009,0.048,-0.003,
0.009,0.009,0.024,-0.001,
0.011,0.003,0.109,-0.062,
0.018,0.026,0.042,-0.011,
0.02,0.02,0.075,-0.035,
-0,0.002,0.006,-0.009,
0.033,0.034,0.074,-0.001,
-0.004,-0.004,0.004,-0.012,
0.065,0.037,0.147,0,
0.04,0.037,0.091,-0.021,
0.016,0.009,0.036,-0.005,
0.019,0.007,0.066,-0.008,
0.001,0,0.007,-0.006,
-0.001,-0,0.009,-0.009,
0.025,0.016,0.068,0,
0.015,0.002,0.092,-0.07,
0.005,0,0.028,0,
0.008,0.007,0.017,-0.004,
0.006,0.013,0.075,-0.094,
0.034,0.034,0.086,-0.012,
0.018,0.016,0.051,-0.009,
-0.019,0.004,0.157,-0.171,
0.011,0.005,0.051,-0.015,
0.011,0.009,0.037,-0.007,
0.037,0.033,0.073,0.003,
0.049,0.045,0.096,-0.002,
0.011,0.006,0.054,-0.02,
0.001,0.002,0.025,-0.035,
0.018,0.019,0.05,-0.01,
0.005,0.002,0.031,-0.006,
0.009,0.005,0.048,-0.009,
0.035,0.032,0.071,0,
0.004,0.005,0.009,-0.003,
0.029,0.024,0.069,-0.056,
0.022,0.014,0.104,-0.003,
0.052,0.058,0.104,-0.016,
0.006,0.002,0.032,-0.005,
0.019,0.01,0.07,-0.009,
0.036,0.028,0.099,-0.006,
0.015,0.007,0.084,-0.009,
0.013,0.012,0.041,-0.007,
0.026,0.027,0.056,-0.007,
0.015,0.006,0.074,-0.048,
0.004,0.003,0.045,-0.014,
-0.002,-0.001,0.02,-0.017,
0.015,0.005,0.094,-0.015,
0.032,0.032,0.059,0,
0.019,0.01,0.06,0,
-0.023,-0.019,0.043,-0.086,
0.073,0.074,0.134,-0.002,
0.029,0.011,0.1,-0.005,
0.004,0.001,0.034,-0.019,
0.029,0.029,0.057,0.002,
0.034,0.028,0.101,-0.03,
0.003,0.002,0.021,-0.006,
0.008,0.002,0.053,-0.007,
0.002,0.001,0.021,-0.008,
0.035,0.031,0.075,0.001,
0.023,0.022,0.085,-0.022,
0.01,0.005,0.043,0,
0.016,0.009,0.052,-0.005,
0.003,0,0.12,-0.05,
0.058,0.062,0.098,-0.001,
-0.002,-0.001,0.027,-0.034,
-0.007,-0.005,0.023,-0.058,
0.041,0.042,0.09,-0.001,
0.021,0.013,0.068,-0.005,
0.069,0.071,0.109,-0.001,
0.012,0.01,0.025,-0.009,
0.019,0.007,0.072,-0.01,
0.004,0,0.023,-0.002,
0.018,0.018,0.04,0,
0.024,0.016,0.09,-0.004,
0.037,0.042,0.069,-0.001,
0.011,0.022,0.066,-0.099,
0.021,0.019,0.049,-0.004,
0.008,0.005,0.028,-0.002,
0.035,0.04,0.077,-0.002,
0.006,0.002,0.044,-0.013,
0.081,0.086,0.116,-0.002,
0.019,0.023,0.055,-0.008,
0.017,0.015,0.311,-0.145,
0.01,0.005,0.021,0.001,
0.001,-0.002,0.028,-0.044,
0.003,0.004,0.017,-0.009,
0.021,0.025,0.034,0.004,
0.007,0.007,0.019,-0.003,
0.032,0.026,0.077,0.003,
0.007,0.008,0.03,-0.01,
0.011,0.004,0.056,-0.009,
0.009,0.014,0.038,-0.031,
0.028,0.027,0.063,-0.004,
0.01,0.002,0.045,-0.003,
0.011,0.013,0.042,-0.014,
0.004,0,0.033,-0.005,
0.014,0.016,0.05,-0.03,
0.025,0.023,0.045,0.006,
0.01,0.002,0.06,-0.009,
0.001,0.002,0.008,-0.007,
0.036,0.014,0.164,-0.027,
0.01,0.003,0.038,-0.004,
0.01,0.005,0.03,-0.003,
0.015,0.006,0.049,-0.011,
0.048,0.049,0.076,0,
-0.004,-0.005,0.014,-0.014,
0.041,0.026,0.125,-0.004,
0.018,0.017,0.056,-0.006,
0.025,0.019,0.066,-0.006,
0.044,0.042,0.093,0.001,
0.008,0.003,0.066,-0.015,
0.014,0.011,0.033,0,
0.001,0,0.015,-0.014,
0.004,0.004,0.012,-0.003,
0.017,0.014,0.055,0,
0.028,0.027,0.052,0.002,
0.004,0.005,0.019,-0.008,
0.032,0.029,0.067,0.001,
0.005,0.006,0.058,-0.076,
0.003,-0,0.037,-0.015,
0.021,0.017,0.056,-0.002,
0.009,0.012,0.039,-0.031,
0.01,0.01,0.037,-0.021,
0.037,0.035,0.068,0.011,
-0.02,-0.013,0.05,-0.095,
0.008,0.009,0.055,-0.08,
0.017,0.022,0.037,-0.003,
0.054,0.044,0.28,-0.169,
0.015,0.009,0.05,-0.012,
0.005,0,0.039,-0.01,
0.046,0.048,0.092,0,
0.008,0.002,0.043,-0.016,
0.03,0.019,0.091,-0.012,
0,0.005,0.028,-0.028,
0.009,0,0.035,-0.002,
0.028,0.027,0.05,0,
0.004,-0.001,0.035,-0.026,
0.007,0.005,0.025,-0.007,
0.019,0.015,0.069,-0.017,
0.048,0.037,0.117,0.004,
0.056,0.065,0.096,0,
0.02,0.015,0.084,-0.001,
0.002,-0.001,0.037,-0.022,
0.045,0.035,0.168,0,
0.01,0.013,0.02,-0.001,
0.007,0.002,0.069,-0.009,
0.013,0.007,0.042,-0.022,
0.006,0.009,0.095,-0.048,
-0.003,-0.001,0.012,-0.028,
0.016,0.013,0.045,-0.003,
0.001,0.003,0.014,-0.011,
0.002,0.015,0.069,-0.166,
-0.001,0,0.014,-0.019,
0.015,0.013,0.096,-0.02,
0.013,0.005,0.055,0,
0.006,0.003,0.043,-0.007,
0.03,0.021,0.132,-0.104,
0.018,0.011,0.091,-0.058,
0.007,0.009,0.016,-0.011,
-0.032,-0.018,0.183,-0.191,
0.005,0.004,0.022,-0.012,
0.014,0.007,0.048,-0.01,
0.007,0,0.06,-0.008,
0.009,0.005,0.029,-0.003,
0.001,0.014,0.042,-0.142,
0.045,0.049,0.072,0,
0.021,0.021,0.044,-0.002,
-0.001,-0.004,0.018,-0.01,
0.037,0.039,0.064,-0.001,
0.025,0.018,0.056,-0.001,
0.05,0.052,0.102,0,
0.005,0.003,0.02,-0.009,
0.022,0.009,0.09,-0.027,
0.025,0.019,0.068,-0.012,
0.001,0,0.019,-0.019,
0.057,0.061,0.152,0,
0.009,0.005,0.024,-0.003,
0.009,0.009,0.031,-0.004,
0.015,0.01,0.053,-0.005,
0.034,0.032,0.094,-0.001,
0.025,0.012,0.155,-0.015,
0.022,0.019,0.07,-0.009,
0.006,0.006,0.018,-0.004,
-0.001,-0.002,0.009,-0.007,
0.016,0.016,0.049,-0.001,
0.032,0.027,0.073,0.004,
0.049,0,0.246,-0.093,
0.064,0.063,0.12,0,
0.061,0.062,0.098,-0.002,
0,0.002,0.027,-0.017,
0.021,0.018,0.062,-0.007,
-0.001,0.006,0.03,-0.036,
0.015,0.013,0.03,0.004,
0.015,0.014,0.042,-0.007,
0.047,0.049,0.115,-0.012,
0.057,0.061,0.096,-0.004,
0.004,0.004,0.023,-0.014,
0.041,0.043,0.111,-0.02,
0.023,0.018,0.094,-0.021,
0.013,0.003,0.05,-0.005,
0.027,0.018,0.064,0.004,
0.016,0.012,0.043,-0.002,
0.064,0.072,0.133,0,
0.029,0.032,0.078,-0.053,
0.011,0.014,0.032,-0.016,
0.021,0.013,0.121,-0.022,
0.009,0.007,0.03,-0.001,
0.01,0.001,0.074,-0.015,
0.013,0.015,0.026,-0.001,
0.015,0.003,0.178,-0.063,
0.028,0.021,0.094,0,
0.04,0.041,0.084,0,
0.002,0.002,0.026,-0.015,
0.063,0.071,0.087,-0.001,
0.04,0.03,0.093,0,
0.033,0.02,0.13,-0.007,
0.009,0.006,0.053,-0.014,
0.024,0.019,0.075,0.002,
0.007,0.005,0.024,-0.006,
0.008,0.011,0.03,-0.038,
0.039,0.039,0.084,0.005,
0.004,0.004,0.02,-0.013,
0.008,0.009,0.026,-0.01,
0.014,0.008,0.06,-0.005,
0.002,-0.001,0.035,-0.02,
0.004,0.003,0.016,-0.003,
0.034,0.043,0.088,-0.033,
0.031,0.018,0.085,-0.016,
0.022,0.02,0.053,-0.001,
0.016,0.01,0.041,0,
0.051,0.053,0.082,0.004,
0.006,0.005,0.02,-0.004,
-0.002,0,0.029,-0.041,
0.021,0.006,0.117,-0.006,
0.016,0.006,0.064,-0.002,
0.017,0.009,0.048,-0.001,
0.01,0.008,0.041,-0.023,
0.009,0.003,0.04,-0.016,
0.001,0,0.011,-0.014,
0.031,0.032,0.071,-0.006,
0.012,0.005,0.069,-0.03,
0.014,0.013,0.039,-0.012,
0.021,0.025,0.072,-0.035,
0.04,0.042,0.076,0.001,
0.003,0.002,0.026,-0.012,
0.022,0.021,0.051,-0.006,
0.012,0.021,0.091,-0.076,
0.004,0.002,0.072,-0.042,
0.008,0.009,0.02,-0.002,
-0.001,0.003,0.014,-0.034,
0.025,0.026,0.067,-0.006,
0.035,0.028,0.083,0.001,
0.014,0.007,0.059,-0.014,
0.05,0.044,0.086,-0.001,
0.003,0.001,0.021,-0.011,
0.005,-0.002,0.037,-0.024,
0.056,0.051,0.096,-0.004,
0.031,0.035,0.062,-0.006,
0.001,0,0.017,-0.013,
0.009,0.003,0.029,-0.001,
0.004,0.004,0.011,-0.004,
0.013,0.008,0.057,-0.005,
0.023,0.02,0.039,0.001,
0.051,0.05,0.097,0.003,
0.007,0.005,0.022,-0.008,
0.001,0,0.025,-0.014,
0.007,0.007,0.024,-0.004,
0.012,0.006,0.086,-0.063,
0.006,0.003,0.043,-0.008,
0.004,0.002,0.014,-0.005,
0.005,-0.005,0.178,-0.099,
0.022,0.025,0.061,-0.022,
0.034,0.035,0.103,-0.002,
0.004,0.002,0.04,-0.011,
0.019,0.016,0.043,-0.001,
0.008,0.004,0.035,-0.006,
0.04,0.044,0.06,0,
0.033,0.029,0.097,0.001,
0.026,0.016,0.085,-0.017,
0.025,0.024,0.053,0.001,
0.024,0.019,0.049,0.001,
0.012,0.002,0.072,-0.017,
0.002,0.002,0.014,-0.004,
0.006,0.003,0.061,-0.05,
0.017,0.004,0.066,-0.014,
0.016,0.02,0.041,-0.034,
0.047,0.048,0.096,-0.006,
0.004,0.002,0.024,-0.003,
0.003,0,0.028,-0.005,
0.017,0.007,0.07,-0.002,
0.007,0.002,0.052,-0.037,
0.019,0.015,0.053,0,
0.009,0.003,0.051,-0.006,
0.013,0.01,0.057,-0.008,
0.01,0.009,0.028,-0.002,
0.001,-0.003,0.032,-0.025,
0.018,0.017,0.035,-0.006,
0.006,0.004,0.027,0,
0.014,0.014,0.035,-0.005,
0.02,0.013,0.079,-0.005,
0.018,0.013,0.062,-0.01,
0.003,0,0.014,-0.006,
0.002,-0.002,0.029,-0.012,
0.035,0.042,0.069,-0.005,
0.01,0.003,0.042,-0.001,
0.006,0.004,0.027,-0.007,
0.003,0.005,0.019,-0.012,
0.001,0,0.009,-0.004,
0.013,0.004,0.061,-0.034,
0.048,0.046,0.11,-0.001,
0.036,0.031,0.136,-0.055,
0.035,0.026,0.115,-0.004,
0.002,0,0.032,-0.01,
0.035,0.027,0.08,0,
0.001,-0.003,0.017,-0.009,
0.013,0.011,0.035,0.001,
0.002,0.002,0.009,-0.009,
0.025,0.021,0.061,-0.004,
0.009,0.012,0.019,-0.008,
0.021,0.011,0.093,-0.005,
0.003,0.003,0.023,-0.039,
0.021,0.022,0.057,-0.024,
0.036,0.018,0.129,-0.001,
0.01,0.013,0.028,-0.01,
-0.002,0,0.01,-0.026,
-0.001,0.001,0.041,-0.039,
0.004,0.003,0.025,-0.008,
0.049,0.051,0.093,0.003,
0.013,0.01,0.039,-0.004,
0.015,0.007,0.073,-0.001,
0.003,0.002,0.05,-0.022,
0.028,0.028,0.056,-0.001,
0.014,0.007,0.058,-0.004,
0.055,0.053,0.101,-0.004,
0.003,0,0.021,-0.005,
0.033,0.022,0.085,-0.013,
0.003,0,0.013,-0.003,
0.015,0.01,0.048,-0.004,
0.001,0,0.015,-0.011,
0.011,0.009,0.045,-0.02,
0.015,0.007,0.083,-0.001,
0.024,0.041,0.058,-0.075,
0,0.001,0.009,-0.016,
0.011,0.009,0.033,0,
0.023,0.025,0.125,-0.08,
0.018,0.013,0.048,0,
0.054,0.053,0.147,-0.048,
0.022,0.015,0.094,-0.023,
0.005,0.009,0.057,-0.08,
0.065,0.052,0.159,0,
0.027,0.022,0.078,-0.028,
0.022,0.021,0.046,0,
0.02,0.012,0.086,-0.002,
0.027,0.022,0.08,-0.003,
0.005,0.007,0.012,-0.005,
0.022,0.004,0.117,0,
0.04,0.042,0.078,0.004,
0.016,0.01,0.045,-0.01,
0.005,0.006,0.037,-0.032,
-0.001,-0.001,0.006,-0.009,
0.013,0.01,0.031,0,
0.02,0.021,0.062,-0.008,
0.04,0.042,0.081,-0.006,
0.05,0.05,0.106,0,
0.006,0.002,0.053,-0.01,
0.05,0.058,0.091,0.001,
-0.004,-0.006,0.115,-0.152,
0.008,0.003,0.042,-0.018,
0.033,0.037,0.082,-0.007,
0.028,0.032,0.078,-0.005,
0.036,0.033,0.08,0,
0.064,0.067,0.143,-0.03,
0.035,0.066,0.094,-0.072,
-0.005,0,0.051,-0.065,
0.078,0.035,0.225,-0.005,
-0.001,0,0.017,-0.042,
0.02,0.013,0.08,-0.009,
0.022,0.021,0.093,-0.052,
0.068,0.057,0.182,-0.001,
0.03,0.018,0.159,-0.033,
0.072,0.086,0.109,-0.006,
0.028,0.03,0.072,-0.028,
0.006,0,0.112,-0.089,
0.061,0.048,0.199,-0.004,
0.073,0.068,0.128,0.005,
0.051,0.052,0.24,-0.25,
0.067,0.037,0.232,-0.017,
0.028,0.032,0.074,-0.012,
0.005,0.025,0.136,-0.192,
-0.008,-0.001,0.033,-0.093,
0.041,0.047,0.095,-0.033,
0.018,0.018,0.041,-0.008,
0.027,0.01,0.136,-0.018,
0.043,0.035,0.139,-0.034,
0.056,0.047,0.1,0.002,
0.027,0.01,0.129,0,
0.048,0.046,0.092,0.002,
0.099,0.112,0.232,0,
0.079,0.081,0.183,-0.023,
0.002,0.001,0.019,-0.014,
0.047,0.061,0.121,-0.068,
-0.029,-0.026,0.048,-0.116,
0.029,0.032,0.054,-0.005,
0.078,0.071,0.146,0.007,
0.052,0.033,0.218,-0.013,
0.01,0,0.094,-0.01,
0.033,0.019,0.112,-0.017,
0.076,0.085,0.146,0,
0.033,0.029,0.075,-0.002,
0.031,0.043,0.071,-0.015,
-0,0.009,0.132,-0.121,
0.04,0.038,0.069,0.001,
0.025,0.008,0.07,-0.016,
0.069,0.07,0.173,-0.002,
0.006,0,0.047,-0.012,
0.02,0.029,0.042,-0.015,
0.007,0.003,0.046,-0.014,
0.013,0.001,0.049,-0.01,
0.047,0.041,0.099,-0.006,
0.077,0.08,0.119,0.001,
-0.007,0.016,0.223,-0.261,
0.036,0.021,0.106,0.005,
0.076,0.065,0.182,0,
0.033,0.032,0.07,0,
0.075,0.082,0.129,0,
0.041,0.034,0.096,0,
0.031,0.022,0.143,-0.061,
0.04,0.02,0.205,-0.026,
-0.005,-0.029,0.158,-0.18,
0.049,0.051,0.095,0,
0.062,0.065,0.112,0,
0.035,0.025,0.093,0,
0.028,0.023,0.062,-0.004,
0.042,0.045,0.096,-0.001,
0.07,0.075,0.124,-0.002,
0.056,0.056,0.094,-0.001,
0.04,0.042,0.073,-0.002,
0.041,0.023,0.132,-0.015,
0.058,0.069,0.121,-0.065,
0.019,0.026,0.072,-0.025,
0.04,0.028,0.109,0,
0.07,0.087,0.108,-0.001,
0.025,0.03,0.056,-0.015,
0.075,0.073,0.138,0.001,
-0.022,-0.001,0.073,-0.148,
0.063,0.066,0.119,0.001,
0.039,0.02,0.182,-0.009,
0.019,0.008,0.066,-0.001,
0.031,0.029,0.103,-0.005,
0.018,0.017,0.084,-0.111,
0.081,0.09,0.144,0.002,
0.053,0.045,0.156,-0.016,
0.025,0.025,0.049,-0.007,
0.042,0.034,0.106,-0.011,
0.034,0.025,0.076,0.001,
0.032,0.024,0.152,-0.028,
0.002,0.019,0.074,-0.158,
0.04,0.028,0.126,-0.005,
0.002,-0.002,0.15,-0.117,
0.068,0.069,0.103,0.004,
0.062,0.015,0.237,-0.038,
0.073,0.083,0.153,-0.001,
0.054,0.033,0.199,-0.02,
0.025,0.026,0.06,-0.013,
0.058,0.062,0.098,-0.001,
0.026,0.025,0.074,-0.005,
0.004,0.001,0.049,-0.042,
0.03,0.03,0.083,-0.024,
-0.001,0.007,0.07,-0.12,
0.036,0.023,0.099,0.001,
0.034,0.024,0.082,0,
0.081,0.071,0.232,0,
0.019,0.019,0.077,-0.028,
0.064,0.069,0.109,0.001,
0.059,0.053,0.11,0,
0.019,0.009,0.086,-0.006,
0.031,0.03,0.07,0,
0.028,0.066,0.13,-0.176,
0.048,0.054,0.068,-0.001,
0.022,0.023,0.07,-0.012,
0.028,0.011,0.154,-0.04,
0.03,0.026,0.083,-0.024,
0.001,0,0.066,-0.102,
0.002,0.001,0.034,-0.036,
0.078,0.077,0.149,-0.006,
0.018,0.026,0.079,-0.058,
0.052,0.037,0.171,-0.005,
0.032,0.037,0.058,0.005,
0.015,0.013,0.063,-0.037,
0.027,0.011,0.229,-0.098,
0.061,0.059,0.123,-0.009,
0.061,0.074,0.08,0,
0.046,0.045,0.108,-0.04,
-0.006,-0.003,0.066,-0.08,
0.015,0.007,0.063,-0.021,
0.013,0.009,0.075,-0.024,
0.035,0.04,0.073,-0.001,
0.025,0.032,0.122,-0.094,
0.015,0.01,0.075,-0.027,
0.049,0.04,0.196,-0.097,
0.043,0.044,0.092,0.002,
0.077,0.049,0.293,-0.073,
-0.002,0.003,0.023,-0.057,
0.064,0.047,0.179,-0.002,
0.065,0.035,0.17,-0.014,
0.007,0.001,0.064,-0.021,
0.049,0.021,0.166,-0.075,
0.083,0.09,0.152,0,
0.074,0.064,0.155,0,
0.082,0.093,0.147,0.001,
0.035,0.035,0.12,-0.025,
0.034,0.018,0.129,-0.007,
0.024,0.013,0.141,-0.088,
0.037,0.038,0.091,-0.005,
0.006,0.007,0.036,-0.012,
0.052,0.037,0.129,0.002,
-0.01,-0.001,0.034,-0.082,
-0.018,-0.017,0.059,-0.145,
0.033,0.021,0.138,-0.074,
0.042,0.037,0.082,0.003,
-0.001,0.008,0.046,-0.105,
0.013,0.009,0.07,-0.056,
0.028,0.02,0.13,-0.125,
0.012,0.007,0.06,-0.012,
0.039,0.04,0.065,0.002,
0.061,0.035,0.199,-0.013,
0.087,0.087,0.148,0.002,
0.024,0.018,0.067,-0.005,
0.005,-0.003,0.094,-0.113,
0.011,0.003,0.053,-0.034,
0.017,0.014,0.037,-0.004,
0.086,0.097,0.18,-0.017,
0.02,0.011,0.162,-0.076,
0.006,0.009,0.107,-0.071,
0.019,0.02,0.04,-0.002,
0.018,0.022,0.085,-0.052,
0.038,0.036,0.095,-0.028,
0.022,0.016,0.12,-0.074,
-0.051,-0.017,0.101,-0.254,
0.078,0.065,0.18,0.002,
0.027,0.018,0.106,-0.079,
0.029,0.029,0.092,-0.021,
0.03,0.028,0.083,-0.023,
0.062,0.06,0.122,-0.001,
0.008,0.005,0.053,-0.051,
-0.003,-0.011,0.035,-0.028,
0.09,0.081,0.267,0,
0.024,0.016,0.113,-0.039,
-0.017,-0.005,0.02,-0.097,
0.021,0.021,0.053,0,
0.06,0.054,0.135,0,
0.046,0.04,0.104,-0.002,
0.058,0.025,0.166,-0.016,
0.015,0.009,0.09,-0.033,
0.03,0.031,0.08,-0.008,
0.035,0.023,0.131,-0.013,
0.036,0.042,0.056,0,
0.012,0.01,0.113,-0.11,
0.035,0.033,0.098,-0.015,
0.039,0.033,0.144,-0.001,
0.054,0.051,0.091,0,
0.015,0.004,0.078,-0.034,
0.047,0.061,0.258,-0.095,
0.017,0.016,0.052,-0.015,
0.047,0.034,0.105,-0.007,
0.026,0.023,0.11,-0.053,
-0.01,0.003,0.057,-0.131,
0.013,0.016,0.068,-0.055,
0.08,0.085,0.163,-0.001,
0.069,0.076,0.132,-0.013,
0.011,0.019,0.038,-0.04,
0.029,0.012,0.176,-0.039,
0.025,0.026,0.082,-0.023,
0.029,0.033,0.071,0.001,
0.019,0.017,0.056,-0.01,
0.017,0.006,0.076,-0.009,
0.061,0.05,0.167,0.001,
0.021,0.009,0.081,-0.004,
0.078,0.08,0.182,0.001,
0.031,0.034,0.123,-0.066,
0.085,0.088,0.155,0,
0.038,0.036,0.065,0,
0.084,0.088,0.116,-0.004,
0.015,0.009,0.055,-0.031,
0.099,0.11,0.141,0,
0.079,0.076,0.187,0.001,
0.035,0.029,0.093,-0.026,
0.057,0.054,0.122,0.008,
0.041,0.047,0.071,-0.001,
0.025,0.034,0.105,-0.052,
0.036,0.056,0.076,-0.091,
0.058,0.059,0.098,0,
0.04,0.045,0.119,-0.026,
0.004,0,0.04,-0.026,
0.032,0.03,0.093,-0.005,
0.022,0.018,0.095,-0.063,
0.057,0.04,0.16,-0.01,
0.038,0.032,0.095,-0.002,
0.043,0.026,0.1,0.005,
0.05,0.028,0.202,-0.054,
0.026,0.027,0.07,-0.008,
0.027,0.029,0.079,-0.019,
-0.002,-0.011,0.085,-0.071,
0.017,0.025,0.098,-0.156,
0.004,0.008,0.059,-0.057,
0.009,0.019,0.051,-0.061,
0.041,0.025,0.153,-0.043,
-0.006,-0,0.032,-0.082,
0.045,0.049,0.101,-0.007,
0.024,0.036,0.09,-0.108,
0.052,0.05,0.118,-0.002,
-0.034,-0.007,0.058,-0.143,
0.081,0.095,0.159,0,
0.043,0.037,0.076,-0.001,
0.027,0.029,0.078,-0.066,
0.029,0.032,0.06,-0.004,
0.011,0.005,0.069,-0.035,
0.022,0.029,0.067,-0.046,
0.025,0.037,0.056,-0.032,
0.062,0.067,0.094,0.004,
0.017,0.01,0.085,-0.007,
0.036,0.041,0.123,-0.033,
0.014,0.015,0.108,-0.069,
0.049,0.038,0.119,0.004,
0.027,0.021,0.098,-0.053,
0.051,0.045,0.148,-0.024,
0.03,0.028,0.062,0,
0.037,0.022,0.13,-0.001,
0.03,0.026,0.096,-0.004,
0.022,0.014,0.058,0.002,
0.149,0.159,0.247,0.001,
0.034,0.022,0.107,0,
0.037,0.018,0.166,-0.04,
0.044,0.041,0.108,0.004,
0.034,0.051,0.183,-0.119,
0.087,0.057,0.256,0.001,
0.049,0.055,0.148,-0.048,
0.039,0.036,0.076,-0.003,
-0.018,-0.007,0.093,-0.123,
0.012,0.003,0.085,-0.084,
0.055,0.057,0.111,-0.012,
0.031,0.031,0.055,0.002,
0.011,0.005,0.085,-0.073,
0.043,0.041,0.168,-0.054,
0.023,0.029,0.117,-0.076,
0.088,0.098,0.173,-0.001,
0.029,0.014,0.081,0,
0.051,0.041,0.176,-0.02,
0.035,0.029,0.095,-0.005,
0.007,0.01,0.061,-0.047,
0.081,0.082,0.137,-0.001,
0.02,0.026,0.047,-0.024,
0.03,0.04,0.072,-0.048,
0.05,0.047,0.121,0.005,
0.038,0.039,0.107,-0.013,
0.018,0.003,0.096,-0.037,
0.081,0.087,0.163,-0.002,
0.061,0.067,0.112,0.005,
0.087,0.089,0.162,0.005,
0.05,0.018,0.218,-0.084,
0.077,0.074,0.273,-0.057,
0.05,0.053,0.122,-0.002,
0.045,0.048,0.114,-0.005,
0.024,0.031,0.073,-0.03,
0.068,0.069,0.102,0,
0.013,0.015,0.048,-0.051,
0.037,0.014,0.193,-0.034,
0.08,0.093,0.125,0,
0.019,-0.023,0.314,-0.085,
0.071,0.051,0.173,0.004,
0.05,0.036,0.106,0.001,
0.051,0.026,0.233,-0.016,
0.049,0.056,0.083,-0.001,
0.054,0.051,0.172,-0.034,
0.059,0.043,0.152,-0.004,
0.053,0.036,0.184,0,
-0.005,-0,0.05,-0.038,
-0.001,0.001,0.076,-0.042,
0.037,0.05,0.08,-0.069,
0.062,0.075,0.135,-0.026,
0.012,0.019,0.043,-0.04,
0.054,0.048,0.214,-0.007,
0.061,0.045,0.154,-0.026,
0.038,0.034,0.08,-0.001,
0.049,0.059,0.096,0.001,
0.032,0.029,0.121,-0.032,
0.025,0.022,0.059,-0.008,
0.051,0.041,0.111,0,
0.058,0.058,0.107,0.002,
0.041,0.032,0.208,-0.08,
0.054,0.049,0.128,-0.004,
0.074,0.086,0.124,0,
0.022,0.033,0.041,-0.019,
0.031,0.046,0.279,-0.218,
0.045,0.045,0.087,0.001,
0.016,0.003,0.045,-0.003,
0.065,0.058,0.146,0,
0.048,0.05,0.134,-0.013,
0.015,0.009,0.108,-0.028,
-0.002,-0.006,0.03,-0.02,
0.007,0.004,0.107,-0.093,
0.016,0.029,0.044,-0.022,
0.084,0.059,0.187,0,
0.076,0.061,0.235,0.001,
0.003,0.002,0.059,-0.048,
0.026,0.016,0.075,-0.01,
0.011,0.015,0.066,-0.051,
0.038,0.033,0.091,0.002,
0.071,0.053,0.177,-0.037,
0.034,0.039,0.103,-0.013,
0.016,0.023,0.078,-0.039,
0.041,0.037,0.134,-0.001,
0.063,0.057,0.151,-0.002,
0.051,0.044,0.124,-0.002,
-0.014,0.016,0.109,-0.18,
0.044,0.05,0.098,-0.025,
0.031,0.034,0.072,-0.011,
0.017,0.017,0.066,-0.033,
0.057,0.057,0.084,0.001,
0.009,0.002,0.081,-0.046,
0.01,0.009,0.057,-0.045,
0.027,0.034,0.069,-0.044,
0.012,0.017,0.219,-0.167,
0.031,0.015,0.151,-0.126,
0.036,0.041,0.112,-0.073,
0.06,0.076,0.133,-0.031,
0.025,0.029,0.085,-0.065,
0.059,0.054,0.13,0.001,
0.042,0.046,0.075,0.002,
0.021,0.015,0.093,-0.047,
0.102,0.101,0.184,0,
0.023,0.002,0.172,0,
0.021,0.006,0.103,-0.039,
0.035,0.026,0.128,-0.001,
-0.015,0,0.085,-0.114,
0.037,0.024,0.125,0,
0.047,0.048,0.099,-0.001,
-0.001,0,0.058,-0.051,
0.077,0.049,0.215,-0.009,
0.051,0.048,0.127,-0.007,
0.082,0.085,0.174,0.001,
0.075,0.049,0.221,-0.004,
0.037,0.014,0.206,-0.093,
0.035,0.032,0.169,-0.21,
0.044,0.026,0.186,-0.104,
0.02,0.01,0.096,-0.036,
0.006,0.005,0.027,-0.009,
-0.025,0.012,0.063,-0.293,
0.026,0.036,0.085,-0.052,
0.009,0.007,0.047,-0.029,
-0.001,-0.002,0.025,-0.024,
0.01,0.009,0.045,-0.003,
-0.001,-0.004,0.013,-0.016,
0.029,0.03,0.063,0.001,
0.018,0.018,0.051,-0.007,
0.014,0.005,0.055,-0.003,
0.003,0.002,0.024,-0.016,
0.004,0.001,0.028,-0.016,
0.022,0.017,0.063,0,
0.018,0.011,0.065,-0.011,
0.014,0.014,0.027,0,
0.002,0,0.021,-0.004,
0,0.002,0.042,-0.056,
0.012,0.011,0.026,0,
0.003,0.004,0.014,-0.022,
0.048,0.062,0.132,-0.016,
0.046,0.038,0.127,0,
0.007,0.004,0.046,-0.026,
0.012,0.009,0.075,-0.022,
0.006,0.005,0.021,-0.011,
-0.013,-0.001,0.083,-0.125,
0.006,0.002,0.03,-0.005,
0.015,0.019,0.03,-0.018,
0.055,0.054,0.092,0.002,
0.009,0.007,0.028,-0.013,
0.049,0.041,0.092,0.004,
0.003,0.003,0.021,-0.009,
0.019,0.024,0.053,-0.018,
0.022,0.019,0.084,-0.006,
0.013,0.01,0.089,-0.026,
0.01,0.005,0.031,-0.005,
0.053,0.063,0.106,0,
-0.004,0.026,0.177,-0.172,
0.008,0.009,0.018,-0.001,
-0.008,-0.011,0.057,-0.081,
0.048,0.024,0.127,-0.002,
-0.054,-0.053,0.015,-0.146,
0.029,0.019,0.073,0,
0.037,0.018,0.124,-0.005,
0.019,0.018,0.049,-0.021,
0.086,0.098,0.119,0.002,
0.015,0.014,0.042,-0.012,
0.109,0.113,0.169,0.001,
0.011,0.017,0.068,-0.075,
0.032,0.013,0.181,-0.11,
0.086,0.085,0.165,0.007,
0.066,0.041,0.15,-0.005,
0.011,0.003,0.078,-0.032,
-0.016,-0.003,0.042,-0.093,
0.042,0.028,0.11,-0.005,
0.02,0.028,0.061,-0.031,
0.064,0.069,0.094,-0.001,
0.002,0.001,0.015,-0.014,
0.012,0.007,0.068,-0.012,
0.006,0.006,0.016,-0.006,
0.004,0,0.039,-0.011,
0.035,0.025,0.084,-0.001,
0.02,0.021,0.097,-0.037,
0.007,0.006,0.039,-0.006,
0.053,0.051,0.137,-0.003,
0.008,0.002,0.052,-0.004,
0.019,0.014,0.056,-0.005,
0.016,0.003,0.072,-0.005,
0.037,0.035,0.108,0,
0.01,0.007,0.061,-0.022,
0.072,0.073,0.186,0,
0.055,0.055,0.117,0,
0.029,0.028,0.074,-0.06,
0.001,0.007,0.058,-0.099,
0.037,0.033,0.092,-0.011,
0.075,0.078,0.123,0.001,
0.055,0.052,0.085,0.004,
0.041,0.052,0.095,-0.052,
0.035,0.041,0.096,-0.035,
0.007,0.005,0.062,-0.072,
0.01,0.013,0.105,-0.141,
0.059,0.065,0.09,0,
0.032,0.031,0.064,-0.004,
0.042,0.02,0.145,-0.017,




Further Data analysis of all test cases 
avg med max min 
AVGs,-0.319,-0.302,-0.233,-0.417,
MEDs,-0.352,-0.331,-0.265,-0.47,
MAXs,-0.049,-0.049,0.012,-0.068,
MINs,-0.38,-0.362,-0.301,-0.502,


AVGs,0.026,0.021,0.149,-0.054,
MEDs,0.023,0.017,0.159,-0.053,
MAXs,0.082,0.072,0.314,0.002,
MINs,-0.023,-0.008,0.011,-0.293,



