

Data analysis for each instance 
AVG,MED,MAX,MIN
-0.275,-0.303,-0.047,-0.314,
-0.272,-0.296,-0.045,-0.317,
-0.267,-0.293,-0.043,-0.307,
-0.274,-0.3,-0.048,-0.315,
-0.275,-0.302,-0.05,-0.325,
-0.286,-0.314,-0.045,-0.326,
-0.278,-0.305,-0.051,-0.319,
-0.278,-0.296,-0.052,-0.344,
-0.288,-0.316,-0.048,-0.325,
-0.273,-0.297,-0.05,-0.308,
-0.283,-0.311,-0.047,-0.314,
-0.257,-0.306,-0.048,-0.319,
-0.277,-0.301,-0.048,-0.32,
-0.243,-0.26,-0.047,-0.294,
-0.281,-0.308,-0.048,-0.317,
-0.249,-0.273,-0.05,-0.301,
-0.276,-0.299,-0.046,-0.315,
-0.283,-0.31,-0.049,-0.317,
-0.208,-0.211,-0.05,-0.305,
-0.283,-0.311,-0.051,-0.317,
-0.279,-0.307,-0.051,-0.328,
-0.278,-0.304,-0.052,-0.314,
-0.287,-0.314,-0.046,-0.33,
-0.288,-0.314,-0.044,-0.338,
-0.282,-0.312,-0.047,-0.321,
-0.29,-0.322,-0.049,-0.335,
-0.262,-0.279,-0.055,-0.322,
-0.274,-0.301,-0.044,-0.308,
-0.264,-0.288,-0.049,-0.312,
-0.276,-0.301,-0.05,-0.311,
-0.278,-0.304,-0.047,-0.31,
-0.236,-0.254,-0.06,-0.312,
-0.241,-0.272,-0.056,-0.307,
-0.272,-0.296,-0.045,-0.309,
-0.254,-0.27,-0.05,-0.318,
-0.256,-0.286,-0.052,-0.315,
-0.219,-0.23,-0.052,-0.293,
-0.297,-0.33,-0.053,-0.332,
-0.275,-0.299,-0.047,-0.325,
-0.291,-0.32,-0.052,-0.329,
-0.284,-0.308,-0.051,-0.324,
-0.279,-0.306,-0.047,-0.319,
-0.243,-0.274,-0.049,-0.32,
-0.287,-0.318,-0.053,-0.33,
-0.262,-0.287,-0.051,-0.309,
-0.287,-0.314,-0.047,-0.33,
-0.271,-0.295,-0.052,-0.317,
-0.276,-0.295,-0.049,-0.351,
-0.284,-0.315,-0.046,-0.32,
-0.282,-0.303,-0.045,-0.324,
-0.28,-0.307,-0.048,-0.316,
-0.28,-0.308,-0.045,-0.318,
-0.281,-0.307,-0.05,-0.315,
-0.279,-0.291,-0.054,-0.349,
-0.282,-0.309,-0.051,-0.32,
-0.283,-0.311,-0.047,-0.318,
-0.289,-0.318,-0.046,-0.329,
-0.289,-0.318,-0.05,-0.324,
-0.283,-0.308,-0.038,-0.34,
-0.273,-0.293,-0.05,-0.318,
-0.222,-0.23,-0.062,-0.293,
-0.294,-0.323,-0.047,-0.339,
-0.283,-0.31,-0.046,-0.316,
-0.261,-0.291,-0.05,-0.345,
-0.273,-0.301,-0.051,-0.312,
-0.239,-0.257,-0.055,-0.303,
-0.275,-0.295,-0.042,-0.315,
-0.273,-0.298,-0.048,-0.311,
-0.275,-0.302,-0.05,-0.327,
-0.279,-0.308,-0.051,-0.334,
-0.28,-0.307,-0.049,-0.314,
-0.268,-0.308,-0.05,-0.325,
-0.283,-0.31,-0.05,-0.318,
-0.289,-0.318,-0.055,-0.346,
-0.278,-0.306,-0.044,-0.312,
-0.269,-0.3,-0.05,-0.324,
-0.275,-0.298,-0.05,-0.31,
-0.249,-0.257,-0.052,-0.321,
-0.283,-0.312,-0.047,-0.319,
-0.283,-0.311,-0.047,-0.317,
-0.271,-0.296,-0.046,-0.312,
-0.285,-0.311,-0.047,-0.318,
-0.275,-0.311,-0.047,-0.342,
-0.276,-0.304,-0.043,-0.307,
-0.267,-0.293,-0.047,-0.301,
-0.26,-0.291,-0.049,-0.333,
-0.196,-0.179,-0.048,-0.304,
-0.282,-0.305,-0.049,-0.326,
-0.292,-0.3,-0.049,-0.39,
-0.266,-0.289,-0.044,-0.301,
-0.277,-0.303,-0.045,-0.311,
-0.278,-0.304,-0.049,-0.33,
-0.238,-0.27,-0.047,-0.311,
-0.273,-0.296,-0.047,-0.337,
-0.284,-0.309,-0.048,-0.324,
-0.263,-0.293,-0.049,-0.311,
-0.276,-0.299,-0.048,-0.312,
-0.279,-0.303,-0.047,-0.327,
-0.288,-0.314,-0.048,-0.349,
-0.273,-0.295,-0.054,-0.341,
-0.288,-0.318,-0.054,-0.327,
-0.285,-0.318,-0.046,-0.324,
-0.291,-0.322,-0.043,-0.329,
-0.271,-0.292,-0.055,-0.345,
-0.283,-0.311,-0.052,-0.321,
-0.28,-0.308,-0.05,-0.31,
-0.267,-0.314,-0.051,-0.334,
-0.272,-0.294,-0.051,-0.317,
-0.253,-0.296,-0.048,-0.323,
-0.276,-0.308,-0.049,-0.312,
-0.252,-0.29,-0.048,-0.319,
-0.291,-0.32,-0.038,-0.338,
-0.255,-0.29,-0.051,-0.323,
-0.287,-0.312,-0.048,-0.319,
-0.232,-0.248,-0.047,-0.319,
-0.276,-0.297,-0.051,-0.319,
-0.279,-0.301,-0.049,-0.326,
-0.277,-0.302,-0.049,-0.329,
-0.279,-0.308,-0.049,-0.314,
-0.285,-0.314,-0.052,-0.322,
-0.279,-0.308,-0.052,-0.314,
-0.268,-0.286,-0.048,-0.313,
-0.281,-0.307,-0.047,-0.318,
-0.275,-0.303,-0.047,-0.313,
-0.274,-0.296,-0.048,-0.317,
-0.279,-0.301,-0.048,-0.316,
-0.284,-0.31,-0.049,-0.324,
-0.281,-0.307,-0.047,-0.315,
-0.275,-0.298,-0.05,-0.311,
-0.285,-0.31,-0.052,-0.323,
-0.276,-0.304,-0.049,-0.314,
-0.24,-0.273,-0.047,-0.317,
-0.239,-0.289,-0.054,-0.324,
-0.255,-0.275,-0.049,-0.312,
-0.288,-0.315,-0.049,-0.326,
-0.285,-0.314,-0.048,-0.33,
-0.278,-0.307,-0.053,-0.375,
-0.277,-0.306,-0.047,-0.31,
-0.286,-0.315,-0.05,-0.338,
-0.244,-0.289,-0.049,-0.321,
-0.275,-0.302,-0.043,-0.328,
-0.275,-0.288,-0.057,-0.379,
-0.278,-0.306,-0.045,-0.327,
-0.274,-0.297,-0.049,-0.312,
-0.28,-0.304,-0.055,-0.315,
-0.275,-0.301,-0.045,-0.316,
-0.279,-0.303,-0.053,-0.313,
-0.263,-0.293,-0.053,-0.305,
-0.268,-0.295,-0.051,-0.304,
-0.285,-0.307,-0.05,-0.343,
-0.292,-0.321,-0.044,-0.338,
-0.269,-0.295,-0.053,-0.308,
-0.277,-0.298,-0.057,-0.319,
-0.279,-0.308,-0.045,-0.318,
-0.263,-0.302,-0.051,-0.315,
-0.284,-0.315,-0.048,-0.328,
-0.28,-0.306,-0.052,-0.314,
-0.28,-0.308,-0.046,-0.315,
-0.293,-0.316,-0.044,-0.339,
-0.281,-0.304,-0.05,-0.317,
-0.259,-0.289,-0.046,-0.317,
-0.266,-0.288,-0.049,-0.31,
-0.242,-0.271,-0.052,-0.316,
-0.273,-0.29,-0.051,-0.327,
-0.288,-0.319,-0.057,-0.342,
-0.275,-0.302,-0.044,-0.31,
-0.276,-0.306,-0.048,-0.319,
-0.294,-0.321,-0.051,-0.347,
-0.278,-0.307,-0.044,-0.312,
-0.245,-0.286,-0.055,-0.319,
-0.273,-0.293,-0.054,-0.329,
-0.29,-0.319,-0.049,-0.329,
-0.303,-0.334,-0.05,-0.366,
-0.281,-0.308,-0.049,-0.313,
-0.276,-0.3,-0.054,-0.313,
-0.292,-0.315,-0.042,-0.351,
-0.291,-0.315,-0.053,-0.335,
-0.277,-0.307,-0.047,-0.314,
-0.286,-0.31,-0.047,-0.32,
-0.275,-0.298,-0.052,-0.315,
-0.283,-0.315,-0.05,-0.336,
-0.269,-0.289,-0.051,-0.337,
-0.285,-0.312,-0.042,-0.318,
-0.279,-0.302,-0.053,-0.317,
-0.279,-0.305,-0.048,-0.314,
-0.275,-0.304,-0.046,-0.313,
-0.277,-0.307,-0.05,-0.336,
-0.283,-0.305,-0.055,-0.359,
-0.285,-0.301,-0.054,-0.389,
-0.281,-0.305,-0.041,-0.322,
-0.234,-0.251,-0.045,-0.337,
-0.294,-0.323,-0.044,-0.331,
-0.285,-0.313,-0.045,-0.318,
-0.223,-0.228,-0.057,-0.316,
-0.272,-0.298,-0.051,-0.309,
-0.284,-0.313,-0.047,-0.319,
-0.278,-0.3,-0.049,-0.321,
-0.286,-0.316,-0.042,-0.32,
-0.267,-0.296,-0.051,-0.31,
-0.282,-0.309,-0.047,-0.331,
-0.267,-0.292,-0.048,-0.306,
-0.289,-0.314,-0.047,-0.328,
-0.281,-0.31,-0.054,-0.314,
-0.289,-0.318,-0.044,-0.332,
-0.28,-0.306,-0.046,-0.316,
-0.205,-0.244,-0.047,-0.284,
-0.273,-0.299,-0.045,-0.319,
-0.285,-0.317,-0.046,-0.331,
-0.287,-0.318,-0.047,-0.323,
-0.282,-0.314,-0.048,-0.321,
-0.283,-0.306,-0.049,-0.333,
-0.275,-0.305,-0.05,-0.313,
-0.28,-0.312,-0.049,-0.323,
-0.29,-0.316,-0.044,-0.332,
-0.261,-0.29,-0.048,-0.318,
-0.275,-0.303,-0.046,-0.314,
-0.273,-0.286,-0.052,-0.328,
-0.257,-0.293,-0.05,-0.322,
-0.284,-0.312,-0.048,-0.317,
-0.296,-0.328,-0.045,-0.342,
-0.279,-0.296,-0.053,-0.377,
-0.285,-0.311,-0.051,-0.319,
-0.284,-0.311,-0.053,-0.323,
-0.264,-0.287,-0.053,-0.307,
-0.283,-0.307,-0.052,-0.316,
-0.237,-0.247,-0.05,-0.317,
-0.259,-0.298,-0.048,-0.316,
-0.282,-0.308,-0.047,-0.315,
-0.278,-0.304,-0.044,-0.309,
-0.233,-0.262,-0.051,-0.325,
-0.277,-0.303,-0.047,-0.313,
-0.265,-0.288,-0.052,-0.31,
-0.279,-0.309,-0.046,-0.316,
-0.267,-0.292,-0.048,-0.315,
-0.287,-0.313,-0.053,-0.326,
-0.275,-0.303,-0.048,-0.316,
-0.281,-0.308,-0.053,-0.32,
-0.286,-0.315,-0.054,-0.324,
-0.276,-0.304,-0.05,-0.312,
-0.288,-0.319,-0.049,-0.324,
-0.257,-0.286,-0.05,-0.312,
-0.295,-0.319,-0.05,-0.357,
-0.289,-0.31,-0.051,-0.341,
-0.281,-0.308,-0.046,-0.319,
-0.289,-0.316,-0.047,-0.33,
-0.288,-0.315,-0.048,-0.329,
-0.226,-0.277,-0.054,-0.318,
-0.249,-0.276,-0.052,-0.323,
-0.282,-0.307,-0.05,-0.317,
-0.29,-0.32,-0.049,-0.345,
-0.297,-0.329,-0.046,-0.337,
-0.285,-0.315,-0.047,-0.325,
-0.281,-0.311,-0.045,-0.32,
-0.24,-0.266,-0.048,-0.305,
-0.278,-0.303,-0.046,-0.316,
-0.264,-0.286,-0.05,-0.299,
-0.284,-0.311,-0.045,-0.321,
-0.285,-0.31,-0.045,-0.329,
-0.283,-0.305,-0.047,-0.324,
-0.276,-0.301,-0.048,-0.325,
-0.29,-0.316,-0.05,-0.337,
-0.275,-0.307,-0.047,-0.318,
-0.293,-0.322,-0.048,-0.329,
-0.284,-0.314,-0.047,-0.322,
-0.283,-0.311,-0.049,-0.318,
-0.279,-0.303,-0.046,-0.318,
-0.275,-0.298,-0.049,-0.316,
-0.271,-0.297,-0.048,-0.309,
-0.283,-0.31,-0.052,-0.315,
-0.272,-0.299,-0.043,-0.316,
-0.283,-0.311,-0.048,-0.32,
-0.269,-0.293,-0.05,-0.306,
-0.278,-0.304,-0.048,-0.316,
-0.27,-0.296,-0.043,-0.312,
-0.29,-0.318,-0.049,-0.322,
-0.252,-0.263,-0.054,-0.325,
-0.274,-0.298,-0.051,-0.345,
-0.277,-0.308,-0.044,-0.317,
-0.283,-0.312,-0.047,-0.319,
-0.277,-0.308,-0.049,-0.316,
-0.3,-0.336,-0.043,-0.344,
-0.265,-0.289,-0.043,-0.302,
-0.28,-0.308,-0.046,-0.315,
-0.285,-0.311,-0.047,-0.321,
-0.281,-0.309,-0.051,-0.322,
-0.287,-0.32,-0.047,-0.324,
-0.276,-0.301,-0.051,-0.313,
-0.278,-0.305,-0.053,-0.318,
-0.252,-0.289,-0.049,-0.31,
-0.262,-0.289,-0.047,-0.314,
-0.283,-0.307,-0.049,-0.321,
-0.284,-0.31,-0.051,-0.321,
-0.286,-0.311,-0.059,-0.326,
-0.29,-0.318,-0.052,-0.327,
-0.284,-0.313,-0.051,-0.32,
-0.247,-0.267,-0.049,-0.32,
-0.248,-0.28,-0.047,-0.305,
-0.263,-0.282,-0.052,-0.315,
-0.206,-0.196,-0.049,-0.307,
-0.275,-0.302,-0.058,-0.32,
-0.274,-0.297,-0.049,-0.312,
-0.278,-0.303,-0.049,-0.331,
-0.268,-0.29,-0.052,-0.316,
-0.304,-0.33,-0.062,-0.386,
-0.282,-0.313,-0.055,-0.338,
-0.282,-0.309,-0.048,-0.315,
-0.256,-0.298,-0.052,-0.324,
-0.274,-0.306,-0.049,-0.312,
-0.275,-0.302,-0.045,-0.307,
-0.279,-0.307,-0.053,-0.31,
-0.287,-0.316,-0.05,-0.325,
-0.243,-0.278,-0.052,-0.313,
-0.278,-0.305,-0.047,-0.311,
-0.274,-0.298,-0.047,-0.333,
-0.277,-0.306,-0.05,-0.319,
-0.281,-0.309,-0.048,-0.322,
-0.28,-0.306,-0.046,-0.314,
-0.274,-0.302,-0.051,-0.317,
-0.229,-0.224,-0.062,-0.419,
-0.276,-0.298,-0.042,-0.323,
-0.258,-0.301,-0.047,-0.317,
-0.275,-0.297,-0.051,-0.326,
-0.252,-0.272,-0.053,-0.334,
-0.278,-0.307,-0.048,-0.318,
-0.279,-0.306,-0.045,-0.318,
-0.275,-0.297,-0.049,-0.318,
-0.287,-0.317,-0.045,-0.322,
-0.246,-0.265,-0.06,-0.333,
-0.277,-0.307,-0.045,-0.322,
-0.281,-0.305,-0.051,-0.322,
-0.236,-0.256,-0.053,-0.323,
-0.274,-0.299,-0.049,-0.309,
-0.27,-0.298,-0.049,-0.316,
-0.295,-0.322,-0.048,-0.339,
-0.273,-0.294,-0.05,-0.31,
-0.214,-0.246,-0.05,-0.333,
-0.295,-0.326,-0.045,-0.352,
-0.284,-0.314,-0.047,-0.317,
-0.276,-0.305,-0.052,-0.314,
-0.277,-0.308,-0.045,-0.318,
-0.276,-0.305,-0.053,-0.318,
-0.295,-0.322,-0.048,-0.34,
-0.278,-0.304,-0.047,-0.31,
-0.271,-0.294,-0.046,-0.318,
-0.288,-0.318,-0.054,-0.328,
-0.271,-0.301,-0.049,-0.311,
-0.26,-0.286,-0.05,-0.35,
-0.27,-0.301,-0.049,-0.327,
-0.283,-0.307,-0.051,-0.315,
-0.276,-0.299,-0.051,-0.309,
-0.299,-0.329,-0.046,-0.35,
-0.278,-0.303,-0.047,-0.324,
-0.279,-0.305,-0.046,-0.316,
-0.28,-0.307,-0.05,-0.313,
-0.275,-0.305,-0.044,-0.31,
-0.297,-0.327,-0.046,-0.348,
-0.283,-0.312,-0.052,-0.324,
-0.218,-0.24,-0.052,-0.326,
-0.279,-0.308,-0.051,-0.318,
-0.266,-0.301,-0.05,-0.33,
-0.289,-0.318,-0.043,-0.328,
-0.273,-0.302,-0.049,-0.314,
-0.272,-0.296,-0.049,-0.308,
-0.295,-0.326,-0.046,-0.336,
-0.285,-0.316,-0.047,-0.325,
-0.285,-0.306,-0.055,-0.341,
-0.277,-0.299,-0.052,-0.321,
-0.283,-0.306,-0.05,-0.326,
-0.281,-0.307,-0.052,-0.338,
-0.252,-0.273,-0.054,-0.303,
-0.275,-0.303,-0.051,-0.316,
-0.285,-0.311,-0.049,-0.318,
-0.279,-0.306,-0.051,-0.312,
-0.295,-0.319,-0.05,-0.354,
-0.261,-0.283,-0.047,-0.317,
-0.283,-0.31,-0.043,-0.318,
-0.278,-0.303,-0.058,-0.322,
-0.281,-0.31,-0.048,-0.313,
-0.277,-0.305,-0.051,-0.314,
-0.282,-0.305,-0.049,-0.323,
-0.276,-0.301,-0.041,-0.338,
-0.295,-0.321,-0.05,-0.341,
-0.28,-0.306,-0.048,-0.316,
-0.285,-0.31,-0.052,-0.34,
-0.286,-0.312,-0.049,-0.319,
-0.281,-0.308,-0.051,-0.322,
-0.283,-0.314,-0.044,-0.323,
-0.274,-0.297,-0.046,-0.312,
-0.281,-0.305,-0.046,-0.322,
-0.275,-0.295,-0.047,-0.316,
-0.27,-0.288,-0.058,-0.331,
-0.283,-0.312,-0.05,-0.324,
-0.272,-0.295,-0.044,-0.315,
-0.281,-0.31,-0.05,-0.317,
-0.273,-0.297,-0.048,-0.31,
-0.251,-0.29,-0.053,-0.314,
-0.279,-0.307,-0.049,-0.314,
-0.281,-0.316,-0.049,-0.329,
-0.253,-0.284,-0.053,-0.329,
-0.28,-0.307,-0.046,-0.314,
-0.279,-0.307,-0.048,-0.315,
-0.288,-0.315,-0.049,-0.325,
-0.282,-0.314,-0.053,-0.326,
-0.295,-0.322,-0.057,-0.354,
-0.296,-0.326,-0.068,-0.383,
-0.273,-0.302,-0.048,-0.306,
-0.28,-0.307,-0.049,-0.31,
-0.259,-0.278,-0.054,-0.308,
-0.262,-0.28,-0.047,-0.316,
-0.278,-0.306,-0.049,-0.309,
-0.271,-0.297,-0.046,-0.318,
-0.272,-0.304,-0.062,-0.336,
-0.287,-0.316,-0.05,-0.327,
-0.272,-0.299,-0.049,-0.306,
-0.269,-0.302,-0.051,-0.321,
-0.28,-0.306,-0.048,-0.327,
-0.276,-0.299,-0.049,-0.321,
-0.262,-0.281,-0.047,-0.312,
-0.276,-0.296,-0.044,-0.325,
-0.283,-0.31,-0.052,-0.317,
-0.285,-0.315,-0.05,-0.326,
-0.279,-0.304,-0.053,-0.326,
-0.26,-0.295,-0.052,-0.317,
-0.273,-0.297,-0.047,-0.323,
-0.289,-0.322,-0.049,-0.328,
-0.286,-0.317,-0.044,-0.33,
-0.272,-0.288,-0.05,-0.318,
-0.279,-0.312,-0.049,-0.322,
-0.28,-0.306,-0.052,-0.317,
-0.269,-0.287,-0.054,-0.324,
-0.281,-0.309,-0.042,-0.313,
-0.281,-0.309,-0.047,-0.312,
-0.284,-0.31,-0.049,-0.324,
-0.282,-0.309,-0.048,-0.314,
-0.286,-0.309,-0.05,-0.334,
-0.278,-0.302,-0.042,-0.316,
-0.29,-0.32,-0.055,-0.338,
-0.271,-0.295,-0.042,-0.313,
-0.287,-0.309,-0.06,-0.351,
-0.28,-0.308,-0.048,-0.32,
-0.277,-0.302,-0.054,-0.312,
-0.262,-0.274,-0.052,-0.316,
-0.275,-0.301,-0.041,-0.32,
-0.275,-0.299,-0.048,-0.316,
-0.265,-0.295,-0.05,-0.311,
-0.284,-0.312,-0.054,-0.319,
-0.286,-0.316,-0.046,-0.317,
-0.281,-0.309,-0.046,-0.318,
-0.285,-0.316,-0.048,-0.324,
-0.254,-0.271,-0.052,-0.306,
-0.27,-0.295,-0.049,-0.327,
-0.273,-0.303,-0.045,-0.307,
-0.273,-0.299,-0.051,-0.314,
-0.273,-0.299,-0.048,-0.315,
-0.258,-0.272,-0.051,-0.321,
-0.299,-0.324,-0.054,-0.363,
-0.269,-0.293,-0.049,-0.307,
-0.273,-0.3,-0.048,-0.315,
-0.284,-0.315,-0.043,-0.324,
-0.279,-0.305,-0.049,-0.313,
-0.279,-0.303,-0.048,-0.316,
-0.28,-0.299,-0.051,-0.341,
-0.287,-0.312,-0.045,-0.33,
-0.281,-0.31,-0.048,-0.317,
-0.284,-0.312,-0.044,-0.32,
-0.282,-0.306,-0.047,-0.317,
-0.253,-0.276,-0.047,-0.314,
-0.284,-0.31,-0.042,-0.335,
-0.294,-0.321,-0.056,-0.337,
-0.275,-0.302,-0.046,-0.306,
-0.283,-0.31,-0.045,-0.321,
-0.268,-0.284,-0.048,-0.314,
-0.288,-0.312,-0.051,-0.341,
-0.285,-0.31,-0.053,-0.322,
-0.285,-0.312,-0.05,-0.329,
-0.279,-0.303,-0.051,-0.315,
-0.275,-0.301,-0.045,-0.311,
-0.276,-0.302,-0.042,-0.314,
-0.262,-0.301,-0.055,-0.335,
-0.287,-0.317,-0.046,-0.331,
-0.277,-0.307,-0.048,-0.312,
-0.276,-0.296,-0.048,-0.322,
-0.297,-0.321,-0.047,-0.352,
-0.285,-0.305,-0.053,-0.349,
-0.279,-0.298,-0.045,-0.327,
-0.274,-0.297,-0.046,-0.318,
-0.273,-0.301,-0.049,-0.314,
-0.281,-0.307,-0.052,-0.315,
-0.28,-0.314,-0.049,-0.321,
-0.268,-0.292,-0.045,-0.308,
-0.286,-0.31,-0.046,-0.327,
-0.25,-0.265,-0.056,-0.336,
-0.303,-0.34,-0.053,-0.355,
-0.272,-0.305,-0.045,-0.317,
-0.29,-0.32,-0.049,-0.326,
-0.264,-0.282,-0.046,-0.316,
-0.285,-0.314,-0.052,-0.32,
-0.261,-0.272,-0.045,-0.324,
-0.254,-0.279,-0.05,-0.313,
-0.284,-0.311,-0.046,-0.317,
-0.274,-0.295,-0.052,-0.32,
-0.258,-0.295,-0.048,-0.31,
-0.289,-0.317,-0.047,-0.327,
-0.285,-0.308,-0.048,-0.326,
-0.297,-0.321,-0.045,-0.344,
-0.274,-0.296,-0.046,-0.318,
-0.279,-0.301,-0.046,-0.325,
-0.276,-0.301,-0.044,-0.312,
-0.261,-0.284,-0.048,-0.315,
-0.281,-0.311,-0.046,-0.322,
-0.278,-0.311,-0.047,-0.328,
-0.291,-0.319,-0.046,-0.332,
-0.249,-0.277,-0.054,-0.31,
-0.272,-0.3,-0.059,-0.327,
-0.275,-0.297,-0.052,-0.317,
-0.231,-0.269,-0.053,-0.31,
-0.278,-0.302,-0.053,-0.318,
-0.234,-0.266,-0.051,-0.333,
-0.263,-0.288,-0.051,-0.295,
-0.278,-0.306,-0.048,-0.324,
-0.29,-0.32,-0.05,-0.33,
-0.293,-0.325,-0.042,-0.355,
-0.277,-0.304,-0.049,-0.317,
-0.275,-0.304,-0.047,-0.317,
-0.281,-0.309,-0.054,-0.313,
-0.285,-0.317,-0.056,-0.325,
-0.282,-0.309,-0.052,-0.318,
-0.29,-0.319,-0.051,-0.324,
-0.286,-0.315,-0.047,-0.324,
-0.282,-0.302,-0.041,-0.332,
-0.284,-0.315,-0.049,-0.328,
-0.284,-0.311,-0.043,-0.32,
-0.283,-0.311,-0.049,-0.324,
-0.252,-0.288,-0.049,-0.303,
-0.289,-0.32,-0.049,-0.329,
-0.278,-0.304,-0.052,-0.314,
-0.314,-0.346,-0.046,-0.372,
-0.339,-0.379,-0.045,-0.411,
-0.347,-0.376,-0.051,-0.405,
-0.328,-0.369,-0.049,-0.377,
-0.316,-0.343,-0.049,-0.375,
-0.333,-0.372,-0.05,-0.385,
-0.332,-0.376,-0.047,-0.397,
-0.348,-0.392,-0.045,-0.419,
-0.333,-0.363,-0.053,-0.397,
-0.309,-0.347,-0.042,-0.371,
-0.342,-0.37,-0.044,-0.426,
-0.319,-0.339,-0.052,-0.441,
-0.322,-0.349,-0.049,-0.391,
-0.317,-0.347,-0.047,-0.383,
-0.33,-0.356,-0.051,-0.401,
-0.322,-0.352,-0.047,-0.378,
-0.319,-0.35,-0.049,-0.371,
-0.328,-0.363,-0.052,-0.404,
-0.33,-0.37,-0.044,-0.382,
-0.327,-0.363,-0.052,-0.383,
-0.276,-0.293,-0.051,-0.355,
-0.316,-0.345,-0.052,-0.383,
-0.322,-0.36,-0.045,-0.378,
-0.282,-0.296,-0.045,-0.41,
-0.33,-0.368,-0.051,-0.385,
-0.313,-0.335,-0.046,-0.414,
-0.323,-0.359,-0.043,-0.373,
-0.316,-0.351,-0.046,-0.396,
-0.336,-0.371,-0.049,-0.415,
-0.332,-0.366,-0.053,-0.377,
-0.333,-0.374,-0.049,-0.412,
-0.329,-0.365,-0.047,-0.38,
-0.321,-0.336,-0.048,-0.403,
-0.329,-0.357,-0.048,-0.389,
-0.341,-0.383,-0.051,-0.397,
-0.306,-0.344,-0.051,-0.396,
-0.319,-0.334,-0.06,-0.421,
-0.331,-0.375,-0.046,-0.385,
-0.329,-0.365,-0.049,-0.387,
-0.34,-0.373,-0.041,-0.405,
-0.344,-0.385,-0.05,-0.422,
-0.314,-0.338,-0.049,-0.387,
-0.322,-0.357,-0.047,-0.392,
-0.328,-0.364,-0.045,-0.389,
-0.322,-0.355,-0.048,-0.378,
-0.313,-0.318,-0.046,-0.432,
-0.318,-0.354,-0.048,-0.363,
-0.335,-0.364,-0.049,-0.414,
-0.32,-0.354,-0.051,-0.384,
-0.332,-0.376,-0.052,-0.414,
-0.32,-0.351,-0.047,-0.377,
-0.332,-0.374,-0.045,-0.386,
-0.324,-0.357,-0.048,-0.374,
-0.342,-0.371,-0.045,-0.421,
-0.325,-0.359,-0.048,-0.385,
-0.32,-0.363,-0.047,-0.388,
-0.334,-0.368,-0.051,-0.394,
-0.335,-0.359,-0.051,-0.427,
-0.317,-0.364,-0.053,-0.4,
-0.323,-0.352,-0.051,-0.378,
-0.313,-0.357,-0.049,-0.384,
-0.328,-0.358,-0.054,-0.384,
-0.33,-0.374,-0.046,-0.383,
-0.331,-0.363,-0.048,-0.402,
-0.325,-0.359,-0.052,-0.39,
-0.332,-0.365,-0.049,-0.395,
-0.312,-0.345,-0.048,-0.358,
-0.332,-0.371,-0.043,-0.378,
-0.314,-0.348,-0.047,-0.362,
-0.317,-0.343,-0.048,-0.408,
-0.325,-0.361,-0.053,-0.384,
-0.314,-0.353,-0.047,-0.373,
-0.314,-0.353,-0.044,-0.391,
-0.297,-0.324,-0.05,-0.377,
-0.346,-0.386,-0.046,-0.404,
-0.344,-0.385,-0.048,-0.405,
-0.317,-0.355,-0.048,-0.364,
-0.334,-0.368,-0.048,-0.396,
-0.343,-0.385,-0.053,-0.393,
-0.312,-0.334,-0.054,-0.396,
-0.325,-0.365,-0.051,-0.375,
-0.342,-0.379,-0.047,-0.421,
-0.334,-0.37,-0.048,-0.391,
-0.331,-0.369,-0.048,-0.381,
-0.317,-0.349,-0.048,-0.386,
-0.337,-0.374,-0.051,-0.39,
-0.31,-0.34,-0.052,-0.387,
-0.342,-0.382,-0.047,-0.398,
-0.337,-0.37,-0.049,-0.422,
-0.32,-0.36,-0.05,-0.375,
-0.327,-0.369,-0.05,-0.386,
-0.331,-0.357,-0.053,-0.413,
-0.334,-0.378,-0.048,-0.394,
-0.321,-0.349,-0.054,-0.427,
-0.32,-0.352,-0.049,-0.371,
-0.308,-0.339,-0.047,-0.401,
-0.339,-0.382,-0.048,-0.399,
-0.345,-0.378,-0.049,-0.418,
-0.337,-0.379,-0.05,-0.392,
-0.328,-0.368,-0.051,-0.386,
-0.334,-0.362,-0.047,-0.403,
-0.329,-0.369,-0.043,-0.377,
-0.332,-0.379,-0.05,-0.388,
-0.314,-0.342,-0.053,-0.424,
-0.345,-0.387,-0.051,-0.405,
-0.317,-0.348,-0.046,-0.382,
-0.314,-0.336,-0.048,-0.384,
-0.34,-0.376,-0.051,-0.387,
-0.323,-0.363,-0.05,-0.387,
-0.337,-0.377,-0.052,-0.387,
-0.312,-0.338,-0.049,-0.397,
-0.336,-0.378,-0.051,-0.394,
-0.279,-0.288,-0.054,-0.358,
-0.317,-0.348,-0.047,-0.361,
-0.342,-0.381,-0.05,-0.395,
-0.339,-0.377,-0.045,-0.388,
-0.343,-0.381,-0.05,-0.398,
-0.262,-0.283,-0.087,-0.429,
-0.315,-0.349,-0.049,-0.389,
-0.32,-0.355,-0.05,-0.393,
-0.327,-0.366,-0.045,-0.385,
-0.323,-0.365,-0.044,-0.378,
-0.314,-0.348,-0.05,-0.36,
-0.318,-0.357,-0.044,-0.4,
-0.359,-0.413,-0.046,-0.432,
-0.317,-0.36,-0.054,-0.381,
-0.327,-0.361,-0.046,-0.383,
-0.321,-0.359,-0.051,-0.371,
-0.327,-0.361,-0.057,-0.401,
-0.343,-0.385,-0.044,-0.399,
-0.33,-0.361,-0.047,-0.393,
-0.336,-0.38,-0.048,-0.404,
-0.295,-0.33,-0.052,-0.391,
-0.323,-0.359,-0.044,-0.378,
-0.322,-0.339,-0.053,-0.418,
-0.321,-0.359,-0.05,-0.377,
-0.313,-0.331,-0.046,-0.4,
-0.347,-0.384,-0.047,-0.403,
-0.344,-0.362,-0.049,-0.446,
-0.319,-0.351,-0.047,-0.405,
-0.318,-0.35,-0.043,-0.377,
-0.323,-0.363,-0.044,-0.381,
-0.34,-0.373,-0.049,-0.402,
-0.309,-0.334,-0.053,-0.388,
-0.313,-0.349,-0.048,-0.371,
-0.321,-0.355,-0.047,-0.38,
-0.337,-0.379,-0.056,-0.439,
-0.311,-0.355,-0.046,-0.398,
-0.316,-0.354,-0.044,-0.363,
-0.323,-0.356,-0.053,-0.381,
-0.324,-0.357,-0.047,-0.385,
-0.311,-0.347,-0.054,-0.377,
-0.334,-0.379,-0.056,-0.411,
-0.32,-0.359,-0.05,-0.378,
-0.327,-0.361,-0.052,-0.392,
-0.322,-0.337,-0.048,-0.397,
-0.346,-0.379,-0.048,-0.419,
-0.335,-0.369,-0.046,-0.394,
-0.307,-0.345,-0.05,-0.373,
-0.324,-0.362,-0.05,-0.376,
-0.336,-0.365,-0.046,-0.419,
-0.324,-0.354,-0.052,-0.386,
-0.319,-0.353,-0.05,-0.378,
-0.315,-0.339,-0.049,-0.392,
-0.338,-0.367,-0.055,-0.437,
-0.332,-0.376,-0.046,-0.387,
-0.319,-0.359,-0.051,-0.372,
-0.33,-0.364,-0.05,-0.381,
-0.33,-0.37,-0.048,-0.403,
-0.319,-0.351,-0.048,-0.37,
-0.314,-0.345,-0.046,-0.379,
-0.325,-0.362,-0.052,-0.385,
-0.327,-0.355,-0.049,-0.389,
-0.28,-0.302,-0.05,-0.405,
-0.326,-0.359,-0.049,-0.375,
-0.318,-0.352,-0.05,-0.39,
-0.328,-0.353,-0.052,-0.424,
-0.329,-0.364,-0.055,-0.38,
-0.335,-0.372,-0.046,-0.389,
-0.314,-0.345,-0.051,-0.41,
-0.3,-0.322,-0.053,-0.398,
-0.328,-0.343,-0.055,-0.465,
-0.327,-0.363,-0.049,-0.376,
-0.333,-0.372,-0.047,-0.383,
-0.327,-0.364,-0.05,-0.384,
-0.337,-0.368,-0.05,-0.395,
-0.327,-0.368,-0.05,-0.386,
-0.337,-0.371,-0.054,-0.398,
-0.33,-0.38,-0.05,-0.393,
-0.327,-0.36,-0.052,-0.393,
-0.358,-0.41,-0.042,-0.427,
-0.332,-0.377,-0.046,-0.392,
-0.323,-0.363,-0.05,-0.378,
-0.328,-0.362,-0.052,-0.377,
-0.316,-0.36,-0.049,-0.387,
-0.328,-0.367,-0.043,-0.379,
-0.325,-0.364,-0.053,-0.393,
-0.317,-0.354,-0.048,-0.38,
-0.314,-0.347,-0.046,-0.376,
-0.325,-0.364,-0.049,-0.388,
-0.348,-0.385,-0.043,-0.413,
-0.331,-0.329,-0.054,-0.44,
-0.328,-0.366,-0.044,-0.386,
-0.325,-0.361,-0.05,-0.376,
-0.323,-0.349,-0.049,-0.38,
-0.337,-0.374,-0.05,-0.393,
-0.299,-0.348,-0.05,-0.394,
-0.322,-0.355,-0.048,-0.376,
-0.326,-0.363,-0.051,-0.38,
-0.338,-0.369,-0.047,-0.395,
-0.33,-0.363,-0.051,-0.385,
-0.332,-0.372,-0.049,-0.384,
-0.328,-0.358,-0.051,-0.381,
-0.326,-0.355,-0.048,-0.378,
-0.337,-0.38,-0.044,-0.395,
-0.329,-0.366,-0.051,-0.395,
-0.32,-0.362,-0.046,-0.371,
-0.324,-0.361,-0.047,-0.382,
-0.338,-0.369,-0.051,-0.414,
-0.327,-0.36,-0.046,-0.382,
-0.312,-0.342,-0.048,-0.405,
-0.33,-0.366,-0.048,-0.398,
-0.337,-0.372,-0.054,-0.398,
-0.328,-0.367,-0.049,-0.386,
-0.335,-0.373,-0.05,-0.384,
-0.297,-0.328,-0.051,-0.382,
-0.316,-0.351,-0.049,-0.357,
-0.325,-0.36,-0.048,-0.375,
-0.33,-0.373,-0.051,-0.427,
-0.316,-0.349,-0.048,-0.375,
-0.328,-0.367,-0.049,-0.385,
-0.313,-0.368,-0.05,-0.38,
-0.319,-0.354,-0.047,-0.373,
-0.336,-0.38,-0.053,-0.393,
-0.332,-0.372,-0.049,-0.397,
-0.307,-0.337,-0.049,-0.364,
-0.324,-0.36,-0.045,-0.385,
-0.32,-0.335,-0.055,-0.401,
-0.344,-0.364,-0.057,-0.42,
-0.343,-0.382,-0.051,-0.396,
-0.326,-0.355,-0.051,-0.392,
-0.33,-0.369,-0.051,-0.382,
-0.293,-0.308,-0.052,-0.401,
-0.334,-0.376,-0.048,-0.39,
-0.351,-0.394,-0.054,-0.44,
-0.308,-0.34,-0.05,-0.4,
-0.324,-0.344,-0.051,-0.421,
-0.329,-0.37,-0.045,-0.397,
-0.323,-0.367,-0.045,-0.381,
-0.322,-0.364,-0.055,-0.398,
-0.322,-0.363,-0.042,-0.373,
-0.334,-0.387,-0.048,-0.396,
-0.337,-0.377,-0.046,-0.396,
-0.326,-0.363,-0.054,-0.383,
-0.311,-0.335,-0.054,-0.366,
-0.327,-0.368,-0.05,-0.38,
-0.348,-0.382,-0.05,-0.416,
-0.338,-0.368,-0.056,-0.42,
-0.323,-0.358,-0.052,-0.382,
-0.345,-0.393,-0.045,-0.403,
-0.333,-0.372,-0.049,-0.389,
-0.333,-0.365,-0.051,-0.392,
-0.327,-0.361,-0.05,-0.391,
-0.316,-0.349,-0.045,-0.366,
-0.348,-0.387,-0.045,-0.41,
-0.324,-0.366,-0.051,-0.384,
-0.338,-0.372,-0.054,-0.408,
-0.318,-0.362,-0.048,-0.428,
-0.329,-0.365,-0.052,-0.377,
-0.333,-0.361,-0.045,-0.406,
-0.311,-0.335,-0.046,-0.384,
-0.327,-0.371,-0.052,-0.421,
-0.313,-0.332,-0.05,-0.376,
-0.306,-0.323,-0.059,-0.398,
-0.299,-0.328,-0.049,-0.415,
-0.309,-0.339,-0.047,-0.389,
-0.325,-0.36,-0.047,-0.372,
-0.328,-0.368,-0.05,-0.409,
-0.342,-0.378,-0.048,-0.403,
-0.323,-0.358,-0.045,-0.391,
-0.326,-0.368,-0.047,-0.414,
-0.351,-0.387,-0.046,-0.418,
-0.328,-0.365,-0.046,-0.403,
-0.342,-0.368,-0.053,-0.427,
-0.337,-0.361,-0.05,-0.416,
-0.322,-0.361,-0.047,-0.373,
-0.34,-0.38,-0.054,-0.397,
-0.329,-0.364,-0.05,-0.395,
-0.338,-0.376,-0.049,-0.41,
-0.336,-0.379,-0.043,-0.403,
-0.331,-0.368,-0.049,-0.4,
-0.321,-0.358,-0.045,-0.375,
-0.331,-0.363,-0.053,-0.384,
-0.324,-0.353,-0.054,-0.375,
-0.351,-0.394,-0.051,-0.423,
-0.323,-0.356,-0.052,-0.405,
-0.309,-0.346,-0.051,-0.365,
-0.297,-0.298,-0.05,-0.408,
-0.318,-0.35,-0.053,-0.394,
-0.32,-0.362,-0.046,-0.372,
-0.321,-0.353,-0.047,-0.378,
-0.323,-0.35,-0.054,-0.377,
-0.329,-0.364,-0.051,-0.386,
-0.299,-0.322,-0.059,-0.398,
-0.32,-0.351,-0.052,-0.386,
-0.33,-0.374,-0.05,-0.38,
-0.342,-0.377,-0.05,-0.402,
-0.333,-0.376,-0.047,-0.39,
-0.341,-0.38,-0.047,-0.407,
-0.319,-0.354,-0.046,-0.366,
-0.319,-0.343,-0.053,-0.391,
-0.308,-0.329,-0.052,-0.423,
-0.343,-0.38,-0.056,-0.404,
-0.323,-0.371,-0.046,-0.38,
-0.328,-0.365,-0.05,-0.391,
-0.317,-0.357,-0.045,-0.375,
-0.32,-0.358,-0.051,-0.381,
-0.325,-0.362,-0.048,-0.378,
-0.314,-0.35,-0.047,-0.365,
-0.315,-0.349,-0.048,-0.375,
-0.305,-0.315,-0.05,-0.393,
-0.323,-0.357,-0.046,-0.382,
-0.337,-0.383,-0.049,-0.399,
-0.328,-0.362,-0.052,-0.392,
-0.323,-0.346,-0.054,-0.385,
-0.319,-0.343,-0.05,-0.378,
-0.337,-0.376,-0.048,-0.391,
-0.353,-0.402,-0.05,-0.423,
-0.266,-0.271,-0.053,-0.372,
-0.324,-0.357,-0.045,-0.374,
-0.335,-0.373,-0.049,-0.391,
-0.332,-0.369,-0.048,-0.395,
-0.321,-0.349,-0.052,-0.378,
-0.298,-0.318,-0.047,-0.387,
-0.325,-0.36,-0.048,-0.384,
-0.334,-0.37,-0.046,-0.404,
-0.338,-0.38,-0.05,-0.39,
-0.322,-0.365,-0.047,-0.391,
-0.325,-0.365,-0.046,-0.38,
-0.344,-0.371,-0.05,-0.443,
-0.321,-0.352,-0.059,-0.382,
-0.326,-0.36,-0.047,-0.39,
-0.321,-0.355,-0.053,-0.376,
-0.321,-0.355,-0.048,-0.381,
-0.333,-0.374,-0.052,-0.384,
-0.311,-0.363,-0.047,-0.402,
-0.318,-0.353,-0.045,-0.371,
-0.322,-0.354,-0.046,-0.379,
-0.321,-0.354,-0.048,-0.384,
-0.299,-0.33,-0.05,-0.411,
-0.297,-0.311,-0.053,-0.386,
-0.321,-0.356,-0.046,-0.379,
-0.311,-0.336,-0.059,-0.395,
-0.306,-0.337,-0.049,-0.35,
-0.326,-0.355,-0.044,-0.383,
-0.319,-0.347,-0.054,-0.384,
-0.319,-0.359,-0.049,-0.373,
-0.296,-0.33,-0.048,-0.405,
-0.305,-0.326,-0.046,-0.388,
-0.316,-0.337,-0.05,-0.413,
-0.339,-0.381,-0.051,-0.391,
-0.342,-0.377,-0.059,-0.422,
-0.338,-0.382,-0.043,-0.398,
-0.316,-0.352,-0.049,-0.367,
-0.281,-0.302,-0.05,-0.383,
-0.311,-0.343,-0.047,-0.382,
-0.344,-0.388,-0.053,-0.418,
-0.356,-0.39,-0.055,-0.443,
-0.316,-0.335,-0.051,-0.386,
-0.347,-0.388,-0.048,-0.451,
-0.321,-0.355,-0.05,-0.379,
-0.322,-0.364,-0.047,-0.375,
-0.306,-0.334,-0.044,-0.375,
-0.336,-0.376,-0.052,-0.392,
-0.31,-0.338,-0.048,-0.38,
-0.326,-0.356,-0.05,-0.383,
-0.299,-0.325,-0.049,-0.385,
-0.329,-0.359,-0.048,-0.391,
-0.327,-0.354,-0.053,-0.398,
-0.309,-0.337,-0.046,-0.427,
-0.32,-0.363,-0.045,-0.379,
-0.336,-0.358,-0.047,-0.402,
-0.29,-0.322,-0.054,-0.416,
-0.324,-0.356,-0.049,-0.43,
-0.282,-0.313,-0.05,-0.323,
-0.277,-0.301,-0.047,-0.312,
-0.292,-0.32,-0.05,-0.325,
-0.276,-0.303,-0.047,-0.334,
-0.272,-0.308,-0.055,-0.324,
-0.286,-0.312,-0.045,-0.325,
-0.277,-0.3,-0.047,-0.316,
-0.278,-0.3,-0.052,-0.327,
-0.276,-0.296,-0.052,-0.336,
-0.284,-0.314,-0.052,-0.333,
-0.282,-0.311,-0.051,-0.321,
-0.274,-0.301,-0.052,-0.316,
-0.285,-0.315,-0.049,-0.317,
-0.304,-0.323,-0.049,-0.366,
-0.285,-0.314,-0.045,-0.317,
-0.28,-0.307,-0.046,-0.315,
-0.28,-0.309,-0.05,-0.339,
-0.286,-0.318,-0.046,-0.333,
-0.281,-0.311,-0.049,-0.316,
-0.288,-0.316,-0.046,-0.329,
-0.279,-0.302,-0.055,-0.31,
-0.283,-0.297,-0.058,-0.363,
-0.281,-0.307,-0.053,-0.317,
-0.27,-0.291,-0.048,-0.312,
-0.248,-0.287,-0.053,-0.308,
-0.27,-0.297,-0.048,-0.309,
-0.282,-0.309,-0.049,-0.313,
-0.29,-0.315,-0.048,-0.331,
-0.285,-0.311,-0.05,-0.319,
-0.278,-0.308,-0.048,-0.319,
-0.278,-0.305,-0.042,-0.324,
-0.28,-0.308,-0.047,-0.309,
-0.293,-0.345,-0.049,-0.377,
-0.3,-0.308,-0.045,-0.412,
-0.285,-0.314,-0.047,-0.321,
-0.329,-0.372,-0.047,-0.405,
-0.316,-0.352,-0.054,-0.404,
-0.275,-0.296,-0.047,-0.36,
-0.323,-0.346,-0.047,-0.387,
-0.328,-0.36,-0.045,-0.402,
-0.342,-0.39,-0.044,-0.404,
-0.341,-0.383,-0.048,-0.396,
-0.325,-0.362,-0.046,-0.379,
-0.321,-0.353,-0.05,-0.4,
-0.322,-0.361,-0.042,-0.379,
-0.31,-0.345,-0.05,-0.375,
-0.334,-0.367,-0.048,-0.405,
-0.324,-0.353,-0.049,-0.391,
-0.279,-0.307,-0.047,-0.32,
-0.245,-0.265,-0.05,-0.314,
-0.276,-0.299,-0.053,-0.319,
-0.258,-0.275,-0.047,-0.327,
-0.264,-0.3,-0.05,-0.324,
-0.277,-0.307,-0.047,-0.317,
-0.283,-0.308,-0.05,-0.326,
-0.281,-0.306,-0.042,-0.315,
-0.276,-0.302,-0.047,-0.309,
-0.278,-0.311,-0.053,-0.318,
-0.264,-0.305,-0.049,-0.337,
-0.283,-0.312,-0.043,-0.326,
-0.285,-0.309,-0.048,-0.355,
-0.272,-0.298,-0.047,-0.32,
-0.278,-0.307,-0.054,-0.317,
-0.296,-0.326,-0.049,-0.336,
-0.328,-0.368,-0.048,-0.388,
-0.316,-0.348,-0.048,-0.401,
-0.333,-0.349,-0.049,-0.42,
-0.324,-0.361,-0.051,-0.379,
-0.322,-0.353,-0.049,-0.374,
-0.319,-0.359,-0.049,-0.38,
-0.315,-0.333,-0.05,-0.414,
-0.336,-0.374,-0.047,-0.388,
-0.313,-0.343,-0.05,-0.372,
-0.336,-0.377,-0.052,-0.395,
-0.346,-0.389,-0.046,-0.401,
-0.348,-0.394,-0.05,-0.435,
-0.297,-0.308,-0.052,-0.426,
-0.299,-0.328,-0.044,-0.35,
-0.318,-0.348,-0.046,-0.37,
-0.325,-0.37,-0.049,-0.389,


0.018,0.02,0.052,-0.026,
0.046,0.037,0.106,-0.001,
0.008,0.003,0.033,-0.014,
0.033,0.026,0.072,-0.001,
0.037,0.035,0.116,-0.027,
0.026,0.017,0.076,-0.004,
0.078,0.081,0.124,0.003,
0.065,0.058,0.167,-0.001,
0.035,0.037,0.079,0.001,
0.011,0.017,0.035,-0.022,
0.029,0.026,0.053,-0.001,
0.01,0.027,0.075,-0.119,
0.026,0.032,0.065,-0.003,
-0.017,-0.011,0.036,-0.071,
0.002,0.002,0.031,-0.009,
0.028,0.018,0.25,-0.086,
0.016,0.009,0.07,-0.009,
0.046,0.038,0.1,-0.001,
-0.004,0.021,0.154,-0.251,
0.036,0.03,0.084,0.001,
0.048,0.049,0.113,0,
0.018,0.015,0.052,-0.003,
0.079,0.085,0.133,-0.004,
0.021,0.02,0.09,-0.014,
0.04,0.038,0.082,0,
0.077,0.077,0.128,0.001,
0.031,0.028,0.089,0,
0.006,0.003,0.016,-0.001,
0.058,0.074,0.103,0.003,
0.027,0.021,0.095,0.001,
0.028,0.022,0.055,-0.001,
-0.027,0.002,0.042,-0.148,
-0.011,-0.003,0.15,-0.145,
0.018,0.011,0.076,-0.001,
-0.03,-0.017,0.019,-0.11,
-0.021,-0.008,0.013,-0.07,
-0.013,-0.025,0.146,-0.114,
0.039,0.045,0.123,0,
0.03,0.027,0.087,-0.008,
0.045,0.048,0.096,0.006,
0.043,0.044,0.078,0.003,
0.035,0.03,0.093,0,
0.01,0.004,0.16,-0.069,
0.043,0.053,0.071,-0.003,
0.08,0.058,0.18,0,
0.051,0.057,0.076,-0.003,
0.055,0.064,0.124,0,
-0,0.003,0.051,-0.064,
0.011,0.013,0.037,-0.021,
0.057,0.049,0.127,-0.004,
0.06,0.06,0.104,-0.003,
0.024,0.015,0.061,-0.001,
0.04,0.034,0.103,-0.003,
0.019,0.014,0.069,-0.002,
0.03,0.024,0.086,-0.013,
0.04,0.037,0.087,0.003,
0.044,0.046,0.091,0.001,
0.064,0.07,0.091,-0.004,
0.027,0.027,0.087,-0.006,
0.049,0.038,0.129,0.002,
0.038,0.005,0.167,-0.037,
0.061,0.063,0.166,0,
0.016,0.013,0.045,-0.003,
-0.001,0.013,0.075,-0.098,
-0.002,0.003,0.027,-0.055,
-0.005,-0.009,0.159,-0.083,
0.023,0.03,0.074,-0.012,
0.042,0.048,0.105,-0.003,
0.028,0.023,0.092,-0.011,
-0.004,-0,0.078,-0.081,
0.046,0.042,0.102,0.008,
0.001,0.006,0.08,-0.076,
0.021,0.015,0.048,-0.009,
0.02,0.009,0.084,-0.008,
0.055,0.042,0.119,0,
0.033,0.037,0.072,-0.012,
0.018,0.017,0.076,-0.015,
0.01,-0.014,0.188,-0.062,
0.042,0.043,0.074,0.001,
0.077,0.085,0.105,0,
0.014,0.018,0.051,-0.017,
0.068,0.07,0.125,-0.001,
-0.004,0,0.071,-0.104,
0.032,0.04,0.046,-0.001,
0.036,0.032,0.088,0.003,
0.004,0.014,0.057,-0.089,
-0.02,-0.016,0.192,-0.188,
0.034,0.041,0.078,-0.026,
0.007,0,0.034,-0.014,
0.021,0.004,0.088,-0.008,
0.027,0.022,0.073,-0.005,
0.016,0.014,0.069,-0.016,
-0.018,-0.005,0.08,-0.152,
0.056,0.051,0.203,-0.034,
0.021,0.017,0.063,0,
-0.002,0.01,0.032,-0.072,
0.044,0.022,0.155,0.004,
0.025,0.021,0.086,-0.001,
0.078,0.086,0.165,0,
0.072,0.052,0.179,0,
0.073,0.071,0.119,0.003,
0.041,0.043,0.08,-0.001,
0.045,0.044,0.106,-0.003,
0.031,0.032,0.12,-0.11,
0.055,0.057,0.115,0.001,
0.034,0.029,0.095,-0.001,
0.001,0.008,0.061,-0.104,
0.015,0.023,0.04,-0.031,
-0.011,0.009,0.052,-0.143,
0.018,0.017,0.076,-0.02,
0.006,0.008,0.104,-0.075,
0.032,0.034,0.074,-0.013,
0.027,0.028,0.102,-0.04,
0.056,0.058,0.123,0,
0.013,0.022,0.11,-0.113,
0.047,0.048,0.089,-0.001,
0.016,0.009,0.076,-0.014,
0.063,0.056,0.207,0,
0.016,0.015,0.041,-0.002,
0.045,0.043,0.089,0.005,
0.023,0.02,0.043,0.004,
0.022,0.028,0.087,-0.046,
0.027,0.023,0.061,0.004,
0.031,0.032,0.074,0,
0.02,0.021,0.055,-0.006,
0.016,0.013,0.061,-0.02,
0.04,0.043,0.08,0.001,
0.028,0.025,0.069,0.001,
0.025,0.022,0.077,0.003,
0.053,0.061,0.093,0,
0.021,0.015,0.062,-0.014,
0.008,0.009,0.07,-0.13,
0.013,0.009,0.163,-0.172,
0.042,0.028,0.202,-0.026,
0.076,0.081,0.112,0.003,
0.025,0.035,0.055,-0.022,
0.031,0.03,0.102,-0.031,
0.015,0.017,0.027,-0.004,
0.075,0.081,0.139,0,
0.014,0.022,0.154,-0.082,
0.039,0.036,0.102,-0.008,
0.066,0.075,0.142,0,
0.016,0.012,0.052,-0.004,
0.038,0.033,0.097,0.001,
0.022,0.026,0.057,-0.026,
0.03,0.023,0.093,0,
0.03,0.026,0.078,-0.008,
0.006,0.006,0.052,-0.091,
0.042,0.045,0.126,-0.014,
0.047,0.053,0.073,0.003,
0.068,0.058,0.141,0.004,
0.01,0.008,0.054,-0.037,
0.015,0.007,0.053,-0.001,
0.023,0.028,0.044,0,
0.021,0.038,0.063,-0.07,
0.065,0.067,0.105,0.003,
0.022,0.015,0.077,0,
0.044,0.043,0.097,-0.005,
0.04,0.039,0.077,0,
0.064,0.066,0.143,0,
0.001,0.003,0.06,-0.059,
0.003,0.003,0.05,-0.029,
0.066,0.048,0.213,-0.057,
-0.008,-0.007,0.034,-0.038,
0.006,0.008,0.037,-0.064,
0.028,0.024,0.083,-0.004,
0.022,0.025,0.063,-0.007,
0.056,0.064,0.101,0.003,
0.044,0.042,0.094,0,
-0.01,0,0.052,-0.086,
0.018,0.011,0.061,-0.015,
0.073,0.069,0.171,0,
0.036,0.034,0.143,-0.032,
0.026,0.028,0.066,0,
0.028,0.021,0.078,0.001,
0.044,0.04,0.106,-0.007,
0.034,0.037,0.065,0,
0.023,0.017,0.06,0.003,
0.061,0.045,0.178,-0.001,
0.01,0.008,0.053,-0.032,
0.093,0.078,0.211,0,
0.048,0.037,0.141,-0.028,
0.05,0.046,0.12,-0.005,
0.037,0.033,0.08,-0.001,
0.01,0.007,0.024,-0.005,
0.01,0.007,0.036,-0.024,
0.03,0.029,0.089,-0.03,
0.035,0.02,0.141,-0.041,
0.013,0.005,0.074,-0.044,
0.026,0.028,0.057,-0.004,
-0.04,-0.032,0.033,-0.14,
0.037,0.036,0.09,0.005,
0.023,0.023,0.046,-0.003,
-0.041,-0.024,0.03,-0.138,
0.024,0.01,0.077,-0.008,
0.036,0.028,0.071,0.001,
0.053,0.064,0.104,0.003,
0.055,0.059,0.086,-0.004,
0.031,0.029,0.068,-0.007,
0.02,0.021,0.041,0,
0.015,0.015,0.047,-0.016,
0.025,0.028,0.071,-0.007,
0.04,0.035,0.115,0.004,
0.062,0.074,0.106,0,
0.021,0.013,0.082,0,
0.038,0.057,0.188,-0.139,
0.049,0.05,0.083,0,
0.076,0.09,0.121,-0.02,
0.038,0.023,0.09,0,
0.038,0.04,0.073,-0.008,
0.048,0.053,0.107,-0.001,
0.033,0.028,0.079,-0.002,
0.03,0.036,0.061,-0.008,
0.043,0.042,0.089,-0.004,
0.007,0.01,0.078,-0.076,
0.014,0.015,0.045,-0.014,
0.004,0.003,0.053,-0.04,
-0.011,0.014,0.055,-0.161,
0.049,0.052,0.082,-0.001,
0.043,0.053,0.077,-0.008,
0.003,0.003,0.114,-0.17,
0.097,0.107,0.136,-0.003,
0.046,0.048,0.086,0,
-0.009,-0.015,0.026,-0.035,
0.034,0.033,0.079,0.004,
0.037,0.039,0.16,-0.089,
0.011,0,0.222,-0.16,
0.032,0.029,0.072,0.001,
0.016,0.017,0.043,-0.004,
0.013,0.026,0.154,-0.164,
0.031,0.03,0.083,-0.001,
0.016,0.005,0.085,-0.006,
0.044,0.039,0.101,0.003,
0.016,0.002,0.07,-0.031,
0.08,0.094,0.112,0,
0.017,0.018,0.05,-0.037,
0.012,0.012,0.046,-0.023,
0.077,0.082,0.132,0.004,
0.034,0.032,0.063,0.001,
0.101,0.116,0.155,0,
0.013,0.013,0.063,-0.06,
0.031,0.029,0.071,-0.019,
0.035,0.028,0.102,-0.005,
0.034,0.036,0.056,0,
0.036,0.03,0.096,0,
0.052,0.053,0.096,-0.001,
0.016,0.013,0.219,-0.162,
-0.012,0.003,0.062,-0.136,
0.019,0.019,0.044,-0.006,
0.05,0.056,0.093,-0.017,
0.031,0.028,0.073,0,
0.106,0.104,0.192,-0.003,
0.037,0.048,0.069,0.001,
-0.039,-0.033,0.02,-0.123,
0.03,0.026,0.107,-0.001,
-0.001,0.002,0.053,-0.026,
0.042,0.041,0.106,-0.004,
0.05,0.054,0.081,0.004,
0.012,0.005,0.059,-0.013,
0.045,0.045,0.081,0.003,
0.049,0.054,0.095,0,
0.033,0.034,0.068,0,
0.052,0.05,0.138,-0.015,
0.054,0.031,0.216,-0.003,
0.034,0.034,0.071,0,
0.028,0.024,0.088,-0.006,
0.009,0.017,0.042,-0.03,
0.018,0.009,0.068,-0.002,
0.048,0.054,0.084,0.005,
0.017,0.017,0.056,-0.016,
0.018,0.013,0.048,-0.006,
0.039,0.028,0.093,0,
0.041,0.038,0.09,0.001,
0.025,0.018,0.093,-0.003,
0.029,0.034,0.058,0.003,
0.028,0.002,0.228,-0.077,
0.014,0.014,0.076,-0.051,
0.03,0.024,0.09,-0.001,
0.034,0.038,0.071,-0.014,
0.028,0.028,0.058,-0.005,
0.076,0.083,0.129,-0.001,
0.004,-0.002,0.043,-0.021,
0.046,0.054,0.076,0.001,
0.056,0.059,0.139,-0.001,
0.032,0.03,0.066,-0.004,
0.028,0.028,0.043,0,
0.054,0.057,0.106,0.003,
0.041,0.042,0.07,0.004,
0.025,0.029,0.088,-0.059,
0.005,0,0.078,-0.05,
0.026,0.017,0.09,0.001,
0.038,0.036,0.078,-0.003,
0.046,0.042,0.082,0.003,
0.025,0.029,0.053,-0.005,
0.048,0.05,0.097,0.01,
0.014,-0,0.217,-0.07,
0.011,-0.004,0.197,-0.086,
-0.012,-0,0.042,-0.061,
0.015,0.011,0.135,-0.179,
0.042,0.017,0.255,-0.014,
0.014,0.013,0.053,-0.034,
0.045,0.04,0.123,-0.004,
0.008,0.013,0.055,-0.046,
0.052,0.061,0.106,-0.02,
0.04,0.029,0.138,-0.051,
0.034,0.024,0.081,0,
0.015,0.027,0.09,-0.119,
0.02,0.017,0.061,-0.005,
0.014,0.013,0.04,0.001,
0.028,0.021,0.074,0,
0.058,0.058,0.106,0.005,
0.047,0.07,0.112,-0.057,
0.05,0.045,0.104,-0.003,
0.008,0.012,0.04,-0.045,
0.039,0.037,0.109,-0.001,
0.024,0.026,0.046,-0.003,
0.023,0.02,0.05,-0.001,
0.026,0.012,0.14,-0.025,
-0.012,-0.01,0.137,-0.186,
0.027,0.028,0.055,0,
0.003,0.016,0.068,-0.133,
0.018,0.019,0.066,-0.022,
0.061,0.037,0.241,-0.067,
0.036,0.025,0.113,0.001,
0.041,0.04,0.121,0,
0.045,0.029,0.218,0.001,
0.04,0.041,0.066,0.003,
-0.032,-0.037,0.139,-0.201,
0.006,0.003,0.035,-0.037,
0.047,0.048,0.08,0.003,
-0.008,0.013,0.075,-0.147,
0.024,0.021,0.075,-0.008,
0.029,0.018,0.096,-0.002,
0.058,0.04,0.202,0,
0.025,0.01,0.146,-0.008,
0.001,0.006,0.205,-0.142,
0.077,0.081,0.156,0,
0.048,0.056,0.075,-0.003,
0.023,0.021,0.054,-0.001,
0.064,0.068,0.105,0,
0.017,0.014,0.034,0.004,
0.07,0.085,0.145,0,
0.026,0.017,0.078,-0.001,
0.022,0.018,0.094,-0.022,
0.04,0.034,0.086,0.01,
0.03,0.018,0.094,0,
0.04,0.022,0.105,-0.005,
0.004,0.011,0.057,-0.078,
0.035,0.033,0.072,0.003,
0.026,0.024,0.084,0.003,
0.047,0.045,0.087,-0.001,
0.008,0.007,0.064,-0.042,
0.012,0.007,0.044,-0.003,
0.032,0.028,0.08,-0.001,
0.014,0.014,0.041,-0.008,
0.049,0.049,0.137,-0.047,
0.052,0.055,0.09,0.004,
0.018,0.003,0.229,-0.077,
0.069,0.073,0.104,0,
0.049,0.054,0.103,-0.015,
0.021,0.012,0.05,0,
0.024,0.022,0.05,0.004,
0.017,0.012,0.069,-0.008,
0.052,0.049,0.096,0.003,
0.032,0.032,0.076,0,
0.06,0.056,0.097,0.003,
0.064,0.061,0.138,-0.004,
0.027,0.036,0.068,-0.011,
0.06,0.057,0.159,-0.014,
-0.007,-0.009,0.042,-0.056,
0.02,0.017,0.087,-0.043,
0.068,0.064,0.127,-0.001,
0.029,0.028,0.056,0.001,
0.102,0.088,0.203,0,
0.067,0.047,0.171,0,
0.042,0.036,0.106,0.001,
0.012,0.006,0.091,-0.027,
0.036,0.032,0.104,-0.004,
0.019,0.021,0.04,-0.003,
0.015,0.01,0.054,-0.013,
0.02,0.013,0.093,-0.037,
0.036,0.041,0.078,0,
0.057,0.05,0.153,0,
0.025,0.018,0.078,-0.003,
0.083,0.088,0.123,-0.001,
0.057,0.068,0.087,0,
0.059,0.053,0.148,-0.001,
0.022,0.028,0.064,-0.018,
0.039,0.045,0.087,0.001,
0.011,0.01,0.034,-0.008,
-0.006,0,0.018,-0.053,
0.069,0.071,0.116,0,
0.015,0.015,0.037,-0.01,
0.04,0.033,0.101,0.004,
0.033,0.023,0.166,0.001,
0.025,0.013,0.263,-0.134,
0.017,0.015,0.05,-0.018,
0.054,0.076,0.089,-0.016,
0.029,0.004,0.182,-0.052,
0.039,0.034,0.09,-0.001,
0.04,0.04,0.095,0,
0.071,0.07,0.106,0.004,
0.031,0.041,0.068,-0.049,
0.016,0.006,0.074,-0.046,
0.023,0.002,0.159,-0.104,
0.018,0.018,0.04,0,
0.037,0.033,0.113,0,
0.05,0.04,0.161,-0.017,
0.014,0,0.08,-0.037,
0.015,0.005,0.065,-0.008,
0.07,0.07,0.17,-0.003,
0.049,0.045,0.17,-0.086,
0.04,0.049,0.066,-0.002,
0.045,0.032,0.104,0.003,
0.016,0.018,0.063,-0.057,
0.023,0.013,0.061,0,
0.043,0.045,0.093,-0.016,
0.001,-0.001,0.047,-0.041,
0.033,0.021,0.082,0.001,
0.047,0.051,0.082,0.001,
0.036,0.037,0.065,0.005,
0.032,0.011,0.104,-0.044,
0.039,0.054,0.075,-0.039,
0.038,0.026,0.13,-0.01,
0.105,0.122,0.154,-0.001,
0.028,0.03,0.096,-0.017,
0.025,0.032,0.062,-0.02,
0.098,0.097,0.167,-0.005,
0.048,0.043,0.127,0.003,
-0.013,-0.006,0.036,-0.058,
0.044,0.032,0.091,-0.005,
0.023,0.02,0.053,0,
0.041,0.042,0.094,0.003,
0.042,0.041,0.091,0,
0.055,0.053,0.115,0.003,
0.034,0.028,0.106,-0.002,
0.032,0.019,0.177,-0.026,
0.024,0.028,0.057,-0.016,
0.06,0.057,0.154,0,
0.033,0.027,0.088,-0.004,
0.022,0.019,0.047,0,
0.031,0.009,0.129,-0.044,
0.016,0.017,0.058,-0.028,
0.04,0.032,0.121,-0.001,
0.01,0.013,0.046,-0.052,
0.029,0.029,0.064,0,
0.056,0.058,0.116,0.001,
0.042,0.042,0.074,-0.001,
0.073,0.071,0.189,-0.003,
-0.019,-0.009,0.064,-0.077,
0.021,0.029,0.068,-0.055,
0.035,0.025,0.103,0.001,
0.009,0.01,0.041,-0.027,
0.007,0.015,0.039,-0.023,
0.023,0.02,0.1,-0.061,
0.052,0.049,0.122,0,
0.034,0.032,0.087,-0.003,
0.03,0.026,0.074,-0.004,
0.022,0.026,0.039,-0.007,
0.033,0.031,0.103,-0.007,
0.045,0.044,0.136,-0.003,
0.036,0.021,0.12,-0.019,
0.054,0.046,0.133,0,
0.034,0.037,0.057,0,
0.03,0.031,0.048,-0.001,
0.044,0.051,0.074,-0.001,
-0.022,-0.008,0.084,-0.111,
0.011,0.018,0.037,-0.039,
0.024,0.018,0.072,-0.003,
0.028,0.031,0.079,-0.004,
0.05,0.057,0.082,-0.003,
0.007,0.006,0.051,-0.028,
0.025,0.021,0.087,-0.022,
0.032,0.021,0.093,0.003,
0.043,0.045,0.104,-0.012,
0.015,0.017,0.031,-0.007,
0.021,0.008,0.087,-0.003,
0.033,0.027,0.127,-0.004,
0.008,0.031,0.076,-0.222,
0.038,0.039,0.064,0,
0.078,0.076,0.143,-0.001,
0.068,0.065,0.176,0.001,
0.082,0.074,0.166,0,
-0.004,0.006,0.056,-0.137,
0.018,0.021,0.051,-0.014,
0.022,0.026,0.078,-0.026,
0.03,0.026,0.06,0.001,
0.008,0.005,0.022,-0.002,
0.072,0.075,0.125,0.003,
0.019,0.017,0.052,-0.001,
0.05,0.062,0.081,-0.019,
0.015,0.004,0.207,-0.105,
0.04,0.059,0.109,-0.039,
0.054,0.052,0.099,-0.001,
0.03,0.028,0.077,0.001,
0.012,0.007,0.086,-0.053,
0.022,0.021,0.043,0.004,
-0.019,-0.006,0.018,-0.071,
0.022,0.029,0.093,-0.082,
0.044,0.042,0.072,-0.001,
0.02,0.021,0.038,0,
0.012,0.013,0.069,-0.092,
0.054,0.059,0.099,0,
0.011,0.01,0.034,-0.015,
0.084,0.091,0.142,0.001,
0.01,0.004,0.051,-0.017,
0.044,0.043,0.114,-0.006,
0.019,0.015,0.068,-0.006,
0.035,0.019,0.208,-0.038,
0.014,0.018,0.035,-0.014,
0.048,0.042,0.151,0,
0.032,0.015,0.079,0.005,
0.032,0.037,0.155,-0.058,
0.015,0.004,0.13,-0.031,
0.013,0.019,0.035,-0.023,
0.004,0.008,0.049,-0.051,
0.047,0.041,0.131,0.001,
0.02,0.012,0.165,-0.172,
0.006,0.002,0.096,-0.041,
0.035,0.04,0.07,0,
0.108,0.121,0.166,0,
0.051,0.058,0.117,-0.014,
0.039,0.036,0.083,0.003,
0.019,0.011,0.083,-0.006,
0.043,0.045,0.076,0.001,
0.01,0.003,0.063,-0.047,
0.048,0.045,0.106,0,
0.068,0.07,0.114,0.004,
0.036,0.034,0.069,-0.001,
0.026,0.023,0.069,-0.01,
0.028,0.015,0.16,-0.037,
0.031,0.029,0.066,0,
0.046,0.048,0.086,0.003,
0.025,0.036,0.074,-0.076,
0.058,0.059,0.107,0.001,
0.026,0.028,0.055,0.004,
0.038,0.04,0.074,0.001,
0.039,0.039,0.121,-0.001,
0.004,0.001,0.014,-0.008,
0.029,0.02,0.087,-0.002,
0.033,0.021,0.092,-0.004,
0.06,0.039,0.205,-0.006,
0.037,0.038,0.145,-0.096,
0.057,0.054,0.162,-0.005,
0.002,0.005,0.035,-0.03,
0.024,0.008,0.107,-0.001,
0.001,0.002,0.012,-0.018,
-0.019,0.004,0.327,-0.281,
0.023,0.025,0.085,-0.074,
0.021,0.019,0.05,0.001,
0.034,0.021,0.151,-0.083,
0.055,0.046,0.15,-0.004,
0.019,0.01,0.075,-0.015,
0.021,0.003,0.109,-0.021,
0.057,0.073,0.124,-0.019,
0.07,0.083,0.117,0.005,
0.029,0.049,0.117,-0.143,
0.045,0.042,0.128,-0.02,
0.031,0.028,0.074,-0.002,
0.012,0.012,0.198,-0.145,
0.011,0.005,0.072,-0.018,
0.041,0.037,0.234,-0.125,
0.009,0.006,0.037,-0.007,
0.006,0.011,0.046,-0.049,
0.029,0.011,0.08,0,
0.035,0.034,0.104,-0.007,
0.005,0.007,0.071,-0.063,
0.048,0.057,0.08,0.001,
0.066,0.076,0.118,-0.039,
0.032,0.025,0.135,-0.035,
0.016,-0.001,0.085,-0.007,
0.013,-0.007,0.096,-0.046,
0.035,0.01,0.286,-0.114,
0.017,0.017,0.053,-0.031,
0.046,0.036,0.1,0,
0.027,0.009,0.142,-0.008,
0.009,0.003,0.153,-0.051,
0.042,0.019,0.175,-0.076,
0.049,0.053,0.152,-0.047,
0.018,0.019,0.04,-0.01,
0.028,0.027,0.056,0,
0.027,0.013,0.089,-0.061,
0.037,0.04,0.08,-0.011,
-0.005,0,0.048,-0.114,
0.053,0.056,0.11,-0.005,
0.024,0.011,0.122,-0.066,
0.013,0.006,0.037,-0.002,
-0.002,-0.003,0.011,-0.012,
0.011,-0,0.048,-0.014,
0.012,0.002,0.065,-0.016,
0.058,0.051,0.114,0,
0.005,0.003,0.026,-0.013,
0.032,0.027,0.105,-0.006,
0.036,0.054,0.095,-0.05,
0.023,-0.001,0.287,-0.081,
0.052,0.053,0.121,-0.009,
0.021,0.001,0.152,-0.008,
0.03,0.027,0.069,-0.032,
0.038,0.032,0.097,0.001,
0.009,0.014,0.042,-0.031,
0.032,0.025,0.115,-0.012,
0.07,0.05,0.217,0,
0.028,0.03,0.047,0,
0.042,0.026,0.134,0,
0.025,0.02,0.057,-0.001,
0.02,0.029,0.094,-0.133,
0.032,0.024,0.113,-0.038,
0.025,0.021,0.081,-0.004,
0.032,0.041,0.081,-0.027,
0.009,-0.001,0.235,-0.116,
0.038,0.034,0.11,-0.008,
0.031,0.017,0.135,-0.011,
0.047,0.056,0.093,0.001,
0.02,0.027,0.048,-0.011,
0.061,0.071,0.115,-0.033,
0.043,0.008,0.231,-0.165,
0.039,0.033,0.122,-0.007,
0.016,0.009,0.057,-0.009,
0.055,0.039,0.187,0,
0.018,0.007,0.053,-0.002,
0.018,0.023,0.052,-0.004,
0.057,0.058,0.099,0.001,
0.017,0.04,0.063,-0.084,
0.002,0,0.023,-0.016,
0.008,0.013,0.089,-0.094,
0.018,0.015,0.074,-0.017,
0.031,0.019,0.101,-0.038,
0.018,0.007,0.241,-0.111,
0.011,0.018,0.035,-0.038,
0.003,0.016,0.213,-0.183,
0.044,0.043,0.087,0.004,
-0.005,-0.001,0.057,-0.063,
0.08,0.091,0.166,-0.001,
0.022,0.021,0.067,0,
0.038,0.02,0.168,-0.007,
0.041,0.037,0.078,0.005,
0.014,0.009,0.06,-0.014,
0.022,0.021,0.07,-0.013,
0.054,0.025,0.157,0.004,
-0.02,-0.004,0.023,-0.121,
0.033,0.02,0.075,0.005,
0.022,0.009,0.07,-0.01,
0.082,0.084,0.154,0,
0.037,0.03,0.089,0,
0.046,0.04,0.118,0.005,
0.044,0.034,0.162,-0.015,
0.028,0.013,0.157,-0.018,
0.026,0.032,0.075,-0.023,
0.005,-0.002,0.224,-0.199,
0.034,0.036,0.051,0,
0.036,0.03,0.09,-0.005,
0.066,0.061,0.223,-0.015,
0.013,0.005,0.051,-0.003,
0.024,0.004,0.139,-0.075,
-0.002,0,0.059,-0.077,
0.055,0.057,0.103,-0.002,
0.028,0.021,0.104,-0.008,
0.043,0.03,0.138,-0.023,
0.019,0.021,0.043,0,
0.002,0.007,0.048,-0.038,
0.032,0.028,0.126,-0.007,
0.037,0.026,0.167,-0.04,
0.036,0.042,0.084,-0.013,
0.04,0.033,0.083,0.004,
0.029,0.014,0.104,-0.019,
0.028,0.015,0.143,-0.012,
0.031,0.028,0.103,-0.015,
0.029,0.033,0.098,-0.06,
0.018,0.025,0.106,-0.096,
0.014,0.011,0.057,-0.018,
0.027,0.014,0.346,-0.178,
0.03,0.03,0.074,-0.005,
0.033,0.021,0.117,-0.007,
0.013,0.006,0.052,-0.009,
-0.004,0.004,0.091,-0.146,
0.033,0.026,0.171,-0.077,
0.01,-0.001,0.08,-0.013,
0.014,0.011,0.078,-0.022,
0.068,0.079,0.121,0,
0.023,0.027,0.155,-0.063,
0.057,0.062,0.107,0.001,
0.046,0.014,0.198,-0.028,
0.006,0.009,0.084,-0.073,
0.02,0.014,0.109,-0.062,
0.023,0.015,0.087,-0.004,
0.007,0.004,0.05,-0.022,
0.038,0.048,0.103,-0.021,
0.009,0,0.051,-0.004,
0.015,0,0.122,-0.098,
0.022,0.026,0.109,-0.071,
0.035,0.026,0.118,0.004,
0.008,0.03,0.059,-0.12,
0.014,0,0.129,-0.037,
0.028,0.027,0.065,-0.001,
0,0.002,0.079,-0.068,
0.028,0.025,0.049,0.002,
0.017,0.014,0.068,-0.031,
0.039,0.042,0.085,-0.001,
0.015,0.013,0.057,-0.001,
0.025,0.006,0.094,-0.049,
0.017,0.004,0.106,-0.058,
0.02,0.017,0.048,-0.011,
0.087,0.064,0.214,-0.049,
0.034,0.021,0.085,-0.002,
0.019,0,0.174,-0.025,
0.009,0.003,0.05,-0.012,
0.015,0,0.1,-0.019,
0.036,0.028,0.099,-0.002,
0.024,0.009,0.122,-0.026,
0.013,0.01,0.149,-0.2,
0.033,0.02,0.133,-0.003,
0.01,0.001,0.107,-0.083,
0.023,0.023,0.222,-0.139,
0.023,0.022,0.059,-0.005,
0.085,0.064,0.213,0.001,
-0.004,0.002,0.104,-0.096,
0.004,-0.003,0.139,-0.142,
-0.023,-0.014,0.161,-0.235,
0.023,0.023,0.063,-0.004,
0.028,0.022,0.096,-0.007,
0.013,-0.002,0.11,-0.053,
0.045,0.049,0.076,0,
0.036,0.022,0.111,-0.069,
0.059,0.056,0.182,-0.007,
0.011,0.012,0.068,-0.033,
0.005,0,0.097,-0.062,
0.046,0.05,0.115,-0.022,
0.027,0.013,0.076,-0.003,
0.028,0.01,0.139,-0.021,
0.017,0.013,0.044,-0.004,
0.013,0.022,0.071,-0.053,
0.034,0.03,0.101,-0.003,
0.023,0.02,0.162,-0.043,
0.048,0.055,0.121,-0.036,
0.014,0.003,0.081,-0.005,
0.04,0.031,0.114,-0.004,
0.014,0.013,0.044,-0.005,
-0.008,-0.004,0.146,-0.128,
0.032,0.029,0.115,-0.035,
0.054,0.055,0.095,0,
0.058,0.056,0.136,-0.001,
0.02,0,0.179,-0.011,
-0.011,0.002,0.061,-0.126,
0.01,0.005,0.043,-0.003,
0.027,0.022,0.085,0.002,
0.037,0.042,0.079,-0.004,
0.008,0.002,0.056,-0.009,
0.043,0.028,0.104,0.001,
0.017,0.004,0.061,-0.007,
0.063,0.072,0.104,0.001,
0.043,0.04,0.12,-0.004,
0.061,0.045,0.143,-0.002,
0.026,0.018,0.073,-0.006,
0.057,0.049,0.15,-0.005,
0.013,-0.001,0.085,-0.028,
0.067,0.066,0.116,0,
0.024,0.033,0.112,-0.155,
0.028,0.011,0.121,-0.024,
0.032,0.035,0.081,-0.006,
0.032,0.039,0.081,-0.008,
0.017,0.009,0.075,-0.018,
0.01,0.027,0.095,-0.182,
0.046,0.043,0.105,0,
0.017,0.009,0.06,-0.009,
-0.002,-0.01,0.112,-0.105,
0.011,0.009,0.052,-0.035,
0.023,0.013,0.074,-0.003,
0.01,0.01,0.098,-0.102,
0.029,0.021,0.099,-0.004,
0.022,0.025,0.058,-0.003,
0.034,0.037,0.106,-0.012,
0.023,0.014,0.131,-0.012,
0.029,0.015,0.087,-0.001,
-0.002,0.007,0.067,-0.09,
0.04,0.026,0.312,-0.062,
0.065,0.052,0.161,0,
0.042,0.043,0.096,-0.007,
0.043,0.017,0.267,-0.006,
-0.011,-0.006,0.047,-0.081,
0.044,0.057,0.08,-0.025,
0.033,0.036,0.098,-0.034,
0.014,0.018,0.091,-0.151,
0.043,-0.004,0.284,-0.11,
0.059,0.061,0.11,0,
0.02,0.015,0.073,-0.007,
0.044,0.022,0.277,-0.096,
0.022,0.017,0.076,-0.012,
0.01,0.011,0.025,-0.007,
0.022,0.026,0.069,-0.009,
0.012,0.01,0.029,0.001,
0.071,0.075,0.164,0.002,
0.024,0.029,0.1,-0.028,
0.009,0.009,0.03,-0.019,
0.049,0.013,0.162,-0.003,
0.062,0.03,0.162,-0.017,
0.062,0.062,0.141,-0.015,
0.059,0.051,0.126,-0.004,
0.012,0.008,0.039,-0.02,
0.051,0.057,0.101,-0.001,
0.043,0.034,0.122,0,
0.029,0,0.193,-0.019,
0.082,0.077,0.141,0.001,
0.055,0.067,0.155,-0.012,
0.015,0.006,0.107,-0.045,
0.035,0.028,0.078,0.004,
0.018,0.029,0.091,-0.067,
0.036,0.022,0.102,0.004,
0.053,0.027,0.248,-0.038,
0.024,0.031,0.101,-0.061,
0,0.005,0.251,-0.143,
-0.025,0.018,0.047,-0.167,
0.056,0.046,0.155,-0.002,
0.028,0.019,0.126,-0.007,
0.021,0.003,0.082,-0.01,
0.035,0.028,0.106,-0.016,
0.032,0.032,0.073,-0.018,
0.058,0.07,0.178,-0.065,
0.031,0.02,0.129,-0.03,
0.016,0.019,0.072,-0.07,
0.029,0.021,0.137,-0.08,
-0.015,-0.001,0.037,-0.111,
0.058,0.052,0.12,0,
0.012,-0.001,0.075,-0.014,
0.021,0.021,0.072,-0.059,
0.033,0.031,0.127,-0.047,
0.043,0.04,0.111,-0.008,
0.051,0.054,0.127,-0.047,
0.056,0.052,0.11,-0.008,
0.045,0.049,0.108,-0.008,
0.044,0.055,0.111,-0.014,
0.042,0.006,0.321,-0.059,
0.056,0.038,0.181,-0.02,
0.01,0.006,0.058,-0.047,
0.022,0.006,0.142,-0.086,
0.023,0.003,0.124,-0.03,
0.056,0.058,0.089,-0.001,
0.018,0.002,0.082,-0.011,
0.043,0.033,0.122,-0.021,
0.054,0.06,0.093,-0.016,
-0.009,0.016,0.131,-0.2,
0.064,0.043,0.151,0,
0.029,0.025,0.107,-0.007,
0.059,0.05,0.208,-0.043,
0.024,0.017,0.081,-0.008,
0.035,0.035,0.075,0,
0.036,0.033,0.12,-0.004,
0.018,0.009,0.204,-0.096,
-0.018,0,0.064,-0.109,
0.007,0.002,0.104,-0.039,
0.031,0.024,0.069,-0.001,
0.044,0.05,0.1,0,
0.008,0.009,0.07,-0.064,
0.013,0.008,0.09,-0.03,
0.032,0.024,0.127,-0.017,
0.029,0.036,0.058,-0.006,
0.025,0.033,0.074,-0.043,
0.02,0.017,0.156,-0.064,
0.008,0.002,0.035,-0.014,
0.037,0.041,0.115,-0.011,
0.066,0.07,0.103,0.004,
0.041,0.03,0.134,-0.018,
0.032,0.035,0.053,-0.009,
0.051,0.052,0.084,0,
0.023,0.002,0.144,-0.018,
0.019,0.021,0.152,-0.126,
0.042,0.053,0.075,0.002,
0.02,0.013,0.062,-0.018,
0.038,0.035,0.116,-0.036,
0.028,0.03,0.056,0.002,
0.009,-0.002,0.182,-0.171,
0.005,0.007,0.022,-0.009,
0.001,0.003,0.041,-0.088,
0.01,0.015,0.032,-0.034,
0.043,0.037,0.167,-0.087,
0.047,0.057,0.094,0.001,
0.007,0.013,0.061,-0.092,
0.01,0.014,0.073,-0.052,
0.018,0.01,0.094,-0.016,
0.022,0.022,0.042,0.002,
0.07,0.08,0.164,-0.066,
0.035,0.034,0.066,-0.004,
0.009,-0.009,0.215,-0.125,
0.04,0.037,0.095,0,
0.037,0.032,0.111,-0.004,
0.065,0.047,0.149,-0.001,
0.029,0.023,0.139,-0.141,
-0.002,0.006,0.071,-0.073,
0.01,0.011,0.028,-0.008,
-0.015,-0.005,0.18,-0.159,
0.044,0.047,0.065,0,
0.017,0.013,0.08,-0.018,
0.046,0.033,0.168,-0.034,
0.018,0.011,0.047,0,
-0.025,-0.003,0.09,-0.218,
-0.001,0.001,0.068,-0.079,
0.002,0.007,0.144,-0.133,
0.039,0.043,0.067,0.001,
0.006,0.004,0.121,-0.073,
0.052,0.042,0.126,-0.006,
0.021,0.025,0.044,-0.004,
-0.02,0.013,0.075,-0.135,
0.061,0.08,0.17,-0.071,
0.042,0.014,0.24,-0.061,
0.022,0.015,0.078,-0.018,
0.033,0.025,0.118,-0.028,
0.002,0.009,0.05,-0.094,
0.034,0.046,0.06,0,
0.029,0.011,0.099,-0.008,
-0.003,0.004,0.033,-0.084,
0.045,0.034,0.12,-0.004,
0.011,0.015,0.199,-0.15,
0.074,0.057,0.141,-0.004,
0.045,0.023,0.201,-0.009,
0.001,0,0.021,-0.023,
0.025,0.03,0.073,-0.034,
-0.009,0.001,0.045,-0.157,
0.009,0.005,0.079,-0.074,
0.017,0.013,0.068,-0.019,
-0.037,0.007,0.103,-0.24,
0.005,0.012,0.159,-0.121,
0.033,0.033,0.063,-0.005,
0.011,0.008,0.038,-0.002,
0.054,0.045,0.136,0.003,
0.008,0.008,0.063,-0.023,
0.021,0.032,0.061,-0.046,
0.045,0.045,0.079,-0.006,
0.026,0.015,0.098,-0.008,
0.01,0.009,0.038,-0.029,
0.004,0.007,0.029,-0.028,
0.023,0.017,0.065,0,
0.03,0.022,0.083,0.003,
0.029,0.029,0.051,0.001,
0.033,0.042,0.064,-0.003,
0.07,0.076,0.141,0,
0.045,0.051,0.077,-0.003,
0.043,0.044,0.073,-0.003,
0.067,0.072,0.139,0,
0.051,0.045,0.133,-0.001,
0.041,0.043,0.087,0.004,
0.062,0.063,0.101,-0.001,
0.017,0.018,0.039,-0.009,
-0.006,0,0.026,-0.046,
0.04,0.028,0.134,0,
0.011,0.005,0.036,-0.022,
0.062,0.07,0.18,-0.101,
0.055,0.04,0.17,-0.016,
0.072,0.061,0.146,0.003,
0.007,0.004,0.042,-0.015,
0.054,0.057,0.12,-0.004,
0.051,0.054,0.107,-0.001,
0.019,0.005,0.095,-0.017,
0.034,0.031,0.075,-0.003,
-0.01,0.005,0.043,-0.134,
-0.023,0.001,0.161,-0.172,
0.032,0.027,0.093,-0.003,
0.001,0.004,0.112,-0.118,
0.038,0.049,0.225,-0.137,
0,-0.006,0.196,-0.155,
0.018,0.011,0.078,-0.012,
-0.006,-0.001,0.03,-0.05,
0.011,0.002,0.08,-0.012,
0.101,0.108,0.141,0.002,
0.007,0.01,0.019,-0.022,
0.053,0.072,0.157,-0.075,
0.017,0.012,0.106,-0.026,
0.014,0.002,0.143,-0.033,
0.046,0.053,0.079,-0.017,
0.032,0.027,0.097,-0.002,
0.04,0.032,0.13,-0.02,
-0.038,-0.031,0.022,-0.103,
0.04,0.04,0.084,-0.009,
0.01,0.007,0.121,-0.108,
0.064,0.096,0.121,-0.043,
0.026,0.028,0.068,0.001,
0.031,0.035,0.087,-0.014,
0.02,0.014,0.066,-0.005,
0.025,0.019,0.059,-0.002,
0.059,0.059,0.088,0,
-0.006,0.01,0.068,-0.154,
0.015,0.01,0.053,-0.004,
0.083,0.101,0.145,0,
0.009,0.01,0.069,-0.045,
0.052,0.051,0.093,0.005,
0.037,0.035,0.074,0,
0.03,0.029,0.074,-0.023,
0.018,0.026,0.128,-0.159,
0.014,-0,0.107,-0.07,
0.03,0.024,0.069,0.002,
0.05,0.05,0.102,0,
0.015,0.007,0.054,-0.014,
-0.028,-0.032,0.15,-0.154,
0.057,0.054,0.117,0.001,
0.048,0.045,0.096,0.002,
0.059,0.035,0.168,0.005,
0.054,0.043,0.177,0.001,
0.054,0.036,0.152,-0.014,
0.041,0.005,0.332,-0.219,
0.021,0.024,0.053,-0.033,
0.028,0.021,0.091,-0.012,
0.02,0.015,0.085,-0.033,




Further Data analysis of all test cases 
avg med max min 
AVGs,-0.296,-0.286,-0.196,-0.359,
MEDs,-0.325,-0.314,-0.179,-0.413,
MAXs,-0.049,-0.049,-0.038,-0.087,
MINs,-0.351,-0.334,-0.284,-0.465,


AVGs,0.03,0.029,0.108,-0.041,
MEDs,0.028,0.025,0.122,-0.037,
MAXs,0.099,0.089,0.346,0.011,
MINs,-0.03,-0.008,0.01,-0.281,



