

Data analysis for each instance 
AVG,MED,MAX,MIN
0.642,0.619,0.791,0.612,
0.647,0.628,0.78,0.62,
0.653,0.637,0.792,0.613,
0.636,0.617,0.785,0.589,
0.633,0.609,0.782,0.596,
0.626,0.589,0.787,0.58,
0.646,0.629,0.789,0.613,
0.647,0.627,0.784,0.617,
0.641,0.621,0.78,0.613,
0.633,0.611,0.788,0.599,
0.648,0.63,0.79,0.609,
0.639,0.619,0.794,0.611,
0.654,0.633,0.796,0.623,
0.612,0.59,0.775,0.582,
0.642,0.617,0.789,0.607,
0.625,0.599,0.787,0.588,
0.594,0.565,0.788,0.541,
0.631,0.611,0.787,0.585,
0.599,0.571,0.789,0.536,
0.661,0.643,0.79,0.633,
0.648,0.639,0.784,0.602,
0.64,0.613,0.786,0.607,
0.628,0.606,0.776,0.598,
0.599,0.571,0.776,0.554,
0.624,0.597,0.789,0.561,
0.641,0.625,0.78,0.607,
0.61,0.587,0.772,0.576,
0.657,0.639,0.8,0.62,
0.657,0.639,0.788,0.626,
0.657,0.637,0.791,0.632,
0.663,0.641,0.795,0.63,
0.584,0.56,0.783,0.527,
0.586,0.557,0.778,0.534,
0.654,0.629,0.801,0.623,
0.588,0.552,0.778,0.549,
0.653,0.639,0.787,0.618,
0.63,0.604,0.783,0.599,
0.597,0.562,0.773,0.558,
0.614,0.591,0.781,0.578,
0.638,0.623,0.771,0.604,
0.646,0.623,0.789,0.616,
0.65,0.625,0.797,0.615,
0.605,0.587,0.766,0.557,
0.65,0.636,0.786,0.616,
0.651,0.637,0.792,0.61,
0.652,0.631,0.784,0.622,
0.642,0.623,0.786,0.606,
0.604,0.586,0.781,0.545,
0.639,0.624,0.784,0.601,
0.597,0.566,0.773,0.551,
0.65,0.628,0.789,0.62,
0.64,0.621,0.784,0.605,
0.642,0.623,0.788,0.607,
0.627,0.605,0.771,0.598,
0.648,0.627,0.794,0.615,
0.642,0.621,0.787,0.613,
0.638,0.62,0.782,0.602,
0.639,0.616,0.784,0.606,
0.629,0.619,0.769,0.593,
0.625,0.601,0.793,0.566,
0.591,0.566,0.779,0.513,
0.621,0.595,0.775,0.582,
0.611,0.599,0.79,0.543,
0.618,0.591,0.783,0.576,
0.634,0.603,0.786,0.601,
0.621,0.615,0.779,0.552,
0.651,0.627,0.797,0.611,
0.635,0.612,0.796,0.589,
0.644,0.621,0.79,0.615,
0.63,0.615,0.782,0.586,
0.649,0.629,0.794,0.618,
0.652,0.633,0.785,0.617,
0.649,0.629,0.791,0.618,
0.601,0.565,0.78,0.557,
0.646,0.619,0.794,0.605,
0.649,0.635,0.791,0.611,
0.647,0.629,0.789,0.618,
0.596,0.561,0.78,0.553,
0.649,0.631,0.788,0.613,
0.658,0.645,0.786,0.625,
0.625,0.603,0.793,0.577,
0.656,0.641,0.788,0.626,
0.614,0.59,0.776,0.585,
0.658,0.637,0.797,0.626,
0.658,0.633,0.802,0.627,
0.603,0.575,0.783,0.56,
0.637,0.621,0.777,0.61,
0.646,0.631,0.784,0.608,
0.569,0.537,0.773,0.514,
0.646,0.617,0.797,0.614,
0.652,0.631,0.798,0.615,
0.637,0.619,0.781,0.607,
0.621,0.61,0.783,0.561,
0.629,0.608,0.78,0.601,
0.628,0.61,0.774,0.59,
0.681,0.671,0.79,0.658,
0.647,0.623,0.8,0.607,
0.638,0.621,0.79,0.595,
0.639,0.624,0.78,0.609,
0.646,0.629,0.79,0.591,
0.632,0.613,0.779,0.607,
0.637,0.617,0.781,0.604,
0.641,0.617,0.783,0.613,
0.61,0.587,0.786,0.571,
0.658,0.641,0.795,0.632,
0.643,0.621,0.791,0.61,
0.622,0.601,0.769,0.591,
0.642,0.629,0.79,0.59,
0.654,0.639,0.786,0.621,
0.653,0.635,0.789,0.613,
0.609,0.584,0.783,0.545,
0.634,0.614,0.771,0.609,
0.629,0.609,0.78,0.601,
0.648,0.625,0.787,0.609,
0.651,0.634,0.783,0.624,
0.661,0.646,0.795,0.631,
0.596,0.561,0.792,0.547,
0.637,0.621,0.78,0.604,
0.651,0.635,0.793,0.615,
0.635,0.613,0.786,0.607,
0.633,0.61,0.791,0.598,
0.634,0.617,0.788,0.595,
0.658,0.644,0.791,0.62,
0.645,0.626,0.792,0.609,
0.644,0.623,0.786,0.608,
0.643,0.619,0.789,0.615,
0.642,0.622,0.783,0.61,
0.658,0.631,0.796,0.625,
0.648,0.619,0.795,0.61,
0.646,0.619,0.792,0.612,
0.631,0.607,0.785,0.592,
0.614,0.601,0.779,0.549,
0.596,0.567,0.773,0.551,
0.632,0.607,0.78,0.601,
0.642,0.625,0.782,0.615,
0.594,0.572,0.774,0.545,
0.585,0.55,0.769,0.529,
0.621,0.587,0.796,0.583,
0.635,0.613,0.779,0.605,
0.633,0.619,0.778,0.593,
0.631,0.612,0.775,0.597,
0.611,0.583,0.795,0.565,
0.62,0.599,0.785,0.57,
0.62,0.599,0.782,0.577,
0.611,0.591,0.785,0.566,
0.655,0.637,0.799,0.621,
0.625,0.597,0.792,0.59,
0.637,0.614,0.789,0.604,
0.609,0.591,0.778,0.556,
0.635,0.61,0.78,0.602,
0.647,0.63,0.784,0.617,
0.637,0.611,0.795,0.599,
0.648,0.625,0.783,0.616,
0.603,0.572,0.779,0.558,
0.654,0.637,0.788,0.616,
0.637,0.612,0.787,0.604,
0.644,0.622,0.789,0.615,
0.652,0.633,0.788,0.621,
0.627,0.609,0.772,0.593,
0.648,0.626,0.79,0.613,
0.636,0.607,0.795,0.593,
0.634,0.615,0.786,0.59,
0.627,0.611,0.772,0.596,
0.635,0.615,0.781,0.604,
0.616,0.591,0.803,0.575,
0.654,0.63,0.799,0.62,
0.614,0.587,0.787,0.56,
0.628,0.605,0.772,0.599,
0.659,0.64,0.794,0.625,
0.636,0.612,0.784,0.606,
0.635,0.619,0.779,0.597,
0.625,0.607,0.772,0.594,
0.588,0.567,0.76,0.534,
0.661,0.641,0.794,0.631,
0.626,0.605,0.789,0.582,
0.641,0.627,0.767,0.604,
0.627,0.605,0.792,0.577,
0.643,0.621,0.791,0.609,
0.637,0.617,0.776,0.606,
0.645,0.619,0.787,0.609,
0.63,0.615,0.781,0.595,
0.626,0.605,0.778,0.595,
0.666,0.651,0.789,0.633,
0.643,0.619,0.791,0.606,
0.634,0.605,0.801,0.585,
0.629,0.605,0.792,0.589,
0.626,0.604,0.777,0.598,
0.599,0.579,0.77,0.565,
0.622,0.608,0.77,0.57,
0.647,0.628,0.786,0.612,
0.625,0.609,0.778,0.57,
0.601,0.585,0.769,0.559,
0.66,0.645,0.783,0.625,
0.617,0.598,0.779,0.579,
0.618,0.585,0.79,0.575,
0.612,0.578,0.79,0.567,
0.639,0.623,0.78,0.596,
0.645,0.619,0.784,0.607,
0.628,0.602,0.787,0.576,
0.616,0.589,0.779,0.564,
0.653,0.629,0.792,0.616,
0.631,0.621,0.773,0.577,
0.642,0.615,0.789,0.606,
0.627,0.607,0.78,0.59,
0.613,0.583,0.786,0.56,
0.634,0.618,0.782,0.601,
0.643,0.619,0.787,0.609,
0.638,0.617,0.773,0.602,
0.591,0.561,0.787,0.544,
0.648,0.627,0.789,0.611,
0.644,0.621,0.788,0.613,
0.659,0.639,0.793,0.628,
0.625,0.595,0.785,0.58,
0.644,0.623,0.784,0.613,
0.64,0.625,0.783,0.591,
0.646,0.625,0.791,0.609,
0.579,0.548,0.772,0.51,
0.598,0.565,0.783,0.556,
0.654,0.633,0.788,0.626,
0.639,0.627,0.776,0.601,
0.597,0.577,0.824,0.546,
0.653,0.633,0.789,0.626,
0.641,0.613,0.787,0.605,
0.654,0.635,0.792,0.618,
0.646,0.624,0.79,0.615,
0.627,0.609,0.776,0.595,
0.597,0.561,0.781,0.556,
0.645,0.624,0.787,0.611,
0.66,0.639,0.794,0.629,
0.646,0.629,0.779,0.611,
0.631,0.608,0.79,0.595,
0.643,0.615,0.794,0.612,
0.633,0.618,0.79,0.567,
0.639,0.627,0.783,0.604,
0.636,0.613,0.783,0.603,
0.64,0.613,0.791,0.595,
0.638,0.611,0.785,0.605,
0.637,0.617,0.788,0.609,
0.631,0.603,0.8,0.576,
0.645,0.622,0.785,0.607,
0.655,0.635,0.792,0.624,
0.613,0.593,0.774,0.57,
0.596,0.574,0.788,0.54,
0.666,0.648,0.794,0.63,
0.573,0.538,0.783,0.521,
0.648,0.633,0.784,0.616,
0.626,0.613,0.773,0.58,
0.641,0.619,0.782,0.613,
0.64,0.629,0.784,0.592,
0.633,0.612,0.777,0.6,
0.606,0.588,0.768,0.568,
0.645,0.624,0.787,0.62,
0.651,0.633,0.786,0.624,
0.596,0.562,0.773,0.552,
0.652,0.625,0.798,0.616,
0.628,0.608,0.789,0.567,
0.652,0.631,0.789,0.617,
0.634,0.613,0.775,0.601,
0.634,0.61,0.777,0.601,
0.661,0.641,0.796,0.635,
0.648,0.633,0.786,0.606,
0.639,0.615,0.788,0.607,
0.618,0.595,0.782,0.562,
0.627,0.603,0.785,0.59,
0.651,0.636,0.789,0.612,
0.653,0.64,0.789,0.611,
0.588,0.556,0.776,0.531,
0.646,0.623,0.789,0.615,
0.652,0.631,0.788,0.619,
0.64,0.623,0.786,0.606,
0.649,0.625,0.786,0.619,
0.632,0.609,0.791,0.587,
0.641,0.617,0.785,0.612,
0.652,0.631,0.791,0.619,
0.645,0.627,0.783,0.61,
0.617,0.6,0.772,0.581,
0.62,0.61,0.769,0.559,
0.656,0.641,0.792,0.624,
0.662,0.649,0.788,0.635,
0.601,0.566,0.786,0.559,
0.64,0.622,0.772,0.613,
0.633,0.611,0.794,0.586,
0.66,0.636,0.796,0.625,
0.612,0.58,0.784,0.569,
0.644,0.627,0.791,0.606,
0.65,0.635,0.787,0.619,
0.65,0.627,0.795,0.612,
0.643,0.62,0.788,0.61,
0.634,0.621,0.776,0.592,
0.591,0.555,0.775,0.55,
0.647,0.627,0.787,0.606,
0.657,0.647,0.786,0.616,
0.646,0.631,0.787,0.604,
0.638,0.614,0.781,0.602,
0.641,0.616,0.792,0.61,
0.631,0.607,0.78,0.603,
0.635,0.609,0.78,0.601,
0.619,0.593,0.789,0.571,
0.621,0.607,0.777,0.56,
0.647,0.626,0.791,0.614,
0.642,0.62,0.788,0.608,
0.637,0.615,0.784,0.607,
0.635,0.627,0.781,0.593,
0.634,0.609,0.816,0.607,
0.621,0.605,0.775,0.568,
0.635,0.611,0.783,0.603,
0.643,0.621,0.79,0.618,
0.628,0.607,0.787,0.573,
0.653,0.628,0.801,0.614,
0.654,0.635,0.797,0.617,
0.633,0.608,0.784,0.603,
0.647,0.627,0.788,0.617,
0.652,0.635,0.789,0.618,
0.634,0.615,0.782,0.598,
0.646,0.621,0.791,0.612,
0.642,0.621,0.782,0.607,
0.65,0.631,0.79,0.613,
0.613,0.59,0.785,0.574,
0.585,0.578,0.744,0.525,
0.614,0.593,0.792,0.565,
0.617,0.593,0.789,0.569,
0.593,0.567,0.793,0.534,
0.611,0.589,0.779,0.581,
0.647,0.629,0.785,0.611,
0.63,0.607,0.782,0.583,
0.64,0.626,0.78,0.611,
0.622,0.591,0.778,0.578,
0.611,0.591,0.767,0.568,
0.611,0.579,0.782,0.553,
0.641,0.625,0.783,0.607,
0.576,0.551,0.769,0.511,
0.652,0.629,0.794,0.614,
0.633,0.613,0.788,0.596,
0.605,0.577,0.776,0.569,
0.653,0.631,0.794,0.621,
0.602,0.575,0.775,0.555,
0.632,0.623,0.775,0.59,
0.654,0.633,0.788,0.62,
0.64,0.619,0.789,0.607,
0.643,0.621,0.789,0.614,
0.636,0.613,0.783,0.601,
0.631,0.605,0.778,0.602,
0.655,0.629,0.797,0.614,
0.643,0.627,0.786,0.608,
0.64,0.621,0.781,0.607,
0.639,0.619,0.794,0.59,
0.604,0.585,0.771,0.559,
0.613,0.597,0.783,0.563,
0.653,0.638,0.789,0.622,
0.663,0.642,0.794,0.629,
0.616,0.595,0.777,0.573,
0.6,0.568,0.784,0.55,
0.596,0.569,0.783,0.535,
0.646,0.625,0.788,0.609,
0.642,0.617,0.796,0.598,
0.614,0.588,0.777,0.57,
0.663,0.649,0.788,0.629,
0.63,0.615,0.768,0.603,
0.644,0.624,0.789,0.611,
0.643,0.619,0.785,0.61,
0.632,0.613,0.774,0.593,
0.642,0.621,0.792,0.59,
0.643,0.621,0.786,0.61,
0.65,0.635,0.779,0.625,
0.621,0.607,0.784,0.568,
0.642,0.623,0.788,0.608,
0.654,0.642,0.785,0.623,
0.639,0.621,0.788,0.589,
0.639,0.62,0.786,0.605,
0.614,0.589,0.797,0.565,
0.641,0.618,0.79,0.603,
0.643,0.625,0.786,0.615,
0.65,0.633,0.794,0.614,
0.631,0.613,0.772,0.597,
0.634,0.612,0.775,0.604,
0.647,0.627,0.793,0.602,
0.576,0.556,0.767,0.516,
0.661,0.643,0.792,0.635,
0.623,0.603,0.79,0.58,
0.628,0.602,0.779,0.601,
0.561,0.53,0.771,0.507,
0.621,0.605,0.778,0.579,
0.653,0.637,0.788,0.619,
0.631,0.611,0.79,0.589,
0.666,0.651,0.785,0.639,
0.652,0.635,0.787,0.626,
0.64,0.622,0.783,0.608,
0.64,0.615,0.791,0.606,
0.636,0.617,0.78,0.59,
0.645,0.622,0.787,0.612,
0.615,0.598,0.787,0.565,
0.637,0.617,0.783,0.609,
0.63,0.609,0.784,0.592,
0.644,0.625,0.789,0.597,
0.637,0.613,0.795,0.597,
0.637,0.614,0.795,0.578,
0.66,0.646,0.789,0.623,
0.631,0.609,0.778,0.603,
0.652,0.643,0.781,0.615,
0.646,0.624,0.787,0.613,
0.653,0.631,0.792,0.618,
0.65,0.627,0.786,0.613,
0.641,0.617,0.785,0.613,
0.599,0.567,0.806,0.538,
0.624,0.599,0.813,0.581,
0.649,0.627,0.796,0.611,
0.659,0.637,0.793,0.624,
0.613,0.588,0.783,0.579,
0.624,0.59,0.791,0.573,
0.631,0.609,0.788,0.596,
0.63,0.611,0.778,0.597,
0.642,0.627,0.792,0.614,
0.64,0.619,0.784,0.609,
0.646,0.623,0.792,0.616,
0.643,0.623,0.783,0.613,
0.636,0.619,0.789,0.584,
0.645,0.627,0.786,0.611,
0.638,0.625,0.775,0.601,
0.584,0.553,0.779,0.527,
0.627,0.607,0.779,0.6,
0.634,0.617,0.782,0.601,
0.591,0.567,0.776,0.543,
0.654,0.634,0.79,0.614,
0.649,0.629,0.79,0.605,
0.643,0.625,0.788,0.612,
0.656,0.645,0.776,0.617,
0.598,0.561,0.791,0.548,
0.645,0.62,0.782,0.61,
0.637,0.613,0.785,0.605,
0.597,0.574,0.804,0.54,
0.659,0.639,0.793,0.623,
0.654,0.633,0.79,0.624,
0.652,0.633,0.79,0.619,
0.651,0.629,0.791,0.618,
0.646,0.629,0.779,0.619,
0.64,0.619,0.786,0.607,
0.588,0.554,0.786,0.543,
0.642,0.623,0.793,0.606,
0.602,0.586,0.771,0.552,
0.642,0.619,0.788,0.609,
0.64,0.615,0.793,0.608,
0.613,0.585,0.777,0.567,
0.59,0.569,0.775,0.536,
0.647,0.621,0.793,0.609,
0.595,0.567,0.785,0.535,
0.659,0.645,0.787,0.626,
0.651,0.634,0.783,0.616,
0.653,0.637,0.785,0.618,
0.637,0.618,0.782,0.612,
0.593,0.57,0.773,0.537,
0.635,0.613,0.783,0.605,
0.662,0.644,0.8,0.627,
0.646,0.628,0.79,0.613,
0.637,0.609,0.788,0.6,
0.612,0.583,0.77,0.576,
0.619,0.602,0.798,0.552,
0.641,0.617,0.791,0.599,
0.635,0.619,0.78,0.602,
0.621,0.594,0.788,0.584,
0.645,0.623,0.788,0.604,
0.637,0.619,0.785,0.609,
0.637,0.62,0.778,0.6,
0.623,0.606,0.777,0.579,
0.643,0.615,0.79,0.601,
0.65,0.633,0.786,0.611,
0.646,0.632,0.788,0.607,
0.636,0.611,0.784,0.601,
0.625,0.611,0.771,0.573,
0.614,0.587,0.781,0.57,
0.657,0.635,0.798,0.629,
0.658,0.644,0.79,0.623,
0.634,0.608,0.785,0.601,
0.617,0.578,0.82,0.574,
0.636,0.607,0.783,0.601,
0.631,0.611,0.782,0.6,
0.654,0.63,0.795,0.622,
0.644,0.619,0.793,0.607,
0.645,0.621,0.795,0.614,
0.59,0.564,0.774,0.547,
0.616,0.597,0.78,0.563,
0.658,0.645,0.792,0.634,
0.645,0.625,0.791,0.607,
0.644,0.627,0.778,0.611,
0.568,0.541,0.755,0.515,
0.603,0.577,0.776,0.559,
0.652,0.634,0.788,0.622,
0.653,0.631,0.788,0.616,
0.645,0.625,0.793,0.611,
0.64,0.617,0.786,0.607,
0.656,0.635,0.796,0.624,
0.613,0.593,0.778,0.558,
0.601,0.577,0.777,0.557,
0.65,0.637,0.791,0.593,
0.642,0.619,0.787,0.608,
0.656,0.636,0.787,0.63,
0.635,0.603,0.786,0.601,
0.613,0.589,0.78,0.575,
0.601,0.58,0.769,0.544,
0.64,0.617,0.782,0.609,
0.651,0.631,0.787,0.617,
0.646,0.628,0.788,0.612,
0.648,0.629,0.787,0.612,
0.65,0.631,0.784,0.615,
0.621,0.596,0.776,0.588,
0.63,0.612,0.777,0.6,
0.633,0.605,0.797,0.587,
0.638,0.611,0.786,0.607,
0.638,0.615,0.798,0.598,
0.635,0.609,0.784,0.605,
0.659,0.645,0.791,0.623,
0.63,0.618,0.792,0.579,
0.626,0.609,0.778,0.584,
0.628,0.605,0.777,0.596,
0.606,0.577,0.794,0.546,
0.65,0.637,0.789,0.617,
0.644,0.62,0.79,0.607,
0.644,0.623,0.787,0.611,
0.637,0.617,0.781,0.61,
0.6,0.575,0.799,0.54,
0.629,0.61,0.785,0.57,
0.65,0.629,0.783,0.616,
0.626,0.601,0.779,0.582,
0.635,0.609,0.783,0.602,
0.641,0.622,0.796,0.597,
0.651,0.627,0.791,0.609,
0.623,0.607,0.786,0.591,
0.648,0.628,0.79,0.611,
0.644,0.622,0.78,0.615,
0.642,0.616,0.791,0.61,
0.592,0.571,0.774,0.558,
0.636,0.617,0.774,0.599,
0.657,0.641,0.788,0.626,
0.644,0.625,0.787,0.609,
0.644,0.626,0.785,0.606,
0.639,0.623,0.782,0.597,
0.641,0.625,0.79,0.603,
0.711,0.681,0.954,0.665,
0.624,0.579,0.953,0.563,
0.626,0.569,0.949,0.566,
0.649,0.601,0.95,0.583,
0.684,0.663,0.951,0.613,
0.675,0.642,0.952,0.614,
0.621,0.575,0.922,0.549,
0.637,0.599,0.956,0.561,
0.655,0.625,0.947,0.562,
0.616,0.592,0.894,0.53,
0.668,0.637,0.957,0.612,
0.613,0.558,0.947,0.547,
0.661,0.62,0.943,0.613,
0.719,0.694,0.953,0.667,
0.633,0.585,0.95,0.55,
0.674,0.638,0.949,0.608,
0.697,0.669,0.95,0.641,
0.61,0.552,0.948,0.546,
0.626,0.574,0.952,0.543,
0.653,0.613,0.949,0.587,
0.653,0.62,0.938,0.572,
0.665,0.627,0.948,0.591,
0.715,0.686,0.953,0.67,
0.633,0.575,0.955,0.554,
0.66,0.635,0.95,0.603,
0.67,0.629,0.953,0.61,
0.669,0.637,0.951,0.595,
0.625,0.585,0.955,0.539,
0.628,0.58,0.953,0.548,
0.682,0.645,0.947,0.631,
0.621,0.575,0.951,0.543,
0.702,0.675,0.952,0.658,
0.634,0.595,0.953,0.54,
0.637,0.601,0.953,0.541,
0.648,0.601,0.95,0.592,
0.638,0.595,0.949,0.54,
0.6,0.55,0.939,0.537,
0.693,0.655,0.954,0.649,
0.636,0.593,0.948,0.565,
0.605,0.551,0.958,0.541,
0.617,0.562,0.95,0.537,
0.654,0.613,0.95,0.57,
0.677,0.646,0.952,0.607,
0.665,0.627,0.955,0.602,
0.708,0.675,0.951,0.643,
0.616,0.564,0.955,0.55,
0.674,0.643,0.95,0.618,
0.632,0.585,0.95,0.56,
0.673,0.649,0.924,0.612,
0.653,0.605,0.949,0.604,
0.715,0.692,0.951,0.66,
0.66,0.619,0.952,0.605,
0.639,0.589,0.953,0.57,
0.633,0.585,0.956,0.573,
0.709,0.689,0.951,0.653,
0.63,0.572,0.957,0.561,
0.655,0.626,0.907,0.603,
0.617,0.575,0.952,0.537,
0.64,0.593,0.948,0.573,
0.699,0.669,0.95,0.644,
0.643,0.602,0.95,0.574,
0.653,0.608,0.945,0.577,
0.663,0.623,0.956,0.586,
0.621,0.562,0.956,0.554,
0.661,0.623,0.95,0.591,
0.614,0.552,0.952,0.538,
0.707,0.679,0.949,0.665,
0.678,0.641,0.955,0.617,
0.71,0.679,0.953,0.65,
0.705,0.673,0.95,0.665,
0.657,0.623,0.946,0.597,
0.685,0.651,0.955,0.631,
0.675,0.645,0.95,0.592,
0.667,0.643,0.95,0.577,
0.629,0.587,0.954,0.536,
0.656,0.629,0.948,0.604,
0.704,0.675,0.952,0.658,
0.636,0.593,0.951,0.565,
0.645,0.601,0.948,0.568,
0.606,0.54,0.945,0.534,
0.681,0.649,0.95,0.625,
0.605,0.552,0.955,0.535,
0.631,0.579,0.953,0.562,
0.668,0.639,0.95,0.59,
0.633,0.591,0.95,0.55,
0.668,0.629,0.949,0.617,
0.605,0.541,0.947,0.526,
0.668,0.627,0.953,0.604,
0.627,0.571,0.946,0.561,
0.672,0.635,0.949,0.602,
0.596,0.543,0.905,0.527,
0.621,0.577,0.947,0.528,
0.662,0.617,0.953,0.59,
0.633,0.586,0.947,0.583,
0.697,0.664,0.95,0.656,
0.633,0.581,0.954,0.56,
0.687,0.649,0.95,0.643,
0.647,0.603,0.952,0.574,
0.662,0.619,0.95,0.599,
0.688,0.658,0.95,0.641,
0.668,0.627,0.953,0.619,
0.697,0.665,0.952,0.633,
0.659,0.627,0.95,0.592,
0.609,0.548,0.951,0.538,
0.636,0.587,0.951,0.582,
0.691,0.66,0.953,0.628,
0.669,0.619,0.953,0.611,
0.668,0.637,0.949,0.584,
0.677,0.653,0.95,0.59,
0.651,0.609,0.947,0.598,
0.608,0.567,0.947,0.53,
0.651,0.609,0.952,0.585,
0.634,0.587,0.946,0.581,
0.709,0.681,0.936,0.659,
0.633,0.584,0.914,0.573,
0.644,0.589,0.951,0.587,
0.664,0.627,0.951,0.61,
0.613,0.565,0.924,0.565,
0.655,0.618,0.95,0.576,
0.601,0.546,0.901,0.528,
0.688,0.647,0.954,0.63,
0.646,0.603,0.94,0.586,
0.726,0.702,0.95,0.681,
0.632,0.585,0.955,0.557,
0.636,0.595,0.952,0.564,
0.664,0.627,0.948,0.58,
0.681,0.643,0.952,0.634,
0.684,0.646,0.949,0.624,
0.612,0.554,0.944,0.541,
0.597,0.542,0.951,0.524,
0.628,0.573,0.95,0.561,
0.641,0.589,0.935,0.566,
0.647,0.603,0.949,0.578,
0.682,0.645,0.951,0.636,
0.626,0.567,0.947,0.564,
0.701,0.673,0.951,0.653,
0.638,0.597,0.953,0.571,
0.635,0.609,0.953,0.543,
0.617,0.562,0.951,0.554,
0.599,0.539,0.952,0.537,
0.693,0.659,0.956,0.64,
0.651,0.611,0.947,0.588,
0.683,0.646,0.952,0.645,
0.655,0.616,0.948,0.596,
0.71,0.683,0.952,0.67,
0.7,0.667,0.951,0.648,
0.611,0.568,0.943,0.555,
0.63,0.581,0.954,0.553,
0.687,0.655,0.952,0.625,
0.69,0.658,0.953,0.631,
0.631,0.591,0.953,0.546,
0.572,0.538,0.874,0.519,
0.62,0.564,0.944,0.558,
0.627,0.577,0.951,0.559,
0.672,0.635,0.949,0.6,
0.645,0.599,0.951,0.574,
0.656,0.608,0.954,0.591,
0.656,0.621,0.952,0.603,
0.707,0.679,0.949,0.648,
0.709,0.68,0.949,0.665,
0.658,0.621,0.952,0.597,
0.69,0.664,0.948,0.634,
0.673,0.643,0.951,0.616,
0.601,0.554,0.909,0.535,
0.653,0.619,0.945,0.594,
0.691,0.659,0.949,0.644,
0.653,0.621,0.949,0.554,
0.635,0.605,0.951,0.561,
0.595,0.54,0.917,0.526,
0.707,0.682,0.95,0.65,
0.647,0.609,0.954,0.571,
0.682,0.648,0.948,0.629,
0.638,0.603,0.951,0.553,
0.65,0.605,0.939,0.599,
0.67,0.639,0.949,0.597,
0.643,0.612,0.955,0.565,
0.651,0.607,0.954,0.588,
0.672,0.636,0.931,0.629,
0.685,0.655,0.942,0.639,
0.643,0.597,0.949,0.57,
0.629,0.579,0.947,0.545,
0.588,0.529,0.941,0.526,
0.671,0.634,0.947,0.613,
0.674,0.639,0.952,0.613,
0.684,0.654,0.95,0.622,
0.629,0.579,0.95,0.541,
0.66,0.618,0.949,0.593,
0.641,0.611,0.948,0.556,
0.673,0.632,0.949,0.62,
0.662,0.617,0.948,0.582,
0.615,0.558,0.953,0.544,
0.62,0.576,0.953,0.551,
0.673,0.637,0.952,0.605,
0.703,0.679,0.949,0.655,
0.639,0.603,0.95,0.559,
0.709,0.679,0.955,0.65,
0.614,0.568,0.945,0.551,
0.663,0.629,0.951,0.59,
0.692,0.654,0.953,0.64,
0.675,0.637,0.95,0.619,
0.636,0.597,0.954,0.572,
0.617,0.569,0.941,0.564,
0.645,0.594,0.957,0.565,
0.695,0.665,0.949,0.644,
0.654,0.617,0.95,0.589,
0.622,0.572,0.952,0.55,
0.622,0.579,0.95,0.562,
0.69,0.657,0.951,0.638,
0.679,0.64,0.949,0.62,
0.661,0.617,0.95,0.596,
0.649,0.605,0.951,0.583,
0.646,0.605,0.95,0.584,
0.68,0.641,0.949,0.641,
0.672,0.631,0.952,0.613,
0.619,0.56,0.955,0.541,
0.665,0.625,0.947,0.605,
0.668,0.631,0.953,0.613,
0.676,0.648,0.949,0.606,
0.593,0.552,0.947,0.505,
0.664,0.621,0.954,0.598,
0.633,0.593,0.952,0.554,
0.609,0.554,0.951,0.527,
0.683,0.651,0.946,0.637,
0.681,0.653,0.951,0.612,
0.667,0.629,0.95,0.604,
0.669,0.631,0.944,0.608,
0.681,0.644,0.952,0.631,
0.67,0.636,0.955,0.616,
0.615,0.554,0.953,0.545,
0.688,0.659,0.953,0.625,
0.663,0.629,0.951,0.599,
0.646,0.609,0.947,0.585,
0.697,0.664,0.951,0.658,
0.679,0.641,0.947,0.621,
0.625,0.573,0.951,0.554,
0.673,0.646,0.951,0.602,
0.694,0.661,0.954,0.647,
0.629,0.579,0.945,0.557,
0.627,0.575,0.944,0.573,
0.637,0.588,0.949,0.562,
0.621,0.575,0.948,0.553,
0.613,0.552,0.949,0.543,
0.633,0.587,0.948,0.565,
0.629,0.571,0.952,0.559,
0.647,0.602,0.932,0.6,
0.658,0.611,0.951,0.578,
0.647,0.599,0.948,0.583,
0.621,0.556,0.955,0.515,
0.674,0.63,0.953,0.604,
0.62,0.563,0.945,0.554,
0.671,0.631,0.952,0.608,
0.659,0.613,0.954,0.594,
0.654,0.609,0.955,0.585,
0.669,0.627,0.947,0.616,
0.677,0.643,0.946,0.614,
0.632,0.588,0.949,0.541,
0.624,0.577,0.952,0.553,
0.609,0.562,0.944,0.553,
0.661,0.623,0.95,0.6,
0.654,0.617,0.953,0.593,
0.663,0.626,0.946,0.605,
0.64,0.599,0.949,0.579,
0.675,0.635,0.949,0.617,
0.667,0.637,0.952,0.595,
0.682,0.647,0.957,0.646,
0.689,0.655,0.949,0.642,
0.627,0.577,0.945,0.574,
0.648,0.608,0.95,0.583,
0.687,0.655,0.949,0.63,
0.631,0.587,0.952,0.561,
0.67,0.639,0.954,0.612,
0.604,0.54,0.948,0.53,
0.675,0.635,0.946,0.627,
0.631,0.587,0.941,0.576,
0.599,0.541,0.949,0.528,
0.671,0.633,0.951,0.6,
0.701,0.669,0.952,0.651,
0.632,0.587,0.946,0.58,
0.648,0.609,0.951,0.581,
0.631,0.582,0.954,0.556,
0.629,0.575,0.952,0.529,
0.642,0.605,0.956,0.56,
0.663,0.626,0.95,0.608,
0.625,0.575,0.948,0.573,
0.648,0.621,0.95,0.577,
0.718,0.692,0.953,0.673,
0.608,0.554,0.946,0.531,
0.606,0.552,0.949,0.534,
0.626,0.571,0.949,0.566,
0.65,0.605,0.956,0.587,
0.658,0.609,0.952,0.603,
0.692,0.659,0.949,0.65,
0.682,0.65,0.948,0.625,
0.672,0.629,0.946,0.614,
0.613,0.564,0.951,0.541,
0.695,0.671,0.946,0.637,
0.648,0.619,0.949,0.546,
0.625,0.587,0.906,0.553,
0.637,0.587,0.948,0.567,
0.707,0.681,0.953,0.659,
0.634,0.591,0.951,0.553,
0.649,0.617,0.946,0.591,
0.683,0.645,0.95,0.641,
0.592,0.541,0.915,0.516,
0.67,0.631,0.948,0.602,
0.674,0.639,0.951,0.623,
0.647,0.603,0.955,0.586,
0.676,0.635,0.949,0.613,
0.649,0.612,0.952,0.583,
0.701,0.669,0.952,0.624,
0.62,0.573,0.903,0.555,
0.645,0.612,0.949,0.573,
0.635,0.596,0.945,0.56,
0.65,0.613,0.952,0.578,
0.663,0.621,0.947,0.596,
0.67,0.634,0.955,0.593,
0.639,0.597,0.949,0.558,
0.687,0.651,0.949,0.646,
0.711,0.684,0.951,0.654,
0.671,0.652,0.953,0.551,
0.61,0.55,0.95,0.535,
0.701,0.669,0.953,0.652,
0.649,0.609,0.951,0.58,
0.647,0.611,0.95,0.565,
0.653,0.613,0.946,0.588,
0.699,0.672,0.947,0.649,
0.644,0.595,0.952,0.563,
0.651,0.599,0.954,0.597,
0.669,0.634,0.947,0.616,
0.687,0.657,0.955,0.634,
0.681,0.645,0.951,0.628,
0.656,0.619,0.951,0.581,
0.673,0.645,0.948,0.61,
0.647,0.611,0.953,0.579,
0.673,0.645,0.952,0.595,
0.613,0.558,0.946,0.54,
0.679,0.646,0.946,0.632,
0.659,0.629,0.952,0.576,
0.673,0.643,0.955,0.604,
0.612,0.579,0.947,0.527,
0.635,0.592,0.942,0.56,
0.668,0.635,0.948,0.605,
0.685,0.651,0.946,0.639,
0.646,0.587,0.952,0.58,
0.691,0.665,0.944,0.637,
0.632,0.588,0.953,0.559,
0.695,0.661,0.954,0.645,
0.69,0.655,0.951,0.634,
0.68,0.645,0.95,0.619,
0.626,0.576,0.949,0.551,
0.643,0.607,0.945,0.563,
0.688,0.655,0.954,0.647,
0.626,0.579,0.947,0.574,
0.717,0.696,0.951,0.666,
0.674,0.641,0.958,0.613,
0.661,0.627,0.946,0.596,
0.665,0.623,0.949,0.61,
0.633,0.581,0.954,0.575,
0.646,0.595,0.952,0.584,
0.622,0.562,0.951,0.546,
0.685,0.647,0.95,0.643,
0.614,0.563,0.949,0.545,
0.646,0.598,0.954,0.581,
0.691,0.659,0.95,0.646,
0.636,0.597,0.948,0.562,
0.696,0.666,0.943,0.641,
0.622,0.571,0.947,0.554,
0.599,0.543,0.949,0.53,
0.647,0.597,0.947,0.587,
0.625,0.575,0.956,0.571,
0.676,0.647,0.952,0.597,
0.715,0.686,0.952,0.67,
0.7,0.673,0.95,0.653,
0.644,0.597,0.949,0.569,
0.63,0.582,0.953,0.565,
0.7,0.661,0.946,0.646,
0.629,0.581,0.953,0.544,
0.632,0.593,0.948,0.555,
0.638,0.586,0.95,0.581,
0.63,0.593,0.954,0.558,
0.68,0.664,0.953,0.592,
0.65,0.627,0.954,0.558,
0.605,0.556,0.942,0.545,
0.625,0.575,0.949,0.565,
0.648,0.628,0.79,0.614,
0.631,0.607,0.792,0.585,
0.64,0.62,0.781,0.609,
0.647,0.629,0.785,0.606,
0.648,0.633,0.783,0.612,
0.648,0.625,0.786,0.613,
0.615,0.583,0.79,0.578,
0.613,0.587,0.789,0.57,
0.616,0.594,0.774,0.578,
0.628,0.609,0.786,0.601,
0.587,0.553,0.778,0.534,
0.648,0.626,0.791,0.621,
0.646,0.627,0.787,0.615,
0.608,0.588,0.78,0.565,
0.65,0.631,0.788,0.61,
0.667,0.653,0.788,0.637,
0.635,0.617,0.77,0.604,
0.631,0.619,0.776,0.595,
0.648,0.625,0.787,0.612,
0.647,0.63,0.785,0.616,
0.64,0.615,0.789,0.608,
0.638,0.624,0.832,0.566,
0.629,0.603,0.787,0.583,
0.651,0.63,0.787,0.62,
0.651,0.635,0.783,0.61,
0.638,0.609,0.791,0.606,
0.66,0.639,0.796,0.63,
0.609,0.579,0.776,0.569,
0.613,0.597,0.79,0.554,
0.647,0.635,0.79,0.608,
0.651,0.635,0.778,0.63,
0.662,0.645,0.796,0.628,
0.653,0.609,0.952,0.574,
0.643,0.591,0.953,0.573,
0.648,0.623,0.787,0.617,
0.66,0.623,0.954,0.6,
0.638,0.607,0.946,0.548,
0.639,0.593,0.953,0.578,
0.7,0.672,0.948,0.646,
0.641,0.604,0.956,0.568,
0.634,0.591,0.955,0.56,
0.683,0.641,0.943,0.638,
0.69,0.659,0.952,0.649,
0.691,0.662,0.95,0.642,
0.687,0.657,0.957,0.616,
0.618,0.573,0.948,0.544,
0.681,0.644,0.951,0.628,
0.638,0.597,0.946,0.575,
0.626,0.601,0.78,0.585,
0.621,0.593,0.787,0.559,
0.656,0.633,0.794,0.615,
0.635,0.62,0.78,0.599,
0.641,0.625,0.781,0.608,
0.654,0.637,0.788,0.626,
0.628,0.599,0.793,0.588,
0.642,0.619,0.791,0.61,
0.621,0.591,0.792,0.569,
0.647,0.627,0.791,0.615,
0.621,0.601,0.767,0.586,
0.621,0.601,0.776,0.57,
0.629,0.617,0.782,0.591,
0.637,0.618,0.782,0.593,
0.635,0.619,0.794,0.583,
0.606,0.591,0.771,0.561,
0.662,0.622,0.952,0.577,
0.613,0.564,0.952,0.551,
0.621,0.572,0.95,0.566,
0.691,0.661,0.95,0.639,
0.684,0.649,0.951,0.603,
0.634,0.603,0.951,0.549,
0.643,0.597,0.949,0.584,
0.684,0.645,0.953,0.643,
0.702,0.677,0.95,0.641,
0.66,0.635,0.948,0.568,
0.635,0.595,0.955,0.563,
0.636,0.589,0.95,0.569,
0.633,0.587,0.948,0.581,
0.694,0.664,0.955,0.645,
0.719,0.698,0.95,0.667,
0.618,0.56,0.95,0.549,


0.97,0.993,1,0.83,
0.951,0.971,0.985,0.817,
0.976,0.992,1,0.828,
0.962,0.98,0.991,0.824,
0.96,0.974,0.998,0.821,
0.973,0.99,1,0.83,
0.964,0.986,1,0.831,
0.946,0.952,1,0.827,
0.952,0.964,0.993,0.82,
0.976,0.993,0.998,0.827,
0.977,0.995,1,0.827,
0.954,0.963,1,0.835,
0.974,0.994,0.997,0.836,
0.961,0.98,0.994,0.812,
0.972,0.992,1,0.827,
0.966,0.982,0.997,0.826,
0.974,0.996,1,0.823,
0.971,0.993,0.999,0.829,
0.961,0.971,0.995,0.83,
0.975,0.995,1,0.831,
0.967,0.988,1,0.826,
0.969,0.983,1,0.829,
0.962,0.99,1,0.814,
0.969,0.994,1,0.813,
0.975,0.992,0.998,0.828,
0.963,0.998,1,0.818,
0.952,0.962,0.988,0.816,
0.977,0.992,1,0.837,
0.974,0.994,1,0.828,
0.978,0.997,1,0.833,
0.975,0.993,0.999,0.832,
0.955,0.984,0.994,0.831,
0.955,0.982,1,0.823,
0.979,0.996,1,0.838,
0.959,0.976,0.989,0.818,
0.972,0.996,0.999,0.83,
0.964,0.983,1,0.825,
0.947,0.992,1,0.814,
0.96,0.988,1,0.819,
0.945,0.964,0.984,0.812,
0.972,0.997,1,0.831,
0.977,0.998,1,0.836,
0.94,0.971,0.994,0.808,
0.97,0.992,1,0.83,
0.955,0.976,1,0.834,
0.972,0.995,1,0.823,
0.959,0.984,1,0.828,
0.953,0.978,1,0.82,
0.971,0.988,0.995,0.822,
0.946,0.964,1,0.812,
0.972,0.988,1,0.831,
0.966,0.986,0.991,0.822,
0.974,0.995,1,0.83,
0.932,0.94,1,0.812,
0.968,0.987,1,0.836,
0.968,0.988,1,0.827,
0.957,0.979,1,0.823,
0.971,0.992,1,0.825,
0.932,0.948,1,0.8,
0.976,0.996,1,0.834,
0.965,0.978,1,0.828,
0.96,0.982,1,0.813,
0.971,0.995,1,0.832,
0.972,0.993,1,0.822,
0.974,0.989,0.996,0.83,
0.948,0.973,1,0.824,
0.973,0.994,0.997,0.83,
0.978,0.996,1,0.839,
0.961,0.983,1,0.831,
0.956,0.971,1,0.828,
0.979,0.996,1,0.837,
0.975,0.994,1,0.826,
0.967,0.984,1,0.832,
0.946,0.963,1,0.826,
0.976,0.997,1,0.831,
0.959,0.974,1,0.832,
0.968,0.988,1,0.831,
0.958,0.978,1,0.822,
0.972,0.995,1,0.827,
0.973,0.996,1,0.824,
0.971,0.986,1,0.832,
0.971,0.99,1,0.828,
0.96,0.977,0.991,0.814,
0.977,0.994,1,0.834,
0.971,0.993,1,0.84,
0.956,0.967,1,0.823,
0.951,0.968,1,0.816,
0.955,0.964,1,0.825,
0.948,0.959,1,0.815,
0.979,0.996,1,0.833,
0.974,0.995,1,0.836,
0.968,0.989,1,0.819,
0.964,0.986,0.991,0.822,
0.938,0.944,1,0.819,
0.963,0.985,0.999,0.813,
0.975,0.991,1,0.832,
0.978,0.994,1,0.841,
0.976,0.993,1,0.829,
0.934,0.942,1,0.82,
0.952,0.974,1,0.836,
0.935,0.962,1,0.824,
0.967,0.988,1,0.819,
0.97,0.988,1,0.82,
0.942,0.972,1,0.833,
0.974,0.994,0.999,0.838,
0.977,0.995,1,0.835,
0.945,0.954,1,0.81,
0.969,0.99,1,0.83,
0.975,0.995,1,0.829,
0.97,0.992,0.995,0.831,
0.972,0.992,1,0.822,
0.955,0.972,1,0.802,
0.959,0.972,1,0.822,
0.971,0.992,1,0.826,
0.968,0.991,1,0.822,
0.972,0.996,1,0.838,
0.975,0.995,1,0.832,
0.957,0.969,1,0.817,
0.976,0.994,1,0.834,
0.961,0.982,0.999,0.826,
0.978,0.996,1,0.832,
0.97,0.99,0.993,0.827,
0.971,0.992,0.999,0.829,
0.979,0.998,1,0.83,
0.965,0.986,1,0.825,
0.976,0.993,1,0.832,
0.972,0.991,0.998,0.822,
0.978,0.998,1,0.834,
0.973,0.99,0.997,0.834,
0.964,0.973,1,0.835,
0.973,0.99,1,0.822,
0.956,0.968,0.988,0.817,
0.934,0.938,1,0.817,
0.955,0.973,0.996,0.819,
0.96,0.973,1,0.821,
0.962,0.986,1,0.812,
0.919,0.941,1,0.809,
0.974,0.996,0.999,0.832,
0.945,0.97,1,0.819,
0.938,0.942,1,0.818,
0.965,0.996,0.999,0.811,
0.916,0.913,1,0.812,
0.965,0.988,0.992,0.821,
0.951,0.966,1,0.823,
0.952,0.972,0.992,0.831,
0.973,0.998,1,0.835,
0.97,0.99,1,0.835,
0.974,0.992,1,0.834,
0.956,0.99,1,0.818,
0.946,0.955,1,0.819,
0.963,0.979,1,0.82,
0.973,0.99,0.998,0.836,
0.972,0.99,1,0.83,
0.96,0.98,0.999,0.814,
0.975,0.997,1,0.829,
0.957,0.986,1,0.826,
0.976,0.993,1,0.831,
0.973,0.994,1,0.827,
0.957,0.974,1,0.808,
0.974,0.998,1,0.831,
0.97,0.994,1,0.833,
0.969,0.986,1,0.826,
0.933,0.946,1,0.814,
0.97,0.991,1,0.823,
0.951,0.98,1,0.851,
0.973,0.988,0.998,0.839,
0.967,0.996,1,0.828,
0.954,0.976,1,0.813,
0.971,0.994,1,0.831,
0.965,0.974,1,0.83,
0.964,0.982,1,0.823,
0.953,0.969,1,0.81,
0.933,0.949,1,0.803,
0.98,0.998,1,0.835,
0.969,0.991,0.997,0.834,
0.95,0.968,1,0.8,
0.918,0.926,1,0.836,
0.974,0.99,0.998,0.83,
0.964,0.986,1,0.815,
0.973,0.993,0.999,0.83,
0.93,0.933,1,0.822,
0.941,0.948,1,0.82,
0.977,0.996,1,0.824,
0.974,0.994,1,0.837,
0.971,0.986,1,0.842,
0.971,0.99,0.997,0.83,
0.96,0.979,1,0.82,
0.903,0.899,0.992,0.814,
0.919,0.933,1,0.813,
0.971,0.995,1,0.821,
0.935,0.932,1,0.816,
0.899,0.888,1,0.805,
0.972,0.991,1,0.819,
0.927,0.94,0.993,0.826,
0.97,0.992,1,0.831,
0.97,0.988,1,0.825,
0.973,0.997,1,0.821,
0.967,0.992,0.995,0.82,
0.964,0.992,0.995,0.826,
0.95,0.958,1,0.818,
0.973,0.993,1,0.831,
0.932,0.934,1,0.811,
0.974,0.994,1,0.833,
0.95,0.969,1,0.816,
0.945,0.949,1,0.823,
0.96,0.967,1,0.82,
0.973,0.994,1,0.825,
0.965,0.975,1,0.811,
0.943,0.973,1,0.827,
0.967,0.988,1,0.829,
0.963,0.98,0.998,0.83,
0.976,0.992,1,0.835,
0.966,0.988,1,0.825,
0.966,0.978,1,0.82,
0.967,0.98,1,0.823,
0.97,0.992,0.997,0.829,
0.958,0.988,0.996,0.813,
0.961,0.992,1,0.823,
0.974,0.994,1,0.829,
0.956,0.966,1,0.815,
0.92,0.919,1,0.822,
0.973,0.996,1,0.83,
0.969,0.994,1,0.832,
0.962,0.99,1,0.837,
0.98,0.998,1,0.834,
0.938,0.942,1,0.817,
0.947,0.962,0.997,0.821,
0.971,0.991,1,0.826,
0.978,0.994,1,0.833,
0.965,0.986,0.999,0.82,
0.977,0.996,1,0.827,
0.97,0.988,0.998,0.839,
0.964,0.982,0.994,0.827,
0.969,0.985,1,0.826,
0.964,0.986,1,0.828,
0.973,0.986,1,0.83,
0.971,0.988,0.998,0.829,
0.965,0.972,1,0.831,
0.972,0.994,1,0.842,
0.974,0.998,1,0.824,
0.966,0.976,1,0.834,
0.962,0.982,0.994,0.815,
0.951,0.976,0.992,0.831,
0.978,0.996,1,0.832,
0.96,0.986,0.998,0.822,
0.968,0.987,1,0.825,
0.939,0.956,0.987,0.817,
0.961,0.982,1,0.826,
0.958,0.982,0.99,0.828,
0.959,0.988,1,0.816,
0.949,0.97,1,0.803,
0.963,0.979,1,0.826,
0.965,0.988,1,0.823,
0.954,0.97,0.986,0.809,
0.979,0.996,1,0.836,
0.976,0.993,1,0.828,
0.972,0.984,1,0.829,
0.962,0.974,1,0.813,
0.974,0.992,0.999,0.814,
0.974,0.994,1,0.839,
0.968,0.984,1,0.825,
0.971,0.996,1,0.829,
0.949,0.963,0.994,0.821,
0.957,0.966,1,0.823,
0.972,0.996,1,0.829,
0.973,0.992,1,0.827,
0.96,0.976,0.983,0.818,
0.97,0.987,0.995,0.825,
0.977,0.995,1,0.831,
0.952,0.974,0.993,0.823,
0.973,0.988,0.995,0.826,
0.977,0.996,0.998,0.831,
0.962,0.974,1,0.825,
0.96,0.979,1,0.826,
0.969,0.994,1,0.823,
0.96,0.99,1,0.814,
0.934,0.954,0.988,0.811,
0.97,0.996,0.998,0.828,
0.975,0.996,1,0.827,
0.971,0.985,1,0.826,
0.945,0.958,1,0.809,
0.971,0.99,0.996,0.832,
0.975,0.996,1,0.834,
0.973,0.994,1,0.824,
0.97,0.991,0.999,0.834,
0.962,0.978,1,0.825,
0.971,0.986,1,0.836,
0.976,0.994,1,0.831,
0.963,0.993,1,0.818,
0.967,0.992,0.996,0.815,
0.973,0.99,0.998,0.827,
0.971,0.994,1,0.83,
0.968,0.986,0.994,0.837,
0.967,0.986,1,0.822,
0.977,0.996,1,0.837,
0.953,0.97,0.979,0.817,
0.963,0.984,0.997,0.818,
0.963,0.982,1,0.831,
0.955,0.968,1,0.816,
0.976,0.996,1,0.84,
0.967,0.982,0.994,0.828,
0.97,0.994,1,0.826,
0.965,0.992,1,0.822,
0.925,0.921,0.99,0.87,
0.932,0.946,1,0.82,
0.965,0.978,1,0.82,
0.964,0.974,1,0.833,
0.959,0.981,0.988,0.825,
0.979,0.994,1,0.839,
0.977,0.996,1,0.841,
0.965,0.99,1,0.824,
0.964,0.978,1,0.831,
0.975,0.994,1,0.827,
0.969,0.99,1,0.82,
0.979,0.998,1,0.832,
0.969,0.982,1,0.823,
0.979,0.996,1,0.828,
0.959,0.98,0.985,0.826,
0.884,0.899,1,0.724,
0.963,0.99,1,0.829,
0.975,0.992,1,0.831,
0.961,0.993,1,0.833,
0.955,0.994,1,0.823,
0.967,0.99,0.997,0.824,
0.967,0.988,0.995,0.819,
0.957,0.978,1,0.822,
0.967,0.99,1,0.815,
0.951,0.97,1,0.817,
0.961,0.97,1,0.82,
0.96,0.986,0.994,0.825,
0.925,0.949,1,0.812,
0.976,0.994,1,0.833,
0.972,0.994,1,0.828,
0.971,0.994,1,0.813,
0.978,0.998,1,0.835,
0.942,0.96,1,0.816,
0.951,0.972,1,0.812,
0.974,0.993,1,0.826,
0.971,0.99,0.997,0.832,
0.975,0.996,1,0.827,
0.973,0.995,1,0.828,
0.948,0.964,0.997,0.817,
0.977,0.995,1,0.835,
0.972,0.997,1,0.821,
0.951,0.959,1,0.826,
0.975,0.994,1,0.837,
0.95,0.968,0.997,0.811,
0.966,0.99,1,0.822,
0.979,0.996,1,0.83,
0.981,0.998,1,0.838,
0.965,0.992,1,0.815,
0.947,0.953,0.997,0.821,
0.967,0.987,0.997,0.823,
0.973,0.993,0.999,0.828,
0.977,0.992,1,0.832,
0.948,0.958,1,0.815,
0.977,0.998,1,0.831,
0.905,0.948,1,0.73,
0.968,0.982,1,0.831,
0.971,0.994,1,0.825,
0.96,0.98,1,0.816,
0.978,0.997,1,0.834,
0.964,0.982,0.99,0.825,
0.962,0.978,1,0.817,
0.962,0.978,0.991,0.825,
0.946,0.967,1,0.834,
0.975,0.997,1,0.827,
0.976,0.994,0.999,0.827,
0.97,0.988,1,0.828,
0.968,0.992,1,0.842,
0.971,0.987,1,0.83,
0.972,0.992,1,0.827,
0.976,0.995,1,0.836,
0.947,0.956,1,0.814,
0.965,0.982,1,0.814,
0.972,0.991,1,0.828,
0.889,0.844,0.999,0.814,
0.979,0.996,1,0.831,
0.967,0.991,0.998,0.83,
0.965,0.988,1,0.823,
0.929,0.959,1,0.794,
0.952,0.966,0.998,0.819,
0.972,0.996,1,0.827,
0.969,0.991,1,0.835,
0.974,0.996,1,0.827,
0.969,0.988,1,0.828,
0.964,0.992,1,0.82,
0.962,0.977,1,0.831,
0.968,0.99,1,0.816,
0.972,0.995,1,0.827,
0.961,0.97,1,0.837,
0.965,0.984,1,0.827,
0.962,0.983,0.989,0.823,
0.969,0.99,1,0.831,
0.976,0.998,1,0.835,
0.972,0.99,0.999,0.84,
0.977,0.994,1,0.83,
0.94,0.949,1,0.818,
0.92,0.897,1,0.824,
0.969,0.994,1,0.825,
0.973,0.996,1,0.832,
0.966,0.977,1,0.828,
0.959,0.978,0.999,0.828,
0.883,0.938,1,0.683,
0.905,0.898,1,0.815,
0.97,0.986,0.995,0.837,
0.978,0.998,1,0.835,
0.923,0.923,0.976,0.828,
0.958,0.974,0.993,0.828,
0.962,0.987,1,0.828,
0.956,0.97,1,0.816,
0.914,0.921,0.968,0.845,
0.962,0.977,1,0.825,
0.966,0.986,1,0.831,
0.968,0.99,1,0.825,
0.969,0.984,0.995,0.829,
0.976,0.995,1,0.826,
0.947,0.964,1,0.815,
0.961,0.979,1,0.814,
0.96,0.982,0.993,0.818,
0.966,0.986,1,0.824,
0.941,0.969,0.997,0.818,
0.975,0.998,1,0.834,
0.971,0.99,1,0.834,
0.969,0.987,1,0.828,
0.955,0.977,1,0.812,
0.963,0.988,1,0.831,
0.968,0.99,1,0.822,
0.966,0.988,0.992,0.826,
0.955,0.968,0.998,0.851,
0.977,0.997,1,0.827,
0.978,0.996,1,0.827,
0.964,0.977,1,0.832,
0.976,0.996,1,0.832,
0.949,0.961,1,0.82,
0.962,0.984,0.992,0.82,
0.927,0.915,1,0.83,
0.977,0.994,1,0.83,
0.917,0.927,0.987,0.82,
0.973,0.991,1,0.828,
0.972,0.99,1,0.839,
0.951,0.97,1,0.82,
0.935,0.96,0.992,0.812,
0.969,0.986,1,0.836,
0.951,0.965,0.993,0.825,
0.969,0.988,1,0.831,
0.961,0.972,1,0.821,
0.972,0.991,1,0.823,
0.97,0.99,1,0.824,
0.96,0.988,0.996,0.815,
0.971,0.992,1,0.824,
0.974,0.997,1,0.837,
0.978,0.996,1,0.833,
0.965,0.988,1,0.829,
0.944,0.969,1,0.812,
0.877,0.87,0.964,0.75,
0.964,0.99,0.999,0.831,
0.953,0.967,1,0.819,
0.975,0.997,1,0.826,
0.976,0.994,0.997,0.829,
0.963,0.986,0.995,0.824,
0.949,0.957,1,0.818,
0.964,0.979,0.997,0.818,
0.97,0.986,1,0.83,
0.971,0.992,1,0.821,
0.971,0.99,1,0.825,
0.96,0.968,1,0.822,
0.948,0.966,1,0.805,
0.955,0.976,0.999,0.824,
0.978,0.998,1,0.836,
0.966,0.988,1,0.824,
0.965,0.989,1,0.826,
0.962,0.973,1,0.863,
0.962,0.981,1,0.827,
0.961,0.988,1,0.822,
0.975,0.99,0.997,0.838,
0.978,0.995,1,0.832,
0.974,0.991,1,0.831,
0.94,0.968,1,0.819,
0.947,0.968,1,0.815,
0.967,0.994,1,0.833,
0.951,0.968,1,0.832,
0.949,0.966,1,0.817,
0.895,0.889,1,0.797,
0.972,0.998,1,0.812,
0.966,0.988,0.994,0.828,
0.973,0.992,1,0.829,
0.973,0.99,1,0.838,
0.969,0.991,1,0.824,
0.979,0.996,1,0.836,
0.963,0.974,1,0.815,
0.917,0.931,0.969,0.823,
0.923,0.928,1,0.836,
0.969,0.992,1,0.826,
0.974,0.989,1,0.828,
0.972,0.992,1,0.826,
0.96,0.984,1,0.823,
0.959,0.982,1,0.803,
0.974,0.996,1,0.823,
0.978,0.998,1,0.824,
0.968,0.986,1,0.831,
0.975,0.995,0.997,0.826,
0.973,0.994,1,0.823,
0.943,0.975,0.997,0.816,
0.939,0.948,1,0.814,
0.974,0.995,0.997,0.836,
0.975,0.994,1,0.822,
0.972,0.998,1,0.835,
0.97,0.992,1,0.825,
0.971,0.987,1,0.828,
0.957,0.97,0.994,0.833,
0.963,0.991,0.998,0.815,
0.956,0.98,0.982,0.822,
0.962,0.98,0.994,0.844,
0.971,0.99,1,0.832,
0.958,0.978,0.994,0.834,
0.972,0.988,0.999,0.83,
0.957,0.968,1,0.824,
0.97,0.994,1,0.841,
0.968,0.993,0.997,0.826,
0.959,0.982,1,0.824,
0.963,0.986,1,0.812,
0.964,0.988,0.991,0.824,
0.971,0.992,1,0.833,
0.974,0.994,1,0.836,
0.907,0.875,1,0.832,
0.971,0.994,0.998,0.832,
0.972,0.996,1,0.822,
0.973,0.996,1,0.827,
0.936,0.972,0.995,0.777,
0.958,0.971,0.99,0.816,
0.976,0.998,1,0.825,
0.967,0.991,1,0.828,
0.972,0.992,1,0.825,
0.958,0.976,1,0.821,
0.972,0.99,1,0.833,
0.911,0.893,1,0.871,
0.877,0.869,1,0.778,
0.783,0.758,1,0.719,
0.887,0.872,0.997,0.84,
0.862,0.844,1,0.785,
0.879,0.859,1,0.824,
0.859,0.845,1,0.756,
0.837,0.809,1,0.746,
0.873,0.86,1,0.836,
0.885,0.869,1,0.824,
0.841,0.813,1,0.796,
0.806,0.772,1,0.755,
0.91,0.908,0.991,0.805,
0.906,0.887,1,0.851,
0.815,0.809,1,0.727,
0.882,0.856,0.996,0.837,
0.924,0.917,1,0.879,
0.802,0.774,1,0.704,
0.876,0.861,0.997,0.809,
0.926,0.923,1,0.854,
0.91,0.889,1,0.848,
0.877,0.869,1,0.821,
0.9,0.881,0.997,0.869,
0.888,0.869,1,0.839,
0.882,0.872,1,0.81,
0.886,0.857,1,0.834,
0.861,0.849,0.995,0.775,
0.816,0.776,1,0.754,
0.807,0.778,1,0.764,
0.887,0.864,1,0.833,
0.82,0.797,1,0.767,
0.922,0.913,1,0.871,
0.882,0.887,1,0.808,
0.901,0.889,1,0.849,
0.852,0.819,1,0.782,
0.892,0.887,1,0.812,
0.829,0.842,1,0.684,
0.894,0.867,1,0.839,
0.818,0.776,1,0.742,
0.828,0.786,1,0.719,
0.798,0.76,1,0.743,
0.934,0.931,1,0.855,
0.89,0.874,0.998,0.842,
0.884,0.867,1,0.809,
0.941,0.944,1,0.879,
0.839,0.805,0.997,0.759,
0.874,0.859,0.997,0.842,
0.851,0.821,1,0.803,
0.952,0.945,1,0.922,
0.864,0.847,1,0.774,
0.925,0.917,0.998,0.879,
0.859,0.839,0.999,0.81,
0.873,0.86,1,0.822,
0.839,0.823,1,0.785,
0.915,0.917,1,0.871,
0.857,0.835,1,0.83,
0.841,0.815,1,0.762,
0.844,0.812,1,0.789,
0.831,0.81,1,0.779,
0.907,0.897,1,0.857,
0.84,0.826,1,0.767,
0.886,0.883,1,0.833,
0.919,0.901,0.998,0.847,
0.788,0.762,1,0.705,
0.886,0.873,1,0.837,
0.914,0.915,1,0.853,
0.904,0.885,0.999,0.865,
0.902,0.893,0.999,0.861,
0.942,0.944,0.998,0.898,
0.905,0.909,0.998,0.845,
0.838,0.816,0.998,0.788,
0.891,0.885,0.999,0.833,
0.902,0.903,0.995,0.848,
0.89,0.869,1,0.834,
0.887,0.869,1,0.843,
0.825,0.779,1,0.749,
0.915,0.911,1,0.848,
0.841,0.82,1,0.766,
0.874,0.857,1,0.839,
0.848,0.807,1,0.775,
0.881,0.852,1,0.826,
0.82,0.8,1,0.745,
0.855,0.839,1,0.784,
0.858,0.841,0.999,0.818,
0.822,0.8,1,0.778,
0.893,0.869,1,0.85,
0.833,0.821,1,0.723,
0.901,0.885,1,0.848,
0.86,0.823,1,0.773,
0.884,0.881,0.999,0.836,
0.934,0.925,1,0.86,
0.882,0.859,1,0.848,
0.94,0.935,1,0.876,
0.832,0.823,1,0.74,
0.906,0.903,1,0.848,
0.81,0.791,1,0.729,
0.862,0.853,0.999,0.811,
0.853,0.823,1,0.809,
0.893,0.889,1,0.797,
0.864,0.84,1,0.826,
0.858,0.842,1,0.813,
0.926,0.923,0.995,0.887,
0.915,0.905,1,0.867,
0.808,0.753,1,0.733,
0.866,0.853,1,0.821,
0.919,0.91,1,0.884,
0.904,0.893,1,0.862,
0.885,0.871,1,0.848,
0.888,0.871,1,0.842,
0.859,0.849,1,0.826,
0.815,0.783,1,0.764,
0.831,0.812,0.999,0.753,
0.838,0.826,1,0.776,
0.947,0.964,1,0.867,
0.865,0.843,1,0.786,
0.851,0.827,0.996,0.764,
0.848,0.83,1,0.788,
0.851,0.85,1,0.748,
0.873,0.867,1,0.817,
0.896,0.909,1,0.809,
0.925,0.909,1,0.884,
0.892,0.877,1,0.824,
0.919,0.912,1,0.889,
0.836,0.808,1,0.748,
0.84,0.825,0.999,0.806,
0.884,0.876,1,0.84,
0.833,0.806,0.998,0.786,
0.924,0.925,1,0.874,
0.838,0.807,1,0.775,
0.819,0.8,1,0.758,
0.886,0.873,1,0.841,
0.898,0.884,1,0.823,
0.853,0.839,1,0.755,
0.879,0.864,0.997,0.841,
0.9,0.905,1,0.809,
0.913,0.905,1,0.869,
0.891,0.881,1,0.839,
0.877,0.869,1,0.813,
0.83,0.781,0.998,0.737,
0.82,0.798,1,0.774,
0.867,0.847,1,0.834,
0.831,0.82,0.993,0.755,
0.856,0.817,1,0.815,
0.871,0.857,1,0.799,
0.914,0.896,1,0.882,
0.88,0.863,1,0.833,
0.855,0.875,1,0.71,
0.854,0.839,1,0.745,
0.903,0.902,0.995,0.849,
0.907,0.891,1,0.867,
0.884,0.861,1,0.842,
0.827,0.823,1,0.658,
0.821,0.794,1,0.757,
0.796,0.772,1,0.737,
0.864,0.849,1,0.805,
0.892,0.879,1,0.834,
0.886,0.849,1,0.776,
0.779,0.74,0.998,0.723,
0.949,0.95,1,0.902,
0.88,0.868,1,0.831,
0.829,0.805,0.998,0.785,
0.873,0.848,1,0.821,
0.871,0.858,1,0.817,
0.862,0.859,0.957,0.826,
0.82,0.794,1,0.779,
0.874,0.865,0.996,0.819,
0.899,0.877,1,0.859,
0.873,0.869,1,0.796,
0.862,0.834,1,0.778,
0.919,0.912,0.997,0.883,
0.888,0.888,1,0.819,
0.9,0.893,1,0.859,
0.831,0.805,1,0.775,
0.898,0.912,1,0.798,
0.892,0.887,1,0.822,
0.856,0.841,0.999,0.774,
0.931,0.928,1,0.86,
0.902,0.879,1,0.846,
0.877,0.849,1,0.816,
0.899,0.885,0.999,0.843,
0.897,0.901,1,0.823,
0.842,0.848,1,0.741,
0.875,0.854,0.996,0.827,
0.883,0.873,1,0.851,
0.888,0.863,0.997,0.839,
0.855,0.836,1,0.806,
0.848,0.839,0.998,0.768,
0.841,0.805,1,0.772,
0.905,0.924,1,0.786,
0.892,0.865,1,0.822,
0.807,0.768,1,0.755,
0.847,0.837,1,0.765,
0.857,0.849,0.999,0.797,
0.893,0.869,1,0.857,
0.857,0.841,1,0.779,
0.922,0.927,0.998,0.838,
0.853,0.854,1,0.788,
0.871,0.851,0.999,0.827,
0.931,0.926,0.998,0.892,
0.898,0.899,0.999,0.836,
0.808,0.789,1,0.751,
0.833,0.821,1,0.772,
0.823,0.814,0.998,0.731,
0.878,0.863,0.999,0.829,
0.879,0.855,1,0.844,
0.818,0.8,0.998,0.765,
0.806,0.792,1,0.735,
0.902,0.903,0.996,0.829,
0.869,0.856,1,0.82,
0.906,0.902,0.999,0.846,
0.825,0.798,1,0.76,
0.864,0.864,1,0.802,
0.864,0.839,1,0.816,
0.899,0.875,1,0.856,
0.839,0.837,1,0.749,
0.885,0.872,0.998,0.849,
0.875,0.854,1,0.846,
0.865,0.846,1,0.824,
0.798,0.782,1,0.74,
0.896,0.895,1,0.809,
0.863,0.847,1,0.818,
0.857,0.827,0.998,0.81,
0.881,0.856,1,0.834,
0.9,0.897,1,0.85,
0.852,0.845,0.999,0.767,
0.923,0.923,0.995,0.849,
0.919,0.917,1,0.855,
0.821,0.798,0.999,0.763,
0.811,0.789,1,0.745,
0.881,0.873,1,0.841,
0.875,0.863,0.998,0.828,
0.89,0.871,1,0.844,
0.879,0.865,0.998,0.837,
0.89,0.889,1,0.834,
0.866,0.851,1,0.78,
0.916,0.909,0.998,0.862,
0.883,0.862,0.997,0.845,
0.858,0.839,1,0.816,
0.827,0.803,1,0.771,
0.859,0.851,1,0.763,
0.843,0.823,1,0.76,
0.787,0.768,1,0.676,
0.807,0.79,1,0.741,
0.886,0.874,1,0.835,
0.862,0.855,1,0.766,
0.899,0.891,1,0.854,
0.847,0.812,1,0.781,
0.926,0.931,1,0.869,
0.896,0.887,0.996,0.853,
0.882,0.879,1,0.823,
0.884,0.867,0.998,0.838,
0.836,0.818,1,0.74,
0.874,0.841,1,0.798,
0.869,0.851,1,0.797,
0.892,0.865,1,0.827,
0.886,0.881,1,0.842,
0.829,0.807,1,0.758,
0.829,0.802,1,0.709,
0.876,0.855,1,0.816,
0.859,0.843,0.997,0.821,
0.91,0.895,0.995,0.863,
0.882,0.86,1,0.819,
0.885,0.867,1,0.849,
0.873,0.862,0.996,0.823,
0.854,0.844,0.999,0.788,
0.874,0.847,1,0.821,
0.794,0.75,1,0.737,
0.839,0.827,1,0.789,
0.897,0.881,1,0.844,
0.865,0.837,0.999,0.793,
0.862,0.849,1,0.821,
0.925,0.958,1,0.829,
0.866,0.845,0.996,0.824,
0.799,0.772,1,0.706,
0.906,0.917,1,0.828,
0.881,0.872,0.997,0.835,
0.908,0.899,1,0.868,
0.814,0.793,1,0.771,
0.782,0.75,1,0.694,
0.86,0.854,1,0.81,
0.893,0.876,0.999,0.827,
0.822,0.792,1,0.776,
0.843,0.827,0.996,0.758,
0.857,0.847,1,0.722,
0.799,0.771,1,0.727,
0.923,0.921,1,0.883,
0.802,0.772,1,0.766,
0.802,0.774,1,0.723,
0.863,0.85,0.996,0.825,
0.86,0.837,1,0.799,
0.909,0.928,1,0.778,
0.915,0.899,0.995,0.859,
0.917,0.911,1,0.875,
0.91,0.901,1,0.849,
0.786,0.758,1,0.734,
0.89,0.883,0.999,0.832,
0.868,0.851,1,0.811,
0.886,0.859,1,0.823,
0.892,0.883,1,0.847,
0.909,0.9,0.999,0.872,
0.844,0.83,1,0.773,
0.83,0.806,1,0.751,
0.893,0.889,1,0.827,
0.869,0.855,1,0.755,
0.884,0.863,1,0.837,
0.875,0.865,1,0.829,
0.826,0.803,1,0.752,
0.884,0.867,0.997,0.839,
0.854,0.843,0.998,0.81,
0.916,0.908,0.996,0.874,
0.896,0.895,1,0.821,
0.902,0.899,1,0.817,
0.839,0.81,1,0.778,
0.844,0.811,1,0.792,
0.901,0.883,1,0.833,
0.898,0.88,1,0.867,
0.883,0.865,0.998,0.839,
0.875,0.859,0.997,0.831,
0.895,0.883,0.998,0.858,
0.926,0.923,1,0.869,
0.849,0.824,1,0.786,
0.916,0.907,1,0.885,
0.809,0.766,1,0.748,
0.867,0.849,1,0.827,
0.903,0.891,1,0.855,
0.877,0.864,0.997,0.819,
0.881,0.859,1,0.81,
0.863,0.819,1,0.81,
0.928,0.936,1,0.83,
0.894,0.875,1,0.849,
0.889,0.879,1,0.812,
0.869,0.854,0.999,0.839,
0.924,0.927,1,0.869,
0.89,0.865,1,0.854,
0.892,0.888,1,0.839,
0.854,0.833,0.994,0.802,
0.888,0.872,0.994,0.852,
0.914,0.908,0.998,0.862,
0.903,0.886,1,0.848,
0.838,0.823,1,0.783,
0.913,0.915,1,0.848,
0.908,0.915,0.994,0.858,
0.873,0.856,1,0.838,
0.92,0.933,1,0.86,
0.932,0.935,1,0.878,
0.852,0.841,1,0.774,
0.89,0.871,1,0.852,
0.883,0.869,0.997,0.847,
0.9,0.893,0.998,0.863,
0.867,0.845,1,0.803,
0.897,0.887,1,0.844,
0.861,0.845,0.998,0.821,
0.783,0.76,1,0.718,
0.945,0.933,1,0.911,
0.864,0.845,1,0.837,
0.916,0.911,1,0.827,
0.873,0.851,0.998,0.825,
0.866,0.874,1,0.776,
0.853,0.837,0.998,0.794,
0.853,0.818,1,0.778,
0.887,0.864,1,0.84,
0.797,0.757,1,0.741,
0.869,0.857,1,0.824,
0.895,0.877,1,0.839,
0.861,0.832,1,0.778,
0.901,0.891,1,0.836,
0.823,0.812,1,0.735,
0.839,0.827,1,0.765,
0.851,0.825,1,0.791,
0.822,0.804,1,0.773,
0.895,0.891,0.999,0.854,
0.94,0.94,1,0.907,
0.937,0.942,0.993,0.874,
0.902,0.875,1,0.833,
0.804,0.759,1,0.738,
0.904,0.889,0.996,0.84,
0.881,0.867,0.999,0.843,
0.829,0.796,0.996,0.761,
0.84,0.827,1,0.749,
0.779,0.747,1,0.708,
0.928,0.929,0.998,0.87,
0.843,0.823,1,0.786,
0.828,0.814,1,0.758,
0.792,0.779,1,0.728,
0.971,0.99,1,0.83,
0.97,0.99,0.996,0.833,
0.972,0.992,1,0.816,
0.959,0.968,1,0.824,
0.963,0.989,1,0.828,
0.973,0.994,1,0.823,
0.975,0.993,0.998,0.831,
0.973,0.994,1,0.829,
0.956,0.976,1,0.816,
0.971,0.997,1,0.827,
0.953,0.978,0.995,0.82,
0.979,0.997,1,0.835,
0.972,0.99,0.996,0.829,
0.95,0.958,1,0.82,
0.977,0.996,1,0.825,
0.977,0.992,1,0.827,
0.949,0.97,1,0.809,
0.946,0.958,1,0.814,
0.975,0.996,1,0.827,
0.964,0.984,1,0.822,
0.975,0.994,1,0.835,
0.933,0.96,1,0.764,
0.969,0.991,1,0.831,
0.97,0.986,0.999,0.827,
0.971,0.992,1,0.827,
0.975,0.995,1,0.831,
0.981,0.997,1,0.837,
0.971,0.987,1,0.815,
0.961,0.987,1,0.834,
0.97,0.996,1,0.83,
0.95,0.968,1,0.812,
0.979,0.996,1,0.835,
0.915,0.927,1,0.816,
0.848,0.826,1,0.731,
0.975,0.992,1,0.823,
0.904,0.889,1,0.854,
0.862,0.833,1,0.805,
0.843,0.802,1,0.778,
0.886,0.874,0.997,0.849,
0.826,0.803,1,0.743,
0.851,0.83,1,0.812,
0.875,0.839,1,0.816,
0.898,0.89,1,0.84,
0.893,0.881,1,0.846,
0.88,0.869,0.999,0.83,
0.85,0.829,1,0.796,
0.907,0.893,1,0.856,
0.86,0.853,0.997,0.795,
0.945,0.962,0.987,0.817,
0.967,0.989,0.997,0.83,
0.971,0.988,1,0.84,
0.916,0.919,1,0.819,
0.973,0.994,1,0.822,
0.971,0.994,1,0.828,
0.963,0.974,1,0.833,
0.973,0.99,1,0.827,
0.975,0.989,0.998,0.831,
0.978,0.998,1,0.835,
0.929,0.935,1,0.806,
0.964,0.986,1,0.815,
0.923,0.925,1,0.821,
0.96,0.974,1,0.821,
0.964,0.974,0.998,0.84,
0.962,0.988,1,0.809,
0.895,0.881,1,0.861,
0.87,0.88,1,0.749,
0.876,0.869,1,0.774,
0.901,0.883,0.998,0.865,
0.887,0.879,1,0.848,
0.862,0.851,0.998,0.821,
0.851,0.81,1,0.768,
0.895,0.871,1,0.843,
0.914,0.913,1,0.881,
0.895,0.864,1,0.854,
0.801,0.778,1,0.731,
0.848,0.82,1,0.778,
0.835,0.833,1,0.763,
0.937,0.942,1,0.868,
0.945,0.939,0.995,0.917,
0.817,0.791,1,0.683,


0.94,0.941,0.995,0.83,
0.918,0.928,1,0.817,
0.974,0.989,0.998,0.83,
0.96,0.971,1,0.825,
0.952,0.962,1,0.821,
0.965,0.986,0.998,0.83,
0.908,0.913,0.967,0.83,
0.919,0.923,0.982,0.826,
0.968,0.989,1,0.821,
0.974,0.99,1,0.827,
0.953,0.97,0.979,0.828,
0.929,0.944,0.965,0.838,
0.967,0.987,1,0.839,
0.948,0.96,1,0.812,
0.974,0.992,0.995,0.83,
0.946,0.945,1,0.83,
0.955,0.97,0.997,0.826,
0.943,0.954,1,0.825,
0.967,0.978,1,0.83,
0.955,0.97,0.982,0.83,
0.935,0.955,0.995,0.827,
0.955,0.967,0.994,0.829,
0.926,0.925,0.998,0.818,
0.962,0.986,0.99,0.813,
0.95,0.972,1,0.826,
0.918,0.911,0.975,0.82,
0.961,0.981,1,0.816,
0.976,0.99,0.997,0.837,
0.906,0.915,0.94,0.826,
0.957,0.97,0.988,0.834,
0.958,0.966,1,0.835,
0.938,0.954,1,0.831,
0.958,0.982,0.998,0.823,
0.968,0.984,0.996,0.841,
0.965,0.982,1,0.818,
0.972,0.992,1,0.828,
0.944,0.956,0.987,0.826,
0.941,0.972,0.998,0.814,
0.941,0.959,0.994,0.819,
0.94,0.948,1,0.81,
0.939,0.943,0.996,0.831,
0.948,0.966,0.997,0.833,
0.927,0.942,1,0.807,
0.951,0.964,1,0.827,
0.921,0.928,0.966,0.834,
0.942,0.955,0.978,0.824,
0.928,0.957,0.97,0.829,
0.921,0.938,0.959,0.82,
0.972,0.99,1,0.825,
0.921,0.92,0.997,0.812,
0.927,0.94,0.964,0.832,
0.954,0.97,1,0.822,
0.936,0.941,0.988,0.831,
0.91,0.915,0.99,0.809,
0.949,0.966,0.998,0.839,
0.953,0.972,0.986,0.824,
0.955,0.97,0.994,0.824,
0.934,0.945,0.982,0.828,
0.94,0.966,0.995,0.799,
0.951,0.968,0.98,0.833,
0.941,0.956,0.977,0.828,
0.94,0.958,0.981,0.813,
0.968,0.994,0.999,0.832,
0.93,0.94,0.982,0.822,
0.976,0.992,1,0.83,
0.949,0.973,0.998,0.824,
0.961,0.968,1,0.832,
0.942,0.94,0.997,0.839,
0.949,0.964,0.999,0.834,
0.959,0.978,1,0.828,
0.948,0.955,0.993,0.829,
0.954,0.966,0.985,0.829,
0.967,0.982,0.998,0.834,
0.908,0.895,0.993,0.826,
0.932,0.944,0.992,0.834,
0.936,0.952,0.977,0.833,
0.954,0.966,0.986,0.833,
0.934,0.955,0.995,0.822,
0.952,0.961,0.998,0.829,
0.92,0.926,0.968,0.825,
0.962,0.982,0.996,0.834,
0.927,0.935,0.965,0.828,
0.962,0.976,1,0.814,
0.961,0.973,0.99,0.835,
0.963,0.986,0.999,0.836,
0.938,0.966,0.989,0.823,
0.927,0.933,0.977,0.815,
0.943,0.954,0.984,0.825,
0.946,0.95,1,0.815,
0.956,0.969,0.993,0.834,
0.97,0.989,1,0.841,
0.954,0.968,0.982,0.819,
0.951,0.971,1,0.823,
0.921,0.927,0.994,0.819,
0.956,0.971,1,0.813,
0.966,0.981,0.992,0.83,
0.958,0.972,1,0.837,
0.968,0.986,0.998,0.829,
0.904,0.895,0.986,0.82,
0.916,0.935,0.991,0.833,
0.902,0.919,0.987,0.821,
0.953,0.969,0.999,0.82,
0.932,0.946,0.988,0.82,
0.914,0.916,0.998,0.833,
0.95,0.972,1,0.837,
0.955,0.97,0.989,0.831,
0.923,0.952,0.981,0.809,
0.957,0.974,1,0.828,
0.963,0.984,1,0.826,
0.977,0.993,1,0.831,
0.939,0.968,1,0.822,
0.953,0.969,0.997,0.804,
0.909,0.923,0.96,0.825,
0.94,0.948,0.982,0.83,
0.895,0.905,0.931,0.821,
0.923,0.931,0.973,0.839,
0.944,0.968,0.994,0.832,
0.936,0.944,1,0.817,
0.964,0.978,1,0.831,
0.934,0.936,1,0.822,
0.95,0.97,0.989,0.831,
0.956,0.969,1,0.83,
0.946,0.954,1,0.827,
0.942,0.962,0.976,0.832,
0.948,0.96,0.995,0.824,
0.975,0.992,0.998,0.832,
0.965,0.981,1,0.821,
0.972,0.992,1,0.837,
0.975,0.99,1,0.835,
0.952,0.964,0.999,0.834,
0.961,0.976,0.995,0.822,
0.924,0.919,1,0.817,
0.931,0.94,0.983,0.817,
0.948,0.966,1,0.821,
0.905,0.913,0.953,0.821,
0.954,0.967,1,0.812,
0.921,0.929,0.985,0.812,
0.97,0.993,1,0.835,
0.895,0.897,0.976,0.817,
0.924,0.936,0.965,0.818,
0.944,0.965,1,0.811,
0.909,0.909,1,0.796,
0.963,0.98,1,0.821,
0.934,0.944,0.993,0.823,
0.962,0.974,1,0.823,
0.94,0.945,0.991,0.835,
0.965,0.979,0.998,0.834,
0.958,0.972,0.99,0.83,
0.933,0.948,0.981,0.819,
0.915,0.935,0.983,0.819,
0.956,0.973,1,0.817,
0.962,0.98,1,0.836,
0.946,0.958,0.988,0.827,
0.963,0.983,1,0.814,
0.933,0.949,0.962,0.83,
0.935,0.954,0.988,0.826,
0.971,0.992,0.997,0.829,
0.938,0.944,0.99,0.829,
0.953,0.973,0.988,0.808,
0.933,0.94,0.995,0.83,
0.963,0.984,0.997,0.833,
0.956,0.966,0.996,0.825,
0.913,0.928,0.974,0.813,
0.958,0.974,0.99,0.823,
0.885,0.884,0.925,0.851,
0.972,0.988,1,0.838,
0.958,0.983,0.991,0.828,
0.913,0.931,0.982,0.813,
0.941,0.952,0.99,0.832,
0.937,0.955,0.986,0.825,
0.917,0.93,0.951,0.818,
0.909,0.905,0.986,0.811,
0.906,0.911,0.976,0.803,
0.969,0.985,0.999,0.835,
0.961,0.986,1,0.833,
0.919,0.929,0.978,0.804,
0.92,0.948,0.996,0.836,
0.972,0.99,1,0.828,
0.933,0.959,0.984,0.816,
0.973,0.991,1,0.83,
0.903,0.899,0.995,0.822,
0.911,0.923,0.968,0.82,
0.947,0.956,0.992,0.828,
0.939,0.957,0.975,0.835,
0.977,0.994,1,0.841,
0.974,0.994,1,0.829,
0.925,0.934,0.968,0.816,
0.916,0.922,1,0.814,
0.929,0.935,1,0.813,
0.96,0.974,0.991,0.824,
0.945,0.956,0.987,0.816,
0.898,0.893,0.99,0.801,
0.946,0.954,0.976,0.821,
0.921,0.937,1,0.826,
0.959,0.978,0.988,0.833,
0.948,0.958,0.994,0.826,
0.934,0.946,0.976,0.818,
0.927,0.915,1,0.823,
0.93,0.948,1,0.825,
0.961,0.979,0.999,0.818,
0.962,0.982,0.993,0.836,
0.937,0.94,0.997,0.811,
0.963,0.976,0.999,0.828,
0.927,0.939,0.997,0.816,
0.961,0.984,1,0.823,
0.918,0.928,0.976,0.82,
0.935,0.929,1,0.825,
0.913,0.911,0.986,0.81,
0.931,0.939,0.994,0.827,
0.957,0.978,0.998,0.828,
0.945,0.952,1,0.827,
0.952,0.964,0.99,0.836,
0.964,0.986,0.997,0.828,
0.957,0.986,1,0.822,
0.967,0.98,0.994,0.823,
0.963,0.978,1,0.832,
0.945,0.964,1,0.813,
0.959,0.974,0.993,0.823,
0.923,0.94,0.959,0.829,
0.94,0.958,0.993,0.815,
0.917,0.904,1,0.822,
0.903,0.904,0.954,0.833,
0.935,0.945,0.994,0.832,
0.959,0.971,0.986,0.836,
0.947,0.964,0.978,0.832,
0.918,0.926,0.982,0.817,
0.956,0.992,1,0.821,
0.969,0.99,0.995,0.824,
0.973,0.992,1,0.83,
0.936,0.951,1,0.821,
0.96,0.972,0.991,0.827,
0.953,0.968,1,0.837,
0.957,0.98,1,0.827,
0.966,0.986,0.992,0.826,
0.915,0.927,0.962,0.827,
0.967,0.983,0.995,0.827,
0.971,0.991,1,0.823,
0.931,0.937,0.973,0.832,
0.961,0.981,0.997,0.841,
0.889,0.894,0.928,0.824,
0.959,0.974,0.993,0.834,
0.95,0.964,1,0.815,
0.952,0.974,1,0.831,
0.955,0.964,0.99,0.833,
0.94,0.968,1,0.822,
0.933,0.956,0.975,0.826,
0.902,0.91,1,0.817,
0.927,0.936,0.98,0.826,
0.951,0.974,1,0.825,
0.927,0.94,0.989,0.816,
0.945,0.976,0.993,0.803,
0.908,0.932,0.957,0.828,
0.953,0.974,0.982,0.822,
0.922,0.934,1,0.809,
0.964,0.981,0.994,0.836,
0.967,0.985,0.996,0.829,
0.959,0.97,0.994,0.832,
0.929,0.945,0.98,0.809,
0.972,0.991,1,0.814,
0.939,0.954,0.999,0.835,
0.941,0.954,0.983,0.825,
0.956,0.974,0.996,0.829,
0.948,0.952,1,0.821,
0.94,0.955,0.989,0.823,
0.954,0.976,0.996,0.829,
0.962,0.976,1,0.829,
0.941,0.947,1,0.818,
0.947,0.958,1,0.827,
0.943,0.958,0.967,0.827,
0.955,0.974,1,0.826,
0.969,0.986,1,0.821,
0.966,0.977,1,0.832,
0.957,0.968,0.989,0.823,
0.945,0.966,0.982,0.829,
0.957,0.976,0.992,0.82,
0.931,0.956,0.971,0.814,
0.94,0.947,1,0.811,
0.958,0.978,1,0.83,
0.954,0.963,0.99,0.833,
0.956,0.978,0.992,0.826,
0.907,0.908,0.985,0.808,
0.967,0.985,1,0.831,
0.957,0.965,0.997,0.834,
0.968,0.979,0.996,0.824,
0.953,0.968,1,0.831,
0.96,0.976,0.995,0.825,
0.942,0.954,0.995,0.834,
0.964,0.982,0.992,0.828,
0.913,0.925,0.967,0.817,
0.958,0.976,1,0.815,
0.974,0.991,1,0.827,
0.943,0.959,0.993,0.831,
0.957,0.972,1,0.835,
0.959,0.982,0.999,0.82,
0.954,0.969,0.989,0.829,
0.959,0.978,1,0.823,
0.957,0.97,1,0.821,
0.953,0.976,0.995,0.831,
0.951,0.962,0.995,0.816,
0.951,0.963,0.995,0.838,
0.951,0.974,1,0.831,
0.936,0.95,0.987,0.826,
0.938,0.956,0.994,0.823,
0.926,0.916,1,0.87,
0.93,0.928,0.986,0.82,
0.946,0.954,0.989,0.822,
0.924,0.924,0.981,0.833,
0.932,0.932,1,0.822,
0.977,0.996,1,0.838,
0.948,0.975,0.99,0.84,
0.93,0.935,0.999,0.823,
0.885,0.885,0.949,0.83,
0.957,0.968,0.991,0.829,
0.963,0.982,1,0.82,
0.952,0.957,0.993,0.834,
0.953,0.968,0.99,0.824,
0.974,0.991,0.999,0.826,
0.928,0.925,1,0.824,
0.882,0.901,0.985,0.78,
0.959,0.982,0.99,0.827,
0.955,0.972,0.987,0.829,
0.96,0.986,1,0.833,
0.926,0.944,1,0.823,
0.958,0.978,1,0.824,
0.965,0.982,1,0.821,
0.943,0.954,0.996,0.821,
0.951,0.969,0.997,0.814,
0.923,0.928,0.985,0.817,
0.954,0.966,1,0.82,
0.939,0.937,1,0.823,
0.931,0.958,0.984,0.809,
0.969,0.985,0.995,0.83,
0.956,0.97,1,0.828,
0.943,0.959,1,0.813,
0.966,0.988,0.995,0.837,
0.914,0.915,0.994,0.816,
0.913,0.923,0.978,0.812,
0.953,0.965,0.99,0.83,
0.963,0.969,1,0.834,
0.931,0.939,0.98,0.828,
0.948,0.97,0.99,0.823,
0.918,0.921,1,0.817,
0.971,0.986,0.993,0.838,
0.927,0.921,0.988,0.824,
0.94,0.95,0.987,0.82,
0.965,0.976,1,0.836,
0.934,0.954,1,0.811,
0.949,0.969,0.996,0.823,
0.954,0.966,0.993,0.828,
0.971,0.986,0.999,0.838,
0.95,0.971,0.993,0.815,
0.948,0.961,1,0.821,
0.958,0.968,1,0.823,
0.95,0.951,1,0.83,
0.969,0.988,1,0.835,
0.949,0.967,0.991,0.816,
0.939,0.952,0.968,0.828,
0.898,0.906,0.941,0.809,
0.922,0.936,0.967,0.831,
0.904,0.917,0.94,0.828,
0.971,0.989,0.999,0.816,
0.962,0.979,0.998,0.83,
0.951,0.968,1,0.824,
0.938,0.952,0.97,0.815,
0.957,0.979,1,0.825,
0.923,0.933,0.959,0.832,
0.919,0.927,0.957,0.831,
0.967,0.984,1,0.825,
0.928,0.935,0.974,0.83,
0.939,0.946,0.997,0.842,
0.951,0.96,0.995,0.831,
0.941,0.953,0.996,0.825,
0.945,0.953,0.983,0.836,
0.891,0.895,0.944,0.811,
0.926,0.936,0.96,0.815,
0.954,0.97,0.995,0.828,
0.9,0.914,1,0.814,
0.956,0.975,0.983,0.835,
0.957,0.98,1,0.831,
0.944,0.954,0.985,0.823,
0.922,0.947,0.995,0.81,
0.931,0.948,1,0.819,
0.937,0.96,0.976,0.828,
0.963,0.982,0.997,0.831,
0.902,0.915,0.936,0.827,
0.924,0.924,0.991,0.827,
0.936,0.958,0.985,0.823,
0.949,0.967,0.995,0.831,
0.947,0.965,0.99,0.814,
0.973,0.992,1,0.827,
0.956,0.964,1,0.837,
0.926,0.942,0.967,0.824,
0.95,0.956,1,0.824,
0.935,0.941,1,0.827,
0.954,0.978,0.996,0.837,
0.94,0.944,1,0.838,
0.961,0.978,0.992,0.828,
0.922,0.935,0.987,0.818,
0.913,0.917,0.984,0.824,
0.924,0.923,0.999,0.826,
0.951,0.969,0.989,0.832,
0.918,0.931,0.963,0.825,
0.955,0.966,1,0.831,
0.884,0.938,1,0.683,
0.903,0.898,0.997,0.862,
0.955,0.966,1,0.836,
0.946,0.962,0.975,0.834,
0.925,0.933,1,0.828,
0.946,0.954,1,0.828,
0.954,0.973,0.994,0.828,
0.92,0.926,0.979,0.818,
0.941,0.953,1,0.845,
0.958,0.981,0.994,0.823,
0.939,0.95,0.984,0.831,
0.931,0.925,0.997,0.824,
0.965,0.974,1,0.825,
0.948,0.956,0.981,0.824,
0.935,0.957,0.976,0.814,
0.944,0.946,0.984,0.814,
0.946,0.96,1,0.82,
0.958,0.976,0.993,0.819,
0.924,0.936,1,0.818,
0.926,0.945,0.97,0.834,
0.956,0.974,1,0.832,
0.911,0.915,0.967,0.829,
0.955,0.966,0.997,0.814,
0.941,0.961,0.997,0.833,
0.899,0.91,0.936,0.824,
0.916,0.915,1,0.826,
0.962,0.986,1,0.851,
0.961,0.974,0.99,0.832,
0.968,0.987,0.994,0.829,
0.938,0.945,0.976,0.83,
0.95,0.966,0.994,0.831,
0.937,0.948,0.998,0.818,
0.96,0.981,1,0.818,
0.908,0.905,0.991,0.83,
0.97,0.986,0.994,0.833,
0.91,0.907,1,0.82,
0.96,0.983,0.997,0.826,
0.96,0.97,0.999,0.837,
0.922,0.944,0.967,0.82,
0.933,0.946,1,0.812,
0.938,0.954,0.985,0.836,
0.937,0.947,1,0.824,
0.958,0.972,0.995,0.832,
0.943,0.96,0.988,0.82,
0.938,0.952,0.963,0.823,
0.912,0.921,0.969,0.823,
0.961,0.978,1,0.815,
0.937,0.966,1,0.823,
0.943,0.96,1,0.836,
0.968,0.984,0.998,0.829,
0.895,0.879,0.995,0.829,
0.929,0.94,0.99,0.812,
0.908,0.916,1,0.75,
0.935,0.928,1,0.831,
0.923,0.939,0.985,0.816,
0.965,0.977,1,0.825,
0.976,0.992,1,0.83,
0.945,0.954,1,0.825,
0.919,0.915,1,0.816,
0.94,0.94,1,0.817,
0.959,0.976,0.998,0.829,
0.959,0.981,0.993,0.822,
0.955,0.97,0.992,0.829,
0.965,0.987,0.994,0.826,
0.933,0.932,0.997,0.81,
0.959,0.973,1,0.824,
0.965,0.984,0.99,0.841,
0.929,0.927,0.991,0.828,
0.959,0.972,0.994,0.827,
0.966,0.974,1,0.863,
0.958,0.968,0.993,0.827,
0.936,0.941,0.985,0.821,
0.974,0.994,1,0.835,
0.977,0.995,0.999,0.829,
0.971,0.986,0.996,0.833,
0.934,0.951,1,0.819,
0.952,0.964,0.999,0.815,
0.915,0.942,0.967,0.829,
0.914,0.936,0.994,0.831,
0.923,0.917,0.986,0.817,
0.89,0.884,0.998,0.797,
0.93,0.94,0.978,0.812,
0.959,0.976,1,0.826,
0.937,0.951,0.972,0.828,
0.975,0.995,0.999,0.838,
0.926,0.929,0.976,0.824,
0.955,0.958,0.996,0.835,
0.96,0.977,0.998,0.815,
0.929,0.938,1,0.823,
0.927,0.938,0.977,0.836,
0.939,0.959,0.979,0.827,
0.962,0.983,1,0.826,
0.974,0.996,0.998,0.826,
0.948,0.968,0.99,0.821,
0.957,0.976,0.998,0.803,
0.911,0.919,0.975,0.821,
0.934,0.947,0.98,0.827,
0.942,0.956,0.976,0.831,
0.972,0.992,1,0.826,
0.943,0.952,0.975,0.823,
0.938,0.94,1,0.815,
0.894,0.903,0.978,0.817,
0.962,0.981,1,0.84,
0.947,0.966,0.986,0.824,
0.972,0.99,0.997,0.835,
0.962,0.977,0.991,0.825,
0.971,0.989,0.999,0.829,
0.963,0.986,1,0.834,
0.964,0.989,1,0.811,
0.898,0.897,1,0.805,
0.961,0.974,1,0.844,
0.962,0.978,0.996,0.831,
0.924,0.934,1,0.834,
0.953,0.97,1,0.829,
0.915,0.904,0.981,0.824,
0.961,0.982,0.995,0.841,
0.947,0.952,1,0.826,
0.916,0.929,0.96,0.824,
0.947,0.974,0.99,0.812,
0.951,0.965,1,0.823,
0.952,0.968,0.983,0.838,
0.956,0.965,0.997,0.835,
0.936,0.957,0.998,0.832,
0.958,0.972,1,0.832,
0.927,0.933,0.962,0.819,
0.968,0.983,0.999,0.829,
0.913,0.934,1,0.766,
0.962,0.988,1,0.81,
0.957,0.97,0.996,0.824,
0.928,0.938,0.994,0.826,
0.93,0.938,0.997,0.824,
0.916,0.93,0.977,0.821,
0.967,0.978,0.995,0.83,
0.877,0.861,0.998,0.828,
0.87,0.871,1,0.76,
0.784,0.758,1,0.719,
0.853,0.829,1,0.797,
0.834,0.816,0.999,0.783,
0.852,0.827,0.999,0.804,
0.832,0.825,0.967,0.756,
0.844,0.815,1,0.782,
0.802,0.773,1,0.761,
0.813,0.803,0.933,0.774,
0.841,0.813,1,0.796,
0.871,0.875,1,0.781,
0.891,0.885,1,0.773,
0.864,0.855,0.999,0.799,
0.82,0.784,1,0.743,
0.846,0.829,1,0.792,
0.859,0.84,1,0.822,
0.802,0.774,1,0.704,
0.819,0.798,1,0.743,
0.871,0.851,0.996,0.838,
0.903,0.895,0.984,0.851,
0.847,0.827,0.994,0.815,
0.885,0.873,1,0.849,
0.83,0.808,1,0.76,
0.87,0.851,0.999,0.803,
0.847,0.831,1,0.796,
0.824,0.815,1,0.765,
0.779,0.756,0.998,0.691,
0.808,0.788,1,0.761,
0.848,0.828,0.997,0.802,
0.797,0.778,1,0.735,
0.871,0.856,0.998,0.837,
0.851,0.833,1,0.787,
0.877,0.865,0.999,0.799,
0.837,0.823,1,0.774,
0.837,0.828,0.998,0.77,
0.789,0.787,1,0.662,
0.86,0.841,1,0.816,
0.796,0.787,0.994,0.704,
0.836,0.811,1,0.735,
0.811,0.764,1,0.729,
0.89,0.877,0.998,0.847,
0.833,0.821,1,0.755,
0.826,0.808,0.999,0.78,
0.869,0.853,1,0.824,
0.768,0.744,1,0.702,
0.842,0.823,1,0.801,
0.828,0.809,0.999,0.788,
0.866,0.856,0.972,0.806,
0.794,0.745,1,0.721,
0.889,0.88,1,0.845,
0.858,0.837,1,0.83,
0.851,0.833,1,0.83,
0.795,0.766,1,0.753,
0.847,0.839,0.999,0.804,
0.866,0.859,1,0.82,
0.811,0.796,0.953,0.76,
0.831,0.811,1,0.776,
0.831,0.81,1,0.779,
0.865,0.848,1,0.825,
0.835,0.811,1,0.784,
0.869,0.852,0.997,0.829,
0.857,0.841,1,0.793,
0.792,0.752,1,0.746,
0.85,0.828,1,0.798,
0.834,0.815,1,0.772,
0.853,0.835,1,0.821,
0.811,0.791,1,0.724,
0.855,0.835,1,0.807,
0.854,0.833,1,0.819,
0.835,0.815,1,0.8,
0.851,0.834,1,0.799,
0.815,0.796,1,0.756,
0.845,0.825,1,0.808,
0.884,0.861,1,0.841,
0.877,0.842,1,0.815,
0.879,0.863,1,0.851,
0.8,0.774,0.996,0.705,
0.862,0.853,0.998,0.794,
0.847,0.807,1,0.766,
0.831,0.806,0.999,0.779,
0.825,0.805,1,0.779,
0.826,0.803,1,0.747,
0.846,0.825,1,0.791,
0.791,0.77,0.997,0.723,
0.85,0.836,0.998,0.809,
0.818,0.786,0.997,0.753,
0.839,0.833,0.999,0.774,
0.84,0.819,0.996,0.78,
0.816,0.79,1,0.771,
0.773,0.764,0.949,0.663,
0.956,0.96,1,0.873,
0.843,0.817,0.998,0.8,
0.833,0.821,1,0.751,
0.878,0.869,0.996,0.836,
0.827,0.792,0.998,0.752,
0.863,0.847,1,0.809,
0.834,0.802,1,0.768,
0.855,0.842,1,0.807,
0.849,0.839,0.996,0.81,
0.84,0.831,1,0.79,
0.886,0.878,1,0.85,
0.859,0.847,0.997,0.786,
0.808,0.753,1,0.733,
0.832,0.819,0.999,0.767,
0.859,0.843,1,0.828,
0.871,0.858,0.999,0.811,
0.853,0.833,1,0.81,
0.853,0.837,0.998,0.79,
0.816,0.794,1,0.759,
0.825,0.791,1,0.778,
0.827,0.798,1,0.763,
0.812,0.792,1,0.733,
0.854,0.845,0.983,0.819,
0.764,0.749,0.964,0.684,
0.826,0.803,1,0.749,
0.841,0.829,0.996,0.805,
0.823,0.786,1,0.678,
0.859,0.841,1,0.817,
0.855,0.851,0.947,0.793,
0.866,0.847,1,0.811,
0.837,0.817,0.988,0.796,
0.871,0.86,0.996,0.833,
0.814,0.8,1,0.742,
0.784,0.742,1,0.735,
0.831,0.811,1,0.764,
0.839,0.821,1,0.79,
0.873,0.853,0.998,0.834,
0.819,0.781,0.992,0.743,
0.786,0.748,1,0.708,
0.811,0.778,1,0.747,
0.817,0.79,0.982,0.74,
0.802,0.776,0.997,0.74,
0.87,0.855,1,0.838,
0.848,0.853,1,0.76,
0.88,0.864,0.998,0.837,
0.806,0.778,1,0.748,
0.807,0.775,1,0.754,
0.815,0.798,1,0.759,
0.817,0.787,1,0.76,
0.86,0.84,0.997,0.831,
0.811,0.794,1,0.765,
0.869,0.847,1,0.822,
0.81,0.78,1,0.748,
0.846,0.831,0.998,0.793,
0.853,0.831,0.997,0.813,
0.826,0.815,1,0.761,
0.794,0.762,0.999,0.724,
0.851,0.835,1,0.806,
0.87,0.856,0.997,0.833,
0.832,0.821,0.998,0.769,
0.801,0.752,0.928,0.718,
0.821,0.794,1,0.757,
0.788,0.767,1,0.734,
0.863,0.85,0.996,0.8,
0.879,0.864,0.999,0.825,
0.866,0.823,1,0.768,
0.756,0.72,1,0.704,
0.877,0.859,0.999,0.828,
0.872,0.861,0.997,0.839,
0.78,0.752,1,0.741,
0.851,0.836,0.998,0.786,
0.852,0.835,1,0.81,
0.923,0.932,1,0.802,
0.82,0.794,1,0.779,
0.848,0.833,1,0.809,
0.849,0.84,0.998,0.803,
0.846,0.83,1,0.78,
0.836,0.816,1,0.711,
0.877,0.855,1,0.84,
0.83,0.806,1,0.779,
0.843,0.826,0.997,0.782,
0.843,0.819,1,0.78,
0.898,0.912,1,0.798,
0.82,0.798,0.997,0.762,
0.781,0.748,1,0.729,
0.87,0.863,1,0.804,
0.861,0.856,0.977,0.809,
0.832,0.823,0.987,0.781,
0.866,0.857,1,0.8,
0.874,0.853,0.994,0.834,
0.829,0.803,1,0.739,
0.837,0.822,1,0.787,
0.846,0.832,0.998,0.772,
0.858,0.833,1,0.828,
0.82,0.815,1,0.729,
0.841,0.825,1,0.801,
0.838,0.807,1,0.796,
0.82,0.798,1,0.759,
0.887,0.863,0.996,0.824,
0.807,0.768,1,0.755,
0.809,0.784,1,0.753,
0.847,0.83,1,0.811,
0.883,0.872,0.999,0.838,
0.833,0.814,0.999,0.773,
0.858,0.837,1,0.826,
0.836,0.816,1,0.774,
0.793,0.754,1,0.725,
0.888,0.873,1,0.842,
0.827,0.802,1,0.768,
0.812,0.785,1,0.772,
0.833,0.821,1,0.772,
0.806,0.779,1,0.742,
0.867,0.851,1,0.826,
0.853,0.841,0.999,0.774,
0.8,0.772,1,0.744,
0.761,0.737,0.999,0.68,
0.845,0.829,1,0.8,
0.852,0.831,1,0.822,
0.896,0.881,1,0.859,
0.819,0.803,1,0.744,
0.812,0.774,0.999,0.728,
0.851,0.823,0.999,0.82,
0.878,0.867,1,0.832,
0.843,0.819,1,0.787,
0.798,0.776,1,0.731,
0.836,0.812,0.998,0.787,
0.846,0.833,1,0.792,
0.797,0.774,1,0.741,
0.813,0.776,1,0.752,
0.828,0.808,0.999,0.8,
0.778,0.749,1,0.726,
0.873,0.839,0.992,0.824,
0.852,0.829,0.999,0.816,
0.88,0.858,1,0.82,
0.859,0.831,1,0.806,
0.867,0.847,1,0.833,
0.83,0.817,1,0.756,
0.791,0.766,1,0.724,
0.88,0.853,1,0.817,
0.815,0.788,1,0.763,
0.814,0.784,1,0.754,
0.889,0.876,1,0.851,
0.87,0.855,0.998,0.832,
0.832,0.808,0.998,0.771,
0.863,0.847,1,0.817,
0.861,0.834,1,0.825,
0.859,0.837,0.997,0.823,
0.827,0.803,1,0.771,
0.813,0.8,1,0.743,
0.799,0.766,0.995,0.711,
0.819,0.799,1,0.737,
0.85,0.831,1,0.726,
0.862,0.845,1,0.82,
0.814,0.786,1,0.712,
0.845,0.827,1,0.806,
0.846,0.815,1,0.797,
0.864,0.855,1,0.803,
0.834,0.815,1,0.774,
0.863,0.849,1,0.792,
0.854,0.833,1,0.828,
0.801,0.756,1,0.749,
0.864,0.843,1,0.795,
0.86,0.837,0.999,0.826,
0.852,0.835,0.997,0.794,
0.863,0.843,0.999,0.779,
0.794,0.76,1,0.727,
0.751,0.725,1,0.688,
0.813,0.786,0.998,0.758,
0.851,0.845,1,0.772,
0.842,0.833,1,0.769,
0.828,0.805,1,0.769,
0.852,0.829,1,0.8,
0.845,0.832,1,0.789,
0.846,0.821,1,0.796,
0.845,0.831,0.999,0.799,
0.811,0.79,1,0.737,
0.821,0.796,0.995,0.778,
0.863,0.847,0.999,0.823,
0.856,0.851,1,0.748,
0.803,0.788,0.999,0.748,
0.833,0.811,1,0.782,
0.846,0.826,1,0.799,
0.797,0.768,1,0.706,
0.867,0.843,1,0.779,
0.844,0.829,1,0.795,
0.875,0.861,0.997,0.838,
0.81,0.791,0.995,0.758,
0.777,0.741,1,0.717,
0.863,0.857,1,0.793,
0.85,0.829,1,0.79,
0.819,0.806,1,0.755,
0.802,0.771,1,0.754,
0.846,0.81,1,0.774,
0.799,0.771,1,0.727,
0.862,0.843,1,0.82,
0.801,0.772,1,0.766,
0.754,0.718,0.999,0.677,
0.793,0.762,1,0.747,
0.879,0.879,1,0.807,
0.839,0.82,0.998,0.763,
0.843,0.822,1,0.805,
0.863,0.843,0.996,0.829,
0.858,0.851,0.995,0.794,
0.786,0.758,1,0.734,
0.864,0.853,1,0.815,
0.906,0.91,1,0.79,
0.812,0.789,0.959,0.753,
0.886,0.859,1,0.848,
0.861,0.843,1,0.82,
0.857,0.835,0.998,0.814,
0.796,0.768,0.999,0.742,
0.877,0.867,0.998,0.843,
0.808,0.78,0.97,0.737,
0.832,0.815,0.996,0.778,
0.858,0.842,0.998,0.815,
0.831,0.808,1,0.776,
0.869,0.855,1,0.83,
0.833,0.814,1,0.802,
0.834,0.808,1,0.797,
0.838,0.811,0.953,0.781,
0.865,0.858,1,0.817,
0.831,0.806,0.994,0.801,
0.757,0.708,0.998,0.675,
0.863,0.851,1,0.797,
0.861,0.839,0.999,0.828,
0.89,0.903,1,0.779,
0.909,0.901,1,0.866,
0.856,0.839,1,0.807,
0.849,0.827,0.999,0.813,
0.804,0.776,1,0.747,
0.875,0.858,1,0.831,
0.821,0.786,1,0.76,
0.807,0.79,0.999,0.751,
0.788,0.776,0.998,0.705,
0.864,0.851,1,0.818,
0.856,0.845,1,0.791,
0.829,0.788,1,0.767,
0.825,0.806,0.998,0.783,
0.86,0.838,0.998,0.82,
0.843,0.812,1,0.789,
0.87,0.855,1,0.831,
0.875,0.868,0.998,0.8,
0.883,0.873,0.999,0.814,
0.859,0.847,1,0.814,
0.892,0.895,1,0.769,
0.852,0.83,1,0.816,
0.831,0.816,1,0.789,
0.832,0.809,0.999,0.789,
0.818,0.819,1,0.71,
0.835,0.792,0.998,0.747,
0.82,0.806,1,0.76,
0.855,0.839,0.997,0.825,
0.87,0.86,0.997,0.834,
0.872,0.849,0.999,0.82,
0.827,0.796,1,0.752,
0.87,0.856,1,0.824,
0.865,0.844,1,0.836,
0.855,0.841,1,0.807,
0.832,0.821,0.998,0.782,
0.878,0.861,0.996,0.838,
0.858,0.83,1,0.813,
0.795,0.774,1,0.748,
0.868,0.86,0.999,0.816,
0.866,0.842,1,0.829,
0.835,0.804,0.997,0.752,
0.84,0.823,1,0.801,
0.866,0.874,1,0.776,
0.837,0.812,1,0.774,
0.803,0.768,1,0.728,
0.875,0.845,1,0.823,
0.797,0.757,1,0.741,
0.822,0.798,1,0.76,
0.854,0.835,0.998,0.83,
0.795,0.782,0.996,0.726,
0.879,0.869,0.99,0.837,
0.85,0.833,1,0.788,
0.775,0.746,1,0.71,
0.83,0.811,1,0.745,
0.822,0.804,1,0.773,
0.849,0.83,1,0.808,
0.861,0.838,0.999,0.82,
0.87,0.861,1,0.831,
0.836,0.822,0.998,0.772,
0.791,0.748,1,0.717,
0.843,0.829,1,0.796,
0.793,0.771,1,0.728,
0.783,0.764,1,0.726,
0.797,0.767,1,0.752,
0.782,0.754,1,0.712,
0.87,0.857,1,0.836,
0.836,0.815,0.999,0.775,
0.766,0.726,1,0.692,
0.768,0.731,1,0.709,
0.972,0.99,0.997,0.834,
0.97,0.986,1,0.833,
0.946,0.961,0.988,0.819,
0.966,0.986,0.999,0.826,
0.92,0.942,0.98,0.827,
0.936,0.952,0.969,0.826,
0.962,0.978,1,0.829,
0.967,0.981,1,0.829,
0.951,0.968,0.997,0.816,
0.953,0.98,0.997,0.827,
0.95,0.96,1,0.82,
0.958,0.963,1,0.834,
0.963,0.982,1,0.831,
0.935,0.942,1,0.82,
0.959,0.97,0.992,0.827,
0.956,0.972,0.99,0.828,
0.912,0.925,0.971,0.811,
0.922,0.942,0.968,0.814,
0.954,0.976,0.987,0.824,
0.93,0.935,0.97,0.822,
0.952,0.953,0.997,0.832,
0.911,0.927,1,0.764,
0.973,0.992,0.998,0.831,
0.959,0.98,1,0.826,
0.898,0.901,0.941,0.825,
0.964,0.978,0.999,0.831,
0.937,0.942,0.976,0.835,
0.962,0.975,0.997,0.818,
0.939,0.947,0.998,0.834,
0.932,0.964,0.996,0.789,
0.935,0.95,0.998,0.816,
0.974,0.986,1,0.837,
0.8,0.782,1,0.704,
0.854,0.806,1,0.764,
0.963,0.976,0.999,0.828,
0.868,0.859,1,0.786,
0.876,0.869,0.992,0.829,
0.844,0.817,1,0.742,
0.869,0.851,1,0.838,
0.822,0.802,0.998,0.774,
0.846,0.841,0.999,0.769,
0.856,0.833,0.988,0.8,
0.864,0.845,0.996,0.822,
0.872,0.858,0.998,0.843,
0.853,0.841,1,0.787,
0.771,0.747,0.995,0.726,
0.818,0.787,0.993,0.766,
0.783,0.751,1,0.721,
0.935,0.953,1,0.819,
0.969,0.985,1,0.83,
0.942,0.949,0.984,0.839,
0.928,0.943,0.977,0.819,
0.892,0.907,0.933,0.822,
0.963,0.976,0.998,0.829,
0.947,0.958,0.998,0.834,
0.972,0.988,0.998,0.826,
0.974,0.99,1,0.83,
0.928,0.938,0.986,0.835,
0.929,0.943,0.976,0.804,
0.959,0.975,0.994,0.815,
0.893,0.89,0.956,0.821,
0.953,0.969,0.993,0.821,
0.943,0.956,1,0.838,
0.947,0.961,0.997,0.809,
0.833,0.818,1,0.733,
0.834,0.818,1,0.736,
0.851,0.816,1,0.793,
0.86,0.849,1,0.821,
0.843,0.825,1,0.802,
0.762,0.74,1,0.689,
0.834,0.802,1,0.767,
0.872,0.851,0.999,0.843,
0.838,0.819,0.998,0.799,
0.874,0.865,0.995,0.822,
0.828,0.8,1,0.739,
0.828,0.788,1,0.745,
0.799,0.754,1,0.727,
0.868,0.857,0.999,0.835,
0.879,0.851,1,0.825,
0.848,0.839,1,0.796,




Further Data analysis of all test cases 
avg med max min 
AVGs,0.643,0.642,0.726,0.561,
MEDs,0.614,0.617,0.702,0.529,
MAXs,0.853,0.793,0.958,0.744,
MINs,0.593,0.6,0.681,0.505,


AVGs,0.924,0.949,0.981,0.779,
MEDs,0.929,0.967,0.998,0.74,
MAXs,0.999,1,1,0.957,
MINs,0.819,0.825,0.922,0.658,


AVGs,0.9,0.921,0.977,0.751,
MEDs,0.9,0.929,0.996,0.708,
MAXs,0.994,0.999,1,0.925,
MINs,0.807,0.821,0.873,0.662,



