

Data analysis for each instance 
AVG,MED,MAX,MIN
0.635,0.605,0.85,0.597,
0.618,0.591,0.818,0.589,
0.606,0.575,0.817,0.563,
0.599,0.581,0.814,0.55,
0.612,0.583,0.826,0.568,
0.645,0.611,0.918,0.573,
0.609,0.581,0.809,0.572,
0.597,0.569,0.814,0.551,
0.614,0.587,0.813,0.572,
0.629,0.594,0.882,0.578,
0.611,0.579,0.816,0.573,
0.637,0.614,0.846,0.598,
0.629,0.605,0.84,0.589,
0.578,0.536,0.848,0.525,
0.605,0.573,0.815,0.572,
0.574,0.54,0.814,0.528,
0.616,0.579,0.871,0.567,
0.58,0.542,0.812,0.532,
0.639,0.591,0.935,0.584,
0.634,0.611,0.811,0.594,
0.596,0.539,0.861,0.528,
0.619,0.587,0.832,0.584,
0.623,0.593,0.834,0.587,
0.646,0.611,0.904,0.595,
0.603,0.577,0.822,0.562,
0.607,0.581,0.812,0.573,
0.583,0.551,0.82,0.533,
0.615,0.585,0.821,0.577,
0.613,0.589,0.812,0.578,
0.618,0.591,0.814,0.583,
0.623,0.596,0.827,0.583,
0.609,0.556,0.929,0.546,
0.552,0.504,0.822,0.499,
0.621,0.597,0.824,0.577,
0.641,0.603,0.92,0.57,
0.614,0.585,0.818,0.575,
0.575,0.528,0.832,0.521,
0.642,0.593,0.938,0.591,
0.606,0.578,0.851,0.544,
0.609,0.581,0.817,0.562,
0.584,0.539,0.844,0.519,
0.601,0.573,0.82,0.554,
0.594,0.548,0.866,0.531,
0.604,0.573,0.824,0.552,
0.642,0.615,0.858,0.603,
0.635,0.612,0.825,0.601,
0.598,0.569,0.822,0.536,
0.593,0.55,0.862,0.539,
0.595,0.567,0.811,0.55,
0.577,0.542,0.811,0.526,
0.611,0.585,0.814,0.572,
0.574,0.537,0.815,0.519,
0.578,0.544,0.809,0.535,
0.583,0.546,0.84,0.512,
0.59,0.556,0.817,0.532,
0.598,0.571,0.807,0.556,
0.605,0.569,0.82,0.558,
0.631,0.605,0.833,0.593,
0.581,0.542,0.82,0.525,
0.572,0.543,0.813,0.514,
0.579,0.54,0.853,0.523,
0.591,0.56,0.82,0.541,
0.651,0.616,0.951,0.578,
0.672,0.633,0.949,0.61,
0.587,0.546,0.818,0.543,
0.574,0.539,0.826,0.51,
0.626,0.599,0.833,0.579,
0.588,0.559,0.833,0.545,
0.594,0.561,0.814,0.525,
0.638,0.593,0.903,0.565,
0.619,0.593,0.821,0.573,
0.635,0.617,0.819,0.597,
0.606,0.583,0.81,0.556,
0.617,0.587,0.854,0.556,
0.608,0.581,0.816,0.573,
0.595,0.575,0.811,0.534,
0.637,0.614,0.838,0.595,
0.552,0.51,0.808,0.509,
0.624,0.599,0.814,0.587,
0.628,0.61,0.815,0.578,
0.565,0.522,0.838,0.51,
0.63,0.605,0.814,0.595,
0.638,0.598,0.904,0.589,
0.623,0.597,0.818,0.58,
0.61,0.581,0.837,0.55,
0.593,0.534,0.91,0.53,
0.637,0.61,0.835,0.604,
0.633,0.601,0.854,0.6,
0.633,0.577,0.948,0.575,
0.605,0.573,0.827,0.563,
0.59,0.558,0.818,0.536,
0.628,0.599,0.834,0.59,
0.629,0.595,0.87,0.58,
0.566,0.53,0.803,0.511,
0.561,0.511,0.832,0.505,
0.634,0.611,0.814,0.589,
0.59,0.561,0.817,0.546,
0.579,0.546,0.819,0.51,
0.621,0.601,0.861,0.542,
0.629,0.607,0.818,0.594,
0.588,0.573,0.815,0.503,
0.613,0.586,0.815,0.566,
0.607,0.584,0.805,0.559,
0.65,0.599,0.944,0.589,
0.613,0.588,0.813,0.574,
0.618,0.595,0.817,0.581,
0.584,0.554,0.808,0.543,
0.589,0.553,0.828,0.532,
0.643,0.619,0.836,0.607,
0.615,0.597,0.819,0.561,
0.593,0.574,0.858,0.521,
0.597,0.568,0.812,0.554,
0.573,0.534,0.796,0.528,
0.613,0.585,0.816,0.577,
0.633,0.607,0.827,0.591,
0.615,0.592,0.816,0.576,
0.647,0.603,0.95,0.585,
0.554,0.502,0.798,0.497,
0.609,0.573,0.819,0.566,
0.586,0.546,0.823,0.525,
0.592,0.562,0.817,0.537,
0.593,0.569,0.814,0.53,
0.657,0.631,0.849,0.618,
0.604,0.579,0.809,0.566,
0.609,0.577,0.824,0.569,
0.617,0.587,0.828,0.583,
0.61,0.577,0.813,0.57,
0.631,0.604,0.826,0.599,
0.598,0.566,0.819,0.553,
0.586,0.548,0.828,0.535,
0.593,0.569,0.818,0.532,
0.579,0.536,0.828,0.511,
0.617,0.573,0.87,0.568,
0.58,0.532,0.841,0.517,
0.634,0.607,0.836,0.599,
0.632,0.588,0.919,0.582,
0.652,0.621,0.947,0.588,
0.582,0.554,0.817,0.538,
0.604,0.571,0.825,0.566,
0.591,0.543,0.851,0.54,
0.587,0.538,0.836,0.526,
0.553,0.504,0.806,0.496,
0.557,0.512,0.813,0.478,
0.619,0.573,0.918,0.537,
0.599,0.567,0.845,0.532,
0.596,0.564,0.819,0.546,
0.59,0.562,0.825,0.537,
0.58,0.547,0.817,0.528,
0.547,0.499,0.817,0.493,
0.589,0.558,0.811,0.534,
0.637,0.613,0.858,0.576,
0.598,0.575,0.819,0.536,
0.641,0.619,0.833,0.593,
0.621,0.585,0.904,0.564,
0.607,0.581,0.81,0.574,
0.587,0.555,0.807,0.529,
0.611,0.579,0.818,0.576,
0.602,0.575,0.812,0.545,
0.625,0.597,0.836,0.592,
0.617,0.593,0.823,0.565,
0.584,0.556,0.828,0.535,
0.593,0.564,0.81,0.552,
0.616,0.591,0.833,0.572,
0.608,0.58,0.817,0.574,
0.637,0.59,0.937,0.572,
0.604,0.571,0.817,0.552,
0.639,0.585,0.915,0.581,
0.57,0.529,0.816,0.502,
0.614,0.591,0.812,0.566,
0.557,0.518,0.819,0.489,
0.587,0.559,0.828,0.515,
0.587,0.555,0.82,0.527,
0.618,0.574,0.902,0.564,
0.616,0.591,0.817,0.579,
0.586,0.545,0.832,0.54,
0.575,0.542,0.81,0.516,
0.647,0.605,0.932,0.603,
0.605,0.585,0.815,0.554,
0.628,0.6,0.836,0.592,
0.608,0.579,0.812,0.571,
0.645,0.618,0.858,0.609,
0.603,0.573,0.851,0.53,
0.629,0.605,0.828,0.588,
0.61,0.583,0.809,0.569,
0.599,0.566,0.827,0.56,
0.593,0.562,0.825,0.546,
0.588,0.557,0.823,0.527,
0.615,0.573,0.846,0.567,
0.658,0.625,0.912,0.613,
0.603,0.575,0.815,0.564,
0.616,0.575,0.892,0.565,
0.605,0.563,0.871,0.548,
0.618,0.596,0.811,0.577,
0.6,0.549,0.897,0.546,
0.602,0.565,0.844,0.546,
0.599,0.56,0.856,0.554,
0.593,0.567,0.806,0.545,
0.619,0.593,0.818,0.579,
0.655,0.617,0.951,0.595,
0.612,0.572,0.857,0.559,
0.619,0.596,0.83,0.564,
0.621,0.587,0.909,0.559,
0.599,0.561,0.854,0.535,
0.591,0.561,0.83,0.522,
0.579,0.544,0.84,0.529,
0.556,0.52,0.804,0.487,
0.582,0.548,0.805,0.528,
0.628,0.601,0.821,0.595,
0.631,0.579,0.952,0.571,
0.593,0.562,0.809,0.549,
0.65,0.621,0.87,0.612,
0.612,0.583,0.829,0.542,
0.56,0.52,0.818,0.497,
0.63,0.606,0.851,0.582,
0.581,0.552,0.822,0.508,
0.59,0.561,0.822,0.525,
0.592,0.54,0.892,0.539,
0.633,0.591,0.913,0.575,
0.609,0.583,0.813,0.572,
0.614,0.579,0.843,0.563,
0.641,0.606,0.94,0.585,
0.62,0.593,0.821,0.58,
0.586,0.552,0.816,0.53,
0.578,0.551,0.817,0.509,
0.616,0.593,0.82,0.578,
0.64,0.611,0.856,0.601,
0.604,0.56,0.885,0.546,
0.616,0.587,0.82,0.568,
0.609,0.582,0.813,0.567,
0.59,0.562,0.813,0.524,
0.63,0.602,0.858,0.584,
0.596,0.565,0.829,0.541,
0.562,0.528,0.816,0.501,
0.587,0.552,0.822,0.537,
0.63,0.605,0.827,0.595,
0.565,0.526,0.816,0.499,
0.62,0.589,0.836,0.575,
0.605,0.573,0.811,0.57,
0.657,0.618,0.95,0.588,
0.635,0.609,0.826,0.602,
0.618,0.591,0.819,0.582,
0.604,0.574,0.827,0.562,
0.608,0.554,0.905,0.549,
0.63,0.607,0.819,0.593,
0.625,0.581,0.913,0.57,
0.637,0.611,0.829,0.596,
0.641,0.597,0.892,0.596,
0.657,0.631,0.864,0.604,
0.588,0.55,0.821,0.54,
0.606,0.576,0.828,0.547,
0.609,0.571,0.856,0.558,
0.649,0.626,0.847,0.611,
0.635,0.607,0.843,0.588,
0.65,0.613,0.907,0.602,
0.613,0.588,0.817,0.574,
0.615,0.584,0.865,0.564,
0.599,0.569,0.806,0.567,
0.622,0.593,0.837,0.564,
0.609,0.581,0.814,0.567,
0.611,0.585,0.81,0.572,
0.633,0.605,0.835,0.597,
0.566,0.526,0.808,0.501,
0.569,0.518,0.833,0.5,
0.558,0.52,0.808,0.505,
0.61,0.585,0.813,0.567,
0.604,0.577,0.809,0.56,
0.58,0.544,0.837,0.527,
0.609,0.583,0.825,0.548,
0.622,0.598,0.814,0.585,
0.575,0.532,0.804,0.528,
0.629,0.601,0.834,0.589,
0.609,0.575,0.845,0.56,
0.599,0.563,0.841,0.543,
0.613,0.592,0.83,0.556,
0.617,0.591,0.821,0.58,
0.626,0.597,0.874,0.548,
0.604,0.565,0.852,0.544,
0.601,0.59,0.813,0.537,
0.635,0.612,0.835,0.591,
0.646,0.611,0.95,0.57,
0.598,0.567,0.807,0.566,
0.592,0.559,0.826,0.548,
0.623,0.599,0.818,0.589,
0.595,0.554,0.869,0.535,
0.614,0.583,0.838,0.574,
0.604,0.577,0.827,0.549,
0.639,0.619,0.83,0.594,
0.599,0.566,0.824,0.555,
0.541,0.511,0.793,0.457,
0.58,0.551,0.839,0.522,
0.601,0.575,0.808,0.556,
0.619,0.59,0.828,0.571,
0.582,0.548,0.812,0.531,
0.615,0.583,0.843,0.567,
0.581,0.549,0.808,0.528,
0.621,0.587,0.825,0.586,
0.578,0.537,0.823,0.522,
0.553,0.508,0.817,0.493,
0.592,0.561,0.831,0.524,
0.588,0.552,0.805,0.546,
0.6,0.568,0.816,0.548,
0.594,0.542,0.863,0.531,
0.573,0.54,0.803,0.519,
0.552,0.498,0.82,0.495,
0.577,0.536,0.834,0.527,
0.618,0.593,0.819,0.582,
0.645,0.619,0.844,0.608,
0.564,0.526,0.816,0.509,
0.613,0.588,0.822,0.575,
0.607,0.577,0.825,0.561,
0.591,0.572,0.84,0.504,
0.642,0.615,0.839,0.603,
0.625,0.601,0.828,0.586,
0.576,0.538,0.803,0.521,
0.595,0.561,0.813,0.542,
0.626,0.604,0.827,0.587,
0.608,0.582,0.816,0.57,
0.674,0.641,0.951,0.614,
0.607,0.567,0.862,0.556,
0.577,0.542,0.831,0.52,
0.635,0.6,0.873,0.588,
0.613,0.56,0.914,0.551,
0.586,0.53,0.868,0.527,
0.603,0.577,0.814,0.562,
0.577,0.54,0.811,0.529,
0.565,0.521,0.82,0.499,
0.595,0.561,0.824,0.553,
0.635,0.587,0.938,0.576,
0.622,0.577,0.921,0.555,
0.602,0.571,0.821,0.544,
0.551,0.508,0.816,0.493,
0.615,0.59,0.819,0.576,
0.593,0.565,0.828,0.538,
0.641,0.591,0.933,0.589,
0.613,0.585,0.825,0.568,
0.563,0.525,0.818,0.509,
0.597,0.567,0.834,0.543,
0.624,0.603,0.807,0.589,
0.583,0.552,0.815,0.532,
0.598,0.565,0.828,0.549,
0.594,0.571,0.841,0.51,
0.603,0.569,0.836,0.567,
0.616,0.589,0.829,0.583,
0.626,0.591,0.868,0.561,
0.628,0.597,0.84,0.591,
0.597,0.571,0.817,0.553,
0.596,0.542,0.858,0.537,
0.657,0.628,0.924,0.601,
0.62,0.589,0.823,0.585,
0.633,0.609,0.829,0.594,
0.567,0.532,0.811,0.516,
0.587,0.544,0.87,0.524,
0.562,0.511,0.842,0.507,
0.608,0.579,0.811,0.574,
0.58,0.546,0.819,0.524,
0.561,0.517,0.816,0.513,
0.634,0.611,0.825,0.602,
0.574,0.556,0.815,0.484,
0.636,0.615,0.829,0.599,
0.634,0.603,0.832,0.595,
0.591,0.558,0.807,0.546,
0.603,0.577,0.82,0.557,
0.604,0.575,0.829,0.562,
0.624,0.591,0.834,0.588,
0.589,0.558,0.83,0.543,
0.601,0.577,0.799,0.568,
0.625,0.599,0.827,0.588,
0.583,0.55,0.811,0.536,
0.614,0.583,0.824,0.581,
0.587,0.54,0.873,0.529,
0.575,0.542,0.819,0.525,
0.593,0.562,0.811,0.541,
0.621,0.595,0.828,0.568,
0.644,0.619,0.853,0.604,
0.632,0.6,0.864,0.575,
0.597,0.575,0.812,0.557,
0.606,0.561,0.891,0.555,
0.619,0.597,0.811,0.578,
0.601,0.567,0.853,0.557,
0.614,0.575,0.877,0.567,
0.645,0.595,0.944,0.589,
0.577,0.538,0.822,0.533,
0.613,0.583,0.82,0.575,
0.603,0.575,0.828,0.552,
0.637,0.617,0.824,0.59,
0.621,0.591,0.825,0.574,
0.563,0.526,0.806,0.504,
0.609,0.581,0.815,0.559,
0.598,0.575,0.82,0.544,
0.62,0.591,0.831,0.584,
0.599,0.552,0.876,0.55,
0.577,0.54,0.802,0.524,
0.591,0.56,0.828,0.549,
0.587,0.558,0.815,0.534,
0.576,0.543,0.816,0.518,
0.616,0.583,0.859,0.558,
0.621,0.593,0.824,0.581,
0.625,0.593,0.859,0.574,
0.538,0.485,0.804,0.468,
0.619,0.598,0.81,0.584,
0.594,0.564,0.807,0.555,
0.635,0.611,0.831,0.6,
0.631,0.601,0.848,0.57,
0.652,0.627,0.942,0.567,
0.625,0.58,0.932,0.555,
0.594,0.562,0.821,0.557,
0.63,0.606,0.82,0.587,
0.601,0.558,0.871,0.552,
0.659,0.623,0.955,0.596,
0.583,0.548,0.827,0.539,
0.613,0.579,0.82,0.578,
0.637,0.601,0.879,0.599,
0.59,0.556,0.803,0.544,
0.573,0.528,0.812,0.504,
0.575,0.539,0.809,0.516,
0.616,0.589,0.826,0.573,
0.608,0.575,0.846,0.552,
0.616,0.587,0.821,0.576,
0.607,0.563,0.903,0.539,
0.582,0.546,0.823,0.536,
0.607,0.581,0.811,0.569,
0.629,0.587,0.922,0.56,
0.63,0.603,0.83,0.588,
0.602,0.579,0.815,0.543,
0.637,0.607,0.851,0.598,
0.592,0.565,0.796,0.54,
0.604,0.567,0.878,0.556,
0.625,0.599,0.819,0.586,
0.581,0.551,0.82,0.509,
0.637,0.595,0.945,0.575,
0.614,0.589,0.812,0.577,
0.614,0.589,0.811,0.577,
0.622,0.587,0.846,0.566,
0.629,0.605,0.828,0.585,
0.642,0.615,0.848,0.601,
0.583,0.559,0.81,0.526,
0.617,0.564,0.947,0.553,
0.606,0.577,0.82,0.566,
0.597,0.556,0.862,0.546,
0.611,0.586,0.812,0.567,
0.622,0.592,0.835,0.587,
0.575,0.536,0.843,0.52,
0.599,0.548,0.894,0.535,
0.59,0.565,0.821,0.519,
0.591,0.552,0.873,0.53,
0.643,0.625,0.827,0.603,
0.583,0.55,0.807,0.528,
0.617,0.587,0.828,0.582,
0.627,0.601,0.823,0.594,
0.64,0.599,0.912,0.59,
0.595,0.548,0.862,0.534,
0.611,0.583,0.818,0.566,
0.624,0.599,0.818,0.592,
0.595,0.56,0.825,0.558,
0.646,0.612,0.889,0.61,
0.607,0.571,0.88,0.554,
0.573,0.537,0.821,0.516,
0.567,0.532,0.798,0.514,
0.605,0.575,0.846,0.56,
0.608,0.584,0.81,0.555,
0.602,0.566,0.844,0.543,
0.577,0.55,0.809,0.516,
0.585,0.556,0.813,0.534,
0.612,0.587,0.833,0.557,
0.625,0.601,0.837,0.581,
0.607,0.577,0.819,0.555,
0.603,0.573,0.81,0.566,
0.589,0.568,0.808,0.538,
0.678,0.647,0.948,0.63,
0.598,0.566,0.82,0.547,
0.601,0.579,0.837,0.535,
0.605,0.57,0.859,0.538,
0.632,0.58,0.949,0.576,
0.601,0.577,0.82,0.561,
0.652,0.625,0.855,0.618,
0.623,0.598,0.818,0.58,
0.595,0.566,0.813,0.55,
0.589,0.56,0.817,0.536,
0.629,0.587,0.932,0.576,
0.593,0.544,0.838,0.53,
0.616,0.59,0.816,0.578,
0.604,0.566,0.857,0.539,
0.594,0.563,0.799,0.562,
0.643,0.599,0.947,0.576,
0.644,0.597,0.942,0.594,
0.619,0.595,0.829,0.563,
0.62,0.596,0.82,0.582,
0.613,0.584,0.825,0.576,
0.56,0.526,0.804,0.497,
0.625,0.6,0.819,0.589,
0.595,0.554,0.836,0.551,
0.645,0.614,0.915,0.575,
0.592,0.567,0.824,0.538,
0.611,0.581,0.822,0.57,
0.622,0.597,0.821,0.577,
0.59,0.567,0.806,0.526,
0.63,0.595,0.863,0.583,
0.628,0.59,0.905,0.572,
0.628,0.603,0.825,0.594,
0.622,0.599,0.81,0.588,
0.593,0.575,0.823,0.52,
0.619,0.598,0.826,0.565,
0.62,0.595,0.822,0.585,
0.596,0.556,0.853,0.542,
0.597,0.565,0.808,0.547,
0.597,0.572,0.828,0.534,
0.622,0.595,0.835,0.583,
0.589,0.556,0.848,0.525,
0.606,0.567,0.86,0.56,
0.613,0.581,0.821,0.565,
0.555,0.502,0.832,0.499,
0.576,0.542,0.794,0.519,
0.583,0.538,0.838,0.518,
0.562,0.51,0.841,0.505,
0.632,0.61,0.824,0.586,
0.564,0.522,0.812,0.508,
0.596,0.566,0.822,0.541,
0.573,0.546,0.805,0.513,
0.594,0.545,0.903,0.538,
0.624,0.587,0.883,0.571,
0.6,0.573,0.825,0.549,
0.601,0.573,0.835,0.546,
0.583,0.55,0.819,0.515,
0.6,0.573,0.824,0.549,
0.636,0.601,0.859,0.593,
0.576,0.532,0.858,0.525,
0.605,0.572,0.828,0.555,
0.623,0.597,0.818,0.587,
0.593,0.555,0.831,0.546,
0.605,0.577,0.88,0.529,
0.601,0.573,0.81,0.554,
0.605,0.581,0.808,0.569,
0.587,0.544,0.827,0.53,
0.641,0.609,0.853,0.601,
0.625,0.584,0.884,0.553,
0.576,0.537,0.815,0.52,
0.652,0.604,0.954,0.589,
0.559,0.484,0.955,0.482,
0.544,0.484,0.949,0.459,
0.603,0.54,0.95,0.528,
0.596,0.56,0.951,0.523,
0.605,0.555,0.951,0.536,
0.594,0.539,0.954,0.529,
0.567,0.523,0.956,0.468,
0.621,0.579,0.947,0.549,
0.582,0.522,0.955,0.494,
0.585,0.532,0.956,0.501,
0.543,0.477,0.947,0.473,
0.617,0.565,0.952,0.544,
0.631,0.59,0.953,0.535,
0.556,0.507,0.95,0.482,
0.629,0.581,0.949,0.552,
0.647,0.601,0.95,0.573,
0.549,0.487,0.94,0.481,
0.58,0.516,0.952,0.51,
0.613,0.562,0.948,0.546,
0.575,0.517,0.947,0.494,
0.599,0.546,0.95,0.53,
0.661,0.633,0.952,0.58,
0.574,0.52,0.955,0.49,
0.588,0.543,0.95,0.505,
0.578,0.519,0.952,0.504,
0.61,0.575,0.952,0.534,
0.565,0.506,0.956,0.485,
0.552,0.483,0.954,0.466,
0.629,0.597,0.946,0.563,
0.571,0.51,0.953,0.497,
0.651,0.612,0.952,0.589,
0.556,0.484,0.953,0.48,
0.568,0.494,0.95,0.481,
0.556,0.495,0.951,0.465,
0.579,0.532,0.949,0.486,
0.571,0.51,0.942,0.483,
0.647,0.609,0.954,0.587,
0.576,0.522,0.951,0.507,
0.558,0.504,0.956,0.477,
0.568,0.507,0.95,0.496,
0.575,0.507,0.95,0.499,
0.599,0.565,0.952,0.501,
0.589,0.542,0.954,0.51,
0.64,0.601,0.951,0.57,
0.584,0.537,0.956,0.505,
0.626,0.583,0.953,0.564,
0.574,0.527,0.952,0.484,
0.614,0.579,0.948,0.535,
0.559,0.497,0.946,0.482,
0.622,0.579,0.951,0.55,
0.568,0.51,0.953,0.489,
0.585,0.536,0.954,0.503,
0.554,0.504,0.954,0.468,
0.65,0.613,0.951,0.588,
0.566,0.509,0.956,0.479,
0.6,0.554,0.949,0.536,
0.582,0.533,0.949,0.522,
0.554,0.485,0.947,0.475,
0.65,0.613,0.949,0.589,
0.585,0.538,0.95,0.505,
0.573,0.51,0.945,0.488,
0.595,0.536,0.955,0.519,
0.571,0.51,0.95,0.498,
0.577,0.529,0.947,0.489,
0.583,0.522,0.952,0.506,
0.656,0.613,0.951,0.6,
0.588,0.546,0.956,0.487,
0.667,0.639,0.952,0.609,
0.607,0.556,0.95,0.542,
0.572,0.514,0.948,0.496,
0.605,0.558,0.955,0.547,
0.593,0.544,0.952,0.515,
0.586,0.527,0.95,0.512,
0.579,0.518,0.954,0.501,
0.594,0.549,0.95,0.524,
0.671,0.643,0.952,0.612,
0.569,0.506,0.954,0.501,
0.584,0.526,0.948,0.511,
0.585,0.532,0.945,0.511,
0.604,0.556,0.949,0.538,
0.568,0.504,0.956,0.496,
0.569,0.508,0.954,0.499,
0.598,0.546,0.95,0.516,
0.576,0.525,0.951,0.497,
0.6,0.551,0.949,0.526,
0.558,0.498,0.947,0.475,
0.577,0.526,0.953,0.501,
0.613,0.566,0.95,0.557,
0.589,0.549,0.946,0.51,
0.587,0.534,0.954,0.519,
0.575,0.514,0.947,0.49,
0.571,0.512,0.949,0.491,
0.583,0.524,0.947,0.522,
0.661,0.629,0.95,0.61,
0.561,0.502,0.955,0.481,
0.619,0.579,0.95,0.534,
0.586,0.536,0.952,0.513,
0.604,0.539,0.95,0.531,
0.615,0.579,0.95,0.528,
0.598,0.55,0.952,0.513,
0.601,0.542,0.952,0.497,
0.581,0.528,0.95,0.516,
0.548,0.482,0.949,0.475,
0.569,0.51,0.95,0.496,
0.644,0.613,0.953,0.554,
0.606,0.552,0.953,0.536,
0.582,0.522,0.949,0.517,
0.591,0.546,0.951,0.492,
0.617,0.573,0.949,0.565,
0.568,0.516,0.946,0.506,
0.554,0.494,0.949,0.477,
0.552,0.502,0.946,0.466,
0.685,0.652,0.953,0.628,
0.597,0.544,0.95,0.521,
0.575,0.523,0.951,0.503,
0.593,0.552,0.953,0.498,
0.58,0.524,0.943,0.514,
0.577,0.516,0.95,0.483,
0.587,0.532,0.95,0.496,
0.622,0.587,0.954,0.536,
0.569,0.506,0.954,0.491,
0.678,0.644,0.949,0.619,
0.6,0.553,0.954,0.521,
0.565,0.513,0.953,0.495,
0.568,0.512,0.948,0.497,
0.563,0.509,0.951,0.484,
0.639,0.598,0.949,0.569,
0.554,0.487,0.947,0.472,
0.544,0.485,0.955,0.477,
0.555,0.506,0.949,0.462,
0.592,0.538,0.952,0.523,
0.585,0.537,0.952,0.516,
0.591,0.544,0.951,0.514,
0.594,0.542,0.947,0.526,
0.659,0.617,0.95,0.601,
0.568,0.516,0.953,0.496,
0.579,0.532,0.952,0.505,
0.586,0.527,0.954,0.522,
0.564,0.509,0.954,0.495,
0.604,0.55,0.956,0.536,
0.591,0.552,0.95,0.509,
0.605,0.546,0.952,0.533,
0.586,0.53,0.948,0.511,
0.632,0.597,0.95,0.545,
0.63,0.59,0.951,0.563,
0.606,0.556,0.943,0.553,
0.582,0.52,0.954,0.518,
0.653,0.613,0.953,0.592,
0.63,0.583,0.95,0.571,
0.574,0.518,0.95,0.5,
0.557,0.492,0.947,0.485,
0.557,0.502,0.944,0.492,
0.572,0.52,0.953,0.492,
0.603,0.554,0.947,0.52,
0.567,0.508,0.951,0.481,
0.613,0.565,0.955,0.544,
0.55,0.492,0.952,0.477,
0.657,0.627,0.949,0.6,
0.65,0.623,0.949,0.583,
0.578,0.525,0.951,0.489,
0.612,0.579,0.946,0.513,
0.604,0.564,0.951,0.532,
0.582,0.528,0.951,0.505,
0.603,0.553,0.945,0.551,
0.611,0.56,0.951,0.54,
0.583,0.53,0.949,0.498,
0.567,0.516,0.95,0.478,
0.569,0.508,0.949,0.503,
0.641,0.599,0.95,0.564,
0.579,0.521,0.951,0.491,
0.58,0.526,0.948,0.499,
0.603,0.561,0.953,0.537,
0.632,0.589,0.939,0.584,
0.598,0.547,0.949,0.517,
0.58,0.543,0.955,0.501,
0.584,0.523,0.954,0.494,
0.613,0.567,0.945,0.542,
0.618,0.577,0.953,0.527,
0.575,0.531,0.949,0.476,
0.541,0.467,0.947,0.46,
0.56,0.499,0.949,0.493,
0.629,0.587,0.95,0.568,
0.597,0.542,0.952,0.522,
0.612,0.573,0.949,0.541,
0.58,0.532,0.949,0.506,
0.577,0.526,0.947,0.5,
0.556,0.5,0.946,0.477,
0.583,0.53,0.949,0.507,
0.612,0.572,0.948,0.552,
0.577,0.526,0.953,0.505,
0.565,0.51,0.953,0.487,
0.611,0.571,0.955,0.528,
0.649,0.609,0.949,0.593,
0.568,0.507,0.948,0.481,
0.629,0.589,0.955,0.564,
0.568,0.511,0.946,0.496,
0.587,0.534,0.951,0.517,
0.645,0.609,0.954,0.576,
0.6,0.549,0.95,0.519,
0.587,0.55,0.954,0.485,
0.554,0.506,0.941,0.471,
0.588,0.542,0.956,0.518,
0.649,0.609,0.949,0.6,
0.592,0.535,0.95,0.515,
0.563,0.515,0.948,0.469,
0.581,0.526,0.949,0.508,
0.61,0.569,0.952,0.532,
0.609,0.567,0.947,0.529,
0.591,0.548,0.95,0.506,
0.564,0.508,0.95,0.472,
0.593,0.552,0.951,0.518,
0.589,0.534,0.949,0.507,
0.615,0.568,0.952,0.541,
0.548,0.483,0.955,0.465,
0.577,0.539,0.947,0.5,
0.615,0.581,0.953,0.529,
0.621,0.581,0.948,0.56,
0.554,0.482,0.952,0.476,
0.629,0.583,0.954,0.569,
0.584,0.536,0.952,0.485,
0.561,0.506,0.954,0.487,
0.591,0.538,0.946,0.519,
0.601,0.55,0.951,0.532,
0.597,0.56,0.95,0.512,
0.578,0.524,0.944,0.475,
0.641,0.609,0.952,0.577,
0.581,0.522,0.952,0.507,
0.572,0.51,0.952,0.497,
0.625,0.591,0.953,0.55,
0.596,0.546,0.954,0.517,
0.575,0.524,0.947,0.494,
0.629,0.595,0.951,0.547,
0.608,0.558,0.947,0.54,
0.566,0.51,0.946,0.493,
0.595,0.546,0.952,0.519,
0.624,0.581,0.953,0.554,
0.593,0.547,0.945,0.513,
0.551,0.491,0.944,0.477,
0.577,0.518,0.949,0.492,
0.575,0.524,0.947,0.504,
0.564,0.514,0.951,0.479,
0.609,0.556,0.948,0.553,
0.586,0.53,0.952,0.503,
0.611,0.556,0.947,0.554,
0.594,0.545,0.951,0.525,
0.58,0.522,0.948,0.516,
0.586,0.525,0.955,0.512,
0.611,0.567,0.954,0.533,
0.557,0.491,0.945,0.472,
0.627,0.582,0.952,0.564,
0.597,0.56,0.953,0.517,
0.588,0.532,0.955,0.513,
0.575,0.518,0.946,0.477,
0.597,0.544,0.946,0.513,
0.565,0.508,0.949,0.483,
0.566,0.506,0.952,0.5,
0.534,0.476,0.944,0.471,
0.596,0.55,0.95,0.526,
0.588,0.546,0.953,0.504,
0.604,0.555,0.946,0.52,
0.588,0.548,0.952,0.502,
0.605,0.554,0.949,0.531,
0.611,0.574,0.952,0.547,
0.584,0.53,0.957,0.504,
0.613,0.577,0.949,0.507,
0.585,0.53,0.945,0.529,
0.556,0.499,0.949,0.468,
0.62,0.581,0.949,0.56,
0.586,0.532,0.953,0.507,
0.599,0.564,0.956,0.498,
0.564,0.503,0.953,0.49,
0.611,0.57,0.946,0.534,
0.572,0.523,0.941,0.512,
0.564,0.508,0.95,0.481,
0.61,0.566,0.951,0.522,
0.646,0.614,0.952,0.571,
0.556,0.499,0.946,0.475,
0.573,0.517,0.949,0.501,
0.591,0.536,0.954,0.529,
0.572,0.504,0.952,0.494,
0.559,0.492,0.955,0.481,
0.554,0.483,0.951,0.472,
0.591,0.534,0.948,0.531,
0.586,0.536,0.951,0.513,
0.638,0.599,0.953,0.566,
0.562,0.496,0.947,0.484,
0.565,0.51,0.949,0.501,
0.599,0.553,0.951,0.537,
0.581,0.545,0.956,0.47,
0.592,0.532,0.952,0.528,
0.634,0.601,0.951,0.546,
0.641,0.601,0.948,0.587,
0.593,0.545,0.945,0.504,
0.547,0.484,0.951,0.476,
0.559,0.49,0.946,0.471,
0.568,0.499,0.949,0.479,
0.592,0.546,0.945,0.516,
0.569,0.514,0.948,0.472,
0.665,0.633,0.953,0.614,
0.599,0.556,0.95,0.518,
0.579,0.532,0.947,0.508,
0.628,0.597,0.948,0.542,
0.572,0.514,0.944,0.485,
0.617,0.569,0.948,0.555,
0.613,0.579,0.951,0.528,
0.573,0.526,0.951,0.498,
0.599,0.554,0.95,0.497,
0.579,0.532,0.951,0.497,
0.636,0.599,0.951,0.569,
0.596,0.547,0.947,0.523,
0.583,0.522,0.949,0.51,
0.567,0.523,0.945,0.473,
0.587,0.54,0.952,0.505,
0.591,0.536,0.951,0.505,
0.617,0.575,0.953,0.547,
0.571,0.52,0.95,0.481,
0.566,0.5,0.949,0.482,
0.641,0.602,0.951,0.57,
0.603,0.56,0.953,0.534,
0.583,0.522,0.95,0.519,
0.619,0.576,0.953,0.531,
0.553,0.494,0.951,0.478,
0.607,0.556,0.949,0.542,
0.57,0.52,0.945,0.482,
0.612,0.571,0.947,0.541,
0.598,0.553,0.952,0.532,
0.569,0.504,0.952,0.483,
0.574,0.516,0.947,0.499,
0.615,0.567,0.955,0.553,
0.607,0.574,0.95,0.53,
0.578,0.531,0.948,0.486,
0.623,0.575,0.948,0.563,
0.578,0.516,0.953,0.508,
0.603,0.539,0.952,0.507,
0.556,0.495,0.946,0.461,
0.59,0.534,0.946,0.522,
0.601,0.542,0.951,0.529,
0.605,0.558,0.955,0.537,
0.556,0.497,0.945,0.491,
0.585,0.525,0.948,0.518,
0.601,0.561,0.95,0.518,
0.6,0.555,0.946,0.518,
0.585,0.52,0.952,0.481,
0.603,0.567,0.945,0.501,
0.593,0.532,0.953,0.53,
0.615,0.568,0.954,0.546,
0.615,0.572,0.952,0.521,
0.621,0.583,0.949,0.54,
0.572,0.526,0.945,0.486,
0.564,0.493,0.945,0.482,
0.633,0.593,0.953,0.555,
0.569,0.526,0.941,0.489,
0.676,0.646,0.951,0.622,
0.582,0.534,0.955,0.48,
0.588,0.532,0.947,0.487,
0.594,0.551,0.948,0.506,
0.555,0.5,0.948,0.467,
0.583,0.524,0.95,0.495,
0.549,0.484,0.951,0.473,
0.588,0.532,0.95,0.505,
0.556,0.495,0.947,0.483,
0.583,0.526,0.953,0.499,
0.666,0.635,0.95,0.616,
0.594,0.544,0.95,0.525,
0.614,0.57,0.953,0.527,
0.566,0.502,0.947,0.498,
0.561,0.507,0.951,0.466,
0.562,0.505,0.947,0.475,
0.566,0.511,0.954,0.488,
0.597,0.552,0.949,0.521,
0.658,0.623,0.952,0.596,
0.652,0.617,0.95,0.589,
0.56,0.516,0.949,0.474,
0.569,0.512,0.953,0.494,
0.623,0.573,0.947,0.559,
0.577,0.521,0.952,0.494,
0.561,0.5,0.949,0.485,
0.582,0.534,0.949,0.518,
0.559,0.496,0.95,0.489,
0.606,0.562,0.953,0.516,
0.592,0.549,0.953,0.521,
0.57,0.508,0.947,0.492,
0.573,0.528,0.95,0.468,
0.619,0.59,0.828,0.581,
0.592,0.567,0.816,0.544,
0.584,0.559,0.806,0.517,
0.635,0.603,0.857,0.602,
0.606,0.575,0.81,0.572,
0.623,0.597,0.827,0.572,
0.641,0.607,0.902,0.588,
0.643,0.595,0.947,0.579,
0.6,0.576,0.852,0.522,
0.632,0.607,0.859,0.578,
0.634,0.593,0.949,0.568,
0.618,0.593,0.823,0.581,
0.611,0.588,0.813,0.577,
0.655,0.622,0.893,0.614,
0.62,0.595,0.826,0.586,
0.641,0.616,0.828,0.602,
0.596,0.551,0.856,0.534,
0.592,0.548,0.829,0.541,
0.589,0.562,0.81,0.539,
0.603,0.565,0.828,0.549,
0.607,0.577,0.826,0.554,
0.634,0.609,0.907,0.577,
0.626,0.591,0.87,0.582,
0.647,0.625,0.839,0.613,
0.625,0.603,0.813,0.579,
0.563,0.514,0.815,0.507,
0.628,0.608,0.812,0.591,
0.597,0.561,0.822,0.552,
0.608,0.567,0.886,0.539,
0.589,0.566,0.813,0.53,
0.597,0.577,0.825,0.541,
0.618,0.593,0.818,0.586,
0.578,0.53,0.952,0.498,
0.561,0.518,0.953,0.474,
0.606,0.575,0.816,0.573,
0.596,0.539,0.952,0.516,
0.551,0.478,0.946,0.471,
0.576,0.52,0.953,0.502,
0.62,0.575,0.95,0.547,
0.568,0.512,0.952,0.485,
0.581,0.53,0.955,0.513,
0.601,0.553,0.952,0.538,
0.662,0.624,0.953,0.615,
0.613,0.558,0.95,0.532,
0.609,0.552,0.955,0.541,
0.547,0.483,0.95,0.462,
0.601,0.545,0.951,0.542,
0.579,0.534,0.947,0.49,
0.563,0.528,0.815,0.498,
0.586,0.544,0.829,0.538,
0.611,0.584,0.817,0.567,
0.545,0.503,0.786,0.5,
0.624,0.599,0.834,0.587,
0.619,0.596,0.815,0.573,
0.607,0.563,0.888,0.542,
0.577,0.552,0.811,0.517,
0.616,0.585,0.841,0.576,
0.628,0.603,0.826,0.587,
0.607,0.562,0.878,0.541,
0.581,0.542,0.822,0.513,
0.657,0.619,0.904,0.612,
0.579,0.548,0.819,0.516,
0.562,0.515,0.815,0.508,
0.63,0.591,0.911,0.574,
0.605,0.562,0.951,0.527,
0.578,0.524,0.952,0.509,
0.56,0.508,0.952,0.484,
0.616,0.596,0.95,0.523,
0.642,0.603,0.951,0.575,
0.577,0.525,0.951,0.513,
0.589,0.545,0.95,0.504,
0.616,0.573,0.953,0.553,
0.624,0.589,0.95,0.517,
0.576,0.52,0.948,0.483,
0.58,0.522,0.955,0.511,
0.593,0.542,0.95,0.516,
0.558,0.495,0.948,0.475,
0.645,0.605,0.954,0.57,
0.647,0.615,0.951,0.584,
0.565,0.508,0.95,0.485,


0.96,0.964,1,0.892,
0.96,0.981,1,0.858,
0.939,0.956,0.984,0.854,
0.952,0.965,1,0.854,
0.919,0.915,0.989,0.867,
0.957,0.958,1,0.917,
0.95,0.968,1,0.849,
0.946,0.963,1,0.859,
0.928,0.946,0.976,0.855,
0.878,0.863,0.971,0.8,
0.957,0.974,1,0.855,
0.923,0.935,1,0.835,
0.952,0.959,1,0.883,
0.89,0.879,0.981,0.831,
0.945,0.952,1,0.854,
0.9,0.873,1,0.85,
0.945,0.947,1,0.87,
0.952,0.968,1,0.854,
0.92,0.917,1,0.846,
0.958,0.972,1,0.855,
0.966,0.978,1,0.908,
0.912,0.903,0.966,0.877,
0.93,0.935,1,0.875,
0.92,0.903,1,0.863,
0.942,0.944,1,0.863,
0.932,0.943,1,0.826,
0.919,0.912,1,0.867,
0.97,0.983,0.998,0.861,
0.97,0.985,1,0.853,
0.958,0.958,1,0.856,
0.954,0.968,1,0.867,
0.871,0.859,1,0.749,
0.85,0.867,1,0.71,
0.955,0.97,1,0.865,
0.932,0.954,1,0.827,
0.92,0.921,1,0.862,
0.866,0.865,0.95,0.819,
0.841,0.804,1,0.734,
0.903,0.891,0.99,0.856,
0.954,0.962,1,0.863,
0.944,0.941,1,0.889,
0.95,0.974,1,0.859,
0.945,0.938,1,0.911,
0.941,0.946,1,0.87,
0.957,0.961,1,0.892,
0.959,0.965,1,0.866,
0.924,0.923,1,0.86,
0.958,0.971,0.988,0.903,
0.932,0.939,0.994,0.85,
0.918,0.929,1,0.852,
0.951,0.971,1,0.856,
0.918,0.919,1,0.849,
0.947,0.966,1,0.853,
0.962,0.97,1,0.888,
0.951,0.969,1,0.861,
0.924,0.934,1,0.847,
0.945,0.954,1,0.865,
0.949,0.952,1,0.877,
0.935,0.958,0.993,0.829,
0.94,0.951,1,0.856,
0.857,0.865,0.941,0.75,
0.913,0.914,1,0.861,
0.895,0.889,1,0.742,
0.922,0.927,1,0.821,
0.927,0.927,1,0.858,
0.935,0.948,0.999,0.861,
0.936,0.944,1,0.865,
0.931,0.929,1,0.846,
0.941,0.952,1,0.856,
0.948,0.947,1,0.837,
0.948,0.944,1,0.863,
0.948,0.952,1,0.862,
0.956,0.984,1,0.852,
0.914,0.92,1,0.83,
0.96,0.974,1,0.857,
0.934,0.944,1,0.853,
0.953,0.958,1,0.882,
0.914,0.921,1,0.821,
0.936,0.945,1,0.855,
0.962,0.974,1,0.855,
0.919,0.919,1,0.847,
0.958,0.975,1,0.856,
0.965,0.964,1,0.947,
0.964,0.974,1,0.856,
0.955,0.956,1,0.876,
0.917,0.907,0.96,0.876,
0.943,0.942,1,0.876,
0.94,0.944,1,0.89,
0.807,0.774,1,0.729,
0.969,0.993,1,0.864,
0.971,0.989,1,0.856,
0.919,0.923,0.97,0.856,
0.961,0.964,1,0.91,
0.915,0.911,1,0.843,
0.941,0.952,1,0.864,
0.961,0.978,1,0.856,
0.955,0.965,1,0.858,
0.94,0.943,1,0.862,
0.933,0.928,1,0.882,
0.939,0.936,1,0.865,
0.922,0.929,1,0.835,
0.946,0.946,1,0.855,
0.952,0.96,1,0.842,
0.918,0.911,1,0.82,
0.916,0.906,1,0.854,
0.964,0.98,1,0.861,
0.91,0.917,1,0.817,
0.939,0.93,1,0.87,
0.972,0.986,1,0.883,
0.935,0.932,0.997,0.862,
0.938,0.933,1,0.879,
0.884,0.885,0.911,0.845,
0.892,0.891,1,0.838,
0.964,0.97,1,0.855,
0.967,0.983,1,0.868,
0.935,0.942,1,0.86,
0.952,0.943,1,0.93,
0.923,0.924,1,0.839,
0.957,0.981,1,0.861,
0.929,0.935,1,0.865,
0.959,0.962,1,0.862,
0.958,0.978,1,0.855,
0.973,0.982,1,0.889,
0.956,0.977,1,0.849,
0.952,0.957,1,0.864,
0.941,0.949,0.996,0.873,
0.94,0.949,1,0.854,
0.956,0.954,1,0.866,
0.973,0.992,1,0.86,
0.926,0.93,1,0.868,
0.932,0.924,1,0.855,
0.954,0.966,1,0.868,
0.933,0.941,1,0.825,
0.928,0.927,0.98,0.883,
0.948,0.956,1,0.879,
0.936,0.93,1,0.903,
0.919,0.905,1,0.855,
0.942,0.959,1,0.857,
0.947,0.96,1,0.849,
0.932,0.925,1,0.877,
0.933,0.935,1,0.874,
0.853,0.833,1,0.777,
0.883,0.875,0.915,0.852,
0.955,0.951,1,0.923,
0.904,0.91,0.969,0.829,
0.964,0.987,1,0.856,
0.956,0.966,1,0.87,
0.946,0.956,1,0.863,
0.927,0.927,0.998,0.841,
0.927,0.917,1,0.851,
0.933,0.921,1,0.894,
0.947,0.96,1,0.864,
0.941,0.947,1,0.882,
0.896,0.893,1,0.803,
0.932,0.934,1,0.852,
0.932,0.94,1,0.847,
0.959,0.97,0.998,0.861,
0.963,0.976,1,0.852,
0.944,0.958,1,0.875,
0.955,0.966,1,0.866,
0.929,0.922,1,0.862,
0.933,0.918,1,0.851,
0.912,0.891,1,0.843,
0.929,0.929,0.966,0.861,
0.919,0.947,1,0.81,
0.95,0.973,1,0.856,
0.907,0.922,1,0.787,
0.953,0.978,1,0.859,
0.947,0.966,1,0.849,
0.941,0.954,1,0.866,
0.946,0.942,1,0.875,
0.936,0.931,1,0.861,
0.898,0.923,1,0.798,
0.956,0.97,1,0.859,
0.93,0.933,0.99,0.873,
0.913,0.918,0.955,0.848,
0.911,0.903,0.984,0.846,
0.954,0.974,1,0.854,
0.943,0.946,1,0.878,
0.957,0.977,1,0.856,
0.925,0.935,1,0.843,
0.943,0.937,1,0.884,
0.954,0.967,1,0.864,
0.91,0.908,1,0.847,
0.954,0.964,1,0.869,
0.906,0.891,1,0.854,
0.948,0.946,1,0.865,
0.89,0.884,1,0.824,
0.948,0.952,0.992,0.904,
0.904,0.899,0.951,0.851,
0.91,0.927,0.967,0.771,
0.878,0.883,0.966,0.803,
0.931,0.921,1,0.849,
0.9,0.913,1,0.758,
0.906,0.898,1,0.862,
0.935,0.922,1,0.894,
0.936,0.929,1,0.849,
0.955,0.964,1,0.854,
0.836,0.804,1,0.764,
0.909,0.907,0.976,0.824,
0.975,0.985,1,0.871,
0.933,0.93,1,0.858,
0.958,0.952,1,0.901,
0.919,0.912,1,0.828,
0.851,0.849,0.914,0.781,
0.894,0.883,1,0.843,
0.955,0.971,1,0.845,
0.964,0.992,1,0.861,
0.889,0.881,1,0.776,
0.94,0.946,1,0.85,
0.947,0.951,0.983,0.893,
0.956,0.96,1,0.873,
0.96,0.978,1,0.862,
0.921,0.922,0.954,0.891,
0.943,0.933,0.999,0.864,
0.942,0.966,1,0.856,
0.931,0.924,1,0.87,
0.957,0.964,1,0.904,
0.965,0.979,1,0.855,
0.929,0.927,1,0.888,
0.842,0.798,1,0.738,
0.956,0.966,1,0.864,
0.961,0.973,1,0.862,
0.941,0.954,1,0.862,
0.962,0.97,1,0.864,
0.915,0.906,1,0.877,
0.897,0.924,0.966,0.767,
0.97,0.988,0.992,0.861,
0.96,0.968,1,0.853,
0.961,0.977,1,0.858,
0.971,0.98,1,0.901,
0.955,0.97,1,0.874,
0.939,0.954,1,0.853,
0.938,0.94,0.997,0.866,
0.963,0.977,1,0.872,
0.949,0.981,1,0.857,
0.968,0.981,1,0.883,
0.946,0.958,1,0.855,
0.864,0.849,1,0.814,
0.959,0.966,1,0.868,
0.95,0.961,1,0.863,
0.911,0.915,1,0.822,
0.827,0.81,1,0.71,
0.967,0.98,1,0.858,
0.914,0.915,1,0.846,
0.941,0.927,1,0.872,
0.945,0.943,1,0.885,
0.917,0.921,0.925,0.884,
0.945,0.962,0.992,0.866,
0.945,0.956,1,0.87,
0.909,0.903,1,0.839,
0.95,0.95,1,0.889,
0.953,0.966,1,0.883,
0.932,0.922,1,0.884,
0.959,0.984,1,0.859,
0.91,0.911,0.952,0.865,
0.926,0.928,1,0.844,
0.956,0.956,1,0.877,
0.945,0.954,1,0.855,
0.947,0.954,1,0.852,
0.944,0.948,1,0.876,
0.946,0.96,1,0.849,
0.944,0.948,1,0.874,
0.911,0.901,1,0.839,
0.93,0.936,1,0.855,
0.921,0.917,1,0.846,
0.941,0.964,1,0.831,
0.937,0.939,1,0.863,
0.951,0.959,1,0.858,
0.952,0.966,1,0.844,
0.955,0.972,1,0.875,
0.968,0.992,1,0.883,
0.949,0.956,0.997,0.883,
0.918,0.948,1,0.807,
0.943,0.95,0.998,0.862,
0.919,0.923,1,0.81,
0.935,0.942,1,0.866,
0.96,0.974,1,0.851,
0.955,0.96,1,0.876,
0.881,0.881,1,0.783,
0.925,0.933,1,0.845,
0.938,0.942,0.982,0.864,
0.957,0.98,1,0.857,
0.933,0.931,1,0.873,
0.903,0.903,0.949,0.866,
0.933,0.938,0.982,0.868,
0.956,0.962,1,0.874,
0.96,0.979,1,0.87,
0.887,0.862,1,0.811,
0.929,0.931,1,0.859,
0.959,0.982,1,0.85,
0.937,0.947,1,0.874,
0.929,0.931,1,0.864,
0.943,0.938,1,0.89,
0.952,0.968,1,0.851,
0.949,0.954,1,0.865,
0.953,0.97,1,0.865,
0.914,0.911,1,0.858,
0.869,0.875,1,0.76,
0.929,0.927,1,0.855,
0.95,0.956,1,0.858,
0.944,0.945,1,0.903,
0.93,0.929,1,0.846,
0.829,0.832,1,0.705,
0.889,0.914,0.984,0.679,
0.927,0.926,0.984,0.858,
0.959,0.96,1,0.89,
0.962,0.982,1,0.855,
0.945,0.962,0.983,0.861,
0.934,0.927,1,0.87,
0.935,0.927,1,0.883,
0.947,0.952,1,0.885,
0.946,0.951,1,0.869,
0.907,0.891,0.964,0.841,
0.941,0.95,1,0.855,
0.954,0.972,0.996,0.871,
0.943,0.952,0.997,0.854,
0.859,0.843,1,0.821,
0.952,0.953,1,0.894,
0.873,0.871,0.937,0.807,
0.899,0.889,1,0.831,
0.943,0.954,1,0.834,
0.921,0.92,0.98,0.848,
0.953,0.962,1,0.857,
0.944,0.956,1,0.851,
0.922,0.931,1,0.861,
0.957,0.973,1,0.865,
0.807,0.772,1,0.718,
0.843,0.81,0.994,0.77,
0.948,0.958,1,0.865,
0.868,0.862,1,0.712,
0.973,0.993,1,0.861,
0.956,0.962,1,0.871,
0.937,0.932,0.987,0.879,
0.947,0.944,1,0.869,
0.923,0.928,1,0.824,
0.938,0.954,1,0.866,
0.955,0.969,1,0.847,
0.907,0.89,1,0.858,
0.965,0.975,1,0.869,
0.958,0.968,1,0.888,
0.882,0.875,1,0.837,
0.956,0.971,0.997,0.869,
0.929,0.931,0.96,0.907,
0.952,0.958,1,0.885,
0.93,0.933,0.969,0.86,
0.942,0.931,1,0.893,
0.92,0.901,0.987,0.884,
0.962,0.971,1,0.867,
0.965,0.976,1,0.872,
0.916,0.915,1,0.85,
0.901,0.903,1,0.795,
0.9,0.885,0.952,0.838,
0.958,0.974,1,0.85,
0.942,0.955,1,0.86,
0.923,0.925,0.996,0.856,
0.961,0.965,1,0.87,
0.912,0.889,1,0.834,
0.963,0.971,1,0.872,
0.957,0.966,1,0.875,
0.934,0.946,0.966,0.852,
0.935,0.922,1,0.863,
0.965,0.98,1,0.869,
0.959,0.964,1,0.875,
0.918,0.907,1,0.856,
0.921,0.913,1,0.845,
0.948,0.956,1,0.871,
0.946,0.962,1,0.852,
0.937,0.939,1,0.868,
0.932,0.938,1,0.816,
0.963,0.976,1,0.861,
0.952,0.972,1,0.855,
0.967,0.98,1,0.873,
0.96,0.962,1,0.899,
0.968,0.974,1,0.907,
0.954,0.979,1,0.849,
0.823,0.799,0.949,0.743,
0.962,0.979,1,0.851,
0.914,0.902,1,0.872,
0.949,0.952,1,0.886,
0.911,0.938,1,0.788,
0.906,0.895,0.989,0.839,
0.951,0.956,1,0.862,
0.936,0.939,0.989,0.874,
0.962,0.98,1,0.867,
0.935,0.928,1,0.867,
0.939,0.964,1,0.845,
0.956,0.967,1,0.855,
0.952,0.956,1,0.86,
0.928,0.922,1,0.874,
0.935,0.933,1,0.861,
0.947,0.968,1,0.844,
0.93,0.94,1,0.818,
0.927,0.917,1,0.859,
0.971,0.994,1,0.856,
0.902,0.907,0.956,0.824,
0.968,0.991,1,0.868,
0.942,0.95,0.976,0.903,
0.925,0.913,1,0.849,
0.955,0.973,1,0.85,
0.939,0.949,1,0.847,
0.949,0.954,1,0.875,
0.958,0.962,0.996,0.895,
0.913,0.94,1,0.791,
0.782,0.763,1,0.7,
0.946,0.96,1,0.861,
0.973,0.99,1,0.863,
0.876,0.873,0.938,0.781,
0.902,0.882,1,0.858,
0.913,0.919,0.959,0.847,
0.932,0.931,1,0.86,
0.913,0.932,1,0.813,
0.941,0.941,1,0.849,
0.953,0.962,1,0.855,
0.916,0.911,1,0.823,
0.96,0.978,1,0.869,
0.945,0.941,1,0.889,
0.897,0.904,0.914,0.859,
0.93,0.934,1,0.859,
0.945,0.957,1,0.863,
0.954,0.97,0.995,0.854,
0.935,0.929,1,0.884,
0.938,0.942,1,0.876,
0.969,0.983,1,0.858,
0.952,0.955,1,0.894,
0.947,0.952,1,0.832,
0.924,0.919,1,0.875,
0.959,0.972,1,0.862,
0.945,0.934,1,0.864,
0.833,0.832,1,0.776,
0.957,0.976,1,0.847,
0.963,0.977,1,0.85,
0.942,0.942,1,0.891,
0.952,0.962,1,0.87,
0.948,0.951,1,0.892,
0.963,0.973,1,0.847,
0.79,0.752,1,0.75,
0.954,0.974,1,0.856,
0.927,0.93,1,0.846,
0.947,0.952,1,0.854,
0.931,0.921,1,0.883,
0.912,0.904,1,0.869,
0.88,0.865,1,0.778,
0.932,0.954,1,0.854,
0.815,0.811,0.918,0.757,
0.93,0.937,1,0.874,
0.93,0.928,1,0.845,
0.962,0.976,1,0.868,
0.958,0.973,1,0.867,
0.936,0.946,0.973,0.868,
0.943,0.942,1,0.907,
0.956,0.966,1,0.856,
0.953,0.957,1,0.861,
0.93,0.931,1,0.867,
0.917,0.919,1,0.829,
0.908,0.922,1,0.793,
0.956,0.971,1,0.863,
0.933,0.936,1,0.839,
0.921,0.911,0.996,0.844,
0.954,0.962,1,0.852,
0.939,0.938,0.979,0.886,
0.96,0.969,1,0.853,
0.914,0.905,1,0.855,
0.955,0.963,1,0.874,
0.955,0.954,1,0.875,
0.963,0.966,1,0.858,
0.923,0.923,0.976,0.849,
0.886,0.9,1,0.765,
0.943,0.944,1,0.878,
0.952,0.969,1,0.858,
0.945,0.95,1,0.873,
0.921,0.903,0.978,0.893,
0.908,0.901,1,0.847,
0.924,0.927,0.977,0.864,
0.937,0.927,0.994,0.897,
0.941,0.936,1,0.862,
0.944,0.949,0.986,0.853,
0.967,0.99,1,0.853,
0.84,0.833,0.986,0.737,
0.906,0.899,0.968,0.856,
0.926,0.923,1,0.857,
0.945,0.966,1,0.854,
0.927,0.921,1,0.839,
0.842,0.815,1,0.784,
0.831,0.816,0.987,0.75,
0.954,0.97,1,0.869,
0.947,0.964,1,0.862,
0.876,0.861,0.973,0.793,
0.952,0.965,1,0.843,
0.949,0.962,1,0.857,
0.893,0.895,0.996,0.829,
0.953,0.966,1,0.882,
0.9,0.893,1,0.839,
0.962,0.986,1,0.862,
0.949,0.959,1,0.865,
0.964,0.986,1,0.845,
0.929,0.918,1,0.833,
0.951,0.938,1,0.914,
0.927,0.944,1,0.869,
0.959,0.971,1,0.848,
0.886,0.869,1,0.855,
0.949,0.957,0.981,0.868,
0.937,0.933,1,0.863,
0.923,0.907,1,0.884,
0.92,0.929,1,0.839,
0.952,0.972,1,0.859,
0.936,0.93,1,0.875,
0.931,0.929,1,0.882,
0.929,0.933,1,0.849,
0.92,0.921,1,0.855,
0.92,0.905,1,0.876,
0.91,0.931,0.962,0.813,
0.951,0.953,1,0.886,
0.9,0.889,1,0.838,
0.937,0.949,1,0.869,
0.914,0.909,1,0.852,
0.919,0.915,0.999,0.861,
0.928,0.936,1,0.849,
0.844,0.833,0.951,0.779,
0.931,0.929,0.98,0.882,
0.92,0.915,1,0.838,
0.903,0.901,0.982,0.828,
0.95,0.956,1,0.862,
0.964,0.988,1,0.865,
0.962,0.958,1,0.908,
0.898,0.897,1,0.808,
0.958,0.974,1,0.874,
0.949,0.966,1,0.862,
0.931,0.936,0.992,0.867,
0.86,0.853,0.95,0.801,
0.948,0.954,0.995,0.851,
0.956,0.964,1,0.845,
0.935,0.928,1,0.87,
0.954,0.953,1,0.895,
0.939,0.938,0.967,0.922,
0.914,0.904,1,0.861,
0.873,0.863,1,0.822,
0.722,0.675,1,0.627,
0.684,0.641,1,0.585,
0.767,0.748,0.994,0.681,
0.825,0.817,1,0.746,
0.816,0.792,1,0.765,
0.747,0.707,1,0.687,
0.695,0.641,1,0.61,
0.73,0.698,0.997,0.667,
0.741,0.673,1,0.655,
0.791,0.764,1,0.722,
0.666,0.606,1,0.597,
0.772,0.746,1,0.698,
0.856,0.846,1,0.809,
0.739,0.712,1,0.673,
0.806,0.78,0.996,0.74,
0.835,0.815,1,0.793,
0.67,0.621,1,0.602,
0.725,0.69,0.997,0.635,
0.803,0.77,1,0.759,
0.762,0.732,1,0.68,
0.758,0.716,1,0.681,
0.868,0.855,0.997,0.822,
0.699,0.642,1,0.63,
0.771,0.752,1,0.699,
0.761,0.739,1,0.673,
0.788,0.763,0.996,0.745,
0.694,0.63,1,0.613,
0.702,0.659,1,0.585,
0.822,0.804,0.998,0.773,
0.704,0.66,1,0.612,
0.855,0.831,1,0.821,
0.714,0.668,1,0.626,
0.754,0.716,1,0.687,
0.743,0.706,1,0.661,
0.73,0.681,1,0.625,
0.667,0.616,1,0.608,
0.814,0.788,0.997,0.771,
0.764,0.732,1,0.688,
0.752,0.72,1,0.671,
0.729,0.691,1,0.652,
0.761,0.726,1,0.69,
0.77,0.747,1,0.691,
0.787,0.754,1,0.735,
0.856,0.844,0.999,0.819,
0.73,0.7,1,0.643,
0.816,0.798,1,0.769,
0.777,0.75,1,0.724,
0.795,0.783,1,0.705,
0.7,0.647,1,0.644,
0.864,0.849,0.998,0.828,
0.669,0.601,0.998,0.546,
0.776,0.742,1,0.706,
0.733,0.716,0.999,0.621,
0.864,0.851,1,0.822,
0.671,0.609,1,0.598,
0.787,0.767,1,0.728,
0.744,0.718,0.998,0.659,
0.75,0.734,1,0.655,
0.875,0.871,0.998,0.818,
0.771,0.74,1,0.704,
0.74,0.68,1,0.646,
0.787,0.762,0.995,0.71,
0.716,0.667,1,0.656,
0.791,0.782,1,0.696,
0.705,0.645,1,0.603,
0.86,0.847,1,0.814,
0.798,0.778,1,0.733,
0.855,0.843,0.998,0.818,
0.821,0.801,0.998,0.791,
0.775,0.754,1,0.72,
0.797,0.77,1,0.749,
0.754,0.736,0.997,0.652,
0.75,0.726,1,0.63,
0.711,0.661,1,0.597,
0.757,0.738,1,0.673,
0.826,0.81,0.998,0.784,
0.744,0.692,1,0.673,
0.746,0.694,1,0.669,
0.731,0.665,1,0.657,
0.8,0.793,1,0.712,
0.698,0.647,1,0.622,
0.694,0.645,1,0.62,
0.792,0.762,0.998,0.723,
0.729,0.708,1,0.647,
0.792,0.764,1,0.744,
0.696,0.669,1,0.574,
0.775,0.744,1,0.714,
0.766,0.744,1,0.688,
0.744,0.708,1,0.66,
0.747,0.71,1,0.664,
0.713,0.669,1,0.608,
0.791,0.763,0.993,0.75,
0.735,0.671,1,0.667,
0.845,0.831,1,0.796,
0.697,0.642,1,0.611,
0.786,0.757,0.999,0.755,
0.751,0.722,1,0.675,
0.724,0.68,1,0.665,
0.827,0.81,1,0.787,
0.763,0.742,0.998,0.67,
0.806,0.784,0.995,0.708,
0.742,0.701,1,0.674,
0.687,0.637,1,0.603,
0.761,0.727,0.997,0.715,
0.834,0.814,0.999,0.778,
0.805,0.776,1,0.73,
0.768,0.751,1,0.689,
0.791,0.774,1,0.706,
0.774,0.741,1,0.726,
0.683,0.63,1,0.597,
0.745,0.716,1,0.658,
0.739,0.71,1,0.678,
0.887,0.887,0.999,0.85,
0.765,0.732,1,0.711,
0.699,0.656,0.996,0.618,
0.812,0.802,1,0.747,
0.725,0.688,1,0.678,
0.753,0.722,1,0.671,
0.742,0.689,1,0.663,
0.82,0.801,1,0.74,
0.713,0.673,1,0.639,
0.889,0.877,1,0.843,
0.747,0.718,1,0.668,
0.712,0.669,1,0.64,
0.754,0.721,1,0.693,
0.772,0.742,0.996,0.729,
0.831,0.816,1,0.775,
0.703,0.659,1,0.606,
0.682,0.634,1,0.598,
0.762,0.74,1,0.694,
0.761,0.709,0.999,0.679,
0.708,0.665,1,0.593,
0.82,0.798,0.995,0.774,
0.751,0.722,1,0.677,
0.868,0.847,1,0.815,
0.71,0.673,1,0.597,
0.78,0.761,0.999,0.708,
0.723,0.685,0.998,0.657,
0.694,0.655,1,0.602,
0.831,0.827,1,0.752,
0.772,0.758,0.996,0.672,
0.788,0.759,1,0.758,
0.755,0.73,1,0.677,
0.861,0.849,1,0.828,
0.823,0.805,1,0.774,
0.7,0.651,1,0.645,
0.749,0.712,1,0.661,
0.866,0.849,0.996,0.827,
0.866,0.856,1,0.81,
0.693,0.642,1,0.604,
0.73,0.69,1,0.64,
0.701,0.637,1,0.607,
0.707,0.651,1,0.62,
0.786,0.762,1,0.744,
0.754,0.72,1,0.666,
0.758,0.723,1,0.677,
0.703,0.688,0.998,0.592,
0.859,0.847,1,0.802,
0.845,0.829,1,0.799,
0.699,0.647,0.997,0.605,
0.798,0.78,1,0.741,
0.773,0.748,1,0.714,
0.728,0.689,1,0.645,
0.73,0.691,1,0.662,
0.817,0.79,0.996,0.777,
0.808,0.787,1,0.713,
0.716,0.676,1,0.646,
0.71,0.669,1,0.629,
0.872,0.865,0.998,0.825,
0.778,0.756,1,0.678,
0.767,0.738,1,0.701,
0.754,0.737,0.999,0.681,
0.763,0.7,1,0.679,
0.764,0.731,1,0.681,
0.695,0.66,1,0.605,
0.769,0.744,1,0.696,
0.838,0.823,1,0.789,
0.829,0.812,1,0.776,
0.781,0.77,0.999,0.672,
0.721,0.692,1,0.628,
0.678,0.635,1,0.588,
0.8,0.77,0.999,0.706,
0.771,0.772,1,0.653,
0.754,0.726,1,0.685,
0.737,0.715,1,0.634,
0.741,0.693,0.996,0.663,
0.732,0.707,1,0.661,
0.739,0.712,1,0.63,
0.797,0.774,1,0.72,
0.729,0.689,1,0.661,
0.723,0.679,1,0.646,
0.779,0.751,1,0.712,
0.836,0.824,1,0.797,
0.768,0.744,1,0.691,
0.833,0.825,0.998,0.774,
0.733,0.706,1,0.64,
0.776,0.76,0.998,0.701,
0.844,0.826,1,0.775,
0.775,0.762,0.998,0.692,
0.704,0.665,1,0.649,
0.723,0.679,1,0.659,
0.779,0.756,0.998,0.735,
0.815,0.794,0.999,0.773,
0.755,0.724,0.999,0.622,
0.72,0.695,1,0.615,
0.713,0.671,0.999,0.627,
0.825,0.807,1,0.771,
0.802,0.78,1,0.743,
0.796,0.774,0.999,0.726,
0.742,0.694,1,0.641,
0.745,0.709,1,0.682,
0.787,0.772,1,0.738,
0.787,0.758,1,0.704,
0.71,0.656,1,0.607,
0.75,0.732,0.998,0.686,
0.78,0.756,0.999,0.707,
0.798,0.778,0.998,0.735,
0.723,0.671,1,0.623,
0.753,0.722,1,0.683,
0.726,0.669,1,0.629,
0.712,0.667,1,0.628,
0.804,0.788,1,0.726,
0.817,0.806,1,0.742,
0.763,0.726,0.997,0.691,
0.781,0.746,0.995,0.702,
0.843,0.836,1,0.767,
0.748,0.722,0.997,0.681,
0.709,0.675,1,0.591,
0.824,0.802,1,0.767,
0.734,0.703,1,0.613,
0.755,0.732,1,0.647,
0.845,0.832,0.998,0.787,
0.802,0.774,1,0.746,
0.722,0.706,1,0.592,
0.803,0.78,1,0.738,
0.821,0.808,0.997,0.766,
0.763,0.722,1,0.691,
0.751,0.702,1,0.682,
0.745,0.705,1,0.666,
0.708,0.665,1,0.613,
0.714,0.667,1,0.649,
0.728,0.69,1,0.663,
0.723,0.666,1,0.641,
0.759,0.702,1,0.673,
0.795,0.78,1,0.724,
0.726,0.679,1,0.67,
0.749,0.715,1,0.606,
0.785,0.77,0.999,0.712,
0.74,0.691,1,0.644,
0.807,0.786,0.995,0.735,
0.736,0.692,1,0.665,
0.743,0.715,1,0.665,
0.778,0.76,1,0.712,
0.816,0.794,1,0.729,
0.692,0.651,1,0.613,
0.725,0.69,1,0.646,
0.706,0.667,1,0.654,
0.768,0.734,1,0.717,
0.759,0.728,0.997,0.698,
0.753,0.718,0.994,0.65,
0.739,0.697,1,0.65,
0.79,0.755,0.998,0.723,
0.801,0.788,0.997,0.739,
0.772,0.738,1,0.734,
0.825,0.807,1,0.776,
0.734,0.694,1,0.646,
0.768,0.746,1,0.703,
0.825,0.806,1,0.764,
0.709,0.676,0.998,0.618,
0.771,0.743,1,0.705,
0.699,0.634,1,0.606,
0.801,0.798,0.996,0.719,
0.697,0.645,1,0.641,
0.705,0.657,1,0.613,
0.792,0.764,0.999,0.69,
0.854,0.841,1,0.818,
0.714,0.667,1,0.636,
0.699,0.666,1,0.578,
0.712,0.659,1,0.637,
0.763,0.714,0.999,0.693,
0.757,0.726,1,0.676,
0.665,0.614,0.999,0.531,
0.718,0.677,1,0.666,
0.738,0.706,1,0.671,
0.865,0.857,1,0.813,
0.749,0.701,1,0.698,
0.694,0.662,0.999,0.622,
0.745,0.712,0.999,0.666,
0.773,0.747,1,0.709,
0.756,0.714,1,0.674,
0.853,0.839,0.996,0.816,
0.815,0.788,1,0.759,
0.781,0.75,1,0.709,
0.707,0.657,1,0.641,
0.789,0.762,0.999,0.716,
0.727,0.674,1,0.603,
0.748,0.709,0.993,0.676,
0.74,0.694,1,0.662,
0.851,0.834,0.999,0.813,
0.75,0.722,1,0.667,
0.719,0.679,1,0.626,
0.809,0.786,1,0.772,
0.694,0.639,1,0.622,
0.779,0.75,1,0.698,
0.803,0.789,1,0.748,
0.713,0.692,0.998,0.608,
0.813,0.77,0.998,0.749,
0.764,0.723,1,0.687,
0.832,0.821,0.996,0.766,
0.747,0.695,1,0.653,
0.757,0.752,1,0.672,
0.715,0.681,1,0.64,
0.757,0.718,1,0.685,
0.777,0.752,1,0.679,
0.813,0.791,1,0.747,
0.738,0.68,0.999,0.646,
0.8,0.776,0.997,0.764,
0.854,0.835,0.998,0.809,
0.805,0.788,1,0.749,
0.706,0.641,1,0.622,
0.834,0.825,1,0.772,
0.721,0.675,1,0.662,
0.786,0.752,1,0.713,
0.727,0.683,1,0.623,
0.827,0.803,0.998,0.785,
0.76,0.734,1,0.684,
0.761,0.734,1,0.65,
0.773,0.753,1,0.705,
0.819,0.803,1,0.768,
0.761,0.744,1,0.656,
0.748,0.724,1,0.647,
0.775,0.722,1,0.697,
0.741,0.709,1,0.646,
0.808,0.789,1,0.755,
0.727,0.677,1,0.626,
0.786,0.752,0.995,0.727,
0.766,0.71,1,0.678,
0.813,0.788,1,0.753,
0.699,0.655,1,0.607,
0.726,0.667,1,0.637,
0.739,0.71,0.997,0.642,
0.802,0.784,1,0.744,
0.773,0.739,1,0.667,
0.821,0.813,0.997,0.767,
0.736,0.696,1,0.648,
0.838,0.825,1,0.8,
0.816,0.808,0.997,0.736,
0.803,0.782,0.998,0.722,
0.719,0.674,1,0.637,
0.777,0.745,1,0.712,
0.813,0.798,0.998,0.767,
0.683,0.644,1,0.611,
0.907,0.893,1,0.876,
0.803,0.778,0.998,0.762,
0.784,0.758,1,0.7,
0.801,0.778,0.997,0.741,
0.731,0.68,1,0.652,
0.763,0.734,0.996,0.68,
0.685,0.638,1,0.596,
0.811,0.782,1,0.779,
0.699,0.651,1,0.634,
0.722,0.686,0.999,0.632,
0.824,0.802,1,0.769,
0.733,0.714,1,0.652,
0.84,0.829,1,0.782,
0.721,0.694,1,0.646,
0.68,0.633,1,0.581,
0.763,0.74,1,0.706,
0.679,0.619,1,0.6,
0.804,0.788,1,0.735,
0.854,0.849,1,0.791,
0.871,0.859,0.993,0.825,
0.734,0.694,0.999,0.671,
0.731,0.701,1,0.657,
0.838,0.812,0.995,0.784,
0.746,0.708,1,0.668,
0.712,0.658,1,0.632,
0.75,0.71,0.999,0.685,
0.725,0.688,1,0.654,
0.835,0.805,0.998,0.77,
0.745,0.712,1,0.666,
0.693,0.651,1,0.621,
0.726,0.661,1,0.645,
0.95,0.957,1,0.869,
0.94,0.954,1,0.854,
0.927,0.914,1,0.843,
0.945,0.939,1,0.9,
0.934,0.942,1,0.857,
0.966,0.979,1,0.867,
0.939,0.947,1,0.841,
0.894,0.915,1,0.771,
0.935,0.943,1,0.871,
0.938,0.929,1,0.89,
0.906,0.947,1,0.79,
0.937,0.952,1,0.868,
0.968,0.978,1,0.856,
0.93,0.928,0.985,0.885,
0.971,0.985,1,0.864,
0.962,0.979,1,0.869,
0.925,0.923,1,0.862,
0.925,0.919,1,0.87,
0.934,0.933,1,0.85,
0.942,0.938,1,0.867,
0.954,0.956,1,0.874,
0.9,0.922,1,0.697,
0.963,0.965,1,0.915,
0.948,0.954,1,0.882,
0.931,0.931,1,0.856,
0.937,0.946,0.984,0.856,
0.969,0.982,1,0.854,
0.924,0.925,1,0.853,
0.822,0.813,0.93,0.753,
0.935,0.944,1,0.854,
0.95,0.96,0.999,0.862,
0.965,0.98,1,0.857,
0.689,0.646,1,0.61,
0.726,0.696,1,0.653,
0.947,0.962,1,0.856,
0.782,0.754,1,0.711,
0.707,0.659,1,0.62,
0.729,0.687,1,0.653,
0.823,0.803,1,0.778,
0.717,0.667,0.995,0.621,
0.734,0.699,1,0.663,
0.804,0.776,1,0.768,
0.859,0.845,1,0.823,
0.842,0.825,1,0.799,
0.818,0.8,0.999,0.757,
0.715,0.69,0.999,0.639,
0.791,0.774,1,0.725,
0.754,0.732,0.999,0.667,
0.932,0.946,1,0.85,
0.936,0.943,1,0.872,
0.929,0.925,1,0.865,
0.833,0.807,1,0.728,
0.967,0.977,1,0.876,
0.927,0.924,1,0.855,
0.948,0.942,1,0.922,
0.938,0.945,1,0.845,
0.873,0.873,0.961,0.81,
0.95,0.958,1,0.872,
0.946,0.954,0.971,0.911,
0.89,0.889,0.955,0.832,
0.917,0.927,0.997,0.843,
0.933,0.94,1,0.861,
0.931,0.942,1,0.852,
0.951,0.961,1,0.849,
0.772,0.738,1,0.7,
0.718,0.685,1,0.636,
0.735,0.702,1,0.652,
0.811,0.794,1,0.762,
0.791,0.768,1,0.72,
0.729,0.696,1,0.658,
0.736,0.712,1,0.669,
0.798,0.77,1,0.767,
0.832,0.819,1,0.792,
0.758,0.717,1,0.668,
0.718,0.673,1,0.646,
0.746,0.695,1,0.687,
0.713,0.676,1,0.636,
0.871,0.859,0.999,0.821,
0.836,0.823,0.996,0.794,
0.723,0.693,1,0.635,


0.953,0.951,0.998,0.892,
0.901,0.919,0.94,0.807,
0.949,0.963,1,0.856,
0.913,0.921,0.951,0.855,
0.934,0.938,1,0.867,
0.936,0.948,1,0.834,
0.825,0.841,0.874,0.748,
0.842,0.844,0.909,0.737,
0.93,0.928,1,0.856,
0.921,0.923,1,0.858,
0.921,0.928,0.966,0.857,
0.907,0.924,0.97,0.829,
0.907,0.911,0.938,0.877,
0.906,0.91,1,0.817,
0.954,0.969,0.997,0.857,
0.894,0.895,0.964,0.828,
0.931,0.925,0.964,0.885,
0.856,0.857,0.911,0.796,
0.87,0.878,1,0.775,
0.89,0.891,0.941,0.852,
0.908,0.933,0.971,0.792,
0.964,0.975,1,0.877,
0.88,0.875,0.992,0.805,
0.819,0.788,0.948,0.758,
0.83,0.825,0.9,0.755,
0.875,0.863,0.953,0.831,
0.919,0.912,1,0.867,
0.959,0.988,1,0.859,
0.8,0.796,0.852,0.773,
0.864,0.859,0.918,0.813,
0.856,0.859,0.899,0.817,
0.871,0.859,1,0.749,
0.85,0.867,1,0.71,
0.914,0.922,0.961,0.854,
0.932,0.954,1,0.827,
0.935,0.935,0.984,0.861,
0.9,0.88,1,0.859,
0.841,0.804,1,0.734,
0.93,0.922,1,0.875,
0.898,0.9,0.952,0.858,
0.825,0.811,0.889,0.772,
0.912,0.93,0.977,0.83,
0.935,0.939,0.964,0.895,
0.922,0.921,0.982,0.867,
0.858,0.855,0.906,0.811,
0.915,0.917,0.962,0.867,
0.805,0.808,0.867,0.763,
0.952,0.957,1,0.905,
0.969,0.986,1,0.853,
0.828,0.846,0.889,0.738,
0.778,0.776,0.856,0.744,
0.903,0.898,0.959,0.855,
0.826,0.816,0.882,0.782,
0.829,0.835,0.888,0.773,
0.896,0.892,0.939,0.844,
0.775,0.769,0.845,0.722,
0.924,0.93,0.967,0.86,
0.886,0.894,0.915,0.845,
0.916,0.926,1,0.795,
0.747,0.741,0.862,0.645,
0.867,0.897,1,0.769,
0.793,0.784,0.861,0.735,
0.916,0.936,1,0.796,
0.918,0.941,0.996,0.833,
0.935,0.938,1,0.855,
0.933,0.933,1,0.845,
0.936,0.935,0.981,0.87,
0.743,0.728,0.88,0.667,
0.877,0.875,0.936,0.802,
0.951,0.947,1,0.858,
0.886,0.887,0.944,0.836,
0.931,0.931,0.974,0.864,
0.902,0.903,0.951,0.853,
0.914,0.92,1,0.83,
0.737,0.735,0.856,0.678,
0.868,0.867,0.934,0.785,
0.908,0.906,0.954,0.879,
0.827,0.841,0.886,0.735,
0.885,0.89,0.951,0.816,
0.863,0.861,0.898,0.828,
0.905,0.909,0.999,0.817,
0.869,0.877,0.927,0.832,
0.968,0.976,1,0.941,
0.913,0.919,0.942,0.857,
0.945,0.962,0.982,0.864,
0.924,0.925,1,0.861,
0.839,0.842,0.907,0.78,
0.91,0.921,0.939,0.873,
0.807,0.774,1,0.729,
0.923,0.934,0.951,0.868,
0.898,0.903,0.947,0.85,
0.962,0.974,1,0.876,
0.917,0.915,0.983,0.869,
0.861,0.857,0.928,0.808,
0.94,0.952,1,0.864,
0.923,0.934,0.95,0.855,
0.911,0.915,0.951,0.855,
0.93,0.94,0.988,0.862,
0.912,0.925,0.992,0.792,
0.855,0.878,0.929,0.743,
0.87,0.873,0.934,0.806,
0.9,0.906,0.938,0.821,
0.879,0.88,0.906,0.842,
0.918,0.911,1,0.82,
0.874,0.873,0.914,0.846,
0.912,0.915,0.95,0.86,
0.884,0.88,0.952,0.827,
0.823,0.825,0.89,0.743,
0.921,0.927,0.966,0.874,
0.943,0.944,1,0.861,
0.939,0.941,0.986,0.904,
0.929,0.939,1,0.847,
0.715,0.676,0.841,0.633,
0.876,0.876,0.92,0.808,
0.86,0.859,0.894,0.835,
0.832,0.83,0.861,0.796,
0.84,0.809,1,0.771,
0.847,0.839,0.913,0.815,
0.925,0.928,0.971,0.858,
0.892,0.884,0.984,0.839,
0.829,0.811,0.925,0.772,
0.852,0.85,0.898,0.794,
0.935,0.948,0.979,0.887,
0.847,0.85,0.906,0.789,
0.92,0.93,0.947,0.86,
0.952,0.958,1,0.873,
0.897,0.897,0.966,0.853,
0.928,0.938,0.973,0.869,
0.96,0.978,0.996,0.859,
0.889,0.889,0.927,0.849,
0.941,0.948,0.982,0.855,
0.925,0.922,0.99,0.868,
0.942,0.948,1,0.843,
0.928,0.934,1,0.854,
0.852,0.865,0.89,0.806,
0.877,0.907,0.963,0.778,
0.92,0.903,1,0.855,
0.872,0.883,0.955,0.728,
0.842,0.851,0.932,0.749,
0.914,0.904,0.945,0.89,
0.915,0.907,0.973,0.874,
0.853,0.833,1,0.777,
0.926,0.933,1,0.854,
0.871,0.871,0.984,0.801,
0.938,0.936,1,0.887,
0.808,0.802,0.855,0.788,
0.907,0.887,0.998,0.838,
0.92,0.931,0.956,0.859,
0.894,0.877,1,0.819,
0.875,0.872,0.957,0.838,
0.925,0.93,0.978,0.879,
0.762,0.736,0.872,0.72,
0.931,0.942,0.962,0.879,
0.802,0.797,0.946,0.721,
0.881,0.879,0.937,0.848,
0.843,0.848,0.88,0.783,
0.954,0.97,1,0.859,
0.84,0.845,0.88,0.802,
0.936,0.936,0.985,0.874,
0.893,0.893,0.93,0.841,
0.907,0.907,0.953,0.868,
0.917,0.912,0.985,0.85,
0.91,0.923,0.95,0.834,
0.953,0.958,1,0.861,
0.953,0.959,1,0.892,
0.909,0.909,0.956,0.857,
0.92,0.914,0.964,0.874,
0.866,0.871,0.946,0.77,
0.82,0.823,0.852,0.767,
0.87,0.857,0.936,0.795,
0.895,0.899,0.936,0.848,
0.877,0.859,0.973,0.834,
0.933,0.948,0.993,0.81,
0.922,0.925,0.968,0.859,
0.907,0.909,1,0.796,
0.87,0.859,1,0.754,
0.922,0.905,1,0.846,
0.955,0.97,0.989,0.853,
0.911,0.917,0.975,0.827,
0.922,0.921,0.963,0.855,
0.881,0.897,0.968,0.776,
0.836,0.832,0.897,0.778,
0.893,0.887,0.925,0.862,
0.851,0.851,0.891,0.82,
0.955,0.96,0.993,0.87,
0.936,0.934,0.984,0.864,
0.796,0.784,0.867,0.756,
0.891,0.885,1,0.824,
0.949,0.952,1,0.904,
0.935,0.937,1,0.854,
0.876,0.857,1,0.814,
0.891,0.903,1,0.75,
0.911,0.915,0.957,0.851,
0.869,0.879,1,0.758,
0.921,0.92,0.976,0.869,
0.923,0.911,0.986,0.874,
0.84,0.839,0.885,0.816,
0.86,0.859,0.892,0.818,
0.849,0.851,1,0.761,
0.951,0.957,1,0.899,
0.915,0.904,0.962,0.874,
0.903,0.88,0.996,0.815,
0.94,0.944,0.997,0.896,
0.906,0.908,0.967,0.863,
0.947,0.954,1,0.88,
0.847,0.863,0.916,0.753,
0.888,0.883,0.94,0.846,
0.891,0.884,0.936,0.853,
0.891,0.881,1,0.791,
0.88,0.874,0.974,0.84,
0.952,0.956,1,0.907,
0.929,0.942,0.978,0.849,
0.814,0.815,0.864,0.754,
0.948,0.95,1,0.891,
0.938,0.938,1,0.864,
0.922,0.918,0.994,0.864,
0.915,0.921,0.98,0.86,
0.937,0.934,0.998,0.869,
0.879,0.889,0.91,0.837,
0.901,0.898,0.958,0.856,
0.828,0.791,1,0.743,
0.845,0.855,0.878,0.791,
0.899,0.896,0.954,0.834,
0.916,0.917,0.948,0.861,
0.871,0.867,0.96,0.793,
0.915,0.925,0.959,0.853,
0.932,0.929,1,0.886,
0.93,0.933,1,0.859,
0.929,0.952,0.969,0.851,
0.868,0.863,0.957,0.78,
0.811,0.82,0.897,0.745,
0.916,0.921,0.971,0.869,
0.898,0.905,0.937,0.852,
0.937,0.939,1,0.866,
0.859,0.853,0.908,0.829,
0.909,0.912,0.957,0.856,
0.923,0.923,0.98,0.879,
0.873,0.87,0.922,0.841,
0.841,0.826,1,0.794,
0.863,0.868,0.91,0.827,
0.914,0.915,0.959,0.862,
0.786,0.775,0.87,0.721,
0.827,0.81,1,0.71,
0.881,0.891,0.907,0.849,
0.784,0.754,0.979,0.684,
0.868,0.86,0.952,0.84,
0.924,0.929,0.988,0.844,
0.948,0.954,1,0.888,
0.95,0.95,1,0.862,
0.883,0.887,0.969,0.8,
0.872,0.863,0.992,0.772,
0.872,0.88,0.914,0.831,
0.945,0.949,0.983,0.882,
0.815,0.798,0.949,0.782,
0.921,0.929,0.967,0.855,
0.947,0.944,1,0.905,
0.894,0.896,0.952,0.846,
0.891,0.888,0.931,0.848,
0.947,0.968,0.995,0.855,
0.864,0.871,0.901,0.809,
0.929,0.929,0.972,0.877,
0.892,0.887,0.95,0.849,
0.928,0.931,0.991,0.874,
0.835,0.843,0.889,0.767,
0.901,0.901,0.963,0.838,
0.906,0.91,0.941,0.849,
0.913,0.906,0.981,0.859,
0.935,0.931,0.988,0.865,
0.897,0.905,0.925,0.855,
0.918,0.917,0.974,0.846,
0.938,0.945,0.977,0.87,
0.943,0.954,0.98,0.888,
0.933,0.923,1,0.881,
0.882,0.876,0.978,0.831,
0.942,0.95,1,0.86,
0.94,0.929,0.999,0.861,
0.899,0.892,0.962,0.859,
0.845,0.848,0.947,0.772,
0.918,0.927,0.972,0.88,
0.894,0.896,1,0.788,
0.857,0.856,0.933,0.761,
0.952,0.962,1,0.863,
0.904,0.907,0.961,0.85,
0.919,0.923,0.98,0.869,
0.908,0.895,1,0.868,
0.935,0.938,1,0.868,
0.915,0.919,0.949,0.872,
0.931,0.935,0.972,0.867,
0.845,0.857,0.911,0.693,
0.922,0.924,0.999,0.858,
0.925,0.935,0.958,0.849,
0.919,0.919,0.955,0.875,
0.906,0.917,0.964,0.802,
0.961,0.968,0.992,0.886,
0.871,0.865,0.917,0.831,
0.935,0.939,0.986,0.868,
0.911,0.903,0.967,0.865,
0.798,0.802,0.871,0.715,
0.876,0.883,0.935,0.773,
0.885,0.893,0.963,0.785,
0.926,0.921,0.956,0.86,
0.922,0.924,0.976,0.86,
0.907,0.912,0.954,0.846,
0.829,0.832,1,0.705,
0.879,0.891,1,0.679,
0.941,0.952,1,0.859,
0.894,0.893,0.935,0.864,
0.746,0.736,0.855,0.699,
0.953,0.959,1,0.861,
0.896,0.897,0.954,0.804,
0.908,0.913,0.954,0.853,
0.858,0.852,0.884,0.831,
0.868,0.869,0.94,0.798,
0.928,0.927,1,0.841,
0.833,0.835,0.909,0.765,
0.948,0.95,1,0.871,
0.944,0.953,1,0.853,
0.813,0.777,0.997,0.752,
0.895,0.903,0.979,0.765,
0.938,0.941,1,0.846,
0.937,0.93,0.993,0.877,
0.842,0.805,0.961,0.762,
0.899,0.881,1,0.845,
0.924,0.927,0.964,0.856,
0.913,0.948,0.975,0.788,
0.899,0.889,0.964,0.86,
0.924,0.915,0.993,0.839,
0.807,0.772,1,0.719,
0.953,0.96,1,0.89,
0.821,0.819,0.871,0.789,
0.886,0.891,0.935,0.828,
0.935,0.946,0.979,0.856,
0.916,0.919,0.97,0.859,
0.935,0.93,1,0.879,
0.92,0.92,0.97,0.869,
0.763,0.76,0.86,0.721,
0.811,0.809,0.874,0.728,
0.906,0.912,0.954,0.848,
0.814,0.811,0.861,0.728,
0.877,0.875,0.912,0.844,
0.881,0.879,0.965,0.803,
0.831,0.831,0.878,0.791,
0.951,0.958,1,0.872,
0.922,0.916,1,0.849,
0.935,0.942,0.994,0.869,
0.919,0.917,1,0.857,
0.912,0.914,0.961,0.86,
0.927,0.941,1,0.81,
0.929,0.952,0.976,0.843,
0.939,0.933,0.989,0.874,
0.85,0.851,0.911,0.798,
0.863,0.857,0.914,0.801,
0.924,0.926,1,0.854,
0.9,0.912,0.939,0.855,
0.92,0.926,0.954,0.858,
0.917,0.925,1,0.837,
0.883,0.88,0.908,0.845,
0.869,0.873,0.901,0.82,
0.875,0.875,0.909,0.835,
0.819,0.815,0.878,0.786,
0.952,0.962,1,0.852,
0.881,0.871,0.954,0.788,
0.936,0.945,0.986,0.865,
0.921,0.923,0.954,0.872,
0.906,0.889,0.992,0.824,
0.843,0.849,0.881,0.781,
0.857,0.857,0.899,0.799,
0.928,0.931,0.978,0.848,
0.855,0.849,0.961,0.774,
0.803,0.764,0.923,0.743,
0.74,0.72,0.86,0.703,
0.787,0.776,0.853,0.744,
0.912,0.909,0.955,0.866,
0.9,0.895,0.953,0.874,
0.938,0.934,0.995,0.897,
0.806,0.802,0.848,0.773,
0.846,0.815,1,0.743,
0.91,0.929,0.957,0.851,
0.867,0.853,0.994,0.77,
0.919,0.925,0.991,0.852,
0.886,0.878,0.984,0.802,
0.899,0.882,1,0.839,
0.891,0.888,0.929,0.861,
0.947,0.95,1,0.869,
0.882,0.886,0.904,0.846,
0.875,0.87,0.914,0.829,
0.847,0.838,0.933,0.781,
0.933,0.935,0.985,0.857,
0.931,0.948,0.973,0.834,
0.936,0.94,0.99,0.874,
0.915,0.907,0.983,0.861,
0.773,0.776,0.843,0.736,
0.919,0.916,0.97,0.867,
0.886,0.889,0.94,0.795,
0.748,0.738,0.859,0.689,
0.921,0.915,1,0.854,
0.936,0.946,0.971,0.863,
0.935,0.915,1,0.898,
0.851,0.847,0.91,0.796,
0.879,0.879,0.927,0.806,
0.896,0.901,0.926,0.848,
0.834,0.828,0.872,0.806,
0.953,0.964,1,0.898,
0.914,0.94,1,0.791,
0.782,0.763,1,0.7,
0.887,0.871,0.95,0.832,
0.892,0.89,0.929,0.852,
0.899,0.911,1,0.781,
0.849,0.806,0.998,0.77,
0.94,0.931,1,0.873,
0.86,0.861,0.887,0.825,
0.913,0.932,1,0.813,
0.887,0.878,0.949,0.847,
0.853,0.855,0.888,0.818,
0.859,0.871,0.955,0.756,
0.918,0.911,0.989,0.865,
0.946,0.952,0.986,0.876,
0.914,0.911,1,0.854,
0.866,0.914,0.967,0.726,
0.9,0.893,0.954,0.852,
0.926,0.922,1,0.85,
0.938,0.933,1,0.886,
0.84,0.837,0.908,0.791,
0.91,0.922,0.93,0.859,
0.867,0.869,0.904,0.804,
0.912,0.913,0.974,0.834,
0.79,0.78,0.925,0.73,
0.797,0.792,0.864,0.764,
0.86,0.867,0.905,0.816,
0.834,0.832,1,0.776,
0.915,0.919,0.95,0.85,
0.921,0.925,0.982,0.852,
0.892,0.892,0.981,0.823,
0.907,0.911,0.946,0.869,
0.94,0.96,0.995,0.874,
0.933,0.942,0.987,0.847,
0.79,0.752,1,0.75,
0.892,0.883,0.963,0.825,
0.865,0.85,0.986,0.779,
0.915,0.927,0.949,0.854,
0.849,0.841,0.923,0.814,
0.912,0.904,1,0.869,
0.799,0.778,0.937,0.737,
0.847,0.855,0.904,0.794,
0.921,0.938,1,0.798,
0.929,0.921,0.985,0.875,
0.927,0.937,0.972,0.847,
0.907,0.915,0.949,0.859,
0.878,0.879,0.915,0.844,
0.918,0.934,1,0.81,
0.827,0.824,0.906,0.762,
0.788,0.78,0.855,0.755,
0.928,0.938,0.973,0.859,
0.927,0.939,0.976,0.868,
0.925,0.919,0.999,0.878,
0.882,0.893,0.962,0.751,
0.907,0.897,0.997,0.838,
0.854,0.859,0.915,0.771,
0.953,0.957,1,0.886,
0.914,0.912,0.983,0.847,
0.945,0.951,1,0.88,
0.754,0.758,0.848,0.675,
0.863,0.855,0.93,0.778,
0.801,0.802,0.874,0.752,
0.945,0.954,0.999,0.878,
0.892,0.891,0.933,0.86,
0.939,0.935,1,0.853,
0.821,0.803,0.932,0.734,
0.903,0.897,1,0.84,
0.835,0.837,0.937,0.762,
0.895,0.9,0.959,0.813,
0.946,0.945,1,0.907,
0.907,0.901,1,0.838,
0.917,0.913,1,0.866,
0.897,0.887,1,0.827,
0.943,0.968,0.98,0.859,
0.96,0.974,1,0.851,
0.941,0.951,0.983,0.857,
0.919,0.928,1,0.812,
0.933,0.938,1,0.833,
0.803,0.794,0.858,0.759,
0.892,0.903,0.98,0.787,
0.9,0.905,0.963,0.839,
0.842,0.815,1,0.784,
0.904,0.907,1,0.827,
0.914,0.917,0.941,0.868,
0.864,0.849,0.947,0.791,
0.926,0.942,1,0.848,
0.885,0.885,0.931,0.836,
0.893,0.891,0.951,0.853,
0.913,0.902,1,0.833,
0.953,0.966,0.999,0.882,
0.882,0.875,0.937,0.842,
0.796,0.786,0.862,0.747,
0.901,0.913,0.928,0.845,
0.929,0.919,0.994,0.845,
0.954,0.954,0.999,0.908,
0.951,0.938,1,0.914,
0.874,0.873,0.933,0.836,
0.859,0.847,0.914,0.829,
0.907,0.887,0.989,0.851,
0.959,0.982,1,0.868,
0.895,0.896,0.937,0.848,
0.88,0.883,0.911,0.843,
0.826,0.837,0.876,0.728,
0.897,0.899,0.936,0.839,
0.905,0.895,0.991,0.849,
0.774,0.758,0.887,0.732,
0.925,0.942,0.989,0.852,
0.928,0.935,0.998,0.86,
0.891,0.899,0.965,0.824,
0.919,0.919,1,0.828,
0.891,0.889,0.931,0.842,
0.892,0.884,0.954,0.838,
0.886,0.889,0.908,0.862,
0.872,0.891,0.904,0.821,
0.919,0.918,1,0.865,
0.863,0.863,0.902,0.813,
0.848,0.858,1,0.74,
0.96,0.954,1,0.923,
0.874,0.872,0.929,0.816,
0.936,0.941,1,0.86,
0.89,0.877,0.99,0.81,
0.902,0.908,0.953,0.842,
0.918,0.929,0.97,0.842,
0.863,0.865,0.916,0.798,
0.906,0.903,0.949,0.836,
0.874,0.859,0.941,0.842,
0.93,0.935,1,0.868,
0.923,0.935,1,0.812,
0.93,0.927,1,0.846,
0.92,0.929,0.956,0.845,
0.863,0.862,0.925,0.823,
0.877,0.877,0.964,0.819,
0.914,0.906,1,0.878,
0.882,0.877,0.923,0.852,
0.808,0.792,0.999,0.769,
0.722,0.675,1,0.627,
0.684,0.641,1,0.585,
0.723,0.677,1,0.63,
0.729,0.705,1,0.642,
0.754,0.722,0.999,0.697,
0.77,0.74,1,0.724,
0.715,0.67,1,0.668,
0.709,0.659,1,0.641,
0.69,0.667,1,0.549,
0.771,0.742,1,0.705,
0.666,0.606,1,0.597,
0.767,0.746,0.996,0.712,
0.779,0.748,0.999,0.725,
0.707,0.669,1,0.636,
0.734,0.706,1,0.649,
0.807,0.785,1,0.765,
0.67,0.621,1,0.602,
0.654,0.609,1,0.543,
0.704,0.658,0.996,0.622,
0.709,0.673,0.995,0.604,
0.723,0.684,0.997,0.665,
0.814,0.8,1,0.759,
0.707,0.651,1,0.636,
0.735,0.714,0.999,0.649,
0.748,0.718,1,0.666,
0.699,0.655,1,0.604,
0.704,0.671,0.998,0.619,
0.718,0.682,1,0.657,
0.765,0.73,1,0.708,
0.708,0.685,1,0.614,
0.799,0.774,0.998,0.753,
0.711,0.655,1,0.632,
0.722,0.714,0.995,0.611,
0.749,0.713,1,0.669,
0.679,0.618,0.998,0.593,
0.667,0.616,1,0.608,
0.802,0.776,1,0.769,
0.705,0.659,0.996,0.645,
0.71,0.66,1,0.655,
0.695,0.665,1,0.592,
0.722,0.692,0.998,0.627,
0.671,0.647,1,0.553,
0.704,0.673,0.999,0.617,
0.795,0.776,1,0.732,
0.683,0.637,1,0.618,
0.764,0.74,1,0.705,
0.752,0.719,1,0.674,
0.744,0.722,0.997,0.652,
0.7,0.647,1,0.644,
0.804,0.77,1,0.761,
0.737,0.7,1,0.656,
0.755,0.72,1,0.701,
0.69,0.651,1,0.597,
0.737,0.701,0.999,0.673,
0.69,0.645,1,0.614,
0.77,0.738,0.997,0.72,
0.705,0.669,1,0.625,
0.75,0.734,1,0.655,
0.766,0.736,1,0.706,
0.705,0.653,1,0.63,
0.712,0.683,0.996,0.607,
0.713,0.667,1,0.637,
0.721,0.67,1,0.656,
0.707,0.661,1,0.623,
0.702,0.645,1,0.612,
0.779,0.759,1,0.702,
0.728,0.685,0.999,0.668,
0.774,0.746,1,0.732,
0.722,0.714,1,0.594,
0.726,0.685,0.999,0.668,
0.729,0.69,1,0.667,
0.738,0.712,1,0.674,
0.686,0.629,1,0.59,
0.771,0.723,1,0.698,
0.711,0.662,1,0.625,
0.801,0.778,1,0.743,
0.687,0.635,0.998,0.587,
0.692,0.64,0.998,0.592,
0.731,0.665,1,0.657,
0.748,0.71,0.998,0.684,
0.692,0.635,1,0.595,
0.697,0.649,1,0.623,
0.701,0.671,1,0.59,
0.718,0.683,0.998,0.653,
0.762,0.722,0.998,0.703,
0.721,0.685,0.996,0.663,
0.785,0.764,0.999,0.733,
0.71,0.661,1,0.658,
0.708,0.669,0.999,0.636,
0.716,0.682,0.999,0.646,
0.703,0.651,1,0.612,
0.758,0.73,1,0.683,
0.727,0.714,1,0.615,
0.804,0.778,0.996,0.766,
0.708,0.667,0.999,0.639,
0.783,0.752,1,0.75,
0.724,0.692,1,0.647,
0.719,0.68,1,0.652,
0.741,0.704,0.996,0.686,
0.747,0.716,1,0.695,
0.819,0.804,1,0.757,
0.748,0.702,0.997,0.686,
0.687,0.637,1,0.603,
0.736,0.698,1,0.669,
0.765,0.738,1,0.701,
0.707,0.663,1,0.627,
0.734,0.69,1,0.655,
0.781,0.756,0.998,0.724,
0.749,0.71,1,0.694,
0.691,0.658,1,0.628,
0.731,0.696,1,0.671,
0.73,0.686,1,0.677,
0.799,0.774,1,0.757,
0.714,0.674,1,0.657,
0.734,0.702,1,0.668,
0.731,0.715,0.997,0.627,
0.725,0.688,1,0.678,
0.719,0.694,1,0.628,
0.726,0.684,0.999,0.653,
0.752,0.72,1,0.673,
0.71,0.653,1,0.627,
0.809,0.784,0.995,0.765,
0.7,0.648,0.998,0.61,
0.684,0.649,1,0.596,
0.725,0.686,0.999,0.649,
0.72,0.674,1,0.647,
0.779,0.752,0.997,0.713,
0.666,0.603,0.995,0.59,
0.647,0.591,1,0.554,
0.668,0.607,0.999,0.587,
0.683,0.642,1,0.594,
0.697,0.675,0.999,0.597,
0.782,0.748,1,0.733,
0.722,0.677,1,0.67,
0.79,0.764,0.998,0.748,
0.695,0.663,1,0.598,
0.747,0.714,1,0.661,
0.732,0.708,1,0.656,
0.694,0.655,1,0.602,
0.803,0.774,0.997,0.756,
0.674,0.627,1,0.585,
0.768,0.735,1,0.73,
0.717,0.669,1,0.658,
0.755,0.722,0.998,0.695,
0.775,0.743,1,0.726,
0.7,0.651,1,0.645,
0.696,0.647,0.999,0.624,
0.796,0.776,1,0.731,
0.765,0.742,0.992,0.706,
0.708,0.649,0.996,0.62,
0.826,0.857,1,0.659,
0.701,0.637,1,0.607,
0.719,0.669,1,0.609,
0.731,0.705,0.996,0.653,
0.687,0.631,0.999,0.598,
0.743,0.713,1,0.652,
0.705,0.681,1,0.621,
0.805,0.776,0.999,0.766,
0.81,0.79,0.997,0.77,
0.696,0.651,1,0.615,
0.774,0.749,0.997,0.674,
0.759,0.728,1,0.706,
0.715,0.649,1,0.63,
0.73,0.691,1,0.662,
0.778,0.754,1,0.722,
0.695,0.659,0.998,0.603,
0.693,0.657,1,0.598,
0.693,0.644,1,0.611,
0.797,0.77,1,0.759,
0.687,0.635,1,0.6,
0.755,0.72,0.997,0.708,
0.725,0.686,1,0.668,
0.763,0.7,1,0.679,
0.67,0.625,0.999,0.58,
0.694,0.649,1,0.625,
0.735,0.712,1,0.662,
0.797,0.774,0.993,0.755,
0.755,0.724,0.999,0.703,
0.732,0.684,1,0.649,
0.758,0.732,0.994,0.689,
0.678,0.635,1,0.588,
0.745,0.71,1,0.696,
0.766,0.739,0.998,0.704,
0.796,0.77,0.999,0.733,
0.699,0.654,1,0.611,
0.741,0.698,1,0.672,
0.738,0.712,1,0.665,
0.718,0.678,1,0.647,
0.755,0.718,0.996,0.684,
0.729,0.689,1,0.661,
0.719,0.679,1,0.63,
0.76,0.73,0.999,0.703,
0.797,0.766,0.997,0.748,
0.755,0.726,0.998,0.699,
0.786,0.758,1,0.741,
0.732,0.706,1,0.671,
0.705,0.662,1,0.647,
0.753,0.73,1,0.649,
0.715,0.683,1,0.624,
0.704,0.665,1,0.649,
0.693,0.646,1,0.591,
0.721,0.691,1,0.643,
0.779,0.76,1,0.719,
0.707,0.667,1,0.642,
0.675,0.615,0.997,0.594,
0.691,0.649,1,0.613,
0.736,0.694,1,0.657,
0.74,0.708,0.998,0.683,
0.728,0.692,1,0.644,
0.685,0.649,1,0.59,
0.732,0.706,1,0.663,
0.782,0.766,0.997,0.723,
0.703,0.655,1,0.598,
0.703,0.659,1,0.616,
0.666,0.609,1,0.574,
0.738,0.72,1,0.644,
0.757,0.726,1,0.708,
0.691,0.643,1,0.58,
0.737,0.701,1,0.688,
0.689,0.653,0.999,0.592,
0.681,0.656,1,0.574,
0.756,0.726,0.992,0.71,
0.753,0.72,1,0.677,
0.752,0.728,1,0.651,
0.767,0.734,1,0.702,
0.777,0.748,1,0.71,
0.713,0.675,1,0.631,
0.708,0.661,1,0.639,
0.747,0.725,1,0.657,
0.681,0.62,1,0.575,
0.672,0.633,1,0.577,
0.816,0.786,1,0.777,
0.792,0.768,0.998,0.73,
0.671,0.633,0.995,0.558,
0.77,0.755,1,0.702,
0.787,0.764,1,0.731,
0.724,0.684,0.997,0.637,
0.751,0.702,1,0.682,
0.764,0.739,1,0.71,
0.682,0.648,0.997,0.591,
0.686,0.627,1,0.61,
0.726,0.69,1,0.661,
0.717,0.673,1,0.638,
0.751,0.703,1,0.691,
0.722,0.687,0.998,0.643,
0.726,0.679,1,0.67,
0.692,0.643,1,0.601,
0.71,0.675,1,0.622,
0.74,0.691,1,0.644,
0.74,0.696,1,0.645,
0.752,0.724,1,0.677,
0.719,0.686,1,0.631,
0.791,0.774,0.996,0.726,
0.73,0.716,0.997,0.625,
0.674,0.621,0.998,0.595,
0.722,0.693,1,0.65,
0.704,0.67,1,0.637,
0.747,0.719,0.998,0.695,
0.762,0.731,1,0.709,
0.707,0.665,1,0.626,
0.729,0.688,1,0.674,
0.721,0.671,1,0.645,
0.732,0.7,1,0.672,
0.747,0.728,0.997,0.67,
0.703,0.647,0.999,0.611,
0.734,0.698,1,0.681,
0.683,0.627,0.996,0.597,
0.765,0.734,0.998,0.716,
0.719,0.688,1,0.639,
0.671,0.627,1,0.576,
0.709,0.641,1,0.633,
0.765,0.748,1,0.673,
0.694,0.647,1,0.634,
0.695,0.634,0.996,0.603,
0.691,0.635,1,0.585,
0.808,0.782,0.998,0.772,
0.694,0.657,0.995,0.608,
0.684,0.651,1,0.606,
0.702,0.642,1,0.631,
0.708,0.67,1,0.632,
0.711,0.675,1,0.591,
0.727,0.692,1,0.653,
0.718,0.677,1,0.666,
0.738,0.706,1,0.671,
0.787,0.758,1,0.744,
0.699,0.647,1,0.632,
0.679,0.641,1,0.581,
0.702,0.665,1,0.64,
0.762,0.732,1,0.683,
0.741,0.687,0.998,0.681,
0.752,0.722,1,0.686,
0.774,0.746,0.996,0.732,
0.72,0.678,0.992,0.626,
0.707,0.657,1,0.641,
0.732,0.678,1,0.662,
0.706,0.672,1,0.575,
0.69,0.63,1,0.619,
0.735,0.694,1,0.662,
0.789,0.758,1,0.736,
0.742,0.702,0.999,0.683,
0.677,0.633,0.999,0.584,
0.779,0.764,0.997,0.707,
0.685,0.631,1,0.597,
0.712,0.686,0.996,0.601,
0.788,0.764,0.997,0.736,
0.673,0.611,1,0.586,
0.738,0.708,1,0.638,
0.7,0.655,1,0.593,
0.686,0.624,1,0.571,
0.737,0.686,1,0.66,
0.731,0.696,1,0.662,
0.747,0.693,0.995,0.69,
0.69,0.647,0.999,0.608,
0.718,0.669,1,0.634,
0.754,0.738,0.999,0.648,
0.714,0.661,1,0.633,
0.788,0.764,1,0.728,
0.747,0.719,1,0.673,
0.756,0.724,0.999,0.707,
0.711,0.667,1,0.629,
0.801,0.792,1,0.709,
0.728,0.698,1,0.659,
0.694,0.654,0.996,0.616,
0.692,0.649,0.998,0.618,
0.786,0.76,1,0.731,
0.742,0.712,1,0.67,
0.752,0.72,1,0.666,
0.73,0.686,0.998,0.645,
0.75,0.71,0.999,0.696,
0.734,0.71,1,0.655,
0.7,0.651,1,0.625,
0.737,0.7,0.998,0.665,
0.711,0.659,0.999,0.63,
0.763,0.734,1,0.708,
0.7,0.632,1,0.61,
0.778,0.751,1,0.722,
0.714,0.676,0.997,0.65,
0.729,0.69,1,0.637,
0.645,0.588,1,0.568,
0.737,0.695,0.999,0.651,
0.708,0.681,1,0.603,
0.796,0.768,0.997,0.754,
0.767,0.73,0.997,0.719,
0.792,0.765,1,0.749,
0.712,0.639,1,0.617,
0.792,0.768,1,0.733,
0.771,0.746,1,0.706,
0.765,0.744,1,0.678,
0.659,0.593,0.996,0.588,
0.737,0.696,0.996,0.674,
0.806,0.78,1,0.775,
0.674,0.623,1,0.611,
0.794,0.772,0.999,0.762,
0.776,0.766,1,0.686,
0.713,0.679,0.998,0.59,
0.709,0.668,1,0.637,
0.731,0.68,1,0.652,
0.733,0.714,1,0.595,
0.678,0.617,1,0.6,
0.794,0.771,0.999,0.745,
0.691,0.641,1,0.615,
0.691,0.643,1,0.621,
0.809,0.786,0.998,0.762,
0.667,0.616,1,0.562,
0.719,0.692,1,0.614,
0.715,0.691,1,0.625,
0.677,0.631,0.999,0.587,
0.686,0.641,0.998,0.592,
0.679,0.619,1,0.6,
0.675,0.602,0.998,0.566,
0.807,0.788,0.999,0.75,
0.808,0.786,1,0.773,
0.738,0.702,1,0.649,
0.726,0.684,1,0.666,
0.741,0.7,1,0.664,
0.66,0.611,0.999,0.565,
0.671,0.621,1,0.599,
0.748,0.704,1,0.68,
0.724,0.688,1,0.656,
0.768,0.749,1,0.675,
0.716,0.675,0.996,0.637,
0.671,0.611,1,0.581,
0.755,0.729,1,0.676,
0.949,0.959,0.993,0.874,
0.926,0.934,0.98,0.854,
0.873,0.876,0.915,0.829,
0.935,0.931,0.972,0.902,
0.86,0.863,0.902,0.831,
0.908,0.91,0.943,0.87,
0.926,0.933,0.949,0.879,
0.894,0.915,1,0.776,
0.924,0.923,0.971,0.883,
0.939,0.93,0.982,0.904,
0.864,0.864,1,0.783,
0.919,0.927,0.966,0.853,
0.906,0.907,0.954,0.858,
0.957,0.956,1,0.887,
0.928,0.934,0.969,0.867,
0.926,0.926,0.979,0.87,
0.906,0.905,0.973,0.85,
0.87,0.871,0.977,0.793,
0.907,0.915,0.964,0.847,
0.914,0.929,0.97,0.852,
0.921,0.94,0.97,0.866,
0.895,0.922,0.999,0.697,
0.944,0.942,0.985,0.9,
0.932,0.931,0.971,0.881,
0.841,0.848,0.864,0.798,
0.952,0.963,1,0.856,
0.816,0.806,0.853,0.797,
0.882,0.867,0.972,0.822,
0.886,0.889,1,0.805,
0.84,0.851,0.917,0.748,
0.903,0.897,1,0.848,
0.937,0.951,0.985,0.858,
0.708,0.663,1,0.661,
0.719,0.683,1,0.63,
0.925,0.93,0.97,0.858,
0.753,0.728,1,0.671,
0.709,0.663,0.992,0.64,
0.729,0.687,1,0.653,
0.802,0.779,0.998,0.741,
0.742,0.707,1,0.672,
0.741,0.712,0.999,0.676,
0.723,0.683,0.997,0.642,
0.793,0.766,0.997,0.761,
0.783,0.759,0.999,0.744,
0.756,0.726,1,0.691,
0.681,0.645,1,0.567,
0.756,0.725,0.993,0.691,
0.682,0.639,1,0.59,
0.903,0.91,0.968,0.84,
0.899,0.883,0.962,0.862,
0.876,0.867,0.923,0.844,
0.81,0.808,0.958,0.703,
0.866,0.857,0.911,0.812,
0.896,0.89,0.946,0.858,
0.892,0.913,0.94,0.801,
0.881,0.867,0.98,0.847,
0.951,0.949,1,0.884,
0.802,0.8,0.872,0.751,
0.941,0.939,1,0.877,
0.942,0.948,1,0.859,
0.947,0.946,1,0.903,
0.929,0.928,0.984,0.86,
0.724,0.702,0.858,0.662,
0.961,0.952,0.998,0.932,
0.736,0.696,1,0.66,
0.687,0.648,1,0.632,
0.706,0.648,1,0.637,
0.761,0.729,0.999,0.689,
0.767,0.735,1,0.698,
0.697,0.661,0.999,0.614,
0.715,0.667,1,0.661,
0.757,0.728,0.999,0.695,
0.741,0.712,0.998,0.668,
0.732,0.7,0.995,0.64,
0.706,0.668,1,0.629,
0.731,0.694,1,0.664,
0.697,0.659,1,0.608,
0.808,0.786,1,0.757,
0.804,0.778,1,0.763,
0.715,0.676,1,0.645,




Further Data analysis of all test cases 
avg med max min 
AVGs,0.601,0.6,0.685,0.534,
MEDs,0.561,0.563,0.652,0.467,
MAXs,0.885,0.873,0.957,0.786,
MINs,0.54,0.539,0.63,0.457,


AVGs,0.863,0.909,0.975,0.665,
MEDs,0.853,0.904,0.994,0.601,
MAXs,0.997,1,1,0.911,
MINs,0.786,0.832,0.947,0.531,


AVGs,0.825,0.842,0.969,0.645,
MEDs,0.81,0.843,0.988,0.588,
MAXs,0.975,0.998,1,0.841,
MINs,0.756,0.772,0.941,0.543,



