

Data analysis for each instance 
AVG,MED,MAX,MIN
0.715,0.712,0.753,0.701,
0.706,0.706,0.75,0.64,
0.721,0.718,0.759,0.708,
0.735,0.732,0.774,0.721,
0.721,0.714,0.76,0.705,
0.718,0.716,0.757,0.702,
0.714,0.715,0.759,0.672,
0.72,0.72,0.763,0.681,
0.709,0.705,0.745,0.704,
0.729,0.725,0.767,0.723,
0.72,0.716,0.758,0.715,
0.724,0.728,0.77,0.679,
0.728,0.724,0.766,0.719,
0.731,0.74,0.774,0.689,
0.733,0.73,0.771,0.722,
0.707,0.708,0.75,0.654,
0.724,0.722,0.763,0.708,
0.719,0.718,0.76,0.697,
0.697,0.704,0.769,0.597,
0.736,0.732,0.774,0.728,
0.726,0.727,0.77,0.7,
0.727,0.724,0.765,0.719,
0.706,0.706,0.747,0.674,
0.699,0.698,0.739,0.672,
0.732,0.728,0.772,0.72,
0.71,0.71,0.751,0.692,
0.716,0.712,0.764,0.683,
0.719,0.716,0.757,0.707,
0.716,0.713,0.754,0.706,
0.723,0.717,0.761,0.714,
0.731,0.727,0.769,0.724,
0.75,0.754,0.808,0.693,
0.705,0.721,0.761,0.639,
0.729,0.728,0.768,0.704,
0.696,0.718,0.757,0.617,
0.73,0.726,0.768,0.72,
0.728,0.738,0.787,0.672,
0.737,0.738,0.78,0.709,
0.73,0.732,0.777,0.684,
0.704,0.702,0.743,0.684,
0.72,0.718,0.761,0.698,
0.715,0.712,0.753,0.696,
0.717,0.732,0.777,0.618,
0.716,0.714,0.755,0.702,
0.719,0.718,0.781,0.684,
0.717,0.713,0.754,0.711,
0.709,0.708,0.752,0.678,
0.731,0.728,0.772,0.703,
0.721,0.718,0.759,0.712,
0.728,0.727,0.77,0.703,
0.716,0.713,0.755,0.703,
0.732,0.73,0.774,0.711,
0.73,0.727,0.769,0.714,
0.715,0.705,0.76,0.689,
0.717,0.718,0.761,0.679,
0.724,0.723,0.765,0.697,
0.724,0.72,0.761,0.717,
0.723,0.719,0.761,0.716,
0.697,0.698,0.746,0.67,
0.726,0.724,0.766,0.704,
0.701,0.716,0.776,0.586,
0.722,0.719,0.761,0.712,
0.717,0.714,0.755,0.703,
0.731,0.731,0.774,0.705,
0.717,0.712,0.755,0.704,
0.724,0.737,0.776,0.675,
0.72,0.716,0.76,0.703,
0.729,0.726,0.768,0.718,
0.734,0.734,0.776,0.71,
0.7,0.686,0.782,0.618,
0.73,0.727,0.769,0.715,
0.721,0.72,0.76,0.694,
0.737,0.733,0.775,0.73,
0.727,0.728,0.77,0.692,
0.735,0.732,0.775,0.714,
0.724,0.725,0.768,0.693,
0.715,0.711,0.753,0.707,
0.724,0.73,0.781,0.653,
0.715,0.712,0.753,0.708,
0.718,0.714,0.755,0.711,
0.724,0.718,0.765,0.709,
0.716,0.713,0.755,0.702,
0.742,0.74,0.783,0.725,
0.721,0.717,0.759,0.715,
0.727,0.727,0.771,0.672,
0.722,0.722,0.764,0.694,
0.678,0.671,0.746,0.622,
0.718,0.716,0.762,0.694,
0.71,0.713,0.754,0.675,
0.733,0.733,0.772,0.711,
0.722,0.72,0.762,0.696,
0.723,0.72,0.761,0.714,
0.727,0.73,0.771,0.673,
0.714,0.714,0.757,0.695,
0.722,0.722,0.767,0.683,
0.73,0.727,0.769,0.713,
0.722,0.72,0.761,0.702,
0.721,0.723,0.764,0.682,
0.725,0.718,0.779,0.689,
0.719,0.724,0.772,0.654,
0.711,0.714,0.758,0.662,
0.719,0.717,0.758,0.701,
0.706,0.702,0.743,0.699,
0.718,0.714,0.757,0.703,
0.73,0.727,0.769,0.719,
0.726,0.723,0.765,0.714,
0.738,0.74,0.783,0.704,
0.72,0.714,0.759,0.705,
0.734,0.73,0.772,0.724,
0.726,0.722,0.764,0.717,
0.706,0.712,0.754,0.64,
0.727,0.726,0.771,0.703,
0.699,0.705,0.749,0.658,
0.718,0.715,0.756,0.707,
0.732,0.733,0.774,0.708,
0.726,0.725,0.768,0.694,
0.731,0.73,0.773,0.707,
0.715,0.72,0.762,0.639,
0.729,0.726,0.768,0.718,
0.719,0.715,0.758,0.709,
0.721,0.718,0.76,0.704,
0.725,0.722,0.764,0.709,
0.726,0.724,0.766,0.711,
0.725,0.724,0.764,0.709,
0.725,0.724,0.765,0.698,
0.717,0.713,0.755,0.7,
0.718,0.714,0.755,0.71,
0.724,0.721,0.763,0.713,
0.727,0.726,0.767,0.708,
0.726,0.722,0.765,0.71,
0.725,0.722,0.764,0.714,
0.726,0.73,0.772,0.655,
0.695,0.694,0.749,0.642,
0.725,0.728,0.768,0.676,
0.716,0.713,0.755,0.704,
0.731,0.727,0.771,0.72,
0.711,0.714,0.765,0.662,
0.722,0.719,0.761,0.701,
0.703,0.702,0.751,0.65,
0.714,0.726,0.767,0.64,
0.696,0.699,0.74,0.646,
0.694,0.69,0.76,0.664,
0.721,0.72,0.761,0.7,
0.727,0.728,0.77,0.697,
0.717,0.716,0.757,0.693,
0.721,0.722,0.764,0.689,
0.722,0.72,0.763,0.692,
0.727,0.726,0.768,0.685,
0.711,0.716,0.758,0.664,
0.725,0.724,0.767,0.689,
0.713,0.709,0.75,0.707,
0.726,0.722,0.765,0.705,
0.72,0.723,0.764,0.686,
0.725,0.723,0.766,0.709,
0.726,0.722,0.764,0.72,
0.717,0.719,0.761,0.672,
0.718,0.715,0.757,0.704,
0.724,0.721,0.763,0.707,
0.707,0.703,0.744,0.698,
0.719,0.715,0.758,0.701,
0.724,0.719,0.764,0.713,
0.741,0.738,0.782,0.725,
0.675,0.667,0.747,0.622,
0.72,0.721,0.763,0.679,
0.73,0.732,0.776,0.695,
0.728,0.726,0.769,0.7,
0.72,0.722,0.764,0.666,
0.716,0.716,0.758,0.686,
0.716,0.716,0.757,0.688,
0.726,0.734,0.777,0.629,
0.713,0.714,0.756,0.656,
0.724,0.726,0.768,0.692,
0.723,0.722,0.764,0.7,
0.718,0.714,0.755,0.711,
0.714,0.716,0.758,0.677,
0.729,0.729,0.772,0.694,
0.716,0.72,0.762,0.68,
0.729,0.725,0.767,0.722,
0.728,0.726,0.769,0.708,
0.71,0.708,0.749,0.682,
0.731,0.736,0.782,0.697,
0.716,0.715,0.763,0.696,
0.729,0.725,0.767,0.72,
0.732,0.729,0.771,0.724,
0.723,0.72,0.761,0.712,
0.719,0.717,0.757,0.707,
0.724,0.724,0.767,0.692,
0.7,0.703,0.757,0.669,
0.672,0.677,0.729,0.607,
0.722,0.718,0.76,0.712,
0.725,0.745,0.789,0.642,
0.694,0.698,0.741,0.655,
0.724,0.72,0.762,0.716,
0.672,0.686,0.744,0.563,
0.722,0.721,0.764,0.694,
0.724,0.722,0.764,0.702,
0.712,0.71,0.752,0.689,
0.713,0.711,0.752,0.697,
0.736,0.737,0.78,0.698,
0.722,0.72,0.764,0.7,
0.729,0.727,0.768,0.694,
0.696,0.695,0.735,0.676,
0.715,0.712,0.753,0.7,
0.707,0.706,0.748,0.687,
0.729,0.726,0.768,0.716,
0.703,0.716,0.772,0.624,
0.719,0.714,0.758,0.698,
0.725,0.723,0.765,0.705,
0.722,0.722,0.764,0.694,
0.722,0.719,0.761,0.707,
0.708,0.714,0.754,0.666,
0.724,0.722,0.764,0.702,
0.731,0.73,0.773,0.713,
0.703,0.703,0.743,0.683,
0.719,0.718,0.762,0.689,
0.718,0.718,0.76,0.676,
0.717,0.708,0.761,0.698,
0.713,0.711,0.753,0.688,
0.718,0.715,0.756,0.711,
0.722,0.72,0.763,0.701,
0.666,0.688,0.749,0.582,
0.723,0.72,0.762,0.708,
0.732,0.732,0.774,0.705,
0.735,0.74,0.782,0.681,
0.716,0.713,0.754,0.703,
0.701,0.688,0.767,0.659,
0.705,0.704,0.745,0.662,
0.718,0.715,0.756,0.702,
0.727,0.724,0.765,0.717,
0.719,0.724,0.765,0.681,
0.723,0.72,0.762,0.71,
0.728,0.732,0.773,0.667,
0.716,0.713,0.758,0.68,
0.706,0.706,0.748,0.666,
0.708,0.706,0.747,0.688,
0.719,0.717,0.759,0.7,
0.735,0.735,0.775,0.712,
0.705,0.703,0.743,0.685,
0.728,0.73,0.772,0.687,
0.722,0.719,0.76,0.711,
0.727,0.725,0.767,0.71,
0.734,0.732,0.774,0.719,
0.734,0.737,0.779,0.695,
0.721,0.717,0.759,0.716,
0.731,0.729,0.771,0.71,
0.715,0.711,0.752,0.708,
0.731,0.75,0.79,0.662,
0.722,0.722,0.765,0.68,
0.725,0.726,0.768,0.697,
0.714,0.712,0.753,0.701,
0.719,0.72,0.762,0.691,
0.718,0.719,0.761,0.687,
0.719,0.716,0.757,0.709,
0.724,0.728,0.772,0.655,
0.724,0.721,0.763,0.706,
0.741,0.738,0.783,0.713,
0.725,0.722,0.763,0.717,
0.733,0.732,0.774,0.707,
0.732,0.728,0.77,0.724,
0.716,0.713,0.757,0.692,
0.729,0.726,0.768,0.72,
0.737,0.736,0.78,0.704,
0.739,0.737,0.78,0.718,
0.727,0.726,0.768,0.701,
0.724,0.721,0.762,0.713,
0.727,0.725,0.766,0.712,
0.743,0.742,0.786,0.721,
0.725,0.722,0.765,0.71,
0.725,0.721,0.762,0.716,
0.713,0.713,0.755,0.682,
0.724,0.72,0.762,0.719,
0.711,0.709,0.75,0.686,
0.726,0.72,0.766,0.711,
0.72,0.72,0.763,0.684,
0.711,0.707,0.748,0.705,
0.729,0.738,0.777,0.662,
0.706,0.706,0.747,0.675,
0.717,0.719,0.76,0.683,
0.717,0.713,0.754,0.711,
0.735,0.732,0.776,0.719,
0.72,0.719,0.764,0.694,
0.736,0.734,0.775,0.709,
0.723,0.721,0.763,0.704,
0.715,0.715,0.756,0.677,
0.727,0.726,0.768,0.689,
0.725,0.724,0.766,0.7,
0.727,0.725,0.767,0.711,
0.73,0.728,0.771,0.705,
0.719,0.725,0.769,0.664,
0.713,0.714,0.754,0.677,
0.733,0.73,0.773,0.716,
0.718,0.718,0.76,0.679,
0.702,0.702,0.742,0.675,
0.71,0.706,0.747,0.699,
0.73,0.726,0.769,0.717,
0.712,0.716,0.769,0.653,
0.694,0.718,0.756,0.596,
0.733,0.736,0.779,0.666,
0.677,0.677,0.751,0.593,
0.718,0.718,0.76,0.685,
0.719,0.717,0.758,0.702,
0.719,0.72,0.762,0.681,
0.728,0.724,0.767,0.717,
0.718,0.719,0.774,0.686,
0.723,0.723,0.775,0.661,
0.724,0.722,0.763,0.708,
0.73,0.726,0.769,0.715,
0.731,0.731,0.773,0.699,
0.728,0.725,0.767,0.716,
0.719,0.716,0.758,0.707,
0.718,0.717,0.759,0.698,
0.677,0.671,0.741,0.622,
0.714,0.711,0.752,0.7,
0.72,0.716,0.759,0.711,
0.711,0.711,0.753,0.676,
0.735,0.732,0.774,0.723,
0.729,0.725,0.767,0.719,
0.721,0.72,0.762,0.699,
0.67,0.652,0.748,0.601,
0.717,0.716,0.758,0.694,
0.729,0.726,0.768,0.721,
0.69,0.713,0.762,0.574,
0.692,0.725,0.754,0.59,
0.717,0.716,0.755,0.695,
0.705,0.706,0.748,0.665,
0.725,0.726,0.769,0.674,
0.722,0.72,0.762,0.705,
0.746,0.774,0.805,0.671,
0.735,0.735,0.778,0.697,
0.727,0.725,0.767,0.705,
0.709,0.732,0.786,0.599,
0.726,0.722,0.764,0.713,
0.708,0.706,0.747,0.692,
0.718,0.716,0.757,0.7,
0.717,0.713,0.754,0.709,
0.738,0.753,0.793,0.674,
0.725,0.725,0.767,0.696,
0.715,0.712,0.752,0.703,
0.722,0.721,0.761,0.713,
0.722,0.718,0.761,0.712,
0.722,0.722,0.764,0.698,
0.699,0.7,0.742,0.669,
0.736,0.732,0.774,0.729,
0.71,0.709,0.75,0.682,
0.735,0.734,0.776,0.713,
0.725,0.724,0.767,0.698,
0.721,0.73,0.772,0.643,
0.726,0.723,0.765,0.715,
0.727,0.723,0.764,0.721,
0.734,0.732,0.773,0.718,
0.714,0.711,0.753,0.702,
0.737,0.735,0.777,0.722,
0.708,0.702,0.747,0.696,
0.734,0.731,0.773,0.721,
0.724,0.722,0.763,0.709,
0.724,0.721,0.763,0.712,
0.719,0.715,0.757,0.714,
0.677,0.681,0.75,0.607,
0.711,0.708,0.749,0.692,
0.727,0.724,0.766,0.715,
0.716,0.714,0.755,0.697,
0.728,0.726,0.77,0.69,
0.716,0.712,0.755,0.693,
0.732,0.728,0.77,0.727,
0.734,0.731,0.774,0.718,
0.736,0.736,0.779,0.709,
0.717,0.722,0.76,0.678,
0.718,0.716,0.757,0.702,
0.732,0.73,0.772,0.709,
0.719,0.732,0.772,0.643,
0.73,0.729,0.771,0.706,
0.714,0.712,0.753,0.696,
0.731,0.729,0.772,0.713,
0.714,0.711,0.754,0.696,
0.726,0.736,0.774,0.662,
0.727,0.724,0.767,0.706,
0.72,0.722,0.767,0.684,
0.733,0.729,0.771,0.727,
0.723,0.72,0.763,0.699,
0.71,0.708,0.75,0.689,
0.698,0.716,0.757,0.621,
0.723,0.724,0.767,0.689,
0.723,0.721,0.763,0.707,
0.723,0.721,0.763,0.707,
0.719,0.715,0.756,0.713,
0.727,0.724,0.766,0.712,
0.716,0.72,0.763,0.655,
0.718,0.72,0.763,0.679,
0.706,0.702,0.744,0.691,
0.742,0.738,0.781,0.731,
0.711,0.718,0.761,0.643,
0.721,0.722,0.764,0.69,
0.723,0.721,0.763,0.701,
0.719,0.718,0.759,0.697,
0.716,0.714,0.756,0.695,
0.728,0.73,0.771,0.692,
0.72,0.716,0.758,0.714,
0.734,0.737,0.78,0.695,
0.71,0.716,0.758,0.659,
0.718,0.718,0.76,0.677,
0.714,0.713,0.754,0.69,
0.718,0.715,0.756,0.703,
0.726,0.724,0.765,0.709,
0.694,0.708,0.75,0.622,
0.722,0.723,0.777,0.695,
0.724,0.724,0.767,0.685,
0.729,0.726,0.768,0.714,
0.714,0.717,0.764,0.68,
0.719,0.713,0.76,0.696,
0.724,0.721,0.763,0.713,
0.717,0.724,0.762,0.67,
0.722,0.718,0.776,0.675,
0.719,0.718,0.76,0.697,
0.716,0.718,0.76,0.677,
0.711,0.716,0.757,0.644,
0.725,0.722,0.764,0.713,
0.723,0.721,0.763,0.708,
0.72,0.72,0.763,0.674,
0.722,0.721,0.765,0.679,
0.718,0.717,0.758,0.7,
0.729,0.726,0.77,0.706,
0.73,0.725,0.773,0.704,
0.726,0.724,0.765,0.708,
0.729,0.73,0.772,0.687,
0.722,0.72,0.762,0.701,
0.708,0.705,0.746,0.698,
0.717,0.71,0.759,0.684,
0.716,0.715,0.757,0.692,
0.728,0.726,0.768,0.711,
0.725,0.728,0.774,0.69,
0.725,0.72,0.762,0.719,
0.717,0.713,0.754,0.712,
0.72,0.716,0.758,0.713,
0.729,0.725,0.767,0.72,
0.704,0.703,0.743,0.681,
0.732,0.732,0.774,0.712,
0.719,0.719,0.761,0.693,
0.724,0.722,0.763,0.702,
0.711,0.727,0.78,0.623,
0.731,0.728,0.771,0.713,
0.721,0.717,0.759,0.712,
0.703,0.7,0.747,0.666,
0.712,0.709,0.753,0.685,
0.726,0.725,0.767,0.696,
0.738,0.738,0.78,0.714,
0.705,0.701,0.742,0.699,
0.726,0.725,0.767,0.702,
0.74,0.736,0.779,0.732,
0.721,0.718,0.76,0.706,
0.717,0.726,0.763,0.658,
0.714,0.71,0.752,0.707,
0.722,0.722,0.764,0.691,
0.72,0.716,0.757,0.714,
0.731,0.727,0.769,0.721,
0.747,0.757,0.808,0.671,
0.7,0.712,0.753,0.64,
0.722,0.722,0.768,0.663,
0.724,0.731,0.772,0.66,
0.724,0.721,0.763,0.713,
0.738,0.734,0.777,0.729,
0.713,0.716,0.756,0.663,
0.718,0.719,0.761,0.683,
0.709,0.705,0.746,0.702,
0.723,0.721,0.763,0.697,
0.724,0.722,0.764,0.702,
0.725,0.723,0.764,0.708,
0.716,0.724,0.76,0.672,
0.718,0.717,0.759,0.691,
0.732,0.728,0.77,0.721,
0.718,0.716,0.758,0.699,
0.719,0.718,0.76,0.699,
0.726,0.723,0.765,0.711,
0.73,0.727,0.769,0.716,
0.717,0.714,0.755,0.705,
0.736,0.734,0.776,0.717,
0.714,0.711,0.751,0.706,
0.73,0.726,0.768,0.717,
0.719,0.717,0.758,0.698,
0.743,0.744,0.788,0.714,
0.723,0.722,0.767,0.681,
0.735,0.736,0.78,0.688,
0.72,0.72,0.771,0.666,
0.728,0.727,0.77,0.716,
0.721,0.726,0.771,0.673,
0.727,0.723,0.765,0.717,
0.729,0.728,0.77,0.696,
0.72,0.716,0.758,0.713,
0.723,0.72,0.761,0.712,
0.72,0.719,0.761,0.693,
0.724,0.722,0.763,0.705,
0.715,0.712,0.753,0.699,
0.719,0.714,0.786,0.658,
0.696,0.699,0.756,0.63,
0.709,0.708,0.75,0.677,
0.717,0.714,0.754,0.71,
0.712,0.71,0.751,0.681,
0.724,0.72,0.763,0.711,
0.71,0.708,0.749,0.695,
0.711,0.714,0.752,0.678,
0.726,0.723,0.765,0.712,
0.713,0.714,0.756,0.669,
0.716,0.715,0.755,0.701,
0.719,0.715,0.756,0.713,
0.717,0.716,0.757,0.697,
0.713,0.715,0.757,0.689,
0.731,0.728,0.772,0.716,
0.716,0.712,0.754,0.703,
0.721,0.718,0.761,0.697,
0.711,0.716,0.755,0.661,
0.734,0.73,0.772,0.723,
0.726,0.729,0.771,0.677,
0.706,0.706,0.747,0.673,
0.726,0.741,0.786,0.642,
0.721,0.72,0.762,0.698,
0.714,0.714,0.754,0.687,
0.716,0.732,0.769,0.652,
0.718,0.718,0.76,0.69,
0.75,0.762,0.81,0.678,
0.739,0.739,0.783,0.701,
0.731,0.732,0.775,0.699,
0.713,0.714,0.756,0.678,
0.726,0.725,0.768,0.705,
0.728,0.726,0.769,0.707,
0.725,0.724,0.766,0.702,
0.72,0.718,0.76,0.699,
0.711,0.713,0.755,0.676,
0.72,0.719,0.761,0.693,
0.718,0.715,0.756,0.708,
0.71,0.707,0.749,0.694,
0.705,0.712,0.755,0.651,
0.709,0.705,0.746,0.701,
0.731,0.727,0.769,0.725,
0.72,0.72,0.761,0.694,
0.736,0.747,0.79,0.658,
0.712,0.713,0.755,0.685,
0.717,0.713,0.754,0.709,
0.698,0.691,0.764,0.683,
0.657,0.657,0.74,0.598,
0.67,0.671,0.75,0.604,
0.695,0.692,0.765,0.671,
0.687,0.684,0.757,0.649,
0.683,0.677,0.749,0.666,
0.667,0.663,0.744,0.631,
0.684,0.679,0.759,0.655,
0.691,0.685,0.757,0.676,
0.689,0.686,0.759,0.66,
0.688,0.683,0.755,0.675,
0.668,0.712,0.786,0.539,
0.663,0.663,0.742,0.608,
0.686,0.682,0.755,0.657,
0.671,0.669,0.742,0.629,
0.692,0.687,0.76,0.67,
0.703,0.696,0.769,0.691,
0.65,0.66,0.737,0.59,
0.681,0.681,0.762,0.631,
0.676,0.669,0.749,0.656,
0.684,0.698,0.779,0.614,
0.678,0.678,0.752,0.638,
0.693,0.686,0.759,0.681,
0.683,0.704,0.784,0.584,
0.694,0.688,0.761,0.676,
0.674,0.681,0.764,0.614,
0.694,0.689,0.762,0.667,
0.688,0.687,0.76,0.654,
0.675,0.677,0.749,0.628,
0.685,0.679,0.751,0.673,
0.694,0.692,0.766,0.659,
0.692,0.686,0.758,0.677,
0.683,0.688,0.766,0.596,
0.685,0.68,0.76,0.653,
0.686,0.681,0.754,0.664,
0.695,0.693,0.778,0.647,
0.704,0.714,0.805,0.628,
0.694,0.687,0.76,0.684,
0.685,0.68,0.752,0.661,
0.671,0.674,0.746,0.62,
0.68,0.677,0.748,0.646,
0.687,0.681,0.763,0.662,
0.691,0.689,0.762,0.648,
0.698,0.694,0.768,0.668,
0.691,0.684,0.756,0.677,
0.68,0.671,0.761,0.64,
0.701,0.695,0.769,0.683,
0.699,0.694,0.77,0.674,
0.681,0.675,0.756,0.661,
0.681,0.676,0.747,0.663,
0.693,0.687,0.76,0.676,
0.695,0.689,0.763,0.683,
0.689,0.685,0.756,0.666,
0.683,0.679,0.751,0.657,
0.691,0.686,0.759,0.675,
0.678,0.681,0.773,0.601,
0.683,0.678,0.75,0.662,
0.687,0.683,0.757,0.66,
0.666,0.671,0.748,0.549,
0.692,0.686,0.759,0.676,
0.69,0.688,0.762,0.66,
0.697,0.696,0.77,0.652,
0.697,0.691,0.766,0.671,
0.661,0.664,0.746,0.574,
0.691,0.688,0.761,0.66,
0.682,0.681,0.756,0.638,
0.69,0.683,0.756,0.672,
0.695,0.69,0.764,0.671,
0.695,0.689,0.762,0.682,
0.678,0.673,0.753,0.653,
0.684,0.69,0.76,0.618,
0.701,0.696,0.769,0.675,
0.691,0.69,0.766,0.647,
0.676,0.683,0.761,0.609,
0.669,0.664,0.735,0.65,
0.694,0.688,0.76,0.681,
0.701,0.693,0.766,0.693,
0.679,0.678,0.751,0.641,
0.674,0.668,0.747,0.652,
0.695,0.711,0.796,0.614,
0.689,0.691,0.763,0.651,
0.667,0.668,0.745,0.611,
0.675,0.673,0.747,0.642,
0.69,0.687,0.759,0.655,
0.691,0.69,0.766,0.641,
0.679,0.672,0.749,0.663,
0.69,0.691,0.772,0.641,
0.679,0.674,0.746,0.662,
0.677,0.669,0.753,0.658,
0.684,0.68,0.752,0.662,
0.693,0.69,0.764,0.654,
0.669,0.682,0.758,0.6,
0.686,0.681,0.756,0.655,
0.687,0.682,0.761,0.661,
0.696,0.69,0.763,0.685,
0.698,0.696,0.78,0.645,
0.666,0.657,0.74,0.652,
0.691,0.688,0.762,0.658,
0.672,0.668,0.74,0.654,
0.692,0.686,0.758,0.681,
0.7,0.693,0.766,0.687,
0.685,0.677,0.754,0.668,
0.674,0.669,0.748,0.641,
0.67,0.672,0.76,0.606,
0.686,0.681,0.753,0.661,
0.693,0.688,0.762,0.667,
0.676,0.675,0.747,0.613,
0.678,0.671,0.748,0.657,
0.698,0.694,0.767,0.675,
0.699,0.691,0.765,0.689,
0.684,0.686,0.758,0.643,
0.682,0.677,0.753,0.654,
0.683,0.679,0.792,0.615,
0.691,0.684,0.757,0.68,
0.685,0.679,0.751,0.668,
0.689,0.687,0.765,0.656,
0.683,0.678,0.75,0.66,
0.639,0.623,0.743,0.524,
0.688,0.679,0.759,0.671,
0.678,0.678,0.75,0.643,
0.691,0.686,0.761,0.672,
0.675,0.675,0.746,0.625,
0.702,0.694,0.768,0.693,
0.679,0.677,0.749,0.644,
0.665,0.673,0.746,0.558,
0.692,0.689,0.764,0.661,
0.69,0.685,0.757,0.669,
0.689,0.686,0.759,0.665,
0.675,0.677,0.751,0.62,
0.676,0.67,0.745,0.657,
0.689,0.69,0.762,0.644,
0.676,0.673,0.745,0.647,
0.688,0.684,0.757,0.659,
0.687,0.681,0.753,0.671,
0.685,0.702,0.775,0.597,
0.69,0.684,0.757,0.674,
0.677,0.679,0.753,0.613,
0.673,0.669,0.74,0.652,
0.684,0.681,0.758,0.631,
0.673,0.67,0.752,0.634,
0.698,0.692,0.766,0.68,
0.676,0.678,0.75,0.639,
0.676,0.668,0.749,0.658,
0.696,0.698,0.777,0.645,
0.693,0.688,0.761,0.674,
0.679,0.673,0.744,0.666,
0.664,0.657,0.75,0.633,
0.684,0.678,0.755,0.663,
0.691,0.683,0.756,0.682,
0.696,0.689,0.761,0.686,
0.689,0.686,0.762,0.654,
0.66,0.665,0.744,0.572,
0.671,0.665,0.755,0.642,
0.685,0.686,0.759,0.639,
0.69,0.685,0.757,0.663,
0.687,0.694,0.773,0.621,
0.679,0.677,0.749,0.642,
0.676,0.674,0.748,0.642,
0.688,0.684,0.757,0.659,
0.698,0.691,0.764,0.688,
0.688,0.683,0.756,0.663,
0.702,0.697,0.771,0.682,
0.69,0.683,0.756,0.678,
0.67,0.661,0.743,0.652,
0.663,0.655,0.747,0.626,
0.697,0.69,0.763,0.688,
0.671,0.682,0.754,0.616,
0.682,0.681,0.755,0.639,
0.69,0.688,0.764,0.658,
0.699,0.692,0.766,0.686,
0.678,0.677,0.749,0.639,
0.688,0.682,0.755,0.672,
0.684,0.68,0.755,0.642,
0.626,0.626,0.744,0.538,
0.687,0.683,0.755,0.66,
0.688,0.685,0.761,0.655,
0.679,0.673,0.745,0.663,
0.692,0.685,0.757,0.678,
0.695,0.689,0.762,0.678,
0.691,0.69,0.763,0.668,
0.668,0.665,0.746,0.605,
0.686,0.693,0.775,0.576,
0.704,0.698,0.772,0.683,
0.694,0.689,0.762,0.672,
0.693,0.687,0.76,0.671,
0.673,0.676,0.756,0.627,
0.684,0.679,0.751,0.664,
0.678,0.675,0.747,0.649,
0.685,0.682,0.755,0.657,
0.685,0.679,0.755,0.672,
0.684,0.679,0.751,0.664,
0.692,0.688,0.761,0.67,
0.687,0.683,0.756,0.662,
0.691,0.684,0.757,0.679,
0.685,0.683,0.754,0.654,
0.686,0.679,0.752,0.677,
0.68,0.68,0.752,0.636,
0.69,0.689,0.763,0.649,
0.692,0.688,0.761,0.666,
0.682,0.678,0.75,0.661,
0.69,0.69,0.762,0.633,
0.685,0.695,0.772,0.625,
0.688,0.687,0.76,0.64,
0.685,0.678,0.755,0.668,
0.686,0.683,0.758,0.657,
0.687,0.683,0.755,0.657,
0.685,0.686,0.759,0.633,
0.695,0.689,0.762,0.68,
0.694,0.687,0.76,0.685,
0.674,0.667,0.746,0.651,
0.693,0.689,0.764,0.659,
0.686,0.682,0.754,0.658,
0.692,0.685,0.757,0.678,
0.687,0.681,0.757,0.667,
0.671,0.665,0.754,0.629,
0.688,0.684,0.757,0.658,
0.703,0.698,0.771,0.677,
0.691,0.684,0.756,0.679,
0.687,0.681,0.765,0.648,
0.678,0.672,0.744,0.667,
0.691,0.687,0.768,0.651,
0.692,0.69,0.763,0.645,
0.694,0.687,0.762,0.683,
0.69,0.685,0.758,0.666,
0.679,0.681,0.755,0.64,
0.701,0.702,0.782,0.634,
0.69,0.683,0.755,0.681,
0.686,0.683,0.756,0.647,
0.686,0.685,0.769,0.643,
0.692,0.685,0.762,0.676,
0.697,0.692,0.765,0.669,
0.698,0.698,0.774,0.646,
0.697,0.69,0.763,0.684,
0.688,0.683,0.755,0.671,
0.676,0.673,0.744,0.657,
0.696,0.695,0.769,0.66,
0.688,0.682,0.754,0.674,
0.71,0.718,0.797,0.634,
0.693,0.696,0.776,0.63,
0.666,0.659,0.738,0.641,
0.679,0.678,0.752,0.63,
0.685,0.684,0.757,0.634,
0.667,0.676,0.761,0.574,
0.678,0.676,0.748,0.651,
0.663,0.653,0.753,0.63,
0.684,0.684,0.759,0.617,
0.689,0.692,0.776,0.637,
0.678,0.674,0.755,0.638,
0.687,0.684,0.757,0.651,
0.669,0.673,0.756,0.604,
0.693,0.687,0.76,0.677,
0.673,0.665,0.743,0.657,
0.687,0.683,0.759,0.661,
0.69,0.685,0.757,0.676,
0.685,0.682,0.755,0.652,
0.68,0.681,0.757,0.633,
0.673,0.666,0.745,0.647,
0.681,0.683,0.767,0.59,
0.687,0.683,0.756,0.66,
0.679,0.675,0.747,0.659,
0.681,0.675,0.751,0.658,
0.689,0.688,0.762,0.651,
0.688,0.683,0.759,0.661,
0.686,0.684,0.756,0.65,
0.674,0.671,0.742,0.642,
0.685,0.679,0.758,0.666,
0.684,0.681,0.757,0.66,
0.696,0.692,0.765,0.667,
0.687,0.681,0.752,0.669,
0.672,0.676,0.756,0.608,
0.691,0.687,0.762,0.651,
0.671,0.673,0.754,0.628,
0.683,0.684,0.756,0.638,
0.682,0.692,0.769,0.574,
0.677,0.679,0.752,0.619,
0.685,0.683,0.758,0.645,
0.693,0.686,0.759,0.683,
0.675,0.675,0.748,0.622,
0.687,0.681,0.753,0.673,
0.656,0.646,0.743,0.627,
0.682,0.673,0.757,0.66,
0.693,0.687,0.76,0.678,
0.691,0.69,0.763,0.655,
0.684,0.679,0.752,0.668,
0.678,0.674,0.746,0.654,
0.69,0.683,0.756,0.679,
0.667,0.669,0.741,0.618,
0.689,0.682,0.76,0.669,
0.691,0.686,0.761,0.659,
0.677,0.673,0.752,0.644,
0.65,0.643,0.744,0.627,
0.685,0.678,0.754,0.668,
0.692,0.686,0.758,0.68,
0.685,0.677,0.76,0.667,
0.664,0.664,0.742,0.603,
0.69,0.683,0.782,0.607,
0.653,0.651,0.733,0.619,
0.715,0.717,0.799,0.662,
0.686,0.679,0.775,0.618,
0.695,0.688,0.761,0.685,
0.697,0.691,0.764,0.678,
0.682,0.679,0.752,0.649,
0.685,0.678,0.759,0.667,
0.674,0.69,0.778,0.567,
0.686,0.683,0.756,0.662,
0.683,0.677,0.749,0.672,
0.672,0.667,0.74,0.65,
0.688,0.683,0.756,0.67,
0.664,0.664,0.738,0.623,
0.685,0.683,0.755,0.654,
0.679,0.675,0.756,0.629,
0.673,0.666,0.765,0.644,
0.689,0.684,0.757,0.661,
0.69,0.688,0.761,0.648,
0.693,0.688,0.764,0.67,
0.684,0.677,0.751,0.669,
0.674,0.673,0.75,0.638,
0.679,0.671,0.753,0.662,
0.691,0.685,0.758,0.673,
0.684,0.679,0.752,0.67,
0.66,0.657,0.745,0.617,
0.695,0.689,0.762,0.675,
0.676,0.674,0.746,0.651,
0.689,0.688,0.761,0.641,
0.681,0.685,0.76,0.621,
0.687,0.681,0.753,0.673,
0.682,0.677,0.75,0.669,
0.683,0.677,0.748,0.673,
0.67,0.636,0.783,0.601,
0.695,0.689,0.762,0.68,
0.677,0.671,0.742,0.656,
0.689,0.683,0.759,0.672,
0.681,0.676,0.748,0.654,
0.674,0.669,0.755,0.628,
0.688,0.684,0.759,0.659,
0.701,0.698,0.773,0.669,
0.685,0.679,0.75,0.665,
0.687,0.684,0.758,0.657,
0.691,0.684,0.76,0.669,
0.678,0.685,0.762,0.596,
0.694,0.692,0.768,0.65,
0.686,0.682,0.754,0.659,
0.688,0.683,0.755,0.671,
0.673,0.676,0.754,0.62,
0.687,0.681,0.754,0.672,
0.703,0.698,0.782,0.67,
0.687,0.682,0.754,0.671,
0.693,0.689,0.762,0.673,
0.69,0.686,0.759,0.659,
0.669,0.671,0.768,0.577,
0.68,0.673,0.75,0.66,
0.703,0.697,0.771,0.683,
0.683,0.679,0.761,0.639,
0.702,0.695,0.769,0.693,
0.682,0.677,0.75,0.657,
0.693,0.689,0.762,0.664,
0.69,0.685,0.757,0.67,
0.661,0.658,0.749,0.615,
0.677,0.68,0.756,0.611,
0.667,0.687,0.759,0.579,
0.684,0.679,0.751,0.666,
0.689,0.685,0.758,0.668,
0.687,0.682,0.754,0.666,
0.697,0.69,0.764,0.681,
0.698,0.698,0.772,0.643,
0.68,0.673,0.754,0.663,
0.703,0.705,0.78,0.635,
0.687,0.69,0.767,0.618,
0.689,0.683,0.756,0.668,
0.687,0.692,0.765,0.621,
0.691,0.684,0.762,0.672,
0.692,0.686,0.759,0.682,
0.692,0.688,0.76,0.668,
0.677,0.674,0.755,0.634,
0.665,0.669,0.754,0.598,
0.688,0.685,0.757,0.652,
0.683,0.686,0.761,0.609,
0.676,0.683,0.759,0.607,
0.668,0.665,0.738,0.635,
0.681,0.702,0.771,0.591,
0.702,0.7,0.775,0.672,
0.688,0.683,0.755,0.663,
0.674,0.696,0.774,0.537,
0.67,0.663,0.765,0.587,
0.722,0.718,0.76,0.71,
0.727,0.725,0.767,0.707,
0.713,0.709,0.75,0.704,
0.723,0.72,0.762,0.708,
0.725,0.722,0.764,0.711,
0.721,0.717,0.761,0.695,
0.722,0.72,0.761,0.699,
0.728,0.726,0.768,0.713,
0.731,0.727,0.77,0.722,
0.721,0.718,0.76,0.702,
0.71,0.716,0.758,0.626,
0.712,0.708,0.75,0.693,
0.714,0.71,0.751,0.706,
0.725,0.723,0.765,0.707,
0.721,0.717,0.758,0.716,
0.705,0.701,0.742,0.7,
0.73,0.73,0.785,0.684,
0.718,0.716,0.758,0.698,
0.716,0.715,0.756,0.685,
0.717,0.717,0.759,0.688,
0.719,0.717,0.759,0.696,
0.708,0.711,0.772,0.668,
0.733,0.73,0.772,0.725,
0.731,0.734,0.775,0.699,
0.702,0.702,0.759,0.652,
0.731,0.732,0.775,0.686,
0.718,0.714,0.756,0.71,
0.732,0.728,0.77,0.725,
0.717,0.72,0.762,0.675,
0.719,0.716,0.763,0.685,
0.726,0.724,0.766,0.711,
0.729,0.725,0.767,0.72,
0.691,0.691,0.765,0.64,
0.661,0.678,0.751,0.582,
0.732,0.728,0.77,0.723,
0.671,0.663,0.744,0.659,
0.682,0.694,0.787,0.591,
0.679,0.689,0.778,0.594,
0.682,0.682,0.756,0.618,
0.693,0.696,0.768,0.654,
0.698,0.692,0.765,0.676,
0.677,0.67,0.748,0.658,
0.695,0.688,0.761,0.685,
0.681,0.675,0.752,0.662,
0.693,0.694,0.767,0.629,
0.685,0.689,0.763,0.629,
0.7,0.695,0.769,0.682,
0.691,0.688,0.761,0.664,
0.707,0.716,0.758,0.618,
0.703,0.714,0.765,0.641,
0.741,0.74,0.783,0.7,
0.711,0.73,0.773,0.616,
0.715,0.711,0.752,0.707,
0.723,0.719,0.761,0.718,
0.718,0.72,0.758,0.686,
0.728,0.724,0.766,0.719,
0.721,0.718,0.76,0.705,
0.718,0.716,0.757,0.703,
0.72,0.722,0.766,0.681,
0.723,0.721,0.763,0.708,
0.722,0.72,0.773,0.692,
0.718,0.718,0.76,0.684,
0.726,0.724,0.768,0.7,
0.725,0.722,0.764,0.714,
0.69,0.687,0.76,0.667,
0.669,0.669,0.757,0.621,
0.683,0.679,0.751,0.652,
0.695,0.69,0.764,0.67,
0.688,0.685,0.759,0.665,
0.68,0.675,0.749,0.642,
0.672,0.67,0.741,0.641,
0.693,0.687,0.759,0.682,
0.701,0.694,0.767,0.689,
0.682,0.678,0.757,0.66,
0.669,0.667,0.738,0.634,
0.669,0.665,0.738,0.644,
0.682,0.701,0.788,0.59,
0.7,0.694,0.767,0.687,
0.699,0.693,0.766,0.686,
0.679,0.675,0.758,0.641,


0.93,0.941,1,0.79,
0.894,0.911,1,0.785,
0.936,0.945,1,0.794,
0.927,0.96,1,0.798,
0.948,0.976,1,0.8,
0.92,0.921,1,0.796,
0.92,0.95,1,0.797,
0.949,0.96,1,0.803,
0.917,0.929,1,0.783,
0.933,0.963,0.984,0.808,
0.947,0.968,1,0.795,
0.934,0.96,1,0.809,
0.952,0.972,1,0.807,
0.899,0.882,1,0.814,
0.91,0.907,1,0.81,
0.931,0.951,1,0.789,
0.944,0.942,1,0.8,
0.928,0.964,1,0.799,
0.907,0.891,1,0.808,
0.974,0.992,1,0.816,
0.903,0.92,1,0.811,
0.958,0.971,1,0.807,
0.932,0.948,1,0.783,
0.93,0.935,1,0.775,
0.934,0.934,1,0.81,
0.924,0.96,1,0.789,
0.914,0.911,1,0.808,
0.927,0.939,1,0.793,
0.875,0.891,1,0.791,
0.936,0.97,1,0.801,
0.922,0.957,1,0.806,
0.908,0.913,1,0.803,
0.879,0.869,0.961,0.807,
0.962,0.982,1,0.807,
0.897,0.913,1,0.795,
0.879,0.857,0.991,0.811,
0.936,0.955,1,0.827,
0.929,0.932,1,0.824,
0.948,0.964,1,0.815,
0.899,0.921,1,0.784,
0.909,0.942,1,0.784,
0.939,0.958,1,0.791,
0.911,0.897,1,0.819,
0.922,0.93,1,0.797,
0.884,0.857,1,0.821,
0.926,0.956,1,0.791,
0.886,0.88,1,0.793,
0.908,0.915,1,0.806,
0.939,0.943,1,0.796,
0.915,0.903,1,0.806,
0.906,0.923,1,0.793,
0.966,0.982,1,0.809,
0.918,0.944,1,0.812,
0.901,0.903,1,0.788,
0.945,0.964,1,0.8,
0.951,0.971,1,0.803,
0.952,0.978,0.993,0.801,
0.924,0.946,1,0.801,
0.915,0.931,1,0.776,
0.922,0.932,1,0.805,
0.89,0.872,1,0.789,
0.95,0.965,1,0.795,
0.902,0.924,1,0.738,
0.94,0.959,1,0.816,
0.939,0.957,1,0.797,
0.893,0.905,1,0.817,
0.948,0.962,1,0.792,
0.924,0.931,1,0.807,
0.911,0.926,1,0.802,
0.893,0.893,1,0.82,
0.958,0.975,1,0.81,
0.901,0.919,1,0.781,
0.962,0.98,1,0.816,
0.87,0.829,1,0.757,
0.924,0.947,1,0.813,
0.928,0.954,1,0.8,
0.933,0.953,1,0.792,
0.882,0.875,1,0.787,
0.927,0.965,1,0.79,
0.921,0.948,1,0.792,
0.939,0.94,0.985,0.802,
0.954,0.97,1,0.792,
0.908,0.912,0.977,0.82,
0.946,0.976,1,0.793,
0.945,0.957,1,0.809,
0.913,0.91,1,0.801,
0.888,0.895,1,0.783,
0.929,0.946,1,0.802,
0.887,0.872,1,0.791,
0.922,0.933,1,0.808,
0.954,0.968,1,0.799,
0.918,0.925,1,0.799,
0.905,0.909,1,0.812,
0.903,0.927,1,0.794,
0.925,0.939,1,0.806,
0.91,0.939,1,0.78,
0.949,0.963,1,0.799,
0.889,0.912,1,0.775,
0.909,0.896,1,0.818,
0.944,0.953,1,0.812,
0.934,0.941,1,0.802,
0.952,0.961,1,0.795,
0.937,0.942,1,0.777,
0.889,0.919,1,0.77,
0.925,0.952,1,0.81,
0.925,0.942,1,0.803,
0.935,0.961,1,0.825,
0.935,0.967,1,0.8,
0.965,0.978,1,0.816,
0.954,0.966,1,0.803,
0.873,0.871,1,0.766,
0.912,0.958,1,0.719,
0.901,0.911,1,0.789,
0.933,0.948,1,0.796,
0.863,0.855,1,0.769,
0.929,0.946,1,0.81,
0.953,0.968,1,0.815,
0.905,0.915,1,0.757,
0.953,0.977,1,0.808,
0.932,0.951,1,0.8,
0.936,0.952,1,0.799,
0.94,0.94,1,0.801,
0.943,0.976,1,0.804,
0.931,0.954,1,0.802,
0.94,0.95,1,0.802,
0.924,0.938,1,0.793,
0.934,0.946,1,0.793,
0.956,0.974,1,0.8,
0.95,0.968,1,0.805,
0.952,0.964,1,0.806,
0.954,0.971,1,0.802,
0.914,0.925,1,0.809,
0.89,0.899,1,0.792,
0.928,0.953,1,0.806,
0.942,0.942,1,0.792,
0.92,0.927,1,0.809,
0.947,0.972,1,0.808,
0.928,0.939,1,0.796,
0.93,0.951,1,0.791,
0.862,0.843,1,0.782,
0.911,0.927,1,0.774,
0.9,0.901,1,0.806,
0.934,0.944,1,0.799,
0.917,0.934,1,0.807,
0.946,0.96,1,0.802,
0.944,0.96,1,0.799,
0.936,0.952,1,0.805,
0.934,0.953,1,0.812,
0.933,0.944,1,0.796,
0.939,0.958,1,0.805,
0.948,0.972,1,0.784,
0.909,0.923,1,0.8,
0.916,0.924,1,0.776,
0.93,0.936,0.993,0.798,
0.927,0.944,1,0.782,
0.916,0.93,1,0.8,
0.948,0.959,1,0.796,
0.94,0.956,1,0.802,
0.927,0.962,1,0.778,
0.91,0.932,1,0.798,
0.896,0.919,1,0.796,
0.932,0.94,0.999,0.821,
0.875,0.871,1,0.787,
0.906,0.927,1,0.805,
0.931,0.945,0.994,0.823,
0.958,0.978,1,0.806,
0.94,0.96,1,0.803,
0.937,0.961,1,0.798,
0.934,0.951,1,0.791,
0.911,0.901,1,0.821,
0.919,0.934,1,0.79,
0.95,0.976,1,0.806,
0.849,0.843,1,0.718,
0.937,0.953,1,0.794,
0.939,0.942,1,0.802,
0.923,0.931,1,0.805,
0.939,0.948,1,0.802,
0.948,0.967,1,0.804,
0.947,0.964,1,0.807,
0.907,0.921,1,0.79,
0.929,0.935,1,0.823,
0.911,0.923,1,0.804,
0.951,0.978,1,0.801,
0.929,0.953,1,0.787,
0.936,0.962,0.997,0.801,
0.914,0.916,0.995,0.796,
0.95,0.958,1,0.808,
0.92,0.919,1,0.8,
0.884,0.9,1,0.77,
0.938,0.962,1,0.793,
0.896,0.876,0.999,0.826,
0.896,0.881,1,0.775,
0.939,0.976,1,0.797,
0.855,0.838,1,0.771,
0.894,0.895,1,0.805,
0.944,0.954,1,0.799,
0.895,0.913,1,0.789,
0.943,0.958,1,0.786,
0.956,0.966,1,0.819,
0.929,0.948,1,0.802,
0.935,0.95,1,0.806,
0.911,0.915,1,0.772,
0.93,0.946,1,0.794,
0.889,0.913,1,0.769,
0.925,0.942,1,0.805,
0.895,0.885,1,0.813,
0.942,0.968,1,0.796,
0.912,0.917,1,0.802,
0.926,0.939,1,0.802,
0.936,0.949,1,0.804,
0.89,0.877,1,0.789,
0.89,0.89,1,0.805,
0.918,0.921,1,0.812,
0.919,0.934,1,0.777,
0.933,0.953,1,0.801,
0.913,0.938,1,0.797,
0.918,0.928,0.989,0.796,
0.891,0.916,1,0.787,
0.929,0.955,1,0.795,
0.918,0.948,1,0.802,
0.879,0.857,1,0.791,
0.908,0.922,1,0.801,
0.941,0.978,1,0.818,
0.922,0.956,1,0.826,
0.944,0.953,1,0.794,
0.877,0.898,1,0.743,
0.906,0.915,1,0.783,
0.928,0.954,1,0.793,
0.955,0.966,1,0.799,
0.909,0.915,1,0.803,
0.95,0.964,1,0.799,
0.918,0.927,1,0.806,
0.948,0.96,1,0.794,
0.885,0.891,1,0.779,
0.932,0.942,1,0.788,
0.925,0.944,1,0.797,
0.951,0.962,1,0.815,
0.908,0.923,1,0.777,
0.955,0.97,0.996,0.813,
0.964,0.986,1,0.798,
0.911,0.909,1,0.808,
0.906,0.899,1,0.789,
0.944,0.948,1,0.822,
0.953,0.98,1,0.794,
0.955,0.972,1,0.811,
0.908,0.94,1,0.792,
0.897,0.896,1,0.791,
0.905,0.901,1,0.789,
0.949,0.966,1,0.812,
0.928,0.967,1,0.791,
0.911,0.94,1,0.797,
0.953,0.968,1,0.798,
0.949,0.968,1,0.794,
0.959,0.98,1,0.81,
0.947,0.968,1,0.802,
0.944,0.956,1,0.821,
0.963,0.982,1,0.798,
0.971,0.986,1,0.812,
0.952,0.972,1,0.806,
0.949,0.957,1,0.798,
0.95,0.985,1,0.807,
0.944,0.967,1,0.821,
0.956,0.963,1,0.821,
0.956,0.97,1,0.804,
0.956,0.97,1,0.801,
0.894,0.904,1,0.802,
0.938,0.948,0.992,0.827,
0.927,0.968,1,0.8,
0.962,0.979,1,0.803,
0.928,0.939,0.985,0.791,
0.936,0.966,1,0.799,
0.928,0.931,1,0.787,
0.922,0.948,1,0.807,
0.953,0.972,1,0.798,
0.935,0.946,1,0.786,
0.904,0.913,1,0.805,
0.882,0.879,1,0.788,
0.931,0.939,1,0.794,
0.953,0.972,1,0.791,
0.933,0.962,1,0.816,
0.954,0.978,1,0.799,
0.939,0.942,0.995,0.812,
0.948,0.96,1,0.799,
0.949,0.958,1,0.797,
0.926,0.944,1,0.809,
0.957,0.978,1,0.806,
0.895,0.9,1,0.795,
0.936,0.967,1,0.812,
0.922,0.93,1,0.809,
0.911,0.933,1,0.79,
0.955,0.975,1,0.813,
0.933,0.958,1,0.801,
0.929,0.946,1,0.788,
0.932,0.955,1,0.789,
0.95,0.967,1,0.805,
0.918,0.942,1,0.809,
0.908,0.916,1,0.793,
0.942,0.971,1,0.819,
0.882,0.869,1,0.789,
0.93,0.951,1,0.805,
0.933,0.96,1,0.797,
0.936,0.95,1,0.806,
0.916,0.927,1,0.808,
0.929,0.936,1,0.826,
0.918,0.913,0.999,0.82,
0.951,0.97,1,0.8,
0.927,0.95,1,0.795,
0.947,0.972,1,0.811,
0.96,0.978,1,0.803,
0.948,0.956,1,0.799,
0.931,0.956,1,0.798,
0.862,0.815,1,0.772,
0.941,0.958,1,0.789,
0.927,0.954,1,0.795,
0.903,0.901,1,0.792,
0.954,0.974,1,0.814,
0.933,0.962,1,0.806,
0.933,0.95,1,0.803,
0.882,0.909,1,0.75,
0.926,0.948,1,0.792,
0.911,0.918,1,0.805,
0.933,0.925,1,0.802,
0.879,0.854,1,0.788,
0.837,0.808,0.994,0.764,
0.908,0.93,1,0.785,
0.905,0.908,1,0.8,
0.953,0.964,1,0.798,
0.928,0.965,1,0.815,
0.915,0.947,1,0.815,
0.956,0.978,1,0.807,
0.87,0.858,1,0.777,
0.951,0.962,1,0.802,
0.924,0.935,1,0.786,
0.922,0.948,1,0.795,
0.931,0.943,1,0.793,
0.904,0.882,0.997,0.815,
0.956,0.969,1,0.804,
0.947,0.954,1,0.79,
0.925,0.94,1,0.801,
0.927,0.933,1,0.799,
0.909,0.947,1,0.774,
0.887,0.893,1,0.779,
0.945,0.965,1,0.811,
0.89,0.895,1,0.784,
0.97,0.991,1,0.818,
0.932,0.948,1,0.808,
0.907,0.907,1,0.801,
0.853,0.817,1,0.77,
0.93,0.972,1,0.805,
0.93,0.954,0.99,0.816,
0.909,0.927,1,0.789,
0.912,0.933,0.996,0.814,
0.924,0.958,1,0.783,
0.97,0.988,1,0.812,
0.935,0.962,1,0.797,
0.933,0.954,1,0.8,
0.934,0.97,1,0.798,
0.861,0.853,1,0.79,
0.894,0.925,1,0.762,
0.888,0.894,1,0.8,
0.944,0.966,0.995,0.794,
0.935,0.946,1,0.813,
0.943,0.962,1,0.794,
0.943,0.974,1,0.808,
0.906,0.931,1,0.808,
0.914,0.926,1,0.822,
0.902,0.896,1,0.801,
0.918,0.922,1,0.796,
0.929,0.95,1,0.814,
0.909,0.939,1,0.794,
0.9,0.887,1,0.809,
0.928,0.948,1,0.794,
0.953,0.967,1,0.813,
0.896,0.909,1,0.764,
0.872,0.833,1,0.813,
0.95,0.958,1,0.802,
0.933,0.939,1,0.807,
0.974,0.99,1,0.81,
0.892,0.891,1,0.804,
0.85,0.815,1,0.773,
0.916,0.927,1,0.795,
0.916,0.938,0.999,0.807,
0.953,0.97,1,0.802,
0.938,0.957,1,0.805,
0.961,0.981,1,0.796,
0.906,0.911,1,0.805,
0.949,0.968,1,0.798,
0.939,0.968,1,0.802,
0.917,0.923,1,0.782,
0.909,0.903,1,0.801,
0.875,0.897,1,0.749,
0.896,0.909,1,0.804,
0.925,0.936,1,0.797,
0.944,0.952,1,0.8,
0.928,0.941,1,0.794,
0.924,0.927,1,0.814,
0.928,0.936,1,0.797,
0.911,0.912,1,0.82,
0.885,0.877,1,0.8,
0.946,0.96,1,0.797,
0.943,0.954,1,0.791,
0.935,0.96,1,0.797,
0.925,0.952,1,0.807,
0.889,0.899,0.966,0.797,
0.93,0.929,0.999,0.834,
0.929,0.946,1,0.807,
0.963,0.978,1,0.807,
0.852,0.845,1,0.74,
0.934,0.954,1,0.797,
0.944,0.966,1,0.804,
0.911,0.928,1,0.796,
0.912,0.919,1,0.821,
0.941,0.958,1,0.803,
0.922,0.944,1,0.799,
0.904,0.939,1,0.797,
0.937,0.938,1,0.802,
0.905,0.946,1,0.787,
0.906,0.894,1,0.801,
0.938,0.953,1,0.801,
0.928,0.953,1,0.799,
0.95,0.964,1,0.811,
0.913,0.938,1,0.816,
0.886,0.888,1,0.793,
0.908,0.928,1,0.812,
0.957,0.968,1,0.801,
0.89,0.888,1,0.78,
0.929,0.938,1,0.798,
0.902,0.917,1,0.798,
0.929,0.955,1,0.809,
0.934,0.948,1,0.819,
0.961,0.98,1,0.797,
0.941,0.952,1,0.79,
0.942,0.97,1,0.798,
0.964,0.98,1,0.805,
0.93,0.936,1,0.782,
0.96,0.974,1,0.809,
0.867,0.862,1,0.725,
0.936,0.956,1,0.798,
0.938,0.945,1,0.83,
0.959,0.982,1,0.808,
0.955,0.974,1,0.803,
0.885,0.902,1,0.789,
0.935,0.948,1,0.786,
0.904,0.911,1,0.807,
0.93,0.94,1,0.821,
0.907,0.917,1,0.784,
0.96,0.986,1,0.804,
0.909,0.946,1,0.79,
0.935,0.956,1,0.8,
0.879,0.889,1,0.788,
0.906,0.902,1,0.79,
0.945,0.952,1,0.8,
0.906,0.93,1,0.797,
0.911,0.92,1,0.806,
0.928,0.925,1,0.851,
0.919,0.931,1,0.796,
0.928,0.946,1,0.806,
0.849,0.816,1,0.775,
0.901,0.921,0.992,0.8,
0.965,0.984,1,0.817,
0.928,0.938,1,0.795,
0.948,0.966,1,0.799,
0.927,0.944,1,0.784,
0.956,0.972,1,0.802,
0.951,0.971,1,0.798,
0.941,0.956,1,0.801,
0.926,0.941,1,0.799,
0.92,0.937,1,0.792,
0.947,0.962,1,0.817,
0.944,0.958,1,0.793,
0.944,0.958,1,0.793,
0.931,0.942,1,0.807,
0.927,0.938,0.997,0.81,
0.944,0.956,1,0.797,
0.969,0.994,1,0.815,
0.935,0.948,1,0.792,
0.933,0.951,1,0.806,
0.916,0.935,1,0.794,
0.927,0.925,1,0.834,
0.952,0.96,1,0.807,
0.958,0.98,1,0.82,
0.943,0.971,1,0.812,
0.928,0.938,1,0.805,
0.875,0.847,0.998,0.793,
0.909,0.919,1,0.782,
0.931,0.942,1,0.807,
0.938,0.956,1,0.797,
0.937,0.954,1,0.803,
0.925,0.954,1,0.801,
0.897,0.913,1,0.791,
0.918,0.925,1,0.79,
0.899,0.883,0.996,0.822,
0.92,0.938,1,0.799,
0.93,0.929,1,0.787,
0.948,0.966,1,0.794,
0.913,0.914,1,0.788,
0.928,0.941,1,0.807,
0.911,0.907,1,0.783,
0.903,0.913,1,0.782,
0.947,0.984,1,0.801,
0.927,0.954,1,0.797,
0.925,0.93,1,0.793,
0.954,0.968,1,0.793,
0.909,0.933,1,0.795,
0.938,0.954,1,0.793,
0.937,0.934,1,0.811,
0.922,0.942,1,0.792,
0.936,0.954,1,0.796,
0.916,0.932,1,0.794,
0.929,0.948,1,0.808,
0.932,0.956,1,0.809,
0.927,0.948,1,0.783,
0.877,0.855,1,0.822,
0.913,0.923,0.985,0.81,
0.931,0.939,1,0.795,
0.904,0.905,1,0.812,
0.896,0.903,1,0.786,
0.886,0.875,1,0.789,
0.944,0.959,1,0.822,
0.927,0.951,1,0.815,
0.934,0.962,1,0.796,
0.948,0.96,1,0.801,
0.917,0.936,1,0.809,
0.938,0.947,1,0.804,
0.945,0.952,1,0.799,
0.924,0.925,1,0.799,
0.953,0.965,1,0.802,
0.942,0.966,1,0.797,
0.924,0.934,1,0.785,
0.899,0.925,0.985,0.788,
0.934,0.947,1,0.787,
0.953,0.966,1,0.805,
0.944,0.963,1,0.801,
0.897,0.889,1,0.816,
0.94,0.959,1,0.795,
0.934,0.946,1,0.796,
0.948,0.964,1,0.801,
0.932,0.944,1,0.778,
0.943,0.958,1,0.79,
0.959,0.983,1,0.8,
0.955,0.974,1,0.796,
0.932,0.957,1,0.787,
0.944,0.962,1,0.781,
0.931,0.974,1,0.794,
0.935,0.944,1,0.799,
0.951,0.976,1,0.792,
0.952,0.966,1,0.789,
0.916,0.909,1,0.829,
0.953,0.986,1,0.78,
0.955,0.98,1,0.792,
0.92,0.929,1,0.781,
0.954,0.97,1,0.798,
0.942,0.948,1,0.81,
0.88,0.891,1,0.775,
0.948,0.962,1,0.797,
0.952,0.965,1,0.789,
0.914,0.936,1,0.822,
0.944,0.961,1,0.792,
0.947,0.96,1,0.795,
0.898,0.89,1,0.812,
0.945,0.97,1,0.802,
0.902,0.896,1,0.802,
0.951,0.973,1,0.796,
0.935,0.962,1,0.789,
0.951,0.974,1,0.786,
0.94,0.962,1,0.793,
0.926,0.946,1,0.806,
0.959,0.97,1,0.797,
0.887,0.883,1,0.778,
0.915,0.917,1,0.8,
0.93,0.959,1,0.793,
0.915,0.921,1,0.82,
0.882,0.865,1,0.816,
0.969,0.988,1,0.794,
0.9,0.883,1,0.794,
0.934,0.961,1,0.777,
0.935,0.958,0.988,0.788,
0.912,0.924,1,0.803,
0.956,0.978,1,0.798,
0.97,0.994,1,0.806,
0.964,0.98,1,0.795,
0.938,0.965,1,0.799,
0.972,0.988,1,0.807,
0.958,0.975,1,0.81,
0.937,0.938,1,0.797,
0.943,0.949,1,0.789,
0.971,0.99,1,0.798,
0.932,0.947,1,0.802,
0.946,0.97,1,0.794,
0.952,0.96,1,0.786,
0.969,0.988,1,0.798,
0.937,0.947,1,0.815,
0.965,0.986,1,0.787,
0.919,0.933,1,0.788,
0.924,0.943,1,0.789,
0.941,0.952,1,0.799,
0.933,0.95,1,0.801,
0.92,0.921,1,0.814,
0.968,0.99,1,0.802,
0.882,0.879,1,0.734,
0.95,0.964,1,0.8,
0.959,0.976,1,0.794,
0.942,0.962,1,0.795,
0.927,0.945,1,0.797,
0.967,0.991,1,0.799,
0.903,0.907,1,0.79,
0.958,0.976,1,0.8,
0.967,0.987,1,0.806,
0.879,0.883,1,0.726,
0.898,0.89,1,0.796,
0.946,0.962,1,0.774,
0.965,0.988,1,0.797,
0.97,0.991,1,0.805,
0.958,0.982,1,0.788,
0.956,0.978,1,0.784,
0.903,0.921,0.989,0.799,
0.96,0.976,1,0.804,
0.94,0.959,1,0.782,
0.894,0.905,1,0.736,
0.96,0.978,1,0.799,
0.964,0.99,1,0.805,
0.955,0.968,1,0.789,
0.93,0.925,1,0.811,
0.947,0.953,1,0.782,
0.93,0.949,1,0.792,
0.953,0.975,1,0.793,
0.931,0.941,0.998,0.804,
0.915,0.941,1,0.8,
0.945,0.952,1,0.792,
0.899,0.887,1,0.803,
0.964,0.982,1,0.802,
0.906,0.935,1,0.818,
0.953,0.989,1,0.778,
0.925,0.964,1,0.799,
0.95,0.963,1,0.779,
0.965,0.981,1,0.797,
0.963,0.978,1,0.803,
0.936,0.969,1,0.788,
0.948,0.981,1,0.788,
0.892,0.92,0.993,0.766,
0.959,0.98,1,0.79,
0.959,0.978,1,0.798,
0.94,0.958,1,0.784,
0.958,0.974,1,0.789,
0.936,0.956,1,0.805,
0.964,0.98,1,0.806,
0.891,0.886,1,0.782,
0.965,0.99,1,0.794,
0.896,0.889,1,0.827,
0.972,0.993,1,0.794,
0.956,0.975,1,0.791,
0.912,0.903,1,0.799,
0.941,0.956,1,0.79,
0.89,0.883,0.995,0.807,
0.921,0.934,1,0.799,
0.934,0.938,1,0.79,
0.936,0.938,1,0.797,
0.957,0.992,1,0.781,
0.952,0.978,1,0.808,
0.942,0.949,1,0.785,
0.873,0.861,1,0.752,
0.893,0.889,1,0.807,
0.946,0.978,1,0.795,
0.972,0.999,1,0.802,
0.896,0.913,1,0.742,
0.939,0.949,1,0.78,
0.919,0.944,1,0.775,
0.94,0.949,1,0.782,
0.931,0.96,1,0.798,
0.962,0.982,1,0.788,
0.888,0.869,1,0.813,
0.965,0.982,1,0.796,
0.948,0.982,1,0.789,
0.937,0.956,1,0.778,
0.907,0.907,0.988,0.796,
0.941,0.96,1,0.79,
0.962,0.981,1,0.8,
0.931,0.942,1,0.787,
0.936,0.964,1,0.787,
0.913,0.885,1,0.819,
0.964,0.977,1,0.801,
0.949,0.964,1,0.781,
0.927,0.944,1,0.795,
0.935,0.947,1,0.797,
0.942,0.958,1,0.79,
0.947,0.96,1,0.803,
0.96,0.99,1,0.799,
0.911,0.94,1,0.787,
0.893,0.917,1,0.756,
0.924,0.929,1,0.796,
0.961,0.977,1,0.8,
0.91,0.917,1,0.805,
0.932,0.931,1,0.786,
0.941,0.96,1,0.783,
0.936,0.968,1,0.797,
0.973,0.992,1,0.805,
0.953,0.963,1,0.792,
0.968,0.986,1,0.814,
0.959,0.974,1,0.795,
0.952,0.977,1,0.781,
0.915,0.942,1,0.79,
0.957,0.974,1,0.8,
0.901,0.915,1,0.796,
0.947,0.97,1,0.794,
0.963,0.982,1,0.805,
0.965,0.994,1,0.804,
0.948,0.974,1,0.786,
0.955,0.974,1,0.796,
0.931,0.943,1,0.794,
0.863,0.894,0.952,0.754,
0.932,0.964,1,0.764,
0.878,0.873,1,0.779,
0.939,0.949,1,0.786,
0.943,0.956,1,0.801,
0.974,0.998,1,0.799,
0.933,0.962,1,0.803,
0.867,0.875,1,0.722,
0.893,0.899,1,0.752,
0.963,0.974,1,0.811,
0.95,0.957,1,0.8,
0.957,0.972,1,0.798,
0.934,0.978,1,0.798,
0.946,0.957,1,0.788,
0.941,0.956,1,0.789,
0.943,0.97,1,0.794,
0.962,0.976,1,0.796,
0.926,0.946,1,0.788,
0.955,0.974,1,0.797,
0.963,0.983,1,0.793,
0.959,0.977,1,0.798,
0.927,0.939,1,0.793,
0.963,0.986,1,0.786,
0.933,0.95,1,0.794,
0.962,0.987,1,0.803,
0.956,0.978,1,0.798,
0.938,0.945,1,0.788,
0.923,0.962,1,0.707,
0.947,0.956,1,0.816,
0.949,0.957,1,0.793,
0.971,0.995,1,0.795,
0.92,0.943,1,0.799,
0.954,0.964,1,0.794,
0.947,0.971,1,0.799,
0.958,0.982,1,0.801,
0.951,0.973,1,0.801,
0.949,0.96,1,0.784,
0.948,0.967,1,0.803,
0.919,0.923,1,0.794,
0.964,0.978,1,0.798,
0.937,0.962,1,0.795,
0.938,0.984,1,0.789,
0.939,0.953,1,0.799,
0.967,0.99,1,0.809,
0.962,0.98,1,0.798,
0.939,0.96,1,0.805,
0.944,0.96,1,0.779,
0.937,0.956,1,0.807,
0.925,0.94,1,0.8,
0.955,0.982,1,0.805,
0.967,0.989,1,0.796,
0.96,0.98,1,0.794,
0.921,0.952,1,0.797,
0.955,0.967,1,0.794,
0.928,0.95,1,0.793,
0.942,0.956,1,0.809,
0.953,0.967,1,0.799,
0.934,0.955,1,0.804,
0.94,0.946,1,0.816,
0.943,0.948,1,0.801,
0.957,0.97,1,0.797,
0.92,0.935,1,0.786,
0.899,0.907,1,0.808,
0.953,0.976,1,0.788,
0.931,0.942,1,0.843,
0.917,0.937,1,0.818,
0.924,0.924,1,0.771,
0.921,0.922,1,0.795,
0.927,0.954,1,0.795,
0.885,0.905,1,0.757,
0.953,0.974,1,0.786,
0.912,0.919,1,0.795,
0.904,0.907,1,0.794,
0.917,0.936,1,0.814,
0.927,0.952,1,0.794,
0.953,0.976,1,0.794,
0.943,0.96,1,0.801,
0.959,0.981,1,0.793,
0.903,0.914,1,0.78,
0.946,0.972,1,0.794,
0.954,0.969,1,0.801,
0.957,0.986,1,0.798,
0.945,0.95,1,0.797,
0.927,0.95,1,0.783,
0.9,0.905,0.997,0.812,
0.958,0.977,1,0.797,
0.927,0.94,1,0.783,
0.911,0.908,1,0.79,
0.962,0.986,1,0.799,
0.93,0.954,1,0.799,
0.966,0.995,1,0.791,
0.953,0.976,1,0.778,
0.936,0.948,1,0.799,
0.941,0.956,1,0.801,
0.96,0.973,1,0.805,
0.951,0.969,1,0.793,
0.94,0.948,1,0.792,
0.946,0.973,1,0.798,
0.93,0.946,1,0.795,
0.914,0.923,1,0.797,
0.909,0.928,1,0.772,
0.917,0.941,1,0.791,
0.947,0.962,1,0.796,
0.951,0.967,1,0.797,
0.927,0.935,1,0.788,
0.958,0.974,1,0.793,
0.921,0.964,1,0.779,
0.945,0.968,1,0.794,
0.967,0.986,1,0.799,
0.961,0.98,1,0.8,
0.943,0.95,1,0.793,
0.945,0.966,1,0.786,
0.956,0.974,1,0.793,
0.93,0.962,1,0.783,
0.939,0.955,1,0.801,
0.952,0.98,1,0.799,
0.941,0.948,1,0.787,
0.92,0.927,1,0.782,
0.963,0.984,1,0.792,
0.967,0.987,1,0.799,
0.945,0.958,1,0.804,
0.913,0.905,1,0.782,
0.927,0.939,1,0.825,
0.925,0.935,1,0.767,
0.876,0.855,1,0.78,
0.917,0.919,1,0.818,
0.968,0.986,1,0.798,
0.949,0.961,1,0.803,
0.941,0.957,1,0.796,
0.897,0.899,1,0.782,
0.916,0.927,1,0.826,
0.947,0.963,1,0.796,
0.95,0.968,1,0.787,
0.919,0.929,1,0.779,
0.954,0.972,1,0.794,
0.923,0.931,1,0.774,
0.944,0.964,1,0.791,
0.92,0.939,1,0.799,
0.921,0.931,1,0.806,
0.946,0.96,1,0.798,
0.938,0.95,1,0.8,
0.916,0.899,1,0.806,
0.957,0.973,1,0.786,
0.935,0.956,1,0.79,
0.932,0.946,1,0.791,
0.965,0.985,1,0.795,
0.898,0.904,1,0.789,
0.872,0.861,1,0.781,
0.961,0.98,1,0.799,
0.9,0.913,1,0.784,
0.965,0.998,1,0.802,
0.935,0.954,1,0.803,
0.97,0.992,1,0.794,
0.953,0.976,1,0.787,
0.937,0.964,1,0.788,
0.927,0.931,0.992,0.827,
0.974,0.994,1,0.797,
0.942,0.964,1,0.782,
0.93,0.946,1,0.8,
0.956,0.972,1,0.789,
0.923,0.947,1,0.793,
0.962,0.988,1,0.797,
0.937,0.956,1,0.813,
0.948,0.968,1,0.788,
0.934,0.954,1,0.798,
0.966,0.995,1,0.796,
0.916,0.92,1,0.798,
0.9,0.897,0.992,0.794,
0.95,0.967,1,0.791,
0.959,0.987,1,0.799,
0.893,0.903,1,0.75,
0.917,0.926,1,0.795,
0.909,0.911,0.995,0.821,
0.969,0.99,1,0.791,
0.962,0.976,1,0.799,
0.968,0.995,1,0.797,
0.859,0.849,0.968,0.713,
0.899,0.909,1,0.793,
0.974,0.994,1,0.806,
0.923,0.936,1,0.796,
0.946,0.95,1,0.808,
0.945,0.966,1,0.784,
0.944,0.966,1,0.805,
0.96,0.975,1,0.797,
0.915,0.913,1,0.788,
0.934,0.952,1,0.793,
0.866,0.871,1,0.76,
0.917,0.96,1,0.779,
0.948,0.962,1,0.804,
0.963,0.987,1,0.79,
0.949,0.967,1,0.804,
0.932,0.941,1,0.812,
0.909,0.897,1,0.791,
0.895,0.885,1,0.802,
0.887,0.906,1,0.697,
0.917,0.94,1,0.751,
0.927,0.934,1,0.802,
0.944,0.959,1,0.801,
0.95,0.951,1,0.797,
0.932,0.942,1,0.795,
0.953,0.965,1,0.795,
0.903,0.885,1,0.794,
0.941,0.952,1,0.795,
0.947,0.967,1,0.8,
0.917,0.959,1,0.799,
0.934,0.959,1,0.777,
0.928,0.94,1,0.808,
0.923,0.923,1,0.812,
0.956,0.968,1,0.793,
0.92,0.937,1,0.807,
0.915,0.907,1,0.805,
0.937,0.966,0.992,0.801,
0.929,0.942,0.999,0.803,
0.934,0.952,1,0.784,
0.926,0.931,1,0.8,
0.904,0.911,1,0.809,
0.949,0.974,1,0.798,
0.926,0.928,1,0.799,
0.923,0.935,1,0.811,
0.927,0.957,1,0.809,
0.953,0.974,1,0.8,
0.885,0.889,1,0.761,
0.895,0.911,1,0.792,
0.942,0.946,1,0.791,
0.935,0.956,1,0.805,
0.939,0.954,1,0.793,
0.93,0.935,1,0.779,
0.916,0.9,1,0.826,
0.925,0.933,1,0.784,
0.934,0.94,1,0.794,
0.916,0.933,1,0.791,
0.926,0.925,1,0.801,
0.915,0.931,1,0.806,
0.95,0.972,0.999,0.814,
0.91,0.909,1,0.815,
0.894,0.884,1,0.797,
0.92,0.922,1,0.813,
0.909,0.941,1,0.795,
0.948,0.966,1,0.808,
0.903,0.925,1,0.8,
0.94,0.945,1,0.803,
0.926,0.948,1,0.801,
0.937,0.964,1,0.806,
0.92,0.95,0.998,0.803,
0.922,0.949,1,0.788,
0.928,0.933,1,0.807,
0.962,0.987,1,0.78,
0.905,0.899,1,0.814,
0.935,0.95,0.99,0.817,
0.934,0.952,1,0.795,
0.964,0.982,1,0.803,
0.957,0.975,1,0.801,
0.959,0.98,1,0.786,
0.964,0.988,1,0.798,
0.915,0.909,1,0.791,
0.949,0.964,1,0.801,
0.944,0.985,1,0.801,
0.961,0.984,1,0.808,
0.928,0.942,1,0.803,
0.928,0.957,1,0.793,
0.929,0.924,1,0.804,
0.919,0.942,1,0.812,
0.906,0.909,0.997,0.812,
0.883,0.898,1,0.791,
0.923,0.933,1,0.798,
0.932,0.928,1,0.796,
0.957,0.97,1,0.8,
0.939,0.954,0.992,0.799,
0.934,0.956,1,0.799,
0.922,0.931,1,0.805,
0.95,0.976,1,0.801,
0.929,0.965,1,0.766,
0.904,0.933,1,0.797,
0.929,0.946,1,0.811,
0.94,0.951,1,0.8,
0.949,0.978,1,0.798,
0.917,0.94,1,0.795,
0.891,0.893,1,0.781,
0.955,0.988,1,0.806,
0.961,0.976,1,0.797,
0.95,0.96,1,0.788,
0.914,0.913,1,0.779,
0.972,0.99,1,0.797,
0.957,0.972,1,0.808,
0.935,0.936,1,0.797,
0.946,0.972,1,0.773,
0.96,0.986,1,0.773,
0.925,0.951,1,0.826,
0.938,0.944,1,0.803,
0.951,0.96,1,0.802,
0.897,0.893,0.997,0.798,


0.896,0.908,0.947,0.792,
0.884,0.905,0.945,0.785,
0.912,0.929,0.978,0.795,
0.911,0.924,0.971,0.812,
0.862,0.857,0.95,0.798,
0.899,0.907,0.989,0.798,
0.875,0.887,0.947,0.798,
0.883,0.889,0.95,0.806,
0.871,0.877,0.952,0.785,
0.912,0.91,1,0.808,
0.912,0.929,0.956,0.795,
0.888,0.893,0.967,0.794,
0.901,0.927,0.98,0.776,
0.918,0.932,0.984,0.814,
0.93,0.94,0.993,0.811,
0.891,0.909,0.936,0.791,
0.92,0.931,0.976,0.801,
0.904,0.921,0.96,0.796,
0.832,0.827,0.947,0.758,
0.915,0.937,0.974,0.814,
0.88,0.893,0.949,0.804,
0.921,0.935,0.979,0.807,
0.85,0.865,0.887,0.787,
0.872,0.89,0.928,0.775,
0.89,0.883,0.977,0.81,
0.86,0.867,0.917,0.782,
0.896,0.909,0.958,0.808,
0.92,0.935,0.978,0.793,
0.863,0.881,0.907,0.791,
0.896,0.907,0.975,0.8,
0.903,0.921,0.955,0.808,
0.926,0.931,0.984,0.839,
0.898,0.892,1,0.805,
0.918,0.929,0.98,0.807,
0.892,0.911,0.939,0.795,
0.902,0.891,1,0.808,
0.935,0.941,0.985,0.828,
0.932,0.927,0.995,0.824,
0.923,0.944,0.999,0.795,
0.877,0.893,0.921,0.779,
0.872,0.878,0.972,0.795,
0.901,0.905,0.969,0.789,
0.886,0.909,0.947,0.812,
0.884,0.893,0.926,0.795,
0.883,0.881,0.926,0.823,
0.881,0.889,0.923,0.792,
0.869,0.887,0.951,0.767,
0.909,0.921,0.985,0.783,
0.924,0.936,0.996,0.798,
0.882,0.885,0.964,0.807,
0.86,0.861,0.93,0.794,
0.935,0.929,0.997,0.812,
0.901,0.919,0.958,0.811,
0.888,0.88,0.948,0.8,
0.897,0.91,0.961,0.804,
0.908,0.919,0.956,0.802,
0.893,0.895,1,0.799,
0.882,0.903,0.943,0.804,
0.875,0.88,0.927,0.775,
0.915,0.933,0.966,0.805,
0.898,0.931,0.965,0.768,
0.869,0.888,0.918,0.795,
0.903,0.927,0.994,0.765,
0.881,0.891,0.971,0.805,
0.92,0.94,0.969,0.796,
0.914,0.924,0.965,0.818,
0.897,0.908,0.94,0.794,
0.882,0.907,0.955,0.725,
0.887,0.887,0.959,0.809,
0.934,0.95,0.976,0.821,
0.908,0.917,0.971,0.804,
0.874,0.859,0.986,0.803,
0.944,0.961,0.993,0.816,
0.891,0.896,0.968,0.793,
0.906,0.917,0.977,0.812,
0.886,0.887,0.944,0.804,
0.86,0.849,0.961,0.789,
0.898,0.905,0.953,0.821,
0.874,0.893,0.949,0.76,
0.867,0.874,0.905,0.792,
0.92,0.915,1,0.803,
0.875,0.887,0.939,0.792,
0.923,0.926,1,0.82,
0.903,0.914,0.976,0.794,
0.917,0.928,0.979,0.804,
0.889,0.892,0.964,0.805,
0.863,0.856,0.932,0.783,
0.873,0.875,0.954,0.802,
0.911,0.911,0.983,0.795,
0.916,0.93,0.98,0.812,
0.917,0.927,0.991,0.8,
0.866,0.858,0.969,0.764,
0.876,0.895,0.929,0.739,
0.877,0.879,0.971,0.794,
0.892,0.904,0.954,0.785,
0.92,0.921,0.992,0.808,
0.905,0.929,0.962,0.796,
0.893,0.913,0.976,0.754,
0.879,0.871,0.958,0.809,
0.888,0.889,0.972,0.781,
0.866,0.871,0.919,0.8,
0.898,0.893,0.958,0.797,
0.876,0.898,0.92,0.777,
0.886,0.881,0.992,0.802,
0.911,0.921,0.955,0.809,
0.875,0.861,0.952,0.804,
0.9,0.901,0.95,0.824,
0.874,0.879,0.938,0.796,
0.905,0.909,0.988,0.808,
0.915,0.926,0.988,0.804,
0.885,0.887,0.953,0.796,
0.896,0.908,0.955,0.804,
0.871,0.875,0.927,0.792,
0.899,0.913,0.95,0.798,
0.897,0.901,0.941,0.815,
0.884,0.895,0.931,0.811,
0.905,0.915,0.971,0.782,
0.885,0.887,0.95,0.801,
0.927,0.946,0.975,0.807,
0.881,0.885,0.95,0.792,
0.884,0.903,0.963,0.777,
0.913,0.921,0.973,0.803,
0.905,0.911,0.978,0.801,
0.892,0.893,0.964,0.803,
0.892,0.899,0.959,0.788,
0.902,0.899,0.967,0.793,
0.895,0.936,0.954,0.772,
0.914,0.923,0.981,0.798,
0.929,0.944,0.98,0.804,
0.907,0.914,0.965,0.804,
0.913,0.927,0.981,0.802,
0.879,0.883,0.935,0.809,
0.862,0.879,0.944,0.768,
0.861,0.858,0.929,0.798,
0.883,0.894,0.916,0.793,
0.91,0.925,0.96,0.808,
0.904,0.899,0.981,0.808,
0.921,0.924,0.981,0.799,
0.867,0.864,0.929,0.789,
0.883,0.887,0.931,0.807,
0.885,0.892,0.934,0.774,
0.866,0.851,0.934,0.806,
0.904,0.909,0.946,0.799,
0.912,0.937,0.966,0.811,
0.923,0.934,0.992,0.797,
0.908,0.917,0.979,0.798,
0.905,0.907,0.979,0.8,
0.881,0.897,0.966,0.76,
0.892,0.899,0.954,0.797,
0.875,0.861,0.943,0.805,
0.85,0.853,0.895,0.781,
0.925,0.942,0.978,0.802,
0.869,0.871,0.989,0.806,
0.909,0.903,1,0.802,
0.883,0.885,0.955,0.804,
0.89,0.91,0.963,0.799,
0.911,0.927,0.972,0.794,
0.898,0.907,0.981,0.803,
0.866,0.879,0.913,0.778,
0.877,0.887,0.919,0.797,
0.916,0.929,1,0.803,
0.919,0.898,1,0.821,
0.854,0.857,0.908,0.786,
0.914,0.907,0.993,0.806,
0.899,0.901,1,0.822,
0.924,0.936,0.985,0.808,
0.909,0.909,0.981,0.802,
0.873,0.882,0.956,0.797,
0.887,0.888,0.954,0.793,
0.89,0.889,0.975,0.818,
0.864,0.865,0.938,0.794,
0.873,0.889,0.901,0.806,
0.886,0.883,0.945,0.804,
0.88,0.895,0.969,0.793,
0.897,0.907,0.976,0.775,
0.903,0.916,0.986,0.812,
0.883,0.901,0.938,0.778,
0.901,0.891,0.974,0.805,
0.888,0.881,0.946,0.808,
0.884,0.868,0.968,0.79,
0.894,0.899,0.972,0.823,
0.877,0.881,0.913,0.804,
0.908,0.914,0.951,0.805,
0.89,0.881,0.967,0.814,
0.937,0.955,1,0.8,
0.926,0.93,1,0.793,
0.896,0.905,0.965,0.806,
0.88,0.877,0.969,0.8,
0.841,0.829,0.95,0.77,
0.923,0.94,0.972,0.796,
0.909,0.911,1,0.822,
0.853,0.853,0.936,0.772,
0.895,0.909,0.97,0.77,
0.866,0.869,0.918,0.785,
0.909,0.923,0.971,0.804,
0.899,0.923,0.952,0.8,
0.87,0.875,0.918,0.788,
0.871,0.885,0.945,0.79,
0.927,0.948,0.981,0.818,
0.893,0.907,0.964,0.802,
0.904,0.901,0.981,0.81,
0.849,0.846,0.94,0.772,
0.888,0.897,0.966,0.772,
0.869,0.885,0.914,0.783,
0.899,0.906,0.978,0.798,
0.862,0.865,0.908,0.813,
0.909,0.921,0.953,0.797,
0.881,0.887,0.949,0.801,
0.899,0.907,0.985,0.802,
0.881,0.875,0.951,0.799,
0.881,0.89,0.934,0.794,
0.878,0.887,0.961,0.773,
0.903,0.903,0.981,0.814,
0.862,0.873,0.949,0.78,
0.882,0.889,0.981,0.784,
0.915,0.932,0.977,0.8,
0.898,0.902,1,0.806,
0.863,0.85,0.94,0.776,
0.884,0.897,0.915,0.795,
0.895,0.907,0.958,0.802,
0.852,0.861,0.947,0.749,
0.856,0.863,0.905,0.788,
0.906,0.915,0.955,0.818,
0.912,0.918,0.987,0.825,
0.898,0.913,0.937,0.794,
0.872,0.861,0.966,0.808,
0.847,0.837,0.959,0.761,
0.889,0.886,0.972,0.79,
0.925,0.937,0.985,0.799,
0.875,0.883,0.93,0.807,
0.906,0.923,0.971,0.798,
0.903,0.911,0.973,0.813,
0.899,0.907,0.965,0.795,
0.899,0.921,0.964,0.786,
0.856,0.865,0.904,0.787,
0.915,0.911,0.974,0.795,
0.935,0.948,0.986,0.814,
0.861,0.865,0.907,0.784,
0.911,0.909,1,0.812,
0.871,0.881,0.904,0.799,
0.893,0.902,0.955,0.807,
0.907,0.905,1,0.815,
0.898,0.889,0.992,0.801,
0.881,0.891,0.945,0.793,
0.906,0.938,0.999,0.785,
0.87,0.879,0.917,0.793,
0.912,0.919,0.984,0.792,
0.869,0.869,0.948,0.786,
0.905,0.935,0.974,0.797,
0.851,0.851,0.915,0.791,
0.902,0.913,0.977,0.797,
0.85,0.862,0.882,0.801,
0.906,0.911,0.961,0.793,
0.907,0.908,0.994,0.811,
0.894,0.921,0.964,0.797,
0.941,0.96,0.988,0.822,
0.912,0.928,0.989,0.799,
0.917,0.927,0.972,0.807,
0.918,0.937,0.974,0.806,
0.886,0.907,0.929,0.792,
0.902,0.918,0.958,0.807,
0.936,0.951,0.988,0.82,
0.908,0.912,0.972,0.821,
0.891,0.892,0.978,0.806,
0.894,0.909,0.943,0.801,
0.893,0.901,0.963,0.804,
0.936,0.938,1,0.826,
0.895,0.913,0.949,0.781,
0.899,0.913,0.94,0.801,
0.917,0.929,1,0.794,
0.921,0.921,0.972,0.797,
0.88,0.901,0.935,0.789,
0.906,0.926,0.965,0.803,
0.9,0.909,0.95,0.799,
0.887,0.891,0.947,0.783,
0.889,0.892,0.945,0.821,
0.844,0.818,0.985,0.774,
0.893,0.902,0.956,0.797,
0.892,0.901,0.958,0.797,
0.928,0.948,0.998,0.816,
0.877,0.875,0.956,0.8,
0.928,0.927,1,0.812,
0.903,0.917,0.966,0.8,
0.874,0.885,0.988,0.665,
0.905,0.909,0.986,0.808,
0.896,0.894,0.99,0.804,
0.885,0.891,0.937,0.805,
0.924,0.947,0.97,0.81,
0.88,0.873,0.963,0.808,
0.851,0.857,0.957,0.727,
0.919,0.916,0.983,0.812,
0.906,0.917,0.948,0.801,
0.874,0.894,0.948,0.78,
0.895,0.899,0.936,0.785,
0.89,0.895,0.927,0.808,
0.911,0.904,0.969,0.811,
0.855,0.855,0.929,0.765,
0.894,0.89,0.982,0.819,
0.866,0.859,0.924,0.789,
0.863,0.859,0.958,0.804,
0.878,0.875,0.984,0.799,
0.891,0.895,0.946,0.802,
0.882,0.873,0.987,0.763,
0.906,0.923,0.96,0.826,
0.906,0.908,1,0.82,
0.896,0.909,0.97,0.8,
0.895,0.909,0.941,0.811,
0.915,0.932,0.999,0.809,
0.926,0.948,0.982,0.802,
0.893,0.913,0.945,0.799,
0.887,0.89,0.935,0.797,
0.858,0.857,0.903,0.781,
0.896,0.9,0.954,0.791,
0.885,0.885,0.965,0.796,
0.889,0.892,0.947,0.791,
0.92,0.925,0.979,0.814,
0.913,0.92,0.977,0.802,
0.902,0.911,0.985,0.799,
0.866,0.872,0.926,0.79,
0.904,0.917,0.96,0.789,
0.899,0.885,0.978,0.809,
0.917,0.948,0.972,0.801,
0.88,0.875,0.947,0.797,
0.893,0.897,1,0.786,
0.89,0.898,0.968,0.786,
0.893,0.89,0.965,0.808,
0.889,0.889,0.99,0.795,
0.895,0.893,0.976,0.802,
0.887,0.861,0.989,0.807,
0.904,0.908,0.96,0.806,
0.897,0.89,0.967,0.828,
0.919,0.942,0.98,0.799,
0.899,0.909,0.945,0.785,
0.879,0.871,0.986,0.795,
0.911,0.919,0.959,0.793,
0.922,0.922,1,0.834,
0.87,0.879,0.906,0.804,
0.893,0.911,0.935,0.792,
0.895,0.901,0.983,0.804,
0.88,0.879,0.956,0.798,
0.883,0.873,0.969,0.804,
0.847,0.849,0.897,0.779,
0.914,0.927,0.982,0.813,
0.872,0.892,0.94,0.755,
0.905,0.913,0.963,0.815,
0.904,0.926,0.967,0.793,
0.91,0.922,0.995,0.813,
0.891,0.899,0.983,0.803,
0.907,0.917,0.975,0.802,
0.917,0.919,1,0.812,
0.879,0.883,0.959,0.79,
0.878,0.886,1,0.785,
0.904,0.935,0.976,0.783,
0.922,0.935,0.978,0.815,
0.922,0.929,0.986,0.803,
0.899,0.899,0.972,0.801,
0.879,0.894,0.912,0.795,
0.855,0.859,0.899,0.79,
0.871,0.883,0.922,0.789,
0.876,0.879,0.924,0.808,
0.887,0.903,1,0.735,
0.91,0.927,0.999,0.809,
0.905,0.904,0.955,0.793,
0.908,0.917,0.968,0.805,
0.904,0.909,0.993,0.808,
0.893,0.889,0.975,0.822,
0.869,0.867,0.941,0.804,
0.915,0.927,0.983,0.792,
0.894,0.906,0.939,0.815,
0.881,0.877,0.995,0.757,
0.905,0.925,0.984,0.783,
0.876,0.878,0.947,0.794,
0.89,0.892,0.968,0.809,
0.844,0.845,0.937,0.784,
0.864,0.871,0.929,0.814,
0.91,0.921,0.962,0.801,
0.871,0.877,0.943,0.801,
0.916,0.929,0.97,0.812,
0.895,0.917,0.952,0.789,
0.867,0.854,0.962,0.787,
0.905,0.909,0.976,0.795,
0.888,0.873,1,0.803,
0.884,0.899,0.931,0.802,
0.913,0.926,0.972,0.802,
0.874,0.876,0.917,0.797,
0.894,0.895,0.961,0.809,
0.896,0.915,0.944,0.802,
0.901,0.925,0.956,0.799,
0.881,0.896,0.955,0.779,
0.897,0.924,0.973,0.757,
0.888,0.867,0.984,0.808,
0.891,0.911,0.94,0.802,
0.917,0.935,0.979,0.796,
0.911,0.92,0.962,0.798,
0.904,0.911,0.974,0.793,
0.884,0.873,0.953,0.815,
0.892,0.895,0.948,0.795,
0.916,0.931,0.96,0.82,
0.862,0.855,0.937,0.8,
0.89,0.915,0.94,0.797,
0.891,0.913,0.948,0.792,
0.855,0.864,0.91,0.779,
0.888,0.894,0.97,0.808,
0.873,0.879,1,0.797,
0.9,0.895,1,0.834,
0.913,0.942,0.977,0.806,
0.912,0.934,0.966,0.808,
0.868,0.865,0.993,0.807,
0.889,0.889,0.965,0.796,
0.914,0.93,0.978,0.804,
0.88,0.892,0.925,0.8,
0.851,0.833,0.919,0.8,
0.892,0.89,0.958,0.801,
0.884,0.896,0.943,0.789,
0.87,0.87,0.931,0.796,
0.924,0.931,0.998,0.801,
0.894,0.892,0.97,0.801,
0.878,0.871,0.95,0.799,
0.929,0.94,0.994,0.801,
0.882,0.879,0.937,0.798,
0.917,0.938,0.999,0.806,
0.897,0.893,0.992,0.816,
0.89,0.901,0.941,0.807,
0.912,0.929,0.989,0.813,
0.855,0.855,0.898,0.802,
0.864,0.853,0.956,0.782,
0.901,0.913,0.963,0.8,
0.853,0.855,0.911,0.798,
0.897,0.904,0.978,0.808,
0.92,0.932,0.998,0.819,
0.911,0.925,0.971,0.799,
0.895,0.909,0.97,0.792,
0.886,0.893,0.957,0.796,
0.905,0.923,0.97,0.806,
0.847,0.854,0.906,0.78,
0.933,0.946,0.994,0.809,
0.897,0.889,0.98,0.804,
0.919,0.94,0.971,0.802,
0.911,0.918,0.966,0.83,
0.924,0.939,0.98,0.808,
0.895,0.898,0.948,0.8,
0.868,0.881,0.935,0.789,
0.903,0.911,0.968,0.786,
0.888,0.901,0.967,0.809,
0.939,0.948,0.991,0.819,
0.869,0.865,0.941,0.785,
0.918,0.933,0.962,0.803,
0.888,0.887,0.964,0.815,
0.874,0.89,0.939,0.797,
0.897,0.909,0.928,0.802,
0.87,0.889,0.947,0.785,
0.903,0.925,0.95,0.799,
0.88,0.875,0.96,0.794,
0.901,0.889,0.987,0.808,
0.928,0.939,0.987,0.851,
0.891,0.891,0.992,0.796,
0.922,0.931,0.974,0.807,
0.897,0.903,0.933,0.81,
0.906,0.926,1,0.8,
0.936,0.959,0.983,0.815,
0.894,0.906,0.955,0.795,
0.902,0.913,0.972,0.797,
0.868,0.889,0.902,0.784,
0.913,0.927,0.962,0.801,
0.919,0.938,0.966,0.802,
0.896,0.931,0.968,0.708,
0.893,0.891,0.994,0.8,
0.883,0.881,0.983,0.797,
0.908,0.931,0.969,0.817,
0.901,0.904,0.942,0.798,
0.895,0.917,0.947,0.797,
0.866,0.857,0.959,0.756,
0.922,0.929,1,0.81,
0.901,0.908,0.976,0.795,
0.903,0.922,0.946,0.818,
0.907,0.919,0.971,0.79,
0.932,0.946,0.987,0.805,
0.911,0.932,0.975,0.795,
0.895,0.905,0.969,0.785,
0.91,0.906,0.995,0.805,
0.889,0.889,0.953,0.819,
0.896,0.891,0.982,0.812,
0.903,0.919,0.999,0.808,
0.898,0.873,1,0.814,
0.877,0.871,0.966,0.801,
0.892,0.913,0.978,0.76,
0.863,0.865,0.966,0.796,
0.928,0.946,0.997,0.803,
0.906,0.919,0.947,0.799,
0.897,0.907,0.953,0.8,
0.9,0.907,0.973,0.79,
0.923,0.922,1,0.835,
0.893,0.879,0.978,0.799,
0.879,0.889,0.933,0.786,
0.881,0.893,0.942,0.792,
0.878,0.884,0.958,0.788,
0.902,0.904,0.954,0.802,
0.895,0.905,0.996,0.783,
0.849,0.841,0.912,0.791,
0.901,0.922,0.941,0.804,
0.882,0.871,0.959,0.797,
0.886,0.894,0.941,0.793,
0.892,0.907,0.923,0.794,
0.881,0.879,0.969,0.794,
0.843,0.843,0.889,0.792,
0.932,0.939,0.986,0.811,
0.899,0.911,0.943,0.792,
0.924,0.94,0.978,0.795,
0.846,0.831,0.958,0.794,
0.896,0.895,0.972,0.809,
0.906,0.907,0.996,0.807,
0.861,0.838,0.977,0.779,
0.869,0.866,0.921,0.823,
0.895,0.882,1,0.813,
0.871,0.873,0.948,0.795,
0.879,0.867,0.969,0.784,
0.891,0.909,0.972,0.799,
0.903,0.907,0.958,0.85,
0.925,0.936,0.978,0.824,
0.915,0.927,0.993,0.814,
0.857,0.861,0.897,0.796,
0.89,0.895,0.943,0.801,
0.906,0.901,0.964,0.808,
0.906,0.905,0.976,0.808,
0.888,0.909,0.944,0.794,
0.879,0.873,0.958,0.799,
0.889,0.899,0.94,0.802,
0.881,0.879,0.943,0.794,
0.885,0.887,0.947,0.784,
0.875,0.871,1,0.788,
0.862,0.851,0.983,0.785,
0.912,0.915,0.987,0.804,
0.896,0.911,0.966,0.799,
0.897,0.902,0.955,0.829,
0.884,0.883,0.955,0.792,
0.902,0.909,0.979,0.792,
0.918,0.94,0.964,0.8,
0.866,0.853,0.957,0.78,
0.894,0.922,0.971,0.739,
0.902,0.927,0.974,0.74,
0.898,0.936,0.963,0.76,
0.876,0.919,0.941,0.755,
0.858,0.842,0.96,0.781,
0.874,0.875,0.958,0.793,
0.866,0.903,0.995,0.716,
0.889,0.893,0.973,0.791,
0.902,0.938,0.984,0.769,
0.885,0.921,0.963,0.657,
0.891,0.905,0.967,0.777,
0.882,0.889,0.957,0.745,
0.886,0.893,0.957,0.759,
0.894,0.918,0.944,0.801,
0.917,0.949,0.996,0.793,
0.842,0.845,0.937,0.739,
0.902,0.916,0.979,0.8,
0.878,0.893,0.945,0.786,
0.879,0.904,0.936,0.75,
0.858,0.863,0.93,0.765,
0.917,0.932,0.952,0.797,
0.877,0.865,0.934,0.807,
0.895,0.948,0.978,0.719,
0.858,0.862,0.94,0.782,
0.917,0.939,0.97,0.8,
0.911,0.932,0.967,0.795,
0.89,0.914,0.951,0.788,
0.884,0.893,0.975,0.763,
0.917,0.946,0.982,0.755,
0.905,0.923,0.959,0.795,
0.874,0.867,0.927,0.804,
0.894,0.895,0.971,0.796,
0.914,0.957,0.982,0.766,
0.893,0.905,0.978,0.785,
0.894,0.895,0.997,0.755,
0.903,0.919,0.977,0.781,
0.876,0.901,0.959,0.749,
0.879,0.905,0.943,0.745,
0.92,0.936,1,0.788,
0.892,0.899,0.974,0.801,
0.894,0.909,0.964,0.8,
0.927,0.954,0.981,0.804,
0.911,0.934,0.967,0.767,
0.925,0.944,0.998,0.8,
0.906,0.915,0.971,0.807,
0.952,0.978,0.994,0.808,
0.884,0.881,0.956,0.795,
0.885,0.897,0.985,0.73,
0.92,0.957,0.986,0.744,
0.926,0.966,0.988,0.775,
0.905,0.931,0.974,0.794,
0.895,0.923,0.941,0.783,
0.892,0.905,0.953,0.797,
0.927,0.947,1,0.805,
0.887,0.889,0.963,0.789,
0.868,0.879,0.971,0.753,
0.841,0.857,0.974,0.683,
0.875,0.9,0.935,0.762,
0.877,0.917,0.955,0.727,
0.887,0.917,0.988,0.719,
0.898,0.929,0.97,0.798,
0.859,0.855,0.984,0.753,
0.903,0.931,0.973,0.786,
0.864,0.865,0.963,0.776,
0.906,0.914,0.966,0.796,
0.893,0.919,0.955,0.788,
0.919,0.948,0.979,0.8,
0.876,0.887,0.902,0.792,
0.899,0.915,0.968,0.8,
0.92,0.96,0.98,0.8,
0.858,0.865,0.984,0.731,
0.86,0.861,0.929,0.793,
0.857,0.86,0.918,0.769,
0.912,0.927,0.974,0.797,
0.9,0.913,0.949,0.805,
0.895,0.909,0.968,0.778,
0.853,0.852,0.92,0.783,
0.894,0.917,1,0.694,
0.915,0.918,0.985,0.804,
0.881,0.889,0.977,0.779,
0.874,0.881,0.967,0.726,
0.903,0.939,0.977,0.751,
0.911,0.938,0.977,0.803,
0.871,0.873,0.962,0.788,
0.886,0.893,0.99,0.768,
0.914,0.941,0.988,0.781,
0.872,0.866,0.934,0.792,
0.873,0.925,0.955,0.706,
0.884,0.913,1,0.738,
0.864,0.858,0.952,0.76,
0.885,0.915,0.969,0.701,
0.916,0.94,0.97,0.803,
0.919,0.929,0.97,0.799,
0.886,0.895,0.982,0.762,
0.839,0.839,0.903,0.779,
0.899,0.918,0.983,0.799,
0.869,0.883,0.964,0.779,
0.913,0.929,0.966,0.795,
0.931,0.958,0.991,0.803,
0.914,0.939,0.992,0.79,
0.861,0.885,0.919,0.784,
0.885,0.871,1,0.76,
0.884,0.905,0.972,0.696,
0.912,0.928,0.987,0.799,
0.86,0.855,0.952,0.783,
0.881,0.9,0.952,0.761,
0.903,0.918,0.984,0.804,
0.902,0.939,0.971,0.785,
0.901,0.913,0.987,0.77,
0.882,0.911,0.982,0.719,
0.88,0.891,0.958,0.782,
0.909,0.927,0.947,0.794,
0.884,0.895,0.967,0.777,
0.887,0.897,0.979,0.805,
0.89,0.93,0.971,0.705,
0.877,0.881,1,0.74,
0.867,0.875,0.959,0.762,
0.854,0.853,0.937,0.792,
0.899,0.919,0.973,0.797,
0.884,0.887,0.977,0.782,
0.911,0.956,0.98,0.772,
0.897,0.904,0.97,0.782,
0.867,0.899,0.985,0.715,
0.86,0.869,0.934,0.797,
0.892,0.913,0.951,0.764,
0.929,0.943,0.972,0.796,
0.876,0.882,0.976,0.767,
0.882,0.901,0.964,0.736,
0.888,0.915,0.995,0.721,
0.878,0.909,0.961,0.749,
0.87,0.893,0.945,0.755,
0.906,0.949,0.97,0.792,
0.881,0.897,0.971,0.763,
0.917,0.935,0.968,0.794,
0.881,0.893,0.955,0.789,
0.918,0.958,0.975,0.776,
0.89,0.907,1,0.732,
0.884,0.877,0.96,0.788,
0.927,0.956,0.982,0.799,
0.884,0.905,0.961,0.756,
0.856,0.857,0.909,0.787,
0.87,0.863,0.94,0.789,
0.869,0.871,0.928,0.799,
0.896,0.903,0.959,0.782,
0.865,0.858,0.961,0.795,
0.876,0.892,0.958,0.79,
0.89,0.933,0.963,0.756,
0.916,0.945,0.979,0.755,
0.904,0.913,0.976,0.797,
0.867,0.879,0.972,0.723,
0.866,0.891,0.991,0.743,
0.919,0.962,0.98,0.796,
0.907,0.937,0.991,0.795,
0.882,0.919,0.994,0.707,
0.893,0.942,0.971,0.754,
0.881,0.924,0.99,0.701,
0.904,0.933,0.977,0.765,
0.928,0.96,0.975,0.793,
0.896,0.899,0.97,0.794,
0.911,0.933,0.965,0.812,
0.924,0.949,0.988,0.788,
0.908,0.928,0.97,0.781,
0.835,0.829,0.917,0.731,
0.93,0.954,0.989,0.803,
0.854,0.859,0.905,0.795,
0.896,0.903,0.968,0.795,
0.902,0.931,0.982,0.767,
0.946,0.97,0.984,0.805,
0.903,0.907,0.979,0.786,
0.878,0.899,0.966,0.784,
0.905,0.944,0.973,0.753,
0.856,0.827,1,0.792,
0.89,0.908,0.975,0.741,
0.891,0.919,0.986,0.767,
0.859,0.879,0.947,0.74,
0.902,0.934,0.992,0.795,
0.896,0.907,0.975,0.799,
0.896,0.919,0.98,0.76,
0.891,0.918,0.976,0.783,
0.891,0.891,0.996,0.768,
0.889,0.893,0.983,0.802,
0.916,0.929,0.979,0.799,
0.933,0.956,0.984,0.8,
0.895,0.893,0.97,0.798,
0.88,0.916,0.941,0.783,
0.847,0.857,0.948,0.734,
0.919,0.928,0.962,0.796,
0.867,0.907,0.957,0.755,
0.864,0.902,0.971,0.667,
0.899,0.915,0.943,0.797,
0.882,0.875,0.981,0.795,
0.914,0.948,0.978,0.786,
0.884,0.933,0.953,0.754,
0.907,0.929,0.977,0.786,
0.921,0.943,0.973,0.794,
0.887,0.903,0.984,0.76,
0.913,0.946,0.971,0.792,
0.892,0.921,0.969,0.787,
0.932,0.954,0.983,0.803,
0.914,0.934,0.999,0.806,
0.892,0.914,0.956,0.794,
0.869,0.879,0.934,0.795,
0.871,0.868,0.948,0.795,
0.911,0.932,0.961,0.793,
0.887,0.899,0.968,0.773,
0.921,0.948,0.978,0.8,
0.912,0.943,0.972,0.755,
0.876,0.887,0.935,0.785,
0.919,0.949,0.996,0.773,
0.894,0.897,0.976,0.794,
0.908,0.92,0.964,0.796,
0.876,0.887,0.927,0.795,
0.859,0.873,0.928,0.777,
0.872,0.884,0.949,0.789,
0.929,0.954,0.983,0.81,
0.892,0.911,0.945,0.797,
0.87,0.877,0.981,0.739,
0.878,0.897,0.942,0.767,
0.877,0.881,0.93,0.806,
0.876,0.919,0.972,0.685,
0.871,0.883,0.984,0.776,
0.913,0.915,0.971,0.798,
0.901,0.952,0.984,0.745,
0.9,0.911,0.969,0.813,
0.885,0.907,0.963,0.789,
0.902,0.908,0.965,0.793,
0.895,0.912,0.992,0.778,
0.918,0.922,0.989,0.799,
0.922,0.954,0.992,0.744,
0.914,0.926,0.988,0.805,
0.911,0.929,0.988,0.802,
0.894,0.923,0.962,0.777,
0.873,0.883,0.945,0.762,
0.891,0.929,0.985,0.691,
0.892,0.915,0.939,0.79,
0.89,0.883,0.999,0.794,
0.866,0.871,0.99,0.719,
0.867,0.871,0.926,0.771,
0.879,0.894,0.978,0.743,
0.877,0.899,0.951,0.764,
0.843,0.832,0.936,0.743,
0.872,0.873,0.948,0.786,
0.882,0.897,0.94,0.795,
0.868,0.881,0.966,0.78,
0.854,0.822,0.967,0.761,
0.865,0.881,0.942,0.788,
0.906,0.925,0.969,0.793,
0.858,0.879,0.936,0.77,
0.918,0.948,0.98,0.798,
0.882,0.918,0.963,0.757,
0.901,0.929,0.978,0.74,
0.905,0.943,0.979,0.74,
0.884,0.888,0.947,0.796,
0.902,0.909,0.973,0.796,
0.892,0.923,0.98,0.77,
0.899,0.93,1,0.788,
0.879,0.878,0.967,0.72,
0.868,0.879,0.935,0.784,
0.868,0.891,0.931,0.785,
0.901,0.931,0.974,0.677,
0.883,0.891,0.965,0.798,
0.913,0.939,0.967,0.796,
0.901,0.919,0.97,0.776,
0.859,0.853,0.929,0.78,
0.878,0.895,0.94,0.801,
0.922,0.946,0.983,0.804,
0.867,0.903,0.96,0.744,
0.89,0.912,0.97,0.758,
0.913,0.929,0.97,0.795,
0.841,0.855,0.923,0.726,
0.857,0.881,0.946,0.743,
0.882,0.907,0.974,0.781,
0.873,0.905,0.978,0.753,
0.875,0.876,0.938,0.797,
0.905,0.923,0.969,0.795,
0.905,0.916,0.966,0.784,
0.889,0.915,0.961,0.734,
0.843,0.855,0.881,0.775,
0.873,0.886,0.929,0.795,
0.929,0.947,0.977,0.799,
0.89,0.917,0.951,0.776,
0.873,0.895,0.988,0.754,
0.909,0.92,0.98,0.787,
0.885,0.895,0.923,0.793,
0.88,0.901,0.959,0.734,
0.904,0.923,0.986,0.749,
0.911,0.93,0.972,0.799,
0.871,0.881,0.955,0.784,
0.862,0.864,0.921,0.78,
0.898,0.913,0.957,0.794,
0.903,0.915,0.969,0.797,
0.875,0.875,0.955,0.761,
0.863,0.876,0.98,0.716,
0.899,0.905,0.973,0.814,
0.87,0.863,0.971,0.761,
0.906,0.914,0.981,0.8,
0.895,0.909,0.951,0.818,
0.914,0.923,0.958,0.798,
0.911,0.956,0.979,0.706,
0.873,0.905,0.961,0.731,
0.869,0.884,0.935,0.782,
0.884,0.885,0.999,0.768,
0.894,0.907,0.952,0.798,
0.895,0.92,0.948,0.783,
0.899,0.916,0.948,0.776,
0.888,0.916,0.972,0.717,
0.871,0.886,0.948,0.765,
0.885,0.907,0.944,0.765,
0.871,0.889,0.962,0.773,
0.901,0.919,0.993,0.772,
0.905,0.932,0.997,0.736,
0.881,0.915,0.965,0.705,
0.901,0.923,0.976,0.77,
0.916,0.946,0.991,0.784,
0.918,0.921,0.986,0.79,
0.882,0.873,0.945,0.793,
0.916,0.948,0.968,0.791,
0.859,0.887,0.963,0.755,
0.848,0.849,0.921,0.748,
0.913,0.943,0.978,0.723,
0.887,0.894,0.966,0.784,
0.874,0.883,0.936,0.768,
0.874,0.893,0.947,0.757,
0.914,0.94,0.971,0.795,
0.865,0.875,0.959,0.772,
0.899,0.923,0.973,0.782,
0.875,0.887,1,0.766,
0.918,0.941,0.956,0.796,
0.891,0.923,0.964,0.736,
0.886,0.885,0.963,0.8,
0.891,0.906,0.976,0.72,
0.856,0.873,0.951,0.754,
0.931,0.949,0.982,0.797,
0.875,0.876,0.994,0.729,
0.849,0.876,0.951,0.716,
0.885,0.889,0.974,0.725,
0.899,0.915,0.956,0.796,
0.892,0.884,0.994,0.768,
0.878,0.911,1,0.7,
0.894,0.915,0.947,0.779,
0.919,0.927,0.966,0.795,
0.849,0.859,0.913,0.737,
0.903,0.923,0.94,0.798,
0.906,0.922,1,0.783,
0.915,0.939,0.976,0.791,
0.892,0.908,0.954,0.801,
0.908,0.917,0.954,0.798,
0.897,0.902,1,0.788,
0.845,0.85,0.92,0.754,
0.928,0.944,0.985,0.809,
0.87,0.877,0.959,0.728,
0.908,0.925,0.967,0.808,
0.907,0.927,0.975,0.785,
0.924,0.942,0.982,0.803,
0.902,0.919,0.947,0.798,
0.844,0.824,0.961,0.722,
0.909,0.927,0.976,0.797,
0.865,0.865,0.958,0.767,
0.867,0.875,0.951,0.767,
0.924,0.948,0.977,0.787,
0.89,0.893,0.961,0.791,
0.913,0.948,0.967,0.803,
0.918,0.942,0.982,0.81,
0.872,0.879,0.934,0.791,
0.903,0.902,0.963,0.822,
0.916,0.939,0.983,0.812,
0.867,0.891,0.945,0.721,
0.895,0.884,0.977,0.802,
0.902,0.909,0.98,0.8,
0.9,0.929,0.988,0.752,
0.88,0.925,0.983,0.726,
0.893,0.907,0.955,0.795,
0.829,0.827,0.943,0.693,
0.872,0.897,0.94,0.786,
0.897,0.941,0.966,0.775,
0.868,0.877,0.937,0.737,
0.847,0.848,0.934,0.748,
0.876,0.881,0.988,0.727,
0.927,0.973,0.996,0.75,
0.911,0.941,0.975,0.791,
0.855,0.859,0.967,0.731,
0.877,0.879,0.984,0.792,
0.89,0.889,1,0.805,
0.915,0.941,1,0.805,
0.866,0.889,0.937,0.776,
0.863,0.892,0.961,0.736,
0.888,0.893,0.943,0.808,
0.894,0.896,0.965,0.802,
0.907,0.915,0.966,0.801,
0.884,0.883,0.957,0.81,
0.896,0.898,0.977,0.811,
0.882,0.884,0.96,0.798,
0.896,0.888,0.967,0.799,
0.879,0.861,0.942,0.791,
0.889,0.9,0.937,0.793,
0.902,0.907,0.976,0.805,
0.895,0.905,0.957,0.796,
0.879,0.887,0.931,0.781,
0.899,0.9,1,0.825,
0.886,0.897,0.945,0.795,
0.894,0.919,0.945,0.791,
0.892,0.891,0.963,0.797,
0.897,0.915,0.96,0.798,
0.899,0.901,0.99,0.811,
0.921,0.926,1,0.815,
0.893,0.883,0.975,0.813,
0.853,0.855,0.935,0.798,
0.921,0.921,0.991,0.813,
0.878,0.895,0.925,0.792,
0.916,0.917,0.973,0.811,
0.903,0.895,0.991,0.802,
0.897,0.909,0.951,0.803,
0.886,0.891,0.962,0.792,
0.909,0.929,0.983,0.806,
0.898,0.9,1,0.786,
0.897,0.913,0.996,0.655,
0.906,0.898,0.988,0.809,
0.882,0.91,0.928,0.78,
0.869,0.869,0.94,0.798,
0.883,0.89,1,0.794,
0.895,0.932,0.982,0.73,
0.929,0.952,0.987,0.805,
0.914,0.927,0.983,0.802,
0.85,0.855,0.902,0.783,
0.925,0.95,0.969,0.797,
0.856,0.857,0.913,0.792,
0.919,0.935,0.994,0.801,
0.898,0.919,0.964,0.801,
0.901,0.908,0.967,0.802,
0.884,0.922,0.965,0.758,
0.911,0.909,0.988,0.795,
0.892,0.925,0.959,0.76,
0.895,0.897,0.974,0.828,
0.889,0.897,1,0.807,
0.863,0.867,0.904,0.791,
0.871,0.861,0.962,0.783,
0.877,0.895,0.951,0.782,
0.898,0.896,0.96,0.802,
0.909,0.919,1,0.798,
0.882,0.895,0.93,0.8,
0.873,0.877,0.949,0.802,
0.901,0.911,0.996,0.801,
0.869,0.861,0.966,0.812,
0.904,0.912,0.985,0.798,
0.887,0.901,0.961,0.779,
0.897,0.897,0.978,0.8,
0.902,0.927,0.955,0.798,
0.881,0.887,0.952,0.775,
0.832,0.853,0.931,0.709,
0.91,0.923,0.972,0.803,
0.897,0.914,0.959,0.798,
0.896,0.915,0.968,0.787,
0.876,0.885,0.974,0.729,
0.887,0.913,0.925,0.797,
0.907,0.921,0.987,0.785,
0.889,0.89,0.959,0.796,
0.876,0.899,0.966,0.722,
0.851,0.852,0.899,0.777,
0.876,0.875,0.991,0.779,
0.886,0.907,0.966,0.795,
0.935,0.962,0.979,0.806,
0.891,0.892,1,0.798,




Further Data analysis of all test cases 
avg med max min 
AVGs,0.705,0.711,0.75,0.626,
MEDs,0.704,0.712,0.774,0.623,
MAXs,0.761,0.761,0.81,0.729,
MINs,0.674,0.679,0.732,0.524,


AVGs,0.93,0.933,0.974,0.837,
MEDs,0.944,0.95,0.999,0.808,
MAXs,1,1,1,0.952,
MINs,0.797,0.798,0.851,0.697,


AVGs,0.892,0.893,0.952,0.829,
MEDs,0.903,0.905,0.978,0.818,
MAXs,0.963,0.967,1,0.881,
MINs,0.788,0.795,0.851,0.655,



