

Data analysis for each instance 
AVG,MED,MAX,MIN
0.53,0.482,0.952,0.45,
0.547,0.484,0.954,0.445,
0.537,0.51,0.955,0.408,
0.546,0.491,0.951,0.473,
0.502,0.427,0.953,0.411,
0.515,0.444,0.943,0.433,
0.505,0.44,0.95,0.419,
0.548,0.497,0.948,0.468,
0.53,0.472,0.952,0.449,
0.499,0.427,0.954,0.409,
0.553,0.5,0.953,0.475,
0.509,0.448,0.948,0.429,
0.531,0.474,0.95,0.445,
0.489,0.412,0.951,0.405,
0.529,0.474,0.951,0.419,
0.509,0.45,0.95,0.415,
0.503,0.429,0.954,0.406,
0.483,0.41,0.95,0.408,
0.505,0.441,0.951,0.435,
0.555,0.512,0.949,0.456,
0.491,0.418,0.948,0.416,
0.504,0.442,0.947,0.404,
0.506,0.433,0.949,0.422,
0.509,0.431,0.955,0.42,
0.523,0.469,0.952,0.441,
0.515,0.441,0.95,0.428,
0.512,0.443,0.944,0.438,
0.504,0.444,0.954,0.411,
0.545,0.474,0.951,0.466,
0.548,0.498,0.95,0.475,
0.543,0.494,0.951,0.442,
0.513,0.453,0.94,0.433,
0.525,0.467,0.944,0.457,
0.542,0.478,0.952,0.455,
0.486,0.414,0.947,0.407,
0.525,0.466,0.947,0.414,
0.509,0.444,0.948,0.435,
0.498,0.43,0.95,0.425,
0.503,0.43,0.953,0.411,
0.505,0.44,0.946,0.412,
0.505,0.439,0.949,0.435,
0.508,0.446,0.955,0.42,
0.496,0.431,0.949,0.429,
0.518,0.467,0.947,0.42,
0.517,0.452,0.95,0.428,
0.528,0.476,0.951,0.43,
0.518,0.471,0.948,0.429,
0.486,0.408,0.951,0.407,
0.499,0.42,0.952,0.404,
0.509,0.444,0.955,0.431,
0.525,0.471,0.95,0.418,
0.507,0.45,0.953,0.419,
0.497,0.428,0.948,0.409,
0.489,0.418,0.949,0.414,
0.5,0.426,0.946,0.426,
0.503,0.444,0.95,0.418,
0.514,0.459,0.948,0.419,
0.521,0.459,0.946,0.418,
0.525,0.459,0.961,0.45,
0.482,0.408,0.948,0.403,
0.562,0.512,0.939,0.491,
0.504,0.431,0.957,0.429,
0.489,0.41,0.949,0.408,
0.498,0.429,0.949,0.427,
0.491,0.412,0.951,0.405,
0.533,0.481,0.945,0.453,
0.494,0.419,0.957,0.411,
0.501,0.432,0.946,0.414,
0.502,0.438,0.948,0.418,
0.499,0.431,0.943,0.423,
0.541,0.493,0.949,0.446,
0.582,0.53,0.947,0.482,
0.52,0.453,0.947,0.436,
0.505,0.445,0.948,0.42,
0.543,0.495,0.953,0.453,
0.498,0.438,0.95,0.417,
0.573,0.522,0.947,0.472,
0.515,0.454,0.951,0.44,
0.57,0.516,0.951,0.497,
0.572,0.532,0.953,0.482,
0.486,0.412,0.951,0.411,
0.574,0.511,0.951,0.491,
0.493,0.421,0.954,0.411,
0.571,0.522,0.955,0.482,
0.514,0.451,0.953,0.431,
0.489,0.431,0.952,0.406,
0.53,0.461,0.952,0.44,
0.511,0.43,0.95,0.422,
0.484,0.407,0.95,0.403,
0.529,0.464,0.954,0.421,
0.522,0.465,0.949,0.436,
0.51,0.451,0.952,0.426,
0.513,0.453,0.951,0.427,
0.549,0.487,0.953,0.485,
0.509,0.442,0.953,0.436,
0.607,0.56,0.95,0.542,
0.528,0.475,0.953,0.439,
0.487,0.409,0.952,0.406,
0.505,0.43,0.952,0.425,
0.498,0.425,0.948,0.418,
0.487,0.412,0.947,0.403,
0.503,0.442,0.952,0.422,
0.539,0.482,0.955,0.414,
0.503,0.435,0.944,0.435,
0.545,0.485,0.949,0.46,
0.526,0.461,0.95,0.443,
0.524,0.456,0.949,0.449,
0.492,0.42,0.948,0.402,
0.569,0.511,0.946,0.497,
0.545,0.487,0.949,0.458,
0.499,0.426,0.948,0.414,
0.51,0.438,0.952,0.428,
0.502,0.427,0.946,0.426,
0.524,0.459,0.951,0.44,
0.535,0.478,0.953,0.429,
0.507,0.435,0.948,0.408,
0.486,0.421,0.951,0.409,
0.491,0.421,0.952,0.412,
0.536,0.479,0.951,0.441,
0.511,0.455,0.95,0.418,
0.509,0.437,0.949,0.423,
0.5,0.441,0.95,0.406,
0.543,0.487,0.954,0.448,
0.536,0.483,0.951,0.444,
0.52,0.456,0.954,0.43,
0.54,0.481,0.955,0.436,
0.501,0.44,0.949,0.408,
0.558,0.504,0.953,0.473,
0.514,0.454,0.95,0.418,
0.498,0.427,0.949,0.423,
0.495,0.418,0.955,0.41,
0.486,0.412,0.949,0.408,
0.527,0.469,0.945,0.449,
0.508,0.445,0.949,0.43,
0.55,0.494,0.953,0.449,
0.491,0.428,0.952,0.408,
0.505,0.441,0.947,0.438,
0.502,0.428,0.953,0.412,
0.485,0.411,0.956,0.407,
0.509,0.442,0.951,0.435,
0.522,0.476,0.957,0.433,
0.536,0.47,0.946,0.459,
0.485,0.408,0.955,0.406,
0.487,0.416,0.949,0.405,
0.487,0.415,0.944,0.409,
0.516,0.454,0.956,0.435,
0.485,0.406,0.948,0.404,
0.507,0.442,0.946,0.423,
0.487,0.409,0.952,0.406,
0.506,0.438,0.949,0.415,
0.555,0.498,0.956,0.471,
0.503,0.44,0.949,0.419,
0.564,0.514,0.944,0.487,
0.485,0.409,0.954,0.406,
0.55,0.497,0.95,0.463,
0.507,0.453,0.953,0.412,
0.501,0.43,0.95,0.406,
0.511,0.449,0.951,0.423,
0.504,0.43,0.954,0.419,
0.521,0.461,0.951,0.44,
0.5,0.428,0.954,0.408,
0.528,0.472,0.952,0.456,
0.508,0.443,0.949,0.439,
0.501,0.443,0.946,0.403,
0.479,0.404,0.943,0.401,
0.514,0.446,0.956,0.429,
0.498,0.433,0.948,0.406,
0.5,0.433,0.95,0.412,
0.546,0.492,0.954,0.468,
0.481,0.408,0.949,0.401,
0.522,0.462,0.949,0.446,
0.514,0.449,0.951,0.437,
0.502,0.437,0.947,0.433,
0.564,0.516,0.951,0.478,
0.478,0.404,0.945,0.402,
0.51,0.446,0.954,0.436,
0.502,0.432,0.95,0.431,
0.526,0.464,0.955,0.439,
0.514,0.455,0.952,0.409,
0.512,0.45,0.948,0.434,
0.52,0.454,0.95,0.444,
0.507,0.441,0.949,0.432,
0.564,0.508,0.952,0.472,
0.547,0.494,0.946,0.443,
0.53,0.481,0.95,0.407,
0.493,0.412,0.954,0.404,
0.524,0.477,0.948,0.437,
0.562,0.504,0.945,0.498,
0.519,0.451,0.947,0.446,
0.547,0.494,0.955,0.448,
0.56,0.504,0.954,0.481,
0.517,0.463,0.956,0.421,
0.563,0.516,0.952,0.473,
0.523,0.462,0.942,0.451,
0.487,0.421,0.949,0.405,
0.519,0.457,0.952,0.416,
0.479,0.406,0.948,0.4,
0.554,0.493,0.953,0.473,
0.492,0.413,0.954,0.405,
0.505,0.441,0.952,0.426,
0.532,0.477,0.948,0.445,
0.516,0.457,0.953,0.436,
0.508,0.441,0.949,0.427,
0.503,0.435,0.956,0.424,
0.497,0.429,0.955,0.413,
0.525,0.467,0.949,0.445,
0.533,0.476,0.952,0.444,
0.54,0.479,0.954,0.452,
0.504,0.434,0.952,0.432,
0.505,0.441,0.946,0.423,
0.514,0.449,0.949,0.431,
0.547,0.494,0.948,0.461,
0.483,0.409,0.95,0.406,
0.499,0.427,0.954,0.412,
0.526,0.461,0.95,0.444,
0.516,0.449,0.95,0.44,
0.504,0.437,0.948,0.43,
0.504,0.436,0.953,0.432,
0.552,0.508,0.951,0.46,
0.52,0.464,0.952,0.436,
0.522,0.461,0.94,0.448,
0.537,0.478,0.947,0.451,
0.491,0.418,0.946,0.416,
0.516,0.46,0.947,0.433,
0.552,0.51,0.945,0.457,
0.505,0.431,0.95,0.428,
0.495,0.423,0.952,0.408,
0.529,0.474,0.952,0.451,
0.543,0.485,0.953,0.451,
0.515,0.457,0.947,0.441,
0.514,0.456,0.952,0.413,
0.483,0.41,0.948,0.403,
0.53,0.483,0.953,0.433,
0.507,0.441,0.947,0.433,
0.516,0.454,0.946,0.417,
0.517,0.459,0.95,0.424,
0.499,0.428,0.947,0.408,
0.519,0.446,0.945,0.417,
0.497,0.432,0.95,0.415,
0.564,0.511,0.952,0.478,
0.513,0.458,0.949,0.412,
0.506,0.435,0.95,0.428,
0.485,0.414,0.948,0.408,
0.585,0.534,0.954,0.508,
0.503,0.434,0.956,0.43,
0.537,0.482,0.949,0.45,
0.518,0.464,0.946,0.425,
0.532,0.47,0.949,0.449,
0.477,0.405,0.948,0.404,
0.51,0.446,0.949,0.417,
0.52,0.449,0.955,0.443,
0.557,0.497,0.95,0.465,
0.583,0.525,0.955,0.52,
0.496,0.431,0.955,0.41,
0.522,0.47,0.953,0.43,
0.491,0.417,0.952,0.409,
0.523,0.456,0.956,0.421,
0.531,0.475,0.955,0.455,
0.535,0.489,0.952,0.437,
0.526,0.474,0.95,0.445,
0.509,0.445,0.951,0.414,
0.51,0.465,0.949,0.413,
0.511,0.441,0.95,0.435,
0.515,0.45,0.954,0.432,
0.549,0.493,0.952,0.452,
0.52,0.462,0.953,0.41,
0.492,0.415,0.95,0.413,
0.53,0.477,0.953,0.426,
0.562,0.514,0.949,0.456,
0.488,0.407,0.952,0.404,
0.535,0.476,0.954,0.447,
0.516,0.45,0.949,0.437,
0.524,0.468,0.95,0.436,
0.527,0.466,0.955,0.434,
0.516,0.454,0.952,0.428,
0.489,0.411,0.949,0.408,
0.504,0.433,0.949,0.431,
0.52,0.465,0.955,0.449,
0.533,0.483,0.947,0.443,
0.487,0.42,0.95,0.404,
0.518,0.456,0.955,0.439,
0.5,0.429,0.956,0.407,
0.553,0.521,0.954,0.446,
0.516,0.458,0.955,0.435,
0.512,0.451,0.949,0.424,
0.533,0.483,0.95,0.435,
0.55,0.49,0.95,0.459,
0.493,0.428,0.949,0.403,
0.484,0.414,0.951,0.411,
0.515,0.457,0.951,0.441,
0.522,0.466,0.95,0.441,
0.519,0.453,0.947,0.435,
0.508,0.445,0.946,0.432,
0.506,0.439,0.947,0.418,
0.493,0.42,0.954,0.416,
0.503,0.429,0.947,0.428,
0.497,0.438,0.953,0.411,
0.497,0.438,0.95,0.409,
0.502,0.432,0.951,0.431,
0.502,0.435,0.942,0.417,
0.542,0.492,0.95,0.456,
0.485,0.413,0.949,0.412,
0.51,0.435,0.949,0.425,
0.557,0.514,0.938,0.486,
0.511,0.442,0.943,0.439,
0.528,0.481,0.953,0.418,
0.539,0.477,0.948,0.464,
0.509,0.44,0.952,0.429,
0.525,0.462,0.954,0.434,
0.53,0.476,0.949,0.412,
0.494,0.429,0.95,0.409,
0.546,0.487,0.948,0.45,
0.526,0.473,0.95,0.426,
0.54,0.488,0.954,0.441,
0.494,0.427,0.949,0.412,
0.52,0.457,0.949,0.442,
0.535,0.483,0.949,0.431,
0.497,0.43,0.949,0.416,
0.609,0.571,0.939,0.51,
0.505,0.44,0.956,0.43,
0.496,0.419,0.951,0.413,
0.488,0.418,0.952,0.404,
0.501,0.43,0.947,0.428,
0.516,0.447,0.953,0.433,
0.491,0.415,0.952,0.409,
0.538,0.481,0.951,0.466,
0.486,0.41,0.953,0.408,
0.552,0.492,0.94,0.49,
0.488,0.412,0.954,0.407,
0.52,0.468,0.949,0.426,
0.542,0.483,0.946,0.476,
0.52,0.441,0.951,0.43,
0.501,0.434,0.951,0.409,
0.49,0.413,0.955,0.41,
0.505,0.44,0.949,0.417,
0.495,0.431,0.95,0.407,
0.5,0.436,0.955,0.428,
0.542,0.476,0.95,0.459,
0.517,0.447,0.949,0.415,
0.508,0.445,0.949,0.412,
0.502,0.44,0.948,0.41,
0.509,0.44,0.952,0.431,
0.538,0.482,0.952,0.427,
0.488,0.406,0.952,0.404,
0.496,0.42,0.945,0.408,
0.512,0.444,0.95,0.43,
0.529,0.471,0.951,0.453,
0.506,0.441,0.951,0.419,
0.57,0.524,0.949,0.491,
0.542,0.477,0.946,0.462,
0.487,0.409,0.954,0.408,
0.565,0.506,0.955,0.497,
0.494,0.428,0.954,0.409,
0.518,0.461,0.948,0.426,
0.502,0.43,0.951,0.411,
0.518,0.449,0.953,0.447,
0.568,0.526,0.948,0.479,
0.514,0.456,0.944,0.441,
0.513,0.43,0.95,0.422,
0.53,0.462,0.948,0.452,
0.503,0.435,0.951,0.43,
0.518,0.465,0.951,0.432,
0.518,0.461,0.951,0.438,
0.566,0.519,0.953,0.484,
0.49,0.411,0.955,0.41,
0.517,0.453,0.945,0.427,
0.547,0.485,0.945,0.433,
0.519,0.455,0.951,0.432,
0.529,0.473,0.947,0.441,
0.482,0.406,0.949,0.405,
0.5,0.432,0.951,0.41,
0.514,0.449,0.951,0.41,
0.53,0.473,0.949,0.444,
0.522,0.452,0.949,0.44,
0.517,0.447,0.952,0.44,
0.531,0.466,0.957,0.451,
0.501,0.433,0.939,0.43,
0.571,0.508,0.949,0.483,
0.514,0.459,0.949,0.434,
0.502,0.441,0.952,0.411,
0.517,0.463,0.959,0.441,
0.503,0.436,0.95,0.424,
0.525,0.458,0.951,0.437,
0.489,0.412,0.947,0.405,
0.584,0.534,0.949,0.487,
0.538,0.485,0.951,0.44,
0.501,0.444,0.953,0.409,
0.556,0.499,0.951,0.481,
0.537,0.484,0.955,0.464,
0.543,0.484,0.951,0.447,
0.505,0.444,0.943,0.435,
0.527,0.476,0.95,0.434,
0.489,0.408,0.953,0.406,
0.523,0.464,0.951,0.432,
0.489,0.414,0.951,0.409,
0.523,0.474,0.948,0.429,
0.564,0.526,0.95,0.472,
0.505,0.445,0.951,0.416,
0.558,0.501,0.947,0.493,
0.532,0.476,0.952,0.449,
0.54,0.494,0.952,0.444,
0.51,0.44,0.95,0.417,
0.51,0.44,0.947,0.418,
0.53,0.479,0.941,0.45,
0.546,0.49,0.932,0.486,
0.511,0.454,0.952,0.42,
0.568,0.526,0.95,0.468,
0.513,0.453,0.946,0.438,
0.487,0.412,0.954,0.405,
0.493,0.424,0.949,0.404,
0.527,0.471,0.952,0.424,
0.519,0.447,0.938,0.443,
0.538,0.487,0.946,0.458,
0.507,0.446,0.953,0.435,
0.529,0.478,0.95,0.444,
0.537,0.497,0.95,0.442,
0.53,0.481,0.951,0.435,
0.5,0.428,0.953,0.421,
0.485,0.416,0.959,0.412,
0.487,0.41,0.949,0.404,
0.514,0.455,0.949,0.416,
0.488,0.409,0.951,0.405,
0.536,0.486,0.946,0.462,
0.514,0.452,0.949,0.42,
0.517,0.449,0.95,0.428,
0.575,0.53,0.954,0.471,
0.507,0.45,0.949,0.423,
0.515,0.449,0.948,0.42,
0.528,0.476,0.952,0.447,
0.481,0.409,0.945,0.407,
0.559,0.502,0.953,0.49,
0.561,0.51,0.952,0.482,
0.537,0.48,0.95,0.445,
0.57,0.518,0.952,0.475,
0.515,0.443,0.951,0.431,
0.517,0.438,0.956,0.432,
0.491,0.426,0.947,0.407,
0.522,0.472,0.952,0.407,
0.535,0.474,0.939,0.461,
0.553,0.491,0.951,0.475,
0.5,0.424,0.946,0.418,
0.485,0.417,0.947,0.403,
0.493,0.42,0.957,0.408,
0.497,0.438,0.948,0.409,
0.53,0.471,0.951,0.434,
0.575,0.515,0.945,0.495,
0.535,0.472,0.956,0.435,
0.537,0.468,0.954,0.446,
0.522,0.463,0.952,0.445,
0.512,0.447,0.947,0.439,
0.497,0.422,0.954,0.421,
0.542,0.491,0.955,0.452,
0.53,0.475,0.949,0.439,
0.507,0.436,0.952,0.433,
0.487,0.404,0.949,0.401,
0.5,0.425,0.947,0.42,
0.489,0.421,0.95,0.41,
0.51,0.454,0.951,0.422,
0.505,0.438,0.953,0.43,
0.528,0.479,0.949,0.414,
0.49,0.427,0.951,0.408,
0.505,0.441,0.947,0.411,
0.515,0.451,0.95,0.439,
0.518,0.462,0.953,0.426,
0.546,0.487,0.955,0.469,
0.582,0.536,0.952,0.509,
0.537,0.476,0.949,0.444,
0.516,0.443,0.952,0.434,
0.486,0.414,0.944,0.4,
0.527,0.468,0.95,0.444,
0.53,0.48,0.955,0.451,
0.522,0.466,0.946,0.424,
0.49,0.419,0.95,0.409,
0.506,0.438,0.947,0.412,
0.496,0.417,0.95,0.407,
0.544,0.49,0.949,0.457,
0.515,0.459,0.954,0.422,
0.52,0.46,0.953,0.435,
0.496,0.429,0.945,0.418,
0.542,0.479,0.955,0.477,
0.53,0.485,0.95,0.439,
0.494,0.422,0.948,0.416,
0.517,0.452,0.952,0.443,
0.517,0.459,0.947,0.437,
0.523,0.463,0.954,0.443,
0.532,0.47,0.951,0.447,
0.542,0.488,0.95,0.461,
0.485,0.406,0.946,0.403,
0.511,0.455,0.95,0.431,
0.517,0.451,0.955,0.441,
0.49,0.408,0.954,0.406,
0.598,0.546,0.941,0.545,
0.54,0.471,0.948,0.458,
0.532,0.475,0.953,0.433,
0.54,0.472,0.95,0.457,
0.487,0.408,0.954,0.406,
0.508,0.44,0.947,0.433,
0.511,0.439,0.958,0.437,
0.512,0.448,0.948,0.421,
0.574,0.528,0.952,0.489,
0.527,0.476,0.948,0.446,
0.546,0.504,0.952,0.457,
0.548,0.487,0.953,0.445,
0.487,0.418,0.951,0.406,
0.528,0.465,0.954,0.454,
0.522,0.472,0.952,0.421,
0.505,0.441,0.954,0.415,
0.499,0.421,0.957,0.406,
0.491,0.426,0.951,0.406,
0.536,0.471,0.953,0.434,
0.479,0.408,0.953,0.408,
0.534,0.477,0.954,0.461,
0.483,0.41,0.947,0.405,
0.492,0.429,0.941,0.404,
0.56,0.504,0.948,0.46,
0.48,0.408,0.948,0.406,
0.503,0.422,0.949,0.41,
0.498,0.444,0.948,0.418,
0.513,0.454,0.949,0.434,
0.491,0.408,0.952,0.404,
0.514,0.456,0.95,0.427,
0.538,0.484,0.953,0.449,
0.52,0.467,0.95,0.44,
0.506,0.44,0.949,0.409,
0.502,0.428,0.95,0.406,
0.481,0.41,0.945,0.406,
0.487,0.409,0.949,0.407,
0.531,0.48,0.949,0.437,
0.52,0.464,0.951,0.441,
0.484,0.412,0.954,0.409,
0.497,0.424,0.948,0.407,
0.519,0.456,0.956,0.431,
0.497,0.433,0.95,0.418,
0.532,0.473,0.951,0.431,
0.521,0.457,0.951,0.445,
0.514,0.444,0.948,0.432,
0.522,0.465,0.954,0.44,
0.448,0.376,0.955,0.375,
0.443,0.368,0.947,0.368,
0.448,0.374,0.948,0.37,
0.488,0.425,0.951,0.403,
0.45,0.376,0.952,0.367,
0.457,0.388,0.954,0.387,
0.455,0.379,0.956,0.377,
0.453,0.382,0.947,0.373,
0.452,0.386,0.954,0.368,
0.455,0.375,0.955,0.374,
0.443,0.37,0.948,0.37,
0.453,0.383,0.952,0.382,
0.493,0.429,0.953,0.397,
0.444,0.366,0.95,0.366,
0.466,0.408,0.95,0.379,
0.524,0.473,0.949,0.423,
0.449,0.38,0.94,0.378,
0.446,0.373,0.951,0.372,
0.459,0.394,0.949,0.377,
0.463,0.395,0.947,0.387,
0.476,0.407,0.948,0.394,
0.515,0.457,0.952,0.431,
0.454,0.377,0.951,0.375,
0.453,0.374,0.949,0.373,
0.458,0.38,0.953,0.372,
0.479,0.422,0.95,0.385,
0.442,0.367,0.955,0.367,
0.442,0.37,0.951,0.37,
0.492,0.433,0.945,0.406,
0.439,0.365,0.949,0.365,
0.5,0.442,0.952,0.418,
0.482,0.426,0.953,0.394,
0.448,0.379,0.949,0.373,
0.438,0.367,0.95,0.367,
0.457,0.399,0.948,0.369,
0.447,0.374,0.938,0.372,
0.486,0.43,0.95,0.402,
0.448,0.371,0.948,0.37,
0.445,0.372,0.958,0.372,
0.442,0.367,0.951,0.367,
0.478,0.425,0.95,0.384,
0.475,0.418,0.952,0.381,
0.472,0.41,0.954,0.378,
0.507,0.457,0.952,0.411,
0.443,0.367,0.951,0.365,
0.489,0.427,0.953,0.404,
0.448,0.379,0.952,0.368,
0.471,0.405,0.948,0.386,
0.456,0.38,0.945,0.379,
0.504,0.45,0.95,0.405,
0.447,0.368,0.952,0.367,
0.446,0.37,0.956,0.37,
0.442,0.368,0.955,0.368,
0.517,0.474,0.951,0.431,
0.449,0.372,0.958,0.372,
0.462,0.393,0.949,0.373,
0.444,0.37,0.95,0.369,
0.44,0.365,0.946,0.364,
0.494,0.438,0.951,0.401,
0.438,0.364,0.948,0.364,
0.458,0.389,0.945,0.378,
0.456,0.385,0.953,0.37,
0.45,0.38,0.954,0.379,
0.465,0.399,0.953,0.381,
0.453,0.38,0.953,0.379,
0.515,0.458,0.951,0.424,
0.471,0.402,0.956,0.389,
0.515,0.455,0.953,0.432,
0.474,0.42,0.95,0.386,
0.466,0.401,0.948,0.377,
0.492,0.425,0.953,0.411,
0.451,0.371,0.95,0.371,
0.462,0.383,0.95,0.376,
0.445,0.37,0.954,0.37,
0.441,0.366,0.954,0.366,
0.536,0.477,0.952,0.446,
0.442,0.367,0.952,0.366,
0.459,0.405,0.952,0.369,
0.478,0.413,0.945,0.406,
0.472,0.402,0.948,0.368,
0.449,0.378,0.953,0.377,
0.451,0.38,0.953,0.379,
0.46,0.399,0.949,0.369,
0.452,0.379,0.95,0.365,
0.471,0.406,0.949,0.393,
0.459,0.386,0.948,0.381,
0.452,0.377,0.953,0.376,
0.459,0.38,0.95,0.374,
0.475,0.421,0.95,0.373,
0.478,0.416,0.951,0.397,
0.444,0.368,0.948,0.368,
0.457,0.376,0.949,0.369,
0.45,0.38,0.947,0.373,
0.499,0.444,0.95,0.398,
0.454,0.381,0.953,0.377,
0.461,0.391,0.95,0.376,
0.444,0.371,0.952,0.37,
0.456,0.382,0.95,0.381,
0.48,0.42,0.95,0.395,
0.47,0.409,0.952,0.373,
0.464,0.406,0.952,0.377,
0.448,0.375,0.949,0.366,
0.452,0.383,0.949,0.378,
0.452,0.384,0.951,0.374,
0.464,0.403,0.953,0.384,
0.46,0.391,0.953,0.379,
0.467,0.406,0.948,0.373,
0.466,0.413,0.951,0.369,
0.441,0.367,0.948,0.367,
0.447,0.368,0.95,0.367,
0.455,0.386,0.949,0.371,
0.45,0.38,0.946,0.378,
0.543,0.482,0.953,0.465,
0.464,0.398,0.948,0.373,
0.449,0.373,0.954,0.371,
0.468,0.401,0.953,0.379,
0.448,0.372,0.943,0.371,
0.45,0.386,0.952,0.371,
0.459,0.391,0.947,0.376,
0.501,0.444,0.954,0.422,
0.452,0.383,0.955,0.371,
0.55,0.501,0.949,0.474,
0.472,0.401,0.956,0.388,
0.443,0.37,0.952,0.37,
0.451,0.384,0.948,0.37,
0.464,0.399,0.953,0.384,
0.483,0.415,0.949,0.372,
0.437,0.364,0.943,0.364,
0.441,0.366,0.951,0.366,
0.441,0.366,0.95,0.366,
0.475,0.409,0.952,0.387,
0.452,0.378,0.952,0.375,
0.449,0.366,0.953,0.366,
0.449,0.374,0.947,0.374,
0.51,0.453,0.95,0.437,
0.446,0.383,0.953,0.367,
0.46,0.383,0.953,0.375,
0.447,0.371,0.952,0.37,
0.442,0.367,0.954,0.367,
0.464,0.396,0.956,0.368,
0.468,0.409,0.95,0.386,
0.463,0.392,0.952,0.386,
0.463,0.388,0.948,0.382,
0.509,0.457,0.95,0.423,
0.477,0.41,0.952,0.381,
0.463,0.386,0.943,0.382,
0.445,0.369,0.947,0.368,
0.51,0.45,0.953,0.431,
0.505,0.453,0.949,0.411,
0.446,0.372,0.953,0.372,
0.445,0.371,0.951,0.371,
0.452,0.377,0.944,0.374,
0.448,0.369,0.95,0.368,
0.466,0.39,0.947,0.373,
0.451,0.377,0.952,0.376,
0.459,0.385,0.954,0.377,
0.466,0.404,0.952,0.392,
0.502,0.449,0.949,0.416,
0.506,0.451,0.949,0.42,
0.467,0.402,0.953,0.387,
0.476,0.415,0.946,0.395,
0.45,0.372,0.948,0.367,
0.452,0.379,0.951,0.378,
0.446,0.368,0.945,0.367,
0.485,0.42,0.949,0.385,
0.458,0.395,0.949,0.373,
0.448,0.371,0.95,0.37,
0.445,0.369,0.949,0.369,
0.52,0.463,0.951,0.397,
0.472,0.411,0.954,0.384,
0.47,0.415,0.947,0.372,
0.473,0.416,0.952,0.376,
0.505,0.439,0.939,0.437,
0.474,0.414,0.95,0.389,
0.458,0.378,0.955,0.376,
0.468,0.408,0.956,0.381,
0.492,0.43,0.945,0.415,
0.474,0.413,0.953,0.371,
0.455,0.378,0.95,0.376,
0.447,0.371,0.946,0.37,
0.449,0.374,0.946,0.373,
0.472,0.405,0.949,0.396,
0.45,0.376,0.952,0.374,
0.445,0.365,0.95,0.365,
0.447,0.366,0.947,0.365,
0.47,0.412,0.949,0.369,
0.453,0.385,0.946,0.366,
0.453,0.374,0.948,0.372,
0.454,0.376,0.948,0.368,
0.451,0.376,0.95,0.375,
0.447,0.369,0.954,0.369,
0.483,0.42,0.95,0.404,
0.502,0.435,0.948,0.409,
0.446,0.368,0.948,0.366,
0.493,0.434,0.955,0.396,
0.443,0.37,0.945,0.37,
0.459,0.391,0.951,0.373,
0.508,0.459,0.954,0.425,
0.475,0.41,0.95,0.39,
0.44,0.366,0.95,0.366,
0.444,0.37,0.941,0.369,
0.463,0.401,0.957,0.376,
0.468,0.407,0.949,0.384,
0.457,0.389,0.949,0.37,
0.446,0.367,0.951,0.367,
0.444,0.369,0.949,0.367,
0.507,0.457,0.951,0.419,
0.481,0.416,0.947,0.392,
0.465,0.402,0.949,0.375,
0.455,0.389,0.952,0.371,
0.459,0.398,0.951,0.374,
0.449,0.378,0.949,0.369,
0.485,0.421,0.952,0.407,
0.443,0.369,0.957,0.369,
0.473,0.417,0.949,0.384,
0.453,0.38,0.953,0.372,
0.483,0.43,0.947,0.378,
0.45,0.376,0.953,0.375,
0.471,0.403,0.954,0.384,
0.45,0.374,0.952,0.371,
0.444,0.367,0.95,0.366,
0.463,0.396,0.946,0.39,
0.468,0.4,0.951,0.377,
0.467,0.411,0.95,0.371,
0.469,0.402,0.944,0.393,
0.485,0.41,0.952,0.379,
0.453,0.385,0.953,0.374,
0.442,0.368,0.953,0.368,
0.478,0.406,0.953,0.373,
0.451,0.374,0.953,0.367,
0.447,0.371,0.947,0.365,
0.494,0.436,0.95,0.415,
0.452,0.377,0.947,0.368,
0.442,0.371,0.947,0.369,
0.468,0.397,0.952,0.383,
0.471,0.407,0.954,0.391,
0.45,0.37,0.945,0.369,
0.445,0.369,0.944,0.369,
0.446,0.376,0.949,0.374,
0.456,0.386,0.95,0.371,
0.44,0.366,0.949,0.366,
0.462,0.387,0.948,0.384,
0.457,0.381,0.952,0.38,
0.478,0.403,0.947,0.39,
0.465,0.396,0.951,0.38,
0.447,0.374,0.949,0.373,
0.449,0.374,0.955,0.374,
0.491,0.436,0.954,0.405,
0.457,0.379,0.945,0.376,
0.483,0.425,0.954,0.393,
0.445,0.369,0.953,0.369,
0.447,0.374,0.955,0.374,
0.468,0.405,0.946,0.365,
0.492,0.44,0.946,0.401,
0.458,0.39,0.95,0.374,
0.444,0.373,0.952,0.373,
0.441,0.367,0.944,0.367,
0.462,0.404,0.95,0.37,
0.447,0.372,0.954,0.369,
0.475,0.412,0.946,0.372,
0.44,0.368,0.95,0.368,
0.486,0.422,0.948,0.401,
0.487,0.423,0.952,0.392,
0.453,0.37,0.956,0.367,
0.485,0.433,0.95,0.391,
0.439,0.365,0.945,0.365,
0.45,0.369,0.949,0.368,
0.473,0.412,0.949,0.383,
0.44,0.368,0.952,0.368,
0.445,0.37,0.956,0.368,
0.448,0.378,0.947,0.377,
0.463,0.389,0.946,0.371,
0.443,0.369,0.941,0.369,
0.445,0.37,0.951,0.369,
0.471,0.412,0.95,0.376,
0.506,0.456,0.952,0.425,
0.436,0.365,0.945,0.365,
0.447,0.379,0.949,0.366,
0.462,0.385,0.954,0.382,
0.464,0.403,0.952,0.38,
0.443,0.369,0.951,0.369,
0.443,0.37,0.953,0.37,
0.446,0.366,0.946,0.366,
0.447,0.372,0.952,0.37,
0.491,0.421,0.953,0.4,
0.443,0.37,0.947,0.369,
0.446,0.371,0.949,0.368,
0.457,0.392,0.949,0.378,
0.453,0.372,0.956,0.371,
0.453,0.375,0.951,0.373,
0.489,0.423,0.951,0.392,
0.481,0.418,0.946,0.379,
0.459,0.385,0.946,0.372,
0.443,0.371,0.95,0.371,
0.447,0.369,0.946,0.368,
0.456,0.385,0.955,0.384,
0.464,0.395,0.945,0.382,
0.454,0.378,0.948,0.376,
0.47,0.413,0.953,0.38,
0.472,0.416,0.95,0.373,
0.446,0.378,0.947,0.364,
0.451,0.372,0.949,0.367,
0.445,0.371,0.945,0.371,
0.454,0.389,0.949,0.372,
0.479,0.427,0.951,0.377,
0.44,0.366,0.952,0.366,
0.472,0.412,0.947,0.382,
0.444,0.369,0.953,0.367,
0.505,0.453,0.952,0.406,
0.465,0.401,0.947,0.389,
0.454,0.38,0.949,0.379,
0.45,0.369,0.945,0.368,
0.465,0.403,0.953,0.379,
0.469,0.408,0.947,0.367,
0.489,0.425,0.955,0.406,
0.451,0.383,0.949,0.37,
0.447,0.373,0.949,0.37,
0.521,0.465,0.951,0.43,
0.49,0.427,0.953,0.402,
0.463,0.389,0.95,0.384,
0.496,0.435,0.953,0.418,
0.443,0.369,0.951,0.369,
0.471,0.408,0.948,0.382,
0.457,0.396,0.945,0.383,
0.486,0.43,0.947,0.383,
0.474,0.415,0.952,0.385,
0.446,0.371,0.949,0.371,
0.47,0.402,0.947,0.398,
0.512,0.46,0.957,0.423,
0.475,0.406,0.951,0.37,
0.449,0.385,0.95,0.367,
0.471,0.409,0.948,0.387,
0.451,0.377,0.953,0.376,
0.448,0.369,0.952,0.369,
0.44,0.368,0.945,0.368,
0.449,0.367,0.947,0.366,
0.47,0.408,0.948,0.396,
0.5,0.434,0.955,0.418,
0.442,0.37,0.944,0.37,
0.443,0.366,0.943,0.365,
0.466,0.408,0.95,0.378,
0.469,0.409,0.947,0.396,
0.451,0.374,0.952,0.372,
0.495,0.445,0.944,0.39,
0.452,0.379,0.953,0.378,
0.485,0.424,0.954,0.396,
0.481,0.42,0.952,0.39,
0.483,0.422,0.949,0.388,
0.453,0.372,0.946,0.371,
0.472,0.408,0.946,0.382,
0.473,0.406,0.954,0.392,
0.447,0.374,0.938,0.374,
0.531,0.477,0.951,0.443,
0.455,0.378,0.956,0.368,
0.471,0.411,0.945,0.371,
0.48,0.419,0.949,0.397,
0.443,0.37,0.954,0.37,
0.441,0.368,0.951,0.367,
0.459,0.391,0.949,0.39,
0.47,0.4,0.949,0.391,
0.449,0.371,0.95,0.37,
0.445,0.369,0.957,0.369,
0.493,0.429,0.95,0.39,
0.443,0.372,0.948,0.367,
0.472,0.406,0.952,0.391,
0.449,0.377,0.947,0.376,
0.446,0.368,0.948,0.368,
0.454,0.386,0.946,0.369,
0.443,0.367,0.951,0.367,
0.48,0.417,0.95,0.392,
0.511,0.455,0.952,0.436,
0.505,0.441,0.95,0.415,
0.443,0.369,0.95,0.365,
0.447,0.37,0.951,0.37,
0.47,0.405,0.946,0.387,
0.443,0.368,0.952,0.367,
0.442,0.37,0.945,0.369,
0.445,0.372,0.949,0.371,
0.444,0.373,0.954,0.373,
0.486,0.42,0.953,0.386,
0.46,0.393,0.954,0.372,
0.442,0.368,0.944,0.368,
0.444,0.373,0.949,0.373,
0.539,0.485,0.943,0.453,
0.496,0.432,0.952,0.408,
0.492,0.424,0.949,0.408,
0.5,0.429,0.951,0.41,
0.522,0.464,0.944,0.444,
0.544,0.494,0.948,0.46,
0.502,0.447,0.951,0.414,
0.503,0.441,0.952,0.408,
0.502,0.438,0.95,0.414,
0.491,0.424,0.949,0.404,
0.481,0.406,0.95,0.403,
0.514,0.451,0.947,0.425,
0.536,0.482,0.946,0.46,
0.509,0.439,0.954,0.438,
0.538,0.481,0.953,0.439,
0.56,0.507,0.951,0.435,
0.531,0.473,0.952,0.464,
0.499,0.434,0.953,0.409,
0.495,0.424,0.953,0.416,
0.544,0.488,0.954,0.466,
0.525,0.458,0.945,0.442,
0.541,0.489,0.941,0.479,
0.491,0.415,0.95,0.408,
0.547,0.485,0.95,0.445,
0.557,0.494,0.949,0.47,
0.483,0.405,0.952,0.403,
0.567,0.514,0.951,0.489,
0.508,0.435,0.949,0.43,
0.486,0.416,0.951,0.415,
0.521,0.464,0.952,0.436,
0.511,0.457,0.953,0.41,
0.558,0.504,0.952,0.469,
0.458,0.388,0.952,0.387,
0.447,0.37,0.956,0.37,
0.51,0.448,0.95,0.416,
0.447,0.373,0.952,0.372,
0.45,0.377,0.946,0.376,
0.45,0.376,0.953,0.374,
0.491,0.428,0.95,0.403,
0.449,0.369,0.956,0.369,
0.447,0.369,0.957,0.369,
0.45,0.373,0.952,0.37,
0.517,0.453,0.953,0.432,
0.466,0.406,0.95,0.383,
0.482,0.418,0.956,0.378,
0.446,0.369,0.951,0.369,
0.455,0.381,0.953,0.373,
0.457,0.394,0.945,0.381,
0.491,0.415,0.949,0.407,
0.514,0.453,0.946,0.433,
0.52,0.474,0.945,0.427,
0.516,0.447,0.952,0.446,
0.527,0.46,0.95,0.435,
0.533,0.47,0.952,0.43,
0.49,0.425,0.946,0.405,
0.513,0.456,0.955,0.432,
0.496,0.416,0.954,0.409,
0.518,0.459,0.947,0.444,
0.511,0.457,0.951,0.428,
0.496,0.432,0.953,0.408,
0.507,0.433,0.952,0.421,
0.486,0.412,0.953,0.407,
0.485,0.408,0.946,0.405,
0.491,0.412,0.956,0.409,
0.472,0.403,0.951,0.384,
0.447,0.374,0.952,0.374,
0.479,0.423,0.951,0.38,
0.479,0.413,0.949,0.372,
0.485,0.417,0.951,0.402,
0.463,0.401,0.95,0.384,
0.457,0.383,0.949,0.381,
0.469,0.413,0.953,0.382,
0.494,0.442,0.95,0.411,
0.456,0.389,0.95,0.373,
0.443,0.371,0.955,0.37,
0.468,0.402,0.954,0.399,
0.451,0.38,0.948,0.379,
0.522,0.455,0.955,0.422,
0.512,0.466,0.949,0.422,
0.448,0.374,0.953,0.374,


0.634,0.579,0.997,0.514,
0.708,0.673,0.999,0.63,
0.696,0.671,0.998,0.589,
0.656,0.614,0.997,0.567,
0.602,0.557,1,0.464,
0.649,0.595,1,0.555,
0.625,0.588,1,0.517,
0.633,0.586,1,0.503,
0.688,0.634,1,0.584,
0.595,0.518,1,0.48,
0.745,0.736,0.999,0.625,
0.646,0.605,0.997,0.559,
0.676,0.637,1,0.553,
0.607,0.565,1,0.482,
0.672,0.613,0.998,0.552,
0.64,0.599,0.993,0.529,
0.618,0.545,1,0.519,
0.635,0.607,1,0.53,
0.611,0.548,1,0.531,
0.763,0.742,1,0.681,
0.594,0.546,1,0.496,
0.664,0.653,1,0.528,
0.616,0.556,0.995,0.508,
0.628,0.573,1,0.552,
0.681,0.649,1,0.55,
0.65,0.607,1,0.529,
0.624,0.573,1,0.521,
0.717,0.684,1,0.618,
0.711,0.67,1,0.635,
0.696,0.659,0.999,0.628,
0.734,0.712,0.997,0.641,
0.655,0.61,1,0.596,
0.58,0.508,1,0.504,
0.657,0.621,1,0.535,
0.617,0.564,1,0.556,
0.698,0.667,1,0.6,
0.668,0.609,1,0.605,
0.6,0.53,1,0.516,
0.583,0.503,1,0.479,
0.625,0.599,1,0.49,
0.641,0.58,1,0.555,
0.649,0.585,1,0.542,
0.596,0.532,1,0.521,
0.664,0.603,1,0.573,
0.625,0.57,1,0.525,
0.702,0.675,0.998,0.601,
0.622,0.556,1,0.536,
0.643,0.6,1,0.552,
0.695,0.659,0.997,0.606,
0.607,0.548,1,0.512,
0.689,0.641,0.999,0.598,
0.602,0.552,0.999,0.461,
0.586,0.531,0.999,0.465,
0.588,0.526,1,0.499,
0.63,0.581,0.996,0.55,
0.608,0.542,1,0.481,
0.653,0.588,1,0.575,
0.679,0.639,0.996,0.556,
0.59,0.521,1,0.51,
0.622,0.588,1,0.491,
0.62,0.574,1,0.54,
0.603,0.546,1,0.512,
0.644,0.606,1,0.551,
0.59,0.508,1,0.489,
0.605,0.532,1,0.501,
0.629,0.563,1,0.558,
0.649,0.597,0.998,0.535,
0.617,0.56,1,0.534,
0.61,0.542,0.993,0.472,
0.605,0.537,1,0.534,
0.673,0.633,1,0.563,
0.754,0.74,0.997,0.647,
0.65,0.623,1,0.47,
0.58,0.52,1,0.479,
0.681,0.638,1,0.605,
0.671,0.629,0.999,0.558,
0.732,0.704,0.998,0.625,
0.6,0.54,1,0.495,
0.737,0.708,0.997,0.656,
0.769,0.746,1,0.707,
0.58,0.506,0.998,0.452,
0.763,0.733,1,0.68,
0.589,0.532,1,0.481,
0.8,0.779,0.999,0.738,
0.641,0.581,1,0.528,
0.591,0.558,1,0.482,
0.614,0.54,1,0.518,
0.663,0.607,1,0.573,
0.555,0.484,1,0.431,
0.68,0.638,1,0.579,
0.64,0.574,0.995,0.541,
0.649,0.609,1,0.57,
0.667,0.611,1,0.596,
0.644,0.581,1,0.576,
0.583,0.51,1,0.491,
0.816,0.809,1,0.73,
0.68,0.619,1,0.595,
0.595,0.536,1,0.475,
0.623,0.561,1,0.54,
0.612,0.552,0.999,0.532,
0.61,0.559,1,0.534,
0.673,0.625,0.999,0.584,
0.717,0.69,0.999,0.63,
0.567,0.497,1,0.495,
0.677,0.641,1,0.576,
0.692,0.627,1,0.587,
0.629,0.565,1,0.522,
0.622,0.55,1,0.47,
0.719,0.683,1,0.653,
0.709,0.667,1,0.624,
0.618,0.569,1,0.524,
0.661,0.617,0.998,0.586,
0.62,0.562,0.997,0.515,
0.646,0.613,1,0.501,
0.71,0.671,1,0.575,
0.72,0.683,0.999,0.631,
0.618,0.567,1,0.528,
0.573,0.49,1,0.482,
0.711,0.68,1,0.602,
0.614,0.561,1,0.527,
0.641,0.599,1,0.523,
0.588,0.545,0.998,0.434,
0.698,0.653,1,0.611,
0.676,0.623,0.999,0.593,
0.647,0.604,1,0.534,
0.721,0.706,1,0.575,
0.637,0.569,1,0.535,
0.688,0.657,1,0.581,
0.652,0.597,1,0.517,
0.589,0.536,1,0.495,
0.598,0.536,1,0.469,
0.592,0.526,1,0.482,
0.66,0.621,1,0.572,
0.636,0.592,1,0.568,
0.693,0.649,1,0.629,
0.586,0.534,1,0.485,
0.582,0.528,1,0.489,
0.587,0.52,1,0.457,
0.582,0.517,1,0.488,
0.601,0.531,1,0.501,
0.609,0.567,1,0.52,
0.71,0.657,1,0.64,
0.593,0.532,1,0.462,
0.589,0.52,1,0.488,
0.578,0.524,1,0.45,
0.641,0.594,1,0.564,
0.628,0.572,1,0.524,
0.62,0.566,1,0.519,
0.551,0.474,1,0.433,
0.633,0.581,0.998,0.5,
0.693,0.659,1,0.585,
0.611,0.548,1,0.512,
0.681,0.635,1,0.589,
0.578,0.523,1,0.434,
0.719,0.69,0.999,0.617,
0.638,0.605,1,0.539,
0.586,0.508,1,0.478,
0.653,0.601,0.996,0.541,
0.625,0.567,1,0.525,
0.685,0.659,1,0.59,
0.643,0.602,0.999,0.493,
0.628,0.585,1,0.541,
0.66,0.607,1,0.603,
0.625,0.546,0.997,0.517,
0.583,0.524,1,0.494,
0.637,0.583,1,0.516,
0.597,0.542,1,0.501,
0.603,0.556,1,0.515,
0.71,0.692,0.998,0.6,
0.587,0.516,1,0.483,
0.639,0.585,1,0.568,
0.637,0.6,1,0.555,
0.6,0.528,1,0.525,
0.751,0.719,1,0.683,
0.585,0.518,1,0.479,
0.629,0.585,0.995,0.548,
0.633,0.591,1,0.55,
0.637,0.574,1,0.538,
0.667,0.627,0.999,0.535,
0.64,0.593,1,0.512,
0.609,0.538,1,0.528,
0.59,0.516,1,0.503,
0.725,0.699,0.995,0.65,
0.705,0.675,1,0.633,
0.663,0.605,1,0.563,
0.612,0.557,1,0.476,
0.641,0.593,1,0.555,
0.664,0.609,1,0.595,
0.631,0.574,1,0.573,
0.728,0.702,0.996,0.625,
0.733,0.7,1,0.691,
0.598,0.555,1,0.497,
0.753,0.728,0.996,0.687,
0.606,0.54,1,0.524,
0.573,0.514,0.997,0.438,
0.646,0.593,0.999,0.542,
0.609,0.558,1,0.483,
0.662,0.598,0.996,0.571,
0.577,0.495,1,0.477,
0.597,0.542,1,0.476,
0.705,0.667,0.994,0.628,
0.638,0.607,1,0.549,
0.593,0.528,1,0.508,
0.63,0.587,1,0.557,
0.614,0.555,1,0.491,
0.619,0.543,1,0.537,
0.654,0.607,0.997,0.551,
0.662,0.621,1,0.569,
0.634,0.587,1,0.554,
0.63,0.59,1,0.513,
0.641,0.581,1,0.553,
0.704,0.682,1,0.617,
0.589,0.558,1,0.447,
0.625,0.558,0.997,0.497,
0.626,0.583,1,0.516,
0.647,0.595,0.996,0.541,
0.559,0.48,1,0.473,
0.565,0.484,1,0.476,
0.701,0.672,1,0.611,
0.618,0.56,1,0.521,
0.64,0.588,1,0.586,
0.659,0.619,0.997,0.547,
0.593,0.527,0.999,0.487,
0.611,0.552,1,0.483,
0.728,0.696,1,0.618,
0.582,0.504,1,0.479,
0.641,0.601,1,0.529,
0.654,0.61,1,0.542,
0.716,0.681,1,0.611,
0.632,0.589,0.997,0.524,
0.638,0.601,1,0.545,
0.612,0.551,1,0.48,
0.627,0.579,0.999,0.537,
0.59,0.528,1,0.487,
0.665,0.611,1,0.53,
0.61,0.559,1,0.516,
0.667,0.628,1,0.58,
0.698,0.661,1,0.646,
0.562,0.495,1,0.447,
0.717,0.665,0.999,0.642,
0.652,0.597,1,0.554,
0.619,0.565,1,0.551,
0.598,0.552,1,0.504,
0.794,0.78,0.998,0.704,
0.574,0.492,1,0.472,
0.724,0.692,0.998,0.631,
0.62,0.566,1,0.529,
0.648,0.587,1,0.543,
0.608,0.579,1,0.481,
0.646,0.599,1,0.564,
0.612,0.559,1,0.531,
0.674,0.645,0.997,0.567,
0.706,0.672,1,0.618,
0.586,0.536,1,0.479,
0.678,0.649,1,0.576,
0.626,0.587,1,0.505,
0.702,0.679,0.999,0.595,
0.666,0.607,1,0.587,
0.651,0.585,1,0.563,
0.673,0.633,1,0.571,
0.653,0.583,0.999,0.54,
0.587,0.526,1,0.468,
0.622,0.562,1,0.53,
0.637,0.577,1,0.497,
0.742,0.715,1,0.674,
0.72,0.679,0.998,0.65,
0.6,0.529,1,0.485,
0.638,0.591,1,0.511,
0.737,0.706,1,0.631,
0.647,0.605,1,0.574,
0.687,0.661,1,0.577,
0.626,0.568,0.997,0.51,
0.609,0.552,1,0.518,
0.671,0.641,1,0.518,
0.694,0.625,1,0.556,
0.598,0.543,1,0.508,
0.635,0.583,1,0.557,
0.653,0.607,1,0.54,
0.704,0.679,0.994,0.613,
0.574,0.528,1,0.464,
0.63,0.573,1,0.531,
0.674,0.635,0.999,0.586,
0.713,0.678,1,0.624,
0.619,0.56,1,0.553,
0.602,0.532,1,0.467,
0.671,0.629,0.997,0.578,
0.727,0.697,1,0.622,
0.583,0.526,1,0.48,
0.623,0.579,1,0.542,
0.649,0.607,1,0.56,
0.666,0.621,1,0.568,
0.683,0.643,0.999,0.58,
0.667,0.627,1,0.565,
0.678,0.646,1,0.577,
0.579,0.498,1,0.456,
0.679,0.625,0.993,0.624,
0.6,0.548,1,0.503,
0.61,0.559,1,0.512,
0.596,0.539,1,0.492,
0.616,0.575,1,0.528,
0.71,0.696,1,0.591,
0.58,0.53,1,0.479,
0.646,0.603,1,0.566,
0.672,0.629,1,0.624,
0.588,0.514,1,0.506,
0.68,0.637,1,0.598,
0.655,0.599,1,0.588,
0.625,0.562,0.999,0.534,
0.646,0.59,0.999,0.533,
0.67,0.653,1,0.498,
0.618,0.558,1,0.548,
0.659,0.588,1,0.575,
0.71,0.671,0.998,0.634,
0.65,0.601,1,0.539,
0.613,0.555,0.996,0.508,
0.728,0.703,0.999,0.616,
0.672,0.63,1,0.533,
0.629,0.577,1,0.515,
0.72,0.68,1,0.659,
0.563,0.49,0.999,0.45,
0.608,0.546,0.997,0.506,
0.577,0.52,1,0.471,
0.603,0.544,1,0.525,
0.633,0.596,1,0.507,
0.626,0.575,1,0.539,
0.628,0.565,1,0.557,
0.598,0.575,1,0.452,
0.669,0.619,1,0.58,
0.626,0.593,1,0.507,
0.71,0.677,1,0.617,
0.595,0.531,1,0.521,
0.704,0.639,1,0.601,
0.604,0.546,1,0.502,
0.595,0.532,1,0.515,
0.654,0.614,0.998,0.532,
0.615,0.55,1,0.545,
0.612,0.559,1,0.53,
0.716,0.663,0.997,0.619,
0.624,0.561,1,0.522,
0.604,0.537,0.997,0.494,
0.556,0.473,1,0.435,
0.618,0.556,1,0.534,
0.663,0.611,0.998,0.534,
0.649,0.605,0.997,0.515,
0.652,0.593,1,0.559,
0.656,0.599,1,0.567,
0.661,0.625,1,0.579,
0.594,0.538,1,0.49,
0.751,0.722,1,0.681,
0.693,0.645,1,0.573,
0.598,0.542,1,0.479,
0.705,0.659,1,0.65,
0.595,0.52,1,0.515,
0.657,0.605,0.999,0.569,
0.647,0.601,1,0.521,
0.618,0.546,1,0.543,
0.773,0.759,1,0.703,
0.615,0.564,0.995,0.518,
0.685,0.65,1,0.607,
0.693,0.651,0.997,0.569,
0.622,0.563,1,0.549,
0.637,0.595,1,0.51,
0.624,0.573,1,0.492,
0.698,0.653,1,0.63,
0.588,0.543,1,0.48,
0.629,0.569,1,0.541,
0.714,0.667,0.996,0.644,
0.618,0.561,1,0.517,
0.628,0.573,0.998,0.54,
0.601,0.555,1,0.467,
0.588,0.52,0.998,0.466,
0.642,0.581,1,0.553,
0.673,0.635,1,0.57,
0.607,0.519,1,0.497,
0.639,0.585,1,0.545,
0.649,0.618,0.999,0.508,
0.595,0.53,1,0.5,
0.756,0.72,0.996,0.664,
0.623,0.573,1,0.478,
0.607,0.533,1,0.493,
0.591,0.526,1,0.525,
0.61,0.544,1,0.531,
0.649,0.619,1,0.538,
0.606,0.521,1,0.487,
0.771,0.75,1,0.636,
0.616,0.559,1,0.504,
0.621,0.567,0.997,0.511,
0.659,0.613,0.997,0.558,
0.689,0.667,1,0.59,
0.691,0.648,1,0.597,
0.591,0.539,1,0.493,
0.617,0.552,1,0.519,
0.582,0.522,1,0.442,
0.621,0.561,1,0.515,
0.597,0.517,0.996,0.49,
0.586,0.531,0.998,0.467,
0.764,0.742,1,0.696,
0.6,0.518,1,0.495,
0.688,0.631,1,0.616,
0.697,0.655,0.999,0.609,
0.664,0.612,0.999,0.575,
0.646,0.607,1,0.509,
0.674,0.628,0.999,0.571,
0.649,0.599,1,0.593,
0.651,0.606,1,0.585,
0.591,0.551,1,0.473,
0.736,0.712,1,0.636,
0.602,0.54,1,0.526,
0.576,0.512,1,0.452,
0.568,0.505,1,0.436,
0.642,0.585,0.998,0.527,
0.628,0.568,1,0.559,
0.659,0.612,1,0.579,
0.599,0.534,1,0.483,
0.626,0.58,1,0.515,
0.674,0.642,1,0.57,
0.665,0.621,1,0.579,
0.621,0.558,0.999,0.521,
0.597,0.554,1,0.478,
0.629,0.585,1,0.535,
0.667,0.641,1,0.538,
0.608,0.547,1,0.529,
0.694,0.661,1,0.62,
0.671,0.637,1,0.568,
0.663,0.601,0.999,0.559,
0.742,0.722,0.998,0.658,
0.577,0.518,0.998,0.452,
0.633,0.589,0.997,0.532,
0.671,0.618,1,0.589,
0.596,0.542,1,0.515,
0.742,0.713,0.997,0.661,
0.77,0.76,0.999,0.66,
0.705,0.676,1,0.604,
0.716,0.679,1,0.641,
0.624,0.554,1,0.522,
0.582,0.53,1,0.464,
0.571,0.511,1,0.477,
0.654,0.615,0.997,0.528,
0.653,0.601,1,0.59,
0.674,0.637,1,0.585,
0.649,0.584,1,0.54,
0.592,0.522,1,0.51,
0.597,0.526,1,0.498,
0.646,0.613,0.999,0.516,
0.666,0.607,0.999,0.54,
0.727,0.701,0.999,0.649,
0.728,0.698,0.999,0.634,
0.723,0.695,1,0.652,
0.676,0.642,1,0.603,
0.612,0.553,1,0.528,
0.598,0.526,1,0.519,
0.692,0.657,1,0.592,
0.703,0.674,1,0.574,
0.624,0.587,0.999,0.485,
0.61,0.526,1,0.521,
0.604,0.536,1,0.524,
0.597,0.529,1,0.504,
0.654,0.611,1,0.585,
0.612,0.573,0.999,0.495,
0.677,0.633,0.999,0.591,
0.576,0.532,0.998,0.436,
0.609,0.544,1,0.499,
0.629,0.58,0.999,0.518,
0.623,0.563,1,0.499,
0.657,0.623,0.998,0.565,
0.738,0.716,0.997,0.638,
0.664,0.636,0.996,0.525,
0.594,0.516,0.994,0.486,
0.627,0.563,1,0.547,
0.648,0.617,0.995,0.541,
0.65,0.604,0.996,0.55,
0.643,0.597,0.994,0.56,
0.59,0.526,1,0.475,
0.614,0.568,0.998,0.475,
0.632,0.563,1,0.533,
0.669,0.62,1,0.574,
0.673,0.633,0.999,0.571,
0.632,0.565,0.995,0.529,
0.594,0.536,1,0.487,
0.636,0.573,1,0.572,
0.664,0.615,0.996,0.583,
0.631,0.589,1,0.529,
0.624,0.564,1,0.541,
0.642,0.591,1,0.589,
0.646,0.601,1,0.58,
0.657,0.601,1,0.541,
0.687,0.647,1,0.593,
0.643,0.612,1,0.519,
0.636,0.579,1,0.525,
0.707,0.679,1,0.599,
0.637,0.599,1,0.523,
0.736,0.687,1,0.684,
0.688,0.657,1,0.615,
0.655,0.635,0.999,0.522,
0.685,0.64,1,0.599,
0.621,0.577,1,0.48,
0.576,0.516,1,0.481,
0.58,0.491,1,0.472,
0.655,0.631,1,0.522,
0.76,0.722,0.998,0.694,
0.611,0.556,1,0.485,
0.669,0.625,1,0.539,
0.717,0.696,0.999,0.6,
0.649,0.605,1,0.539,
0.636,0.585,1,0.568,
0.653,0.619,0.999,0.556,
0.682,0.648,1,0.562,
0.609,0.548,1,0.495,
0.558,0.477,1,0.476,
0.676,0.649,0.998,0.544,
0.57,0.502,1,0.468,
0.651,0.613,1,0.554,
0.572,0.518,1,0.456,
0.585,0.522,1,0.456,
0.74,0.717,1,0.651,
0.606,0.558,1,0.502,
0.625,0.587,1,0.491,
0.61,0.551,1,0.517,
0.56,0.499,1,0.451,
0.645,0.595,1,0.564,
0.628,0.579,0.997,0.529,
0.662,0.617,1,0.602,
0.611,0.562,1,0.513,
0.632,0.576,0.996,0.545,
0.651,0.612,1,0.553,
0.629,0.583,1,0.562,
0.582,0.53,1,0.467,
0.719,0.682,1,0.636,
0.643,0.597,1,0.544,
0.573,0.494,1,0.481,
0.605,0.53,1,0.519,
0.713,0.71,1,0.588,
0.585,0.519,1,0.488,
0.629,0.581,1,0.508,
0.636,0.58,1,0.529,
0.721,0.695,1,0.67,
0.625,0.573,1,0.504,
0.48,0.401,1,0.395,
0.481,0.395,1,0.393,
0.547,0.491,0.994,0.404,
0.586,0.524,1,0.477,
0.527,0.448,0.998,0.418,
0.511,0.43,1,0.425,
0.491,0.404,1,0.402,
0.488,0.396,1,0.395,
0.508,0.442,1,0.402,
0.543,0.479,1,0.4,
0.478,0.397,1,0.396,
0.534,0.469,1,0.461,
0.555,0.493,1,0.45,
0.497,0.415,1,0.392,
0.582,0.532,0.997,0.476,
0.624,0.567,1,0.539,
0.52,0.449,1,0.445,
0.485,0.4,0.997,0.395,
0.534,0.475,1,0.408,
0.537,0.465,1,0.438,
0.522,0.445,1,0.421,
0.622,0.565,0.997,0.518,
0.515,0.44,1,0.398,
0.542,0.48,1,0.406,
0.526,0.444,1,0.405,
0.536,0.472,0.995,0.429,
0.477,0.392,1,0.391,
0.476,0.393,1,0.393,
0.56,0.507,1,0.431,
0.517,0.449,1,0.4,
0.596,0.552,1,0.489,
0.541,0.475,1,0.46,
0.489,0.406,1,0.395,
0.484,0.395,1,0.394,
0.505,0.433,1,0.398,
0.49,0.405,1,0.402,
0.534,0.46,0.993,0.417,
0.502,0.423,1,0.414,
0.477,0.394,1,0.393,
0.491,0.4,1,0.395,
0.539,0.466,1,0.428,
0.532,0.455,1,0.422,
0.526,0.46,1,0.426,
0.552,0.484,1,0.435,
0.485,0.401,1,0.392,
0.598,0.534,0.999,0.503,
0.512,0.448,1,0.392,
0.542,0.475,1,0.403,
0.52,0.445,1,0.438,
0.594,0.54,0.998,0.468,
0.524,0.452,1,0.391,
0.483,0.399,1,0.396,
0.496,0.419,1,0.393,
0.617,0.568,1,0.505,
0.48,0.392,1,0.391,
0.542,0.481,1,0.414,
0.504,0.423,1,0.399,
0.489,0.4,1,0.398,
0.579,0.498,1,0.473,
0.493,0.418,0.996,0.403,
0.502,0.421,1,0.395,
0.548,0.482,0.995,0.451,
0.485,0.404,1,0.402,
0.509,0.444,1,0.398,
0.503,0.434,1,0.395,
0.615,0.548,1,0.509,
0.507,0.424,0.998,0.397,
0.597,0.543,0.999,0.489,
0.523,0.453,0.998,0.445,
0.513,0.442,0.999,0.396,
0.565,0.514,1,0.482,
0.54,0.471,0.995,0.412,
0.544,0.472,1,0.439,
0.504,0.417,1,0.401,
0.478,0.39,1,0.389,
0.634,0.575,1,0.547,
0.48,0.393,1,0.392,
0.528,0.46,1,0.431,
0.539,0.468,1,0.467,
0.551,0.472,1,0.436,
0.481,0.399,1,0.398,
0.492,0.405,1,0.403,
0.529,0.464,0.996,0.409,
0.487,0.405,1,0.394,
0.522,0.445,1,0.427,
0.517,0.436,1,0.422,
0.552,0.522,1,0.397,
0.522,0.47,1,0.398,
0.503,0.413,1,0.396,
0.558,0.492,1,0.441,
0.504,0.422,1,0.418,
0.529,0.443,0.996,0.412,
0.494,0.406,1,0.4,
0.573,0.512,1,0.458,
0.493,0.417,1,0.404,
0.516,0.443,0.999,0.425,
0.483,0.401,1,0.396,
0.505,0.421,1,0.399,
0.552,0.494,1,0.439,
0.497,0.403,0.999,0.389,
0.507,0.429,0.995,0.411,
0.484,0.396,1,0.394,
0.48,0.398,1,0.397,
0.521,0.444,1,0.399,
0.573,0.52,1,0.44,
0.509,0.438,1,0.407,
0.54,0.483,1,0.406,
0.496,0.417,1,0.391,
0.504,0.425,1,0.393,
0.479,0.394,1,0.394,
0.493,0.406,1,0.398,
0.547,0.485,1,0.462,
0.653,0.609,0.999,0.538,
0.539,0.483,1,0.413,
0.491,0.393,0.996,0.39,
0.536,0.483,1,0.417,
0.527,0.45,1,0.448,
0.487,0.398,1,0.395,
0.504,0.427,0.998,0.397,
0.574,0.528,1,0.445,
0.511,0.444,0.999,0.401,
0.659,0.616,1,0.552,
0.51,0.428,1,0.394,
0.479,0.396,1,0.395,
0.533,0.445,1,0.427,
0.515,0.452,1,0.412,
0.564,0.51,1,0.446,
0.484,0.4,1,0.396,
0.49,0.399,1,0.394,
0.506,0.428,0.998,0.404,
0.515,0.417,0.999,0.396,
0.51,0.413,1,0.396,
0.534,0.493,0.999,0.406,
0.492,0.405,1,0.4,
0.618,0.569,1,0.492,
0.509,0.439,1,0.398,
0.512,0.428,1,0.413,
0.483,0.392,0.996,0.389,
0.478,0.394,1,0.393,
0.505,0.416,1,0.393,
0.516,0.453,0.996,0.406,
0.505,0.435,1,0.403,
0.526,0.462,1,0.399,
0.603,0.54,1,0.5,
0.577,0.511,1,0.438,
0.529,0.45,1,0.416,
0.49,0.4,1,0.391,
0.617,0.583,0.996,0.492,
0.592,0.535,1,0.498,
0.478,0.393,1,0.392,
0.481,0.4,1,0.398,
0.525,0.454,1,0.452,
0.479,0.394,1,0.393,
0.545,0.478,1,0.445,
0.481,0.396,1,0.395,
0.523,0.45,1,0.414,
0.499,0.429,0.998,0.407,
0.586,0.537,1,0.488,
0.587,0.536,1,0.474,
0.512,0.446,0.998,0.424,
0.523,0.451,1,0.424,
0.529,0.46,0.999,0.408,
0.524,0.455,1,0.444,
0.485,0.397,1,0.395,
0.55,0.472,0.994,0.428,
0.497,0.409,1,0.396,
0.488,0.41,1,0.395,
0.497,0.413,1,0.404,
0.574,0.526,1,0.455,
0.536,0.471,1,0.438,
0.554,0.503,1,0.43,
0.514,0.44,0.998,0.4,
0.593,0.534,1,0.508,
0.551,0.489,1,0.461,
0.51,0.412,1,0.399,
0.506,0.435,1,0.409,
0.578,0.525,1,0.474,
0.543,0.46,1,0.423,
0.485,0.393,0.999,0.391,
0.485,0.398,1,0.393,
0.514,0.436,1,0.432,
0.568,0.508,0.998,0.474,
0.533,0.465,1,0.402,
0.539,0.479,0.997,0.436,
0.518,0.456,1,0.4,
0.557,0.514,0.999,0.439,
0.502,0.429,1,0.4,
0.516,0.434,0.997,0.403,
0.526,0.455,1,0.409,
0.503,0.422,1,0.419,
0.508,0.41,1,0.4,
0.57,0.516,1,0.456,
0.576,0.52,1,0.474,
0.494,0.417,0.999,0.395,
0.605,0.569,0.997,0.466,
0.5,0.41,1,0.403,
0.524,0.46,1,0.392,
0.61,0.566,1,0.483,
0.52,0.463,0.998,0.418,
0.479,0.392,1,0.391,
0.501,0.421,1,0.399,
0.524,0.463,1,0.428,
0.546,0.461,0.999,0.434,
0.515,0.428,1,0.393,
0.491,0.397,0.999,0.395,
0.51,0.431,1,0.406,
0.587,0.542,1,0.459,
0.552,0.488,1,0.453,
0.568,0.514,0.996,0.452,
0.518,0.447,1,0.406,
0.528,0.468,1,0.416,
0.509,0.449,1,0.396,
0.501,0.422,1,0.4,
0.476,0.393,1,0.391,
0.551,0.479,1,0.453,
0.524,0.463,1,0.411,
0.58,0.522,1,0.456,
0.491,0.405,1,0.398,
0.506,0.432,1,0.407,
0.505,0.429,1,0.399,
0.476,0.396,1,0.393,
0.527,0.464,1,0.424,
0.542,0.49,1,0.424,
0.483,0.396,0.999,0.395,
0.501,0.431,0.995,0.393,
0.54,0.477,1,0.414,
0.536,0.471,1,0.435,
0.478,0.396,1,0.395,
0.567,0.482,1,0.439,
0.505,0.414,0.999,0.393,
0.517,0.45,0.999,0.407,
0.558,0.483,0.998,0.447,
0.508,0.422,1,0.392,
0.494,0.414,0.994,0.402,
0.526,0.452,0.998,0.418,
0.545,0.47,0.995,0.433,
0.535,0.47,1,0.431,
0.486,0.403,1,0.4,
0.501,0.425,1,0.394,
0.492,0.418,1,0.393,
0.489,0.398,0.998,0.395,
0.539,0.466,1,0.464,
0.513,0.444,1,0.404,
0.596,0.53,1,0.519,
0.542,0.466,1,0.418,
0.515,0.436,1,0.428,
0.487,0.413,1,0.404,
0.587,0.522,0.998,0.474,
0.517,0.447,1,0.432,
0.565,0.519,0.999,0.449,
0.485,0.396,1,0.395,
0.491,0.404,1,0.4,
0.523,0.449,1,0.398,
0.575,0.521,1,0.483,
0.497,0.413,1,0.404,
0.481,0.397,1,0.395,
0.483,0.4,1,0.398,
0.521,0.467,1,0.414,
0.488,0.4,0.998,0.393,
0.575,0.516,0.997,0.468,
0.485,0.396,1,0.393,
0.559,0.492,1,0.444,
0.567,0.495,0.997,0.446,
0.498,0.4,1,0.392,
0.53,0.454,1,0.436,
0.481,0.396,1,0.394,
0.518,0.455,0.999,0.401,
0.563,0.501,1,0.455,
0.488,0.4,1,0.395,
0.495,0.41,1,0.403,
0.489,0.405,1,0.402,
0.543,0.494,0.996,0.424,
0.496,0.406,1,0.398,
0.486,0.398,1,0.397,
0.568,0.502,0.996,0.469,
0.594,0.531,1,0.506,
0.49,0.403,1,0.393,
0.495,0.422,0.997,0.398,
0.536,0.461,1,0.441,
0.504,0.441,0.999,0.401,
0.475,0.392,1,0.391,
0.488,0.397,0.998,0.395,
0.511,0.43,1,0.404,
0.492,0.399,1,0.392,
0.607,0.55,1,0.498,
0.499,0.428,1,0.399,
0.478,0.398,0.999,0.397,
0.51,0.446,1,0.42,
0.484,0.394,1,0.391,
0.532,0.45,1,0.444,
0.533,0.469,0.996,0.406,
0.554,0.499,1,0.461,
0.509,0.427,1,0.406,
0.485,0.406,1,0.401,
0.533,0.47,0.999,0.441,
0.522,0.453,1,0.441,
0.508,0.425,0.993,0.389,
0.504,0.422,1,0.405,
0.605,0.552,0.999,0.536,
0.556,0.476,1,0.461,
0.508,0.429,1,0.407,
0.547,0.474,1,0.429,
0.5,0.415,1,0.405,
0.521,0.457,1,0.427,
0.576,0.524,1,0.484,
0.486,0.395,1,0.392,
0.532,0.46,0.995,0.439,
0.51,0.42,1,0.412,
0.58,0.521,0.996,0.487,
0.534,0.459,1,0.419,
0.519,0.443,1,0.441,
0.492,0.406,1,0.405,
0.518,0.466,1,0.408,
0.505,0.407,1,0.392,
0.552,0.501,1,0.429,
0.494,0.423,0.999,0.397,
0.488,0.407,0.997,0.393,
0.614,0.56,0.998,0.508,
0.558,0.486,1,0.437,
0.538,0.469,1,0.467,
0.584,0.526,1,0.487,
0.474,0.392,1,0.391,
0.538,0.466,1,0.412,
0.512,0.434,1,0.422,
0.565,0.507,0.998,0.447,
0.539,0.473,1,0.43,
0.484,0.395,1,0.394,
0.575,0.514,1,0.497,
0.568,0.524,1,0.466,
0.532,0.454,1,0.407,
0.515,0.441,0.998,0.413,
0.536,0.478,1,0.431,
0.514,0.449,1,0.401,
0.501,0.412,1,0.395,
0.484,0.398,0.999,0.397,
0.514,0.45,0.998,0.402,
0.533,0.468,0.998,0.422,
0.544,0.481,1,0.438,
0.492,0.404,1,0.401,
0.486,0.409,0.998,0.398,
0.539,0.483,0.997,0.432,
0.541,0.486,1,0.423,
0.534,0.47,1,0.44,
0.591,0.537,0.997,0.488,
0.482,0.397,1,0.396,
0.558,0.506,1,0.462,
0.56,0.498,0.998,0.435,
0.545,0.495,0.998,0.425,
0.551,0.512,1,0.414,
0.525,0.462,1,0.411,
0.556,0.481,0.998,0.429,
0.527,0.472,1,0.402,
0.621,0.567,1,0.531,
0.498,0.404,0.999,0.392,
0.516,0.45,1,0.4,
0.561,0.498,0.999,0.445,
0.495,0.408,1,0.4,
0.489,0.393,0.996,0.392,
0.486,0.397,1,0.395,
0.501,0.438,0.997,0.392,
0.487,0.396,1,0.395,
0.483,0.393,1,0.391,
0.573,0.506,1,0.445,
0.511,0.44,0.998,0.418,
0.531,0.451,1,0.426,
0.533,0.471,1,0.437,
0.474,0.393,0.994,0.393,
0.532,0.463,1,0.428,
0.481,0.395,1,0.394,
0.555,0.468,1,0.446,
0.613,0.542,1,0.513,
0.602,0.561,0.994,0.468,
0.5,0.422,0.999,0.396,
0.487,0.395,1,0.393,
0.518,0.443,0.994,0.392,
0.504,0.43,1,0.402,
0.484,0.396,0.995,0.391,
0.479,0.396,0.996,0.394,
0.478,0.395,1,0.393,
0.577,0.53,0.999,0.486,
0.51,0.447,1,0.407,
0.483,0.395,1,0.393,
0.477,0.395,1,0.394,
0.654,0.597,0.994,0.56,
0.591,0.546,1,0.449,
0.637,0.607,1,0.46,
0.647,0.587,0.998,0.562,
0.642,0.58,1,0.558,
0.664,0.625,0.994,0.56,
0.611,0.549,1,0.475,
0.571,0.485,1,0.461,
0.623,0.565,1,0.504,
0.614,0.548,1,0.523,
0.6,0.547,1,0.488,
0.64,0.591,1,0.512,
0.691,0.631,0.996,0.585,
0.627,0.569,1,0.546,
0.726,0.703,0.999,0.628,
0.768,0.734,0.999,0.692,
0.64,0.579,1,0.57,
0.626,0.572,0.999,0.542,
0.649,0.593,1,0.559,
0.669,0.618,0.999,0.58,
0.631,0.559,1,0.519,
0.621,0.573,1,0.557,
0.626,0.571,1,0.506,
0.706,0.665,1,0.614,
0.696,0.658,1,0.591,
0.553,0.484,1,0.436,
0.729,0.696,1,0.654,
0.625,0.572,0.995,0.527,
0.593,0.53,1,0.473,
0.646,0.603,1,0.553,
0.601,0.537,0.995,0.52,
0.732,0.696,0.998,0.663,
0.524,0.44,1,0.402,
0.483,0.395,1,0.393,
0.639,0.585,0.995,0.535,
0.519,0.438,1,0.394,
0.485,0.403,1,0.4,
0.525,0.455,1,0.45,
0.572,0.508,1,0.448,
0.516,0.457,1,0.396,
0.532,0.47,1,0.401,
0.526,0.463,1,0.412,
0.606,0.544,1,0.506,
0.546,0.496,1,0.419,
0.534,0.467,1,0.426,
0.475,0.391,0.997,0.39,
0.489,0.404,1,0.396,
0.52,0.449,0.999,0.425,
0.583,0.53,0.998,0.444,
0.647,0.615,1,0.525,
0.627,0.575,1,0.522,
0.659,0.633,1,0.526,
0.674,0.623,1,0.553,
0.669,0.627,1,0.56,
0.59,0.521,1,0.48,
0.603,0.558,1,0.472,
0.677,0.643,1,0.539,
0.625,0.571,1,0.523,
0.62,0.564,1,0.545,
0.63,0.562,1,0.561,
0.605,0.529,1,0.515,
0.625,0.575,1,0.501,
0.594,0.553,1,0.499,
0.603,0.569,1,0.48,
0.552,0.495,0.999,0.442,
0.481,0.399,1,0.397,
0.517,0.445,1,0.397,
0.562,0.485,1,0.45,
0.559,0.496,1,0.438,
0.524,0.471,1,0.407,
0.5,0.414,0.998,0.41,
0.56,0.495,1,0.439,
0.555,0.504,1,0.458,
0.508,0.427,1,0.405,
0.482,0.401,1,0.394,
0.49,0.41,1,0.398,
0.513,0.448,1,0.425,
0.63,0.593,1,0.529,
0.595,0.534,0.994,0.481,
0.479,0.399,1,0.397,


0.6,0.552,1,0.477,
0.557,0.48,1,0.433,
0.588,0.518,1,0.469,
0.621,0.559,1,0.535,
0.575,0.498,1,0.482,
0.623,0.571,1,0.526,
0.555,0.472,0.996,0.46,
0.542,0.468,0.998,0.466,
0.666,0.625,0.999,0.543,
0.594,0.516,1,0.487,
0.563,0.481,1,0.432,
0.581,0.516,1,0.465,
0.57,0.501,1,0.437,
0.607,0.56,1,0.515,
0.589,0.517,1,0.436,
0.561,0.495,1,0.437,
0.627,0.606,0.997,0.486,
0.598,0.538,0.998,0.485,
0.611,0.548,1,0.531,
0.606,0.567,0.998,0.44,
0.555,0.47,0.999,0.463,
0.567,0.492,0.998,0.437,
0.562,0.488,1,0.469,
0.628,0.573,1,0.552,
0.552,0.466,1,0.433,
0.58,0.507,1,0.462,
0.675,0.637,1,0.608,
0.61,0.589,0.999,0.435,
0.558,0.489,0.997,0.432,
0.601,0.524,1,0.498,
0.572,0.508,1,0.471,
0.653,0.606,1,0.596,
0.58,0.508,1,0.504,
0.585,0.522,1,0.439,
0.604,0.554,1,0.531,
0.612,0.542,0.997,0.504,
0.643,0.567,1,0.55,
0.6,0.53,1,0.516,
0.587,0.514,1,0.506,
0.569,0.494,0.996,0.479,
0.56,0.473,1,0.468,
0.58,0.523,1,0.433,
0.619,0.571,0.999,0.527,
0.555,0.5,0.994,0.432,
0.595,0.524,1,0.519,
0.599,0.548,1,0.446,
0.582,0.522,1,0.492,
0.612,0.567,1,0.506,
0.645,0.583,1,0.542,
0.608,0.531,1,0.51,
0.554,0.474,1,0.434,
0.546,0.471,1,0.435,
0.578,0.506,1,0.473,
0.571,0.504,0.999,0.478,
0.546,0.47,1,0.431,
0.542,0.471,0.998,0.431,
0.61,0.542,0.998,0.532,
0.591,0.545,1,0.439,
0.587,0.514,0.999,0.51,
0.588,0.53,0.995,0.476,
0.62,0.574,1,0.54,
0.62,0.571,1,0.541,
0.621,0.583,1,0.519,
0.59,0.508,1,0.489,
0.596,0.531,1,0.469,
0.629,0.563,1,0.558,
0.567,0.48,1,0.448,
0.567,0.524,0.997,0.437,
0.558,0.499,1,0.437,
0.608,0.546,1,0.543,
0.571,0.502,0.993,0.447,
0.612,0.536,1,0.494,
0.577,0.519,0.998,0.44,
0.58,0.52,1,0.479,
0.528,0.441,0.999,0.433,
0.584,0.516,1,0.476,
0.596,0.532,1,0.467,
0.596,0.534,1,0.495,
0.566,0.51,1,0.441,
0.581,0.539,0.999,0.435,
0.577,0.508,1,0.477,
0.578,0.522,1,0.432,
0.601,0.542,1,0.499,
0.651,0.611,1,0.497,
0.59,0.521,0.992,0.454,
0.581,0.546,1,0.479,
0.591,0.511,0.999,0.498,
0.644,0.584,1,0.552,
0.555,0.484,1,0.431,
0.559,0.469,0.999,0.432,
0.553,0.486,1,0.436,
0.592,0.512,1,0.497,
0.605,0.564,0.998,0.509,
0.644,0.581,1,0.579,
0.58,0.51,1,0.49,
0.658,0.623,0.998,0.506,
0.545,0.459,0.996,0.43,
0.547,0.467,1,0.435,
0.621,0.558,1,0.552,
0.592,0.537,1,0.494,
0.573,0.52,1,0.483,
0.582,0.534,1,0.467,
0.628,0.569,1,0.528,
0.567,0.497,1,0.495,
0.559,0.481,0.999,0.432,
0.564,0.514,1,0.432,
0.584,0.506,0.999,0.493,
0.58,0.516,0.998,0.469,
0.646,0.614,0.991,0.494,
0.671,0.656,0.998,0.489,
0.618,0.553,1,0.55,
0.633,0.573,1,0.552,
0.615,0.55,1,0.522,
0.568,0.481,1,0.439,
0.595,0.533,0.999,0.465,
0.585,0.528,1,0.475,
0.592,0.531,1,0.486,
0.572,0.49,1,0.483,
0.606,0.504,0.999,0.468,
0.591,0.523,0.993,0.515,
0.605,0.542,0.998,0.479,
0.54,0.455,1,0.432,
0.607,0.557,0.997,0.445,
0.587,0.522,1,0.493,
0.562,0.482,0.999,0.464,
0.632,0.591,1,0.49,
0.627,0.56,0.999,0.541,
0.58,0.516,0.999,0.446,
0.554,0.474,0.997,0.43,
0.554,0.471,1,0.458,
0.549,0.471,1,0.433,
0.577,0.508,1,0.486,
0.66,0.621,1,0.572,
0.612,0.552,0.993,0.544,
0.638,0.575,0.999,0.562,
0.573,0.507,1,0.48,
0.582,0.528,1,0.489,
0.547,0.471,0.999,0.434,
0.562,0.497,1,0.482,
0.601,0.53,1,0.501,
0.609,0.556,1,0.533,
0.71,0.657,1,0.64,
0.579,0.53,1,0.451,
0.585,0.521,1,0.482,
0.598,0.544,0.99,0.502,
0.566,0.502,0.999,0.445,
0.539,0.465,0.996,0.43,
0.623,0.567,0.996,0.53,
0.55,0.467,1,0.434,
0.547,0.473,1,0.447,
0.633,0.567,0.996,0.547,
0.541,0.444,0.996,0.429,
0.585,0.505,0.996,0.473,
0.56,0.498,1,0.431,
0.579,0.494,1,0.45,
0.574,0.489,1,0.476,
0.563,0.489,0.998,0.434,
0.559,0.491,1,0.443,
0.608,0.568,0.999,0.44,
0.552,0.492,0.999,0.434,
0.569,0.502,1,0.471,
0.596,0.518,0.999,0.484,
0.6,0.526,0.999,0.511,
0.59,0.504,1,0.473,
0.583,0.524,1,0.494,
0.559,0.496,1,0.444,
0.593,0.536,1,0.496,
0.612,0.562,0.999,0.539,
0.543,0.456,1,0.432,
0.566,0.499,0.999,0.466,
0.61,0.546,1,0.528,
0.6,0.537,1,0.499,
0.6,0.528,1,0.525,
0.622,0.555,0.998,0.526,
0.566,0.489,0.998,0.473,
0.62,0.56,1,0.546,
0.633,0.591,1,0.55,
0.583,0.524,1,0.435,
0.593,0.548,1,0.448,
0.626,0.585,0.998,0.49,
0.605,0.552,1,0.51,
0.582,0.514,1,0.495,
0.611,0.557,1,0.492,
0.574,0.505,1,0.444,
0.593,0.542,0.997,0.435,
0.583,0.545,0.997,0.434,
0.591,0.535,0.998,0.496,
0.638,0.577,1,0.577,
0.631,0.574,1,0.573,
0.617,0.578,1,0.467,
0.733,0.7,1,0.691,
0.584,0.533,0.995,0.5,
0.586,0.528,1,0.436,
0.603,0.538,1,0.524,
0.589,0.52,1,0.515,
0.559,0.482,1,0.466,
0.577,0.523,0.994,0.446,
0.556,0.476,1,0.439,
0.56,0.471,1,0.46,
0.576,0.513,1,0.475,
0.55,0.462,1,0.439,
0.629,0.585,1,0.555,
0.573,0.497,0.998,0.461,
0.616,0.556,1,0.534,
0.572,0.518,1,0.437,
0.623,0.558,1,0.543,
0.541,0.458,1,0.433,
0.616,0.573,0.999,0.525,
0.626,0.583,1,0.547,
0.629,0.59,0.994,0.513,
0.603,0.542,0.998,0.529,
0.594,0.516,0.999,0.472,
0.578,0.503,0.997,0.49,
0.625,0.579,1,0.518,
0.58,0.506,1,0.485,
0.599,0.531,1,0.504,
0.555,0.474,1,0.47,
0.565,0.484,1,0.476,
0.608,0.526,1,0.486,
0.597,0.541,1,0.517,
0.64,0.588,1,0.586,
0.567,0.502,1,0.436,
0.562,0.488,1,0.458,
0.605,0.55,0.999,0.539,
0.582,0.524,0.993,0.468,
0.572,0.489,1,0.479,
0.636,0.593,1,0.518,
0.595,0.554,0.999,0.441,
0.584,0.534,0.999,0.455,
0.587,0.54,1,0.474,
0.546,0.472,0.997,0.434,
0.55,0.461,0.997,0.436,
0.572,0.512,1,0.468,
0.58,0.497,1,0.486,
0.591,0.54,0.999,0.452,
0.544,0.454,0.997,0.435,
0.606,0.569,0.993,0.462,
0.645,0.607,0.997,0.559,
0.557,0.488,1,0.463,
0.562,0.479,1,0.433,
0.602,0.543,0.999,0.478,
0.619,0.565,1,0.551,
0.598,0.552,1,0.504,
0.607,0.546,1,0.445,
0.618,0.562,1,0.536,
0.624,0.564,1,0.523,
0.623,0.582,1,0.531,
0.586,0.514,1,0.49,
0.571,0.505,0.997,0.459,
0.579,0.491,0.999,0.466,
0.623,0.571,1,0.551,
0.608,0.53,1,0.51,
0.592,0.547,0.999,0.468,
0.6,0.534,1,0.506,
0.569,0.487,1,0.433,
0.577,0.516,0.999,0.475,
0.563,0.49,1,0.43,
0.609,0.556,0.995,0.516,
0.632,0.583,1,0.523,
0.54,0.478,0.995,0.431,
0.629,0.613,1,0.453,
0.584,0.527,1,0.504,
0.576,0.5,1,0.483,
0.58,0.506,1,0.472,
0.584,0.493,1,0.467,
0.578,0.516,1,0.466,
0.571,0.481,1,0.468,
0.55,0.475,0.996,0.432,
0.584,0.517,0.995,0.435,
0.599,0.557,0.999,0.48,
0.59,0.519,0.996,0.44,
0.567,0.513,1,0.435,
0.584,0.519,0.998,0.468,
0.536,0.447,0.999,0.434,
0.64,0.593,0.997,0.53,
0.573,0.498,1,0.483,
0.621,0.562,1,0.556,
0.551,0.48,0.999,0.434,
0.614,0.558,1,0.498,
0.589,0.536,1,0.481,
0.598,0.52,0.999,0.512,
0.559,0.474,1,0.434,
0.591,0.527,1,0.467,
0.61,0.552,1,0.534,
0.563,0.488,1,0.462,
0.577,0.502,1,0.467,
0.54,0.462,0.998,0.434,
0.571,0.522,0.998,0.436,
0.605,0.559,0.999,0.512,
0.658,0.603,1,0.6,
0.58,0.494,0.999,0.469,
0.559,0.482,1,0.436,
0.622,0.573,0.998,0.546,
0.582,0.516,0.997,0.46,
0.561,0.487,0.998,0.462,
0.576,0.497,1,0.475,
0.565,0.49,1,0.482,
0.586,0.52,1,0.488,
0.616,0.55,1,0.541,
0.578,0.516,0.998,0.474,
0.596,0.534,0.997,0.479,
0.57,0.494,1,0.47,
0.592,0.536,1,0.495,
0.672,0.629,1,0.624,
0.585,0.512,1,0.505,
0.585,0.507,1,0.475,
0.612,0.556,0.999,0.507,
0.537,0.45,1,0.43,
0.563,0.507,1,0.431,
0.572,0.496,1,0.461,
0.59,0.534,0.996,0.512,
0.594,0.522,0.999,0.506,
0.583,0.518,1,0.478,
0.554,0.483,0.999,0.433,
0.537,0.451,1,0.433,
0.614,0.588,1,0.477,
0.62,0.597,0.991,0.45,
0.574,0.513,0.995,0.485,
0.729,0.689,0.991,0.675,
0.551,0.472,1,0.435,
0.57,0.482,1,0.478,
0.584,0.525,1,0.464,
0.603,0.544,1,0.525,
0.61,0.538,0.999,0.512,
0.548,0.48,0.998,0.433,
0.602,0.54,0.998,0.526,
0.553,0.476,0.998,0.431,
0.669,0.619,1,0.58,
0.625,0.593,1,0.504,
0.606,0.527,0.998,0.486,
0.649,0.6,0.997,0.579,
0.591,0.528,0.993,0.463,
0.582,0.52,0.999,0.471,
0.595,0.532,1,0.515,
0.566,0.493,1,0.432,
0.615,0.55,1,0.545,
0.603,0.548,1,0.52,
0.555,0.46,1,0.432,
0.574,0.52,0.999,0.436,
0.574,0.496,1,0.464,
0.562,0.484,0.997,0.435,
0.618,0.556,1,0.534,
0.612,0.564,1,0.434,
0.555,0.462,1,0.434,
0.613,0.544,0.989,0.537,
0.597,0.542,0.996,0.47,
0.679,0.63,1,0.62,
0.598,0.536,1,0.52,
0.638,0.577,0.997,0.536,
0.568,0.505,0.998,0.431,
0.601,0.554,1,0.499,
0.7,0.659,1,0.65,
0.641,0.601,1,0.564,
0.571,0.495,1,0.436,
0.602,0.544,0.996,0.477,
0.607,0.536,1,0.533,
0.601,0.561,0.997,0.436,
0.607,0.558,1,0.522,
0.56,0.494,1,0.438,
0.582,0.528,1,0.462,
0.622,0.563,1,0.549,
0.546,0.465,0.999,0.432,
0.574,0.506,0.999,0.436,
0.667,0.615,0.997,0.586,
0.556,0.489,1,0.467,
0.606,0.538,0.998,0.524,
0.636,0.585,1,0.543,
0.544,0.459,0.997,0.431,
0.592,0.514,1,0.506,
0.595,0.533,1,0.474,
0.549,0.469,1,0.438,
0.554,0.484,1,0.435,
0.575,0.522,0.999,0.478,
0.593,0.52,0.996,0.475,
0.577,0.514,1,0.495,
0.578,0.51,1,0.475,
0.595,0.53,1,0.5,
0.559,0.469,1,0.435,
0.579,0.507,1,0.478,
0.615,0.548,1,0.518,
0.591,0.526,1,0.525,
0.61,0.544,1,0.531,
0.556,0.479,1,0.437,
0.586,0.508,0.995,0.482,
0.607,0.563,1,0.458,
0.549,0.461,0.999,0.432,
0.563,0.503,1,0.443,
0.58,0.512,1,0.47,
0.59,0.518,0.998,0.471,
0.617,0.546,1,0.491,
0.591,0.539,1,0.493,
0.543,0.463,1,0.433,
0.566,0.5,0.998,0.437,
0.545,0.448,0.998,0.433,
0.527,0.435,1,0.431,
0.559,0.483,1,0.476,
0.611,0.548,0.996,0.476,
0.597,0.542,1,0.488,
0.688,0.631,1,0.621,
0.587,0.506,1,0.472,
0.565,0.493,1,0.461,
0.622,0.568,0.996,0.505,
0.625,0.577,1,0.522,
0.649,0.599,1,0.593,
0.651,0.606,1,0.585,
0.548,0.464,0.999,0.431,
0.552,0.469,0.998,0.431,
0.602,0.54,1,0.526,
0.561,0.501,0.999,0.436,
0.59,0.508,1,0.465,
0.584,0.508,1,0.483,
0.628,0.568,1,0.559,
0.597,0.528,0.997,0.481,
0.546,0.462,0.998,0.433,
0.563,0.492,0.999,0.467,
0.56,0.477,0.997,0.431,
0.575,0.499,0.999,0.482,
0.593,0.514,1,0.507,
0.587,0.516,1,0.486,
0.561,0.48,0.996,0.466,
0.68,0.651,0.995,0.573,
0.61,0.55,1,0.535,
0.558,0.516,0.999,0.435,
0.544,0.465,0.997,0.436,
0.607,0.534,1,0.517,
0.639,0.583,1,0.545,
0.59,0.543,1,0.441,
0.562,0.503,1,0.446,
0.557,0.494,0.999,0.436,
0.577,0.522,1,0.478,
0.606,0.547,1,0.475,
0.665,0.615,1,0.526,
0.622,0.559,0.998,0.531,
0.575,0.516,1,0.432,
0.603,0.53,0.998,0.513,
0.563,0.493,0.999,0.438,
0.571,0.511,1,0.477,
0.57,0.518,1,0.435,
0.653,0.601,1,0.59,
0.588,0.508,1,0.474,
0.587,0.506,0.999,0.484,
0.59,0.518,1,0.51,
0.586,0.524,1,0.5,
0.576,0.52,1,0.475,
0.663,0.627,1,0.575,
0.628,0.556,1,0.475,
0.57,0.487,1,0.453,
0.587,0.538,1,0.437,
0.599,0.563,1,0.479,
0.612,0.553,1,0.528,
0.595,0.549,0.998,0.454,
0.545,0.472,0.999,0.431,
0.626,0.549,0.997,0.5,
0.598,0.545,1,0.487,
0.607,0.538,1,0.495,
0.604,0.536,1,0.524,
0.536,0.45,1,0.433,
0.609,0.567,0.998,0.52,
0.581,0.538,1,0.439,
0.579,0.54,1,0.434,
0.585,0.547,1,0.456,
0.584,0.515,0.995,0.501,
0.622,0.555,1,0.543,
0.544,0.462,0.999,0.432,
0.564,0.492,1,0.469,
0.595,0.552,1,0.479,
0.596,0.518,1,0.496,
0.603,0.547,1,0.496,
0.627,0.563,1,0.547,
0.54,0.445,1,0.434,
0.583,0.532,1,0.471,
0.572,0.506,1,0.483,
0.59,0.524,1,0.486,
0.619,0.57,1,0.535,
0.635,0.579,0.997,0.532,
0.635,0.601,0.998,0.481,
0.564,0.481,1,0.436,
0.578,0.512,1,0.452,
0.609,0.57,1,0.516,
0.634,0.57,1,0.569,
0.575,0.52,1,0.444,
0.524,0.436,0.997,0.432,
0.617,0.548,1,0.541,
0.642,0.591,1,0.589,
0.615,0.55,1,0.548,
0.593,0.516,0.999,0.436,
0.588,0.507,0.999,0.479,
0.57,0.51,1,0.433,
0.559,0.482,1,0.466,
0.588,0.533,1,0.435,
0.585,0.534,1,0.474,
0.736,0.687,1,0.684,
0.667,0.621,1,0.608,
0.586,0.516,1,0.502,
0.667,0.617,0.998,0.572,
0.562,0.477,1,0.474,
0.588,0.508,0.994,0.496,
0.58,0.504,1,0.472,
0.596,0.515,0.998,0.505,
0.588,0.516,1,0.445,
0.592,0.54,1,0.481,
0.603,0.564,1,0.471,
0.642,0.621,1,0.489,
0.65,0.603,0.999,0.545,
0.599,0.544,0.999,0.517,
0.532,0.449,1,0.431,
0.601,0.54,0.999,0.487,
0.598,0.548,1,0.455,
0.606,0.564,1,0.49,
0.601,0.538,1,0.468,
0.566,0.483,1,0.478,
0.609,0.556,0.994,0.518,
0.569,0.496,0.996,0.475,
0.606,0.56,1,0.499,
0.612,0.536,0.999,0.499,
0.578,0.52,1,0.493,
0.599,0.53,0.996,0.519,
0.573,0.498,1,0.481,
0.547,0.483,1,0.436,
0.595,0.524,1,0.5,
0.559,0.475,1,0.462,
0.665,0.621,1,0.579,
0.55,0.464,0.997,0.432,
0.593,0.54,1,0.499,
0.625,0.568,0.998,0.542,
0.614,0.573,1,0.542,
0.534,0.443,1,0.434,
0.641,0.588,0.998,0.561,
0.572,0.51,0.998,0.473,
0.57,0.494,1,0.482,
0.613,0.54,0.997,0.533,
0.594,0.504,1,0.471,
0.577,0.498,0.997,0.489,
0.575,0.49,1,0.474,
0.554,0.493,0.998,0.434,
0.601,0.538,0.995,0.478,
0.496,0.425,0.998,0.394,
0.48,0.399,1,0.396,
0.48,0.393,1,0.392,
0.473,0.394,1,0.393,
0.484,0.394,0.999,0.391,
0.474,0.393,1,0.389,
0.483,0.397,1,0.396,
0.481,0.4,1,0.394,
0.488,0.398,1,0.395,
0.472,0.391,0.994,0.391,
0.49,0.393,1,0.392,
0.478,0.397,1,0.396,
0.538,0.479,0.996,0.461,
0.478,0.397,0.999,0.393,
0.478,0.394,1,0.393,
0.487,0.403,1,0.391,
0.484,0.392,1,0.391,
0.52,0.449,1,0.445,
0.469,0.39,1,0.389,
0.497,0.414,0.996,0.391,
0.499,0.438,0.995,0.395,
0.467,0.389,0.995,0.389,
0.497,0.412,1,0.39,
0.492,0.402,1,0.4,
0.486,0.392,0.998,0.391,
0.516,0.443,1,0.442,
0.477,0.392,1,0.391,
0.469,0.388,0.999,0.388,
0.476,0.393,1,0.393,
0.479,0.392,0.998,0.391,
0.476,0.394,1,0.394,
0.483,0.402,0.998,0.391,
0.541,0.475,1,0.46,
0.478,0.393,0.995,0.392,
0.481,0.395,1,0.394,
0.479,0.397,0.998,0.396,
0.49,0.405,1,0.402,
0.479,0.394,1,0.391,
0.48,0.393,0.998,0.392,
0.472,0.392,1,0.391,
0.477,0.394,1,0.393,
0.482,0.397,0.998,0.394,
0.475,0.392,1,0.391,
0.471,0.392,0.998,0.391,
0.487,0.407,0.999,0.392,
0.475,0.39,0.998,0.389,
0.476,0.393,1,0.391,
0.478,0.389,1,0.389,
0.485,0.396,0.997,0.394,
0.52,0.445,1,0.438,
0.507,0.43,1,0.392,
0.484,0.391,0.999,0.39,
0.478,0.396,1,0.395,
0.473,0.39,0.997,0.388,
0.487,0.415,0.999,0.394,
0.48,0.392,1,0.391,
0.478,0.392,0.998,0.391,
0.476,0.391,0.998,0.39,
0.48,0.393,1,0.391,
0.479,0.393,1,0.392,
0.479,0.392,1,0.391,
0.506,0.421,0.997,0.406,
0.498,0.428,1,0.396,
0.48,0.399,1,0.397,
0.482,0.396,1,0.395,
0.489,0.404,1,0.4,
0.487,0.403,1,0.391,
0.477,0.393,1,0.392,
0.479,0.392,1,0.391,
0.475,0.394,1,0.392,
0.477,0.39,1,0.389,
0.481,0.392,0.998,0.391,
0.476,0.392,1,0.391,
0.48,0.396,1,0.394,
0.512,0.458,1,0.398,
0.485,0.393,1,0.391,
0.482,0.395,1,0.386,
0.486,0.396,0.998,0.393,
0.479,0.394,0.998,0.393,
0.539,0.468,1,0.467,
0.481,0.393,0.997,0.391,
0.481,0.399,1,0.398,
0.492,0.405,1,0.403,
0.475,0.392,1,0.392,
0.474,0.389,0.999,0.389,
0.475,0.39,0.998,0.389,
0.474,0.391,0.997,0.391,
0.479,0.395,0.999,0.393,
0.502,0.429,1,0.397,
0.477,0.391,0.999,0.39,
0.476,0.394,0.993,0.393,
0.49,0.404,1,0.401,
0.477,0.395,1,0.391,
0.494,0.406,1,0.4,
0.501,0.404,0.995,0.389,
0.482,0.395,0.997,0.394,
0.479,0.392,1,0.39,
0.483,0.399,1,0.398,
0.502,0.416,1,0.397,
0.48,0.399,0.998,0.393,
0.477,0.393,1,0.391,
0.49,0.4,1,0.397,
0.482,0.393,0.996,0.391,
0.48,0.398,1,0.397,
0.485,0.393,0.999,0.39,
0.485,0.394,1,0.392,
0.477,0.395,0.999,0.394,
0.495,0.418,1,0.396,
0.483,0.392,0.999,0.391,
0.483,0.394,1,0.392,
0.479,0.394,1,0.394,
0.475,0.391,1,0.39,
0.547,0.485,1,0.462,
0.49,0.396,1,0.39,
0.483,0.393,1,0.391,
0.474,0.392,1,0.391,
0.476,0.392,0.995,0.39,
0.527,0.45,1,0.448,
0.475,0.396,1,0.395,
0.493,0.407,1,0.401,
0.482,0.401,1,0.397,
0.477,0.394,1,0.393,
0.503,0.426,0.996,0.397,
0.482,0.392,1,0.391,
0.479,0.396,1,0.395,
0.479,0.392,0.999,0.391,
0.476,0.393,1,0.393,
0.484,0.395,0.997,0.394,
0.483,0.397,0.992,0.395,
0.491,0.412,1,0.395,
0.471,0.388,1,0.387,
0.478,0.392,1,0.391,
0.493,0.405,0.999,0.402,
0.485,0.391,1,0.389,
0.492,0.405,1,0.4,
0.49,0.402,0.997,0.389,
0.478,0.395,1,0.394,
0.472,0.39,1,0.39,
0.477,0.392,1,0.39,
0.478,0.394,1,0.393,
0.492,0.391,0.997,0.389,
0.473,0.394,1,0.389,
0.48,0.393,1,0.391,
0.486,0.399,1,0.398,
0.475,0.395,0.998,0.391,
0.483,0.392,0.999,0.391,
0.529,0.45,1,0.416,
0.488,0.395,0.992,0.392,
0.487,0.396,1,0.389,
0.484,0.393,0.995,0.391,
0.478,0.395,0.998,0.393,
0.481,0.4,1,0.398,
0.525,0.454,1,0.452,
0.479,0.394,1,0.393,
0.478,0.392,0.996,0.391,
0.478,0.399,0.999,0.397,
0.484,0.398,1,0.394,
0.476,0.394,1,0.393,
0.482,0.398,0.999,0.394,
0.488,0.402,0.997,0.39,
0.48,0.392,1,0.391,
0.474,0.391,0.998,0.389,
0.474,0.391,1,0.39,
0.523,0.455,1,0.444,
0.485,0.397,1,0.395,
0.486,0.402,1,0.389,
0.492,0.401,0.998,0.396,
0.477,0.394,1,0.393,
0.484,0.4,1,0.398,
0.492,0.417,1,0.389,
0.476,0.394,1,0.393,
0.491,0.406,0.996,0.399,
0.476,0.394,1,0.393,
0.593,0.534,1,0.508,
0.473,0.391,0.998,0.39,
0.483,0.398,1,0.394,
0.486,0.395,1,0.393,
0.484,0.395,0.993,0.394,
0.476,0.392,1,0.391,
0.492,0.41,1,0.397,
0.515,0.435,0.995,0.434,
0.512,0.434,1,0.432,
0.475,0.39,1,0.389,
0.469,0.39,0.996,0.39,
0.486,0.393,1,0.39,
0.496,0.408,1,0.404,
0.477,0.395,1,0.394,
0.483,0.398,1,0.394,
0.483,0.394,1,0.393,
0.487,0.402,0.996,0.4,
0.479,0.393,1,0.39,
0.474,0.392,1,0.391,
0.482,0.396,1,0.395,
0.496,0.432,0.998,0.391,
0.482,0.396,1,0.394,
0.48,0.392,1,0.391,
0.493,0.407,1,0.404,
0.474,0.391,1,0.391,
0.513,0.444,1,0.398,
0.476,0.394,1,0.393,
0.474,0.393,1,0.392,
0.499,0.419,1,0.398,
0.487,0.405,0.999,0.393,
0.493,0.395,1,0.394,
0.476,0.394,0.998,0.393,
0.485,0.394,1,0.392,
0.477,0.392,0.999,0.392,
0.478,0.393,1,0.39,
0.482,0.393,0.998,0.391,
0.481,0.394,1,0.392,
0.476,0.391,1,0.39,
0.478,0.393,1,0.392,
0.479,0.392,0.998,0.391,
0.476,0.394,0.998,0.392,
0.476,0.393,1,0.391,
0.482,0.397,1,0.394,
0.476,0.392,0.998,0.389,
0.478,0.392,0.998,0.391,
0.491,0.405,1,0.398,
0.486,0.399,1,0.397,
0.481,0.396,0.999,0.394,
0.475,0.393,0.997,0.393,
0.493,0.402,0.992,0.388,
0.482,0.399,0.999,0.397,
0.478,0.394,1,0.393,
0.505,0.413,1,0.402,
0.493,0.409,1,0.391,
0.472,0.39,0.999,0.39,
0.478,0.396,1,0.395,
0.474,0.39,1,0.389,
0.476,0.392,1,0.39,
0.482,0.396,1,0.392,
0.486,0.403,1,0.393,
0.483,0.392,0.998,0.391,
0.49,0.401,1,0.399,
0.484,0.405,1,0.392,
0.483,0.392,1,0.391,
0.49,0.413,0.998,0.401,
0.481,0.401,1,0.399,
0.475,0.392,1,0.39,
0.486,0.398,1,0.397,
0.486,0.403,1,0.393,
0.539,0.466,1,0.464,
0.492,0.402,1,0.395,
0.591,0.524,1,0.517,
0.48,0.395,0.999,0.393,
0.511,0.436,1,0.428,
0.475,0.394,1,0.392,
0.477,0.393,1,0.39,
0.517,0.447,1,0.432,
0.481,0.394,1,0.393,
0.485,0.396,1,0.395,
0.482,0.398,1,0.392,
0.481,0.396,0.996,0.393,
0.479,0.395,0.997,0.393,
0.477,0.396,0.999,0.394,
0.481,0.397,1,0.395,
0.483,0.4,1,0.398,
0.48,0.398,0.999,0.394,
0.483,0.396,1,0.394,
0.48,0.394,1,0.391,
0.483,0.396,1,0.395,
0.483,0.395,0.997,0.393,
0.481,0.393,1,0.392,
0.484,0.394,1,0.392,
0.483,0.397,0.999,0.395,
0.481,0.396,1,0.394,
0.477,0.389,1,0.388,
0.48,0.395,0.997,0.394,
0.475,0.395,1,0.394,
0.476,0.394,0.998,0.392,
0.492,0.416,1,0.398,
0.499,0.424,1,0.397,
0.496,0.406,1,0.398,
0.488,0.397,0.996,0.395,
0.47,0.389,1,0.388,
0.484,0.393,0.997,0.39,
0.482,0.394,0.993,0.391,
0.474,0.39,1,0.389,
0.534,0.459,1,0.441,
0.539,0.473,1,0.468,
0.475,0.392,1,0.391,
0.473,0.392,1,0.391,
0.488,0.4,1,0.398,
0.488,0.398,1,0.392,
0.484,0.393,1,0.391,
0.485,0.401,1,0.399,
0.475,0.392,1,0.391,
0.478,0.392,0.997,0.391,
0.482,0.392,1,0.391,
0.53,0.45,0.998,0.443,
0.477,0.39,1,0.388,
0.484,0.396,0.993,0.393,
0.486,0.395,0.993,0.39,
0.476,0.395,1,0.394,
0.509,0.435,1,0.431,
0.513,0.442,1,0.436,
0.488,0.4,1,0.398,
0.503,0.417,1,0.405,
0.486,0.401,1,0.39,
0.476,0.392,0.996,0.391,
0.472,0.391,0.999,0.389,
0.483,0.393,0.999,0.389,
0.489,0.402,1,0.4,
0.474,0.392,0.997,0.391,
0.485,0.399,0.997,0.393,
0.482,0.398,1,0.396,
0.48,0.402,1,0.391,
0.484,0.394,1,0.393,
0.48,0.39,1,0.389,
0.477,0.395,1,0.394,
0.519,0.443,1,0.441,
0.478,0.393,0.996,0.392,
0.478,0.392,0.999,0.391,
0.49,0.398,1,0.394,
0.481,0.393,0.999,0.39,
0.479,0.39,1,0.389,
0.491,0.402,1,0.394,
0.483,0.396,1,0.391,
0.485,0.393,0.999,0.391,
0.538,0.469,1,0.467,
0.499,0.414,1,0.392,
0.474,0.392,1,0.391,
0.472,0.389,0.997,0.389,
0.471,0.391,0.997,0.39,
0.483,0.393,1,0.388,
0.485,0.396,1,0.393,
0.476,0.394,1,0.393,
0.543,0.474,0.998,0.463,
0.48,0.394,1,0.393,
0.478,0.39,1,0.39,
0.48,0.394,1,0.393,
0.489,0.399,0.998,0.397,
0.493,0.406,0.999,0.401,
0.495,0.429,1,0.4,
0.476,0.396,1,0.395,
0.483,0.393,1,0.392,
0.481,0.397,1,0.396,
0.482,0.396,1,0.391,
0.491,0.407,1,0.404,
0.483,0.399,1,0.396,
0.496,0.423,1,0.402,
0.479,0.392,0.997,0.391,
0.494,0.424,0.997,0.392,
0.492,0.398,1,0.396,
0.482,0.397,1,0.396,
0.469,0.391,1,0.391,
0.474,0.392,1,0.391,
0.48,0.394,1,0.393,
0.517,0.471,0.995,0.401,
0.486,0.394,0.996,0.392,
0.494,0.419,1,0.392,
0.49,0.4,1,0.395,
0.486,0.403,0.999,0.39,
0.482,0.394,1,0.393,
0.481,0.393,0.996,0.39,
0.486,0.399,1,0.393,
0.515,0.442,1,0.441,
0.472,0.39,1,0.389,
0.483,0.4,1,0.394,
0.484,0.395,1,0.392,
0.476,0.394,1,0.393,
0.48,0.393,0.999,0.392,
0.484,0.393,0.998,0.392,
0.474,0.393,1,0.392,
0.483,0.395,1,0.392,
0.522,0.458,1,0.431,
0.473,0.391,1,0.39,
0.482,0.395,1,0.394,
0.477,0.394,1,0.393,
0.475,0.392,0.997,0.389,
0.48,0.398,0.999,0.391,
0.5,0.419,1,0.397,
0.477,0.396,1,0.394,
0.48,0.394,1,0.392,
0.479,0.391,1,0.39,
0.472,0.392,1,0.391,
0.473,0.392,1,0.39,
0.487,0.402,1,0.399,
0.474,0.394,1,0.393,
0.49,0.395,1,0.389,
0.475,0.393,1,0.392,
0.48,0.398,1,0.396,
0.477,0.395,1,0.394,
0.582,0.51,1,0.464,
0.568,0.508,1,0.455,
0.581,0.52,0.994,0.464,
0.614,0.54,1,0.509,
0.598,0.545,0.999,0.508,
0.552,0.478,1,0.43,
0.582,0.516,0.999,0.452,
0.573,0.53,1,0.453,
0.614,0.54,1,0.53,
0.611,0.543,1,0.532,
0.568,0.529,1,0.436,
0.577,0.504,0.998,0.457,
0.608,0.565,1,0.431,
0.586,0.506,1,0.501,
0.628,0.572,1,0.486,
0.593,0.524,1,0.449,
0.63,0.569,1,0.568,
0.604,0.542,1,0.527,
0.543,0.445,0.996,0.432,
0.582,0.516,1,0.471,
0.559,0.497,0.994,0.43,
0.621,0.573,1,0.557,
0.618,0.553,1,0.507,
0.626,0.587,0.997,0.474,
0.601,0.534,0.998,0.496,
0.586,0.514,1,0.479,
0.557,0.461,0.998,0.431,
0.614,0.547,1,0.53,
0.569,0.504,1,0.476,
0.55,0.5,1,0.429,
0.605,0.552,1,0.512,
0.577,0.517,1,0.435,
0.524,0.454,1,0.45,
0.48,0.394,1,0.393,
0.607,0.56,1,0.45,
0.48,0.392,1,0.391,
0.479,0.393,0.992,0.392,
0.524,0.455,1,0.45,
0.476,0.39,1,0.388,
0.48,0.395,0.999,0.394,
0.483,0.39,1,0.389,
0.478,0.396,0.997,0.396,
0.479,0.392,0.998,0.39,
0.479,0.395,0.999,0.39,
0.486,0.4,0.999,0.394,
0.482,0.397,1,0.395,
0.48,0.391,0.994,0.39,
0.479,0.394,1,0.392,
0.567,0.496,1,0.47,
0.607,0.575,1,0.489,
0.579,0.516,0.999,0.472,
0.667,0.645,1,0.574,
0.614,0.557,1,0.49,
0.612,0.581,1,0.468,
0.589,0.54,1,0.477,
0.547,0.475,0.999,0.43,
0.566,0.489,1,0.436,
0.548,0.481,1,0.435,
0.571,0.505,0.998,0.484,
0.597,0.534,1,0.503,
0.605,0.529,1,0.515,
0.606,0.542,1,0.506,
0.591,0.516,0.997,0.478,
0.589,0.547,1,0.475,
0.478,0.395,1,0.394,
0.481,0.399,1,0.397,
0.5,0.408,1,0.395,
0.478,0.393,0.999,0.392,
0.48,0.396,1,0.393,
0.478,0.398,0.999,0.395,
0.483,0.399,1,0.398,
0.484,0.395,0.999,0.392,
0.476,0.395,0.997,0.393,
0.479,0.398,0.999,0.393,
0.488,0.4,0.999,0.398,
0.493,0.41,1,0.402,
0.486,0.402,1,0.399,
0.482,0.392,0.999,0.39,
0.488,0.408,1,0.393,
0.479,0.399,1,0.397,




Further Data analysis of all test cases 
avg med max min 
AVGs,0.495,0.497,0.609,0.436,
MEDs,0.43,0.429,0.571,0.364,
MAXs,0.95,0.95,0.961,0.932,
MINs,0.411,0.41,0.545,0.364,


AVGs,0.594,0.598,0.816,0.474,
MEDs,0.535,0.538,0.809,0.39,
MAXs,0.999,1,1,0.993,
MINs,0.493,0.49,0.738,0.389,


AVGs,0.548,0.559,0.736,0.467,
MEDs,0.476,0.483,0.7,0.388,
MAXs,0.999,1,1,0.989,
MINs,0.449,0.436,0.691,0.386,



