

Data analysis for each instance 
AVG,MED,MAX,MIN
-0.336,-0.371,-0.047,-0.393,
-0.352,-0.4,-0.047,-0.409,
-0.35,-0.397,-0.043,-0.415,
-0.366,-0.41,-0.047,-0.448,
-0.332,-0.359,-0.047,-0.406,
-0.327,-0.357,-0.053,-0.399,
-0.354,-0.404,-0.047,-0.421,
-0.364,-0.405,-0.052,-0.448,
-0.335,-0.381,-0.049,-0.399,
-0.284,-0.312,-0.046,-0.352,
-0.357,-0.407,-0.046,-0.419,
-0.307,-0.352,-0.048,-0.377,
-0.337,-0.368,-0.049,-0.397,
-0.35,-0.378,-0.047,-0.449,
-0.355,-0.399,-0.046,-0.427,
-0.358,-0.375,-0.048,-0.472,
-0.346,-0.391,-0.043,-0.432,
-0.386,-0.434,-0.049,-0.467,
-0.308,-0.341,-0.05,-0.359,
-0.334,-0.373,-0.051,-0.398,
-0.38,-0.444,-0.052,-0.46,
-0.319,-0.35,-0.051,-0.381,
-0.327,-0.366,-0.047,-0.413,
-0.297,-0.317,-0.046,-0.389,
-0.355,-0.391,-0.048,-0.437,
-0.343,-0.388,-0.048,-0.421,
-0.362,-0.393,-0.054,-0.467,
-0.361,-0.408,-0.046,-0.422,
-0.363,-0.402,-0.048,-0.422,
-0.352,-0.383,-0.049,-0.412,
-0.344,-0.384,-0.046,-0.406,
-0.301,-0.315,-0.058,-0.415,
-0.347,-0.368,-0.058,-0.48,
-0.346,-0.389,-0.047,-0.422,
-0.312,-0.346,-0.052,-0.388,
-0.33,-0.356,-0.052,-0.414,
-0.337,-0.362,-0.052,-0.41,
-0.236,-0.236,-0.05,-0.365,
-0.327,-0.345,-0.046,-0.439,
-0.358,-0.393,-0.053,-0.438,
-0.38,-0.416,-0.051,-0.467,
-0.362,-0.414,-0.045,-0.436,
-0.369,-0.415,-0.05,-0.468,
-0.355,-0.405,-0.053,-0.429,
-0.326,-0.361,-0.051,-0.39,
-0.334,-0.367,-0.047,-0.394,
-0.35,-0.384,-0.052,-0.431,
-0.379,-0.426,-0.048,-0.454,
-0.358,-0.39,-0.046,-0.432,
-0.367,-0.417,-0.048,-0.458,
-0.353,-0.397,-0.049,-0.425,
-0.37,-0.394,-0.046,-0.463,
-0.385,-0.429,-0.052,-0.459,
-0.391,-0.434,-0.054,-0.487,
-0.374,-0.43,-0.051,-0.457,
-0.348,-0.388,-0.047,-0.444,
-0.356,-0.406,-0.052,-0.434,
-0.332,-0.355,-0.05,-0.4,
-0.373,-0.433,-0.039,-0.458,
-0.387,-0.418,-0.05,-0.484,
-0.323,-0.361,-0.058,-0.423,
-0.349,-0.388,-0.048,-0.459,
-0.272,-0.315,-0.049,-0.355,
-0.272,-0.301,-0.047,-0.329,
-0.363,-0.395,-0.047,-0.457,
-0.383,-0.425,-0.056,-0.464,
-0.327,-0.368,-0.04,-0.414,
-0.363,-0.406,-0.05,-0.455,
-0.363,-0.415,-0.049,-0.452,
-0.326,-0.355,-0.056,-0.406,
-0.344,-0.373,-0.049,-0.419,
-0.327,-0.357,-0.05,-0.379,
-0.36,-0.407,-0.049,-0.436,
-0.324,-0.364,-0.055,-0.393,
-0.362,-0.407,-0.048,-0.423,
-0.358,-0.394,-0.049,-0.456,
-0.329,-0.365,-0.05,-0.391,
-0.39,-0.444,-0.048,-0.491,
-0.33,-0.369,-0.048,-0.413,
-0.344,-0.372,-0.047,-0.413,
-0.382,-0.424,-0.047,-0.475,
-0.338,-0.376,-0.049,-0.405,
-0.338,-0.378,-0.045,-0.4,
-0.349,-0.385,-0.044,-0.406,
-0.358,-0.397,-0.045,-0.433,
-0.355,-0.403,-0.048,-0.413,
-0.322,-0.349,-0.047,-0.396,
-0.324,-0.363,-0.05,-0.4,
-0.22,-0.237,-0.052,-0.282,
-0.371,-0.415,-0.043,-0.437,
-0.388,-0.434,-0.044,-0.464,
-0.315,-0.352,-0.048,-0.385,
-0.344,-0.386,-0.048,-0.418,
-0.377,-0.427,-0.047,-0.466,
-0.398,-0.465,-0.046,-0.492,
-0.336,-0.376,-0.049,-0.409,
-0.378,-0.42,-0.048,-0.447,
-0.38,-0.427,-0.05,-0.472,
-0.333,-0.379,-0.048,-0.42,
-0.327,-0.355,-0.054,-0.402,
-0.357,-0.399,-0.056,-0.448,
-0.348,-0.375,-0.047,-0.417,
-0.358,-0.398,-0.044,-0.429,
-0.293,-0.307,-0.056,-0.396,
-0.327,-0.357,-0.05,-0.41,
-0.356,-0.392,-0.051,-0.414,
-0.355,-0.398,-0.051,-0.447,
-0.369,-0.401,-0.048,-0.451,
-0.335,-0.373,-0.053,-0.383,
-0.339,-0.365,-0.05,-0.412,
-0.366,-0.395,-0.051,-0.466,
-0.323,-0.36,-0.039,-0.387,
-0.354,-0.398,-0.05,-0.466,
-0.359,-0.401,-0.046,-0.418,
-0.34,-0.389,-0.047,-0.399,
-0.339,-0.374,-0.051,-0.423,
-0.323,-0.359,-0.05,-0.38,
-0.394,-0.448,-0.049,-0.499,
-0.359,-0.395,-0.049,-0.428,
-0.366,-0.402,-0.049,-0.453,
-0.379,-0.414,-0.052,-0.463,
-0.375,-0.425,-0.048,-0.458,
-0.323,-0.357,-0.045,-0.372,
-0.363,-0.408,-0.047,-0.427,
-0.356,-0.398,-0.046,-0.408,
-0.341,-0.382,-0.052,-0.413,
-0.346,-0.383,-0.048,-0.425,
-0.337,-0.366,-0.046,-0.396,
-0.381,-0.432,-0.048,-0.444,
-0.364,-0.416,-0.054,-0.462,
-0.36,-0.396,-0.043,-0.466,
-0.39,-0.439,-0.046,-0.47,
-0.336,-0.361,-0.054,-0.427,
-0.373,-0.436,-0.048,-0.452,
-0.328,-0.358,-0.049,-0.393,
-0.325,-0.359,-0.046,-0.413,
-0.292,-0.325,-0.053,-0.35,
-0.378,-0.429,-0.047,-0.454,
-0.357,-0.407,-0.05,-0.434,
-0.364,-0.398,-0.049,-0.444,
-0.367,-0.421,-0.043,-0.454,
-0.352,-0.381,-0.055,-0.437,
-0.367,-0.427,-0.048,-0.459,
-0.352,-0.404,-0.047,-0.42,
-0.338,-0.363,-0.057,-0.411,
-0.377,-0.426,-0.043,-0.454,
-0.379,-0.41,-0.052,-0.451,
-0.383,-0.432,-0.053,-0.468,
-0.404,-0.456,-0.049,-0.506,
-0.361,-0.391,-0.047,-0.448,
-0.315,-0.346,-0.043,-0.397,
-0.364,-0.409,-0.052,-0.427,
-0.317,-0.355,-0.056,-0.374,
-0.305,-0.308,-0.044,-0.436,
-0.345,-0.373,-0.049,-0.422,
-0.366,-0.401,-0.047,-0.457,
-0.358,-0.394,-0.05,-0.416,
-0.37,-0.405,-0.047,-0.445,
-0.334,-0.38,-0.045,-0.405,
-0.35,-0.383,-0.05,-0.431,
-0.367,-0.396,-0.046,-0.455,
-0.359,-0.384,-0.048,-0.448,
-0.32,-0.328,-0.051,-0.428,
-0.343,-0.381,-0.051,-0.394,
-0.307,-0.322,-0.057,-0.411,
-0.359,-0.411,-0.046,-0.432,
-0.294,-0.315,-0.051,-0.398,
-0.396,-0.458,-0.05,-0.491,
-0.347,-0.394,-0.044,-0.423,
-0.404,-0.458,-0.054,-0.508,
-0.376,-0.419,-0.054,-0.457,
-0.369,-0.405,-0.048,-0.465,
-0.312,-0.328,-0.047,-0.385,
-0.352,-0.394,-0.049,-0.413,
-0.367,-0.415,-0.053,-0.44,
-0.367,-0.401,-0.045,-0.452,
-0.29,-0.308,-0.053,-0.367,
-0.361,-0.398,-0.046,-0.438,
-0.331,-0.366,-0.048,-0.408,
-0.36,-0.411,-0.051,-0.429,
-0.3,-0.325,-0.051,-0.384,
-0.358,-0.378,-0.051,-0.47,
-0.336,-0.37,-0.042,-0.404,
-0.327,-0.354,-0.054,-0.396,
-0.368,-0.409,-0.048,-0.439,
-0.343,-0.372,-0.048,-0.442,
-0.376,-0.431,-0.049,-0.447,
-0.309,-0.349,-0.055,-0.36,
-0.306,-0.33,-0.054,-0.382,
-0.33,-0.357,-0.042,-0.397,
-0.321,-0.372,-0.046,-0.41,
-0.311,-0.336,-0.044,-0.425,
-0.332,-0.359,-0.045,-0.403,
-0.332,-0.358,-0.058,-0.452,
-0.335,-0.359,-0.048,-0.42,
-0.357,-0.392,-0.05,-0.44,
-0.362,-0.398,-0.051,-0.432,
-0.347,-0.39,-0.042,-0.409,
-0.219,-0.239,-0.049,-0.271,
-0.326,-0.349,-0.047,-0.418,
-0.362,-0.396,-0.047,-0.436,
-0.334,-0.376,-0.047,-0.416,
-0.373,-0.413,-0.052,-0.45,
-0.352,-0.389,-0.044,-0.473,
-0.32,-0.34,-0.045,-0.397,
-0.376,-0.423,-0.051,-0.461,
-0.386,-0.438,-0.047,-0.453,
-0.344,-0.393,-0.046,-0.402,
-0.292,-0.301,-0.048,-0.395,
-0.365,-0.403,-0.048,-0.447,
-0.312,-0.347,-0.05,-0.376,
-0.357,-0.394,-0.05,-0.446,
-0.411,-0.476,-0.051,-0.497,
-0.316,-0.349,-0.045,-0.359,
-0.38,-0.416,-0.049,-0.488,
-0.368,-0.422,-0.046,-0.462,
-0.364,-0.397,-0.051,-0.453,
-0.339,-0.37,-0.054,-0.409,
-0.364,-0.409,-0.049,-0.422,
-0.337,-0.364,-0.051,-0.431,
-0.237,-0.218,-0.06,-0.376,
-0.347,-0.391,-0.05,-0.408,
-0.386,-0.434,-0.053,-0.463,
-0.381,-0.42,-0.052,-0.485,
-0.356,-0.392,-0.051,-0.419,
-0.3,-0.328,-0.05,-0.346,
-0.325,-0.376,-0.048,-0.411,
-0.361,-0.407,-0.048,-0.427,
-0.361,-0.397,-0.047,-0.43,
-0.381,-0.436,-0.052,-0.467,
-0.348,-0.384,-0.048,-0.415,
-0.371,-0.417,-0.051,-0.456,
-0.394,-0.44,-0.043,-0.498,
-0.37,-0.411,-0.051,-0.458,
-0.342,-0.386,-0.052,-0.403,
-0.398,-0.47,-0.048,-0.493,
-0.355,-0.404,-0.053,-0.416,
-0.356,-0.402,-0.051,-0.429,
-0.244,-0.265,-0.05,-0.309,
-0.334,-0.368,-0.048,-0.39,
-0.346,-0.393,-0.051,-0.403,
-0.334,-0.354,-0.049,-0.432,
-0.265,-0.291,-0.052,-0.339,
-0.344,-0.383,-0.045,-0.394,
-0.316,-0.335,-0.041,-0.42,
-0.32,-0.343,-0.049,-0.394,
-0.321,-0.352,-0.053,-0.404,
-0.283,-0.315,-0.052,-0.344,
-0.374,-0.4,-0.052,-0.456,
-0.355,-0.393,-0.048,-0.433,
-0.33,-0.369,-0.044,-0.382,
-0.315,-0.349,-0.047,-0.371,
-0.33,-0.369,-0.045,-0.395,
-0.303,-0.333,-0.044,-0.385,
-0.356,-0.406,-0.049,-0.42,
-0.324,-0.356,-0.048,-0.39,
-0.35,-0.382,-0.045,-0.432,
-0.346,-0.386,-0.046,-0.412,
-0.351,-0.394,-0.048,-0.423,
-0.351,-0.39,-0.049,-0.418,
-0.327,-0.359,-0.047,-0.397,
-0.395,-0.46,-0.048,-0.499,
-0.394,-0.453,-0.047,-0.489,
-0.382,-0.43,-0.048,-0.482,
-0.34,-0.377,-0.049,-0.426,
-0.339,-0.367,-0.044,-0.432,
-0.38,-0.412,-0.051,-0.469,
-0.346,-0.378,-0.044,-0.426,
-0.342,-0.373,-0.051,-0.414,
-0.391,-0.452,-0.047,-0.469,
-0.338,-0.365,-0.047,-0.401,
-0.366,-0.418,-0.049,-0.438,
-0.365,-0.395,-0.048,-0.45,
-0.324,-0.393,-0.042,-0.436,
-0.342,-0.381,-0.048,-0.419,
-0.317,-0.329,-0.053,-0.45,
-0.35,-0.397,-0.051,-0.448,
-0.369,-0.4,-0.045,-0.461,
-0.331,-0.365,-0.047,-0.408,
-0.267,-0.271,-0.05,-0.379,
-0.349,-0.391,-0.045,-0.433,
-0.365,-0.396,-0.044,-0.436,
-0.345,-0.384,-0.046,-0.403,
-0.36,-0.406,-0.047,-0.465,
-0.319,-0.333,-0.05,-0.395,
-0.349,-0.389,-0.047,-0.424,
-0.328,-0.354,-0.05,-0.401,
-0.371,-0.418,-0.053,-0.445,
-0.384,-0.403,-0.048,-0.543,
-0.373,-0.402,-0.05,-0.443,
-0.368,-0.413,-0.049,-0.437,
-0.337,-0.366,-0.053,-0.415,
-0.37,-0.414,-0.06,-0.455,
-0.345,-0.368,-0.053,-0.427,
-0.385,-0.43,-0.051,-0.46,
-0.341,-0.386,-0.046,-0.413,
-0.388,-0.443,-0.049,-0.47,
-0.392,-0.432,-0.049,-0.476,
-0.315,-0.322,-0.049,-0.435,
-0.362,-0.405,-0.058,-0.451,
-0.365,-0.408,-0.049,-0.443,
-0.369,-0.408,-0.051,-0.465,
-0.379,-0.41,-0.051,-0.481,
-0.331,-0.321,-0.062,-0.462,
-0.344,-0.394,-0.055,-0.464,
-0.33,-0.365,-0.045,-0.408,
-0.325,-0.356,-0.052,-0.382,
-0.407,-0.465,-0.046,-0.486,
-0.348,-0.385,-0.045,-0.406,
-0.347,-0.383,-0.052,-0.423,
-0.365,-0.408,-0.049,-0.46,
-0.319,-0.354,-0.052,-0.386,
-0.336,-0.37,-0.047,-0.399,
-0.363,-0.402,-0.045,-0.46,
-0.364,-0.403,-0.049,-0.438,
-0.34,-0.38,-0.051,-0.399,
-0.351,-0.383,-0.044,-0.424,
-0.218,-0.226,-0.049,-0.267,
-0.361,-0.397,-0.061,-0.44,
-0.337,-0.376,-0.043,-0.417,
-0.294,-0.318,-0.048,-0.359,
-0.35,-0.386,-0.049,-0.437,
-0.363,-0.423,-0.053,-0.453,
-0.363,-0.403,-0.05,-0.433,
-0.384,-0.437,-0.047,-0.471,
-0.383,-0.433,-0.048,-0.495,
-0.374,-0.423,-0.047,-0.442,
-0.214,-0.222,-0.062,-0.308,
-0.265,-0.293,-0.047,-0.301,
-0.361,-0.392,-0.051,-0.456,
-0.355,-0.39,-0.057,-0.489,
-0.364,-0.405,-0.049,-0.419,
-0.376,-0.416,-0.049,-0.45,
-0.317,-0.356,-0.043,-0.394,
-0.35,-0.39,-0.051,-0.41,
-0.385,-0.435,-0.049,-0.489,
-0.36,-0.406,-0.046,-0.457,
-0.342,-0.38,-0.047,-0.408,
-0.355,-0.389,-0.05,-0.432,
-0.376,-0.414,-0.047,-0.449,
-0.376,-0.417,-0.053,-0.481,
-0.314,-0.339,-0.048,-0.432,
-0.352,-0.395,-0.046,-0.412,
-0.326,-0.365,-0.043,-0.398,
-0.337,-0.374,-0.051,-0.409,
-0.355,-0.394,-0.05,-0.428,
-0.365,-0.404,-0.05,-0.462,
-0.287,-0.305,-0.048,-0.364,
-0.352,-0.394,-0.051,-0.411,
-0.341,-0.376,-0.049,-0.4,
-0.378,-0.419,-0.046,-0.474,
-0.346,-0.365,-0.048,-0.475,
-0.374,-0.418,-0.048,-0.458,
-0.36,-0.406,-0.046,-0.425,
-0.38,-0.426,-0.048,-0.476,
-0.388,-0.428,-0.047,-0.481,
-0.337,-0.366,-0.052,-0.398,
-0.366,-0.395,-0.051,-0.51,
-0.336,-0.37,-0.049,-0.395,
-0.334,-0.372,-0.049,-0.391,
-0.364,-0.398,-0.053,-0.432,
-0.35,-0.371,-0.05,-0.44,
-0.37,-0.41,-0.046,-0.435,
-0.346,-0.387,-0.047,-0.412,
-0.354,-0.391,-0.046,-0.457,
-0.343,-0.367,-0.054,-0.432,
-0.338,-0.372,-0.051,-0.401,
-0.38,-0.419,-0.048,-0.458,
-0.341,-0.377,-0.051,-0.417,
-0.368,-0.417,-0.054,-0.47,
-0.398,-0.449,-0.049,-0.46,
-0.372,-0.427,-0.051,-0.441,
-0.354,-0.394,-0.052,-0.415,
-0.326,-0.359,-0.051,-0.396,
-0.345,-0.38,-0.047,-0.413,
-0.368,-0.421,-0.044,-0.434,
-0.263,-0.279,-0.061,-0.391,
-0.351,-0.39,-0.047,-0.418,
-0.341,-0.368,-0.052,-0.443,
-0.352,-0.385,-0.052,-0.43,
-0.292,-0.318,-0.041,-0.393,
-0.359,-0.395,-0.051,-0.459,
-0.352,-0.393,-0.049,-0.419,
-0.353,-0.392,-0.053,-0.442,
-0.334,-0.367,-0.05,-0.399,
-0.332,-0.368,-0.048,-0.411,
-0.394,-0.456,-0.046,-0.486,
-0.359,-0.402,-0.047,-0.427,
-0.366,-0.412,-0.047,-0.456,
-0.329,-0.364,-0.049,-0.412,
-0.358,-0.391,-0.06,-0.45,
-0.386,-0.424,-0.05,-0.474,
-0.358,-0.41,-0.045,-0.447,
-0.363,-0.401,-0.051,-0.438,
-0.401,-0.453,-0.047,-0.482,
-0.316,-0.346,-0.051,-0.4,
-0.354,-0.4,-0.051,-0.414,
-0.335,-0.374,-0.049,-0.4,
-0.413,-0.472,-0.053,-0.531,
-0.347,-0.388,-0.047,-0.416,
-0.362,-0.411,-0.047,-0.441,
-0.328,-0.353,-0.05,-0.396,
-0.339,-0.379,-0.053,-0.404,
-0.285,-0.326,-0.058,-0.401,
-0.206,-0.223,-0.068,-0.248,
-0.368,-0.41,-0.046,-0.439,
-0.347,-0.39,-0.05,-0.409,
-0.313,-0.348,-0.053,-0.406,
-0.272,-0.29,-0.045,-0.336,
-0.358,-0.405,-0.047,-0.434,
-0.338,-0.378,-0.047,-0.421,
-0.3,-0.346,-0.062,-0.361,
-0.368,-0.411,-0.054,-0.455,
-0.394,-0.44,-0.05,-0.482,
-0.367,-0.418,-0.049,-0.484,
-0.355,-0.392,-0.049,-0.426,
-0.354,-0.396,-0.048,-0.433,
-0.312,-0.346,-0.044,-0.364,
-0.346,-0.396,-0.044,-0.452,
-0.379,-0.431,-0.046,-0.463,
-0.359,-0.404,-0.05,-0.422,
-0.329,-0.36,-0.05,-0.393,
-0.326,-0.355,-0.053,-0.41,
-0.375,-0.417,-0.05,-0.445,
-0.329,-0.362,-0.048,-0.395,
-0.369,-0.406,-0.043,-0.457,
-0.345,-0.37,-0.049,-0.442,
-0.344,-0.383,-0.05,-0.41,
-0.381,-0.421,-0.051,-0.483,
-0.24,-0.259,-0.055,-0.311,
-0.354,-0.395,-0.041,-0.423,
-0.357,-0.403,-0.046,-0.419,
-0.337,-0.377,-0.051,-0.434,
-0.335,-0.377,-0.048,-0.398,
-0.321,-0.354,-0.049,-0.386,
-0.389,-0.435,-0.044,-0.458,
-0.225,-0.253,-0.053,-0.263,
-0.359,-0.404,-0.042,-0.434,
-0.354,-0.379,-0.061,-0.454,
-0.351,-0.386,-0.049,-0.433,
-0.329,-0.358,-0.055,-0.412,
-0.367,-0.412,-0.053,-0.462,
-0.32,-0.356,-0.046,-0.385,
-0.362,-0.413,-0.05,-0.473,
-0.277,-0.303,-0.049,-0.348,
-0.305,-0.334,-0.054,-0.385,
-0.367,-0.423,-0.045,-0.451,
-0.354,-0.4,-0.046,-0.418,
-0.341,-0.38,-0.051,-0.402,
-0.316,-0.344,-0.051,-0.384,
-0.367,-0.421,-0.05,-0.465,
-0.357,-0.402,-0.044,-0.434,
-0.342,-0.381,-0.05,-0.404,
-0.357,-0.391,-0.048,-0.441,
-0.294,-0.327,-0.051,-0.39,
-0.329,-0.376,-0.055,-0.438,
-0.396,-0.443,-0.049,-0.482,
-0.386,-0.431,-0.049,-0.486,
-0.34,-0.369,-0.044,-0.427,
-0.358,-0.388,-0.049,-0.443,
-0.355,-0.399,-0.047,-0.445,
-0.395,-0.433,-0.052,-0.48,
-0.357,-0.374,-0.049,-0.466,
-0.356,-0.398,-0.047,-0.417,
-0.342,-0.382,-0.043,-0.408,
-0.365,-0.405,-0.045,-0.437,
-0.344,-0.374,-0.046,-0.416,
-0.329,-0.389,-0.042,-0.424,
-0.283,-0.307,-0.052,-0.34,
-0.367,-0.407,-0.044,-0.448,
-0.361,-0.408,-0.041,-0.439,
-0.343,-0.375,-0.047,-0.404,
-0.307,-0.334,-0.051,-0.368,
-0.346,-0.381,-0.051,-0.409,
-0.302,-0.324,-0.047,-0.374,
-0.335,-0.358,-0.051,-0.42,
-0.365,-0.408,-0.047,-0.438,
-0.386,-0.43,-0.042,-0.461,
-0.252,-0.257,-0.055,-0.353,
-0.345,-0.376,-0.047,-0.45,
-0.332,-0.36,-0.048,-0.407,
-0.357,-0.391,-0.051,-0.461,
-0.355,-0.378,-0.048,-0.438,
-0.24,-0.269,-0.053,-0.299,
-0.228,-0.254,-0.046,-0.289,
-0.348,-0.385,-0.046,-0.429,
-0.341,-0.384,-0.049,-0.415,
-0.298,-0.317,-0.053,-0.396,
-0.407,-0.47,-0.046,-0.493,
-0.338,-0.376,-0.044,-0.401,
-0.332,-0.363,-0.046,-0.447,
-0.323,-0.353,-0.056,-0.389,
-0.34,-0.367,-0.054,-0.433,
-0.36,-0.41,-0.046,-0.427,
-0.341,-0.38,-0.051,-0.41,
-0.383,-0.429,-0.046,-0.446,
-0.32,-0.357,-0.052,-0.393,
-0.339,-0.364,-0.042,-0.428,
-0.32,-0.348,-0.051,-0.401,
-0.347,-0.383,-0.045,-0.402,
-0.33,-0.356,-0.052,-0.405,
-0.345,-0.381,-0.048,-0.408,
-0.335,-0.369,-0.048,-0.411,
-0.352,-0.386,-0.049,-0.455,
-0.346,-0.398,-0.046,-0.451,
-0.368,-0.417,-0.046,-0.455,
-0.333,-0.356,-0.046,-0.406,
-0.365,-0.408,-0.045,-0.448,
-0.347,-0.386,-0.05,-0.412,
-0.33,-0.351,-0.043,-0.422,
-0.394,-0.441,-0.05,-0.501,
-0.361,-0.409,-0.047,-0.459,
-0.384,-0.427,-0.054,-0.475,
-0.375,-0.397,-0.06,-0.494,
-0.323,-0.359,-0.052,-0.403,
-0.38,-0.417,-0.053,-0.477,
-0.348,-0.379,-0.05,-0.44,
-0.378,-0.415,-0.052,-0.481,
-0.3,-0.329,-0.05,-0.393,
-0.329,-0.361,-0.05,-0.387,
-0.343,-0.381,-0.05,-0.449,
-0.332,-0.362,-0.041,-0.432,
-0.381,-0.425,-0.05,-0.48,
-0.372,-0.424,-0.047,-0.432,
-0.337,-0.375,-0.054,-0.394,
-0.355,-0.397,-0.055,-0.475,
-0.365,-0.411,-0.053,-0.438,
-0.339,-0.384,-0.051,-0.402,
-0.359,-0.396,-0.042,-0.444,
-0.297,-0.33,-0.045,-0.395,
-0.362,-0.404,-0.048,-0.426,
-0.362,-0.405,-0.044,-0.414,
-0.368,-0.419,-0.049,-0.464,
-0.326,-0.357,-0.047,-0.389,
-0.334,-0.376,-0.049,-0.41,
-0.367,-0.41,-0.053,-0.462,
-0.257,-0.288,-0.046,-0.311,
-0.233,-0.234,-0.045,-0.327,
-0.213,-0.235,-0.051,-0.257,
-0.22,-0.239,-0.044,-0.282,
-0.281,-0.321,-0.049,-0.363,
-0.264,-0.293,-0.049,-0.324,
-0.211,-0.229,-0.046,-0.252,
-0.191,-0.215,-0.044,-0.244,
-0.154,-0.166,-0.05,-0.215,
-0.221,-0.228,-0.045,-0.297,
-0.267,-0.295,-0.044,-0.364,
-0.193,-0.208,-0.053,-0.247,
-0.207,-0.23,-0.048,-0.262,
-0.266,-0.284,-0.047,-0.371,
-0.255,-0.277,-0.05,-0.326,
-0.225,-0.238,-0.047,-0.299,
-0.229,-0.257,-0.05,-0.3,
-0.189,-0.201,-0.06,-0.224,
-0.208,-0.22,-0.045,-0.265,
-0.243,-0.265,-0.052,-0.32,
-0.253,-0.28,-0.053,-0.335,
-0.215,-0.229,-0.05,-0.258,
-0.241,-0.243,-0.045,-0.314,
-0.186,-0.202,-0.045,-0.228,
-0.243,-0.26,-0.05,-0.359,
-0.248,-0.271,-0.048,-0.318,
-0.23,-0.244,-0.044,-0.304,
-0.193,-0.205,-0.044,-0.242,
-0.221,-0.237,-0.046,-0.297,
-0.24,-0.256,-0.052,-0.311,
-0.196,-0.217,-0.047,-0.244,
-0.242,-0.261,-0.048,-0.301,
-0.23,-0.247,-0.047,-0.29,
-0.256,-0.289,-0.05,-0.339,
-0.26,-0.286,-0.049,-0.313,
-0.212,-0.23,-0.051,-0.289,
-0.152,-0.167,-0.041,-0.209,
-0.209,-0.234,-0.043,-0.26,
-0.253,-0.267,-0.049,-0.309,
-0.267,-0.295,-0.044,-0.328,
-0.229,-0.24,-0.05,-0.278,
-0.253,-0.28,-0.05,-0.313,
-0.229,-0.248,-0.048,-0.295,
-0.259,-0.283,-0.046,-0.322,
-0.256,-0.287,-0.048,-0.331,
-0.206,-0.205,-0.044,-0.269,
-0.238,-0.26,-0.047,-0.292,
-0.269,-0.295,-0.048,-0.37,
-0.231,-0.257,-0.052,-0.318,
-0.211,-0.232,-0.054,-0.253,
-0.285,-0.317,-0.047,-0.34,
-0.153,-0.162,-0.045,-0.227,
-0.253,-0.261,-0.046,-0.351,
-0.25,-0.256,-0.045,-0.36,
-0.25,-0.267,-0.049,-0.317,
-0.165,-0.174,-0.044,-0.205,
-0.244,-0.269,-0.051,-0.3,
-0.223,-0.237,-0.049,-0.293,
-0.27,-0.297,-0.053,-0.35,
-0.26,-0.298,-0.049,-0.315,
-0.248,-0.266,-0.05,-0.308,
-0.232,-0.254,-0.055,-0.289,
-0.251,-0.272,-0.04,-0.334,
-0.21,-0.232,-0.05,-0.25,
-0.277,-0.283,-0.053,-0.36,
-0.175,-0.166,-0.048,-0.265,
-0.24,-0.277,-0.049,-0.302,
-0.271,-0.278,-0.044,-0.378,
-0.223,-0.226,-0.046,-0.281,
-0.266,-0.306,-0.048,-0.322,
-0.269,-0.306,-0.052,-0.335,
-0.247,-0.275,-0.045,-0.293,
-0.219,-0.231,-0.045,-0.3,
-0.221,-0.23,-0.05,-0.32,
-0.188,-0.199,-0.046,-0.266,
-0.221,-0.234,-0.05,-0.285,
-0.19,-0.192,-0.046,-0.257,
-0.242,-0.259,-0.046,-0.323,
-0.223,-0.241,-0.052,-0.284,
-0.205,-0.221,-0.055,-0.255,
-0.25,-0.279,-0.051,-0.326,
-0.194,-0.204,-0.044,-0.235,
-0.188,-0.209,-0.046,-0.22,
-0.251,-0.272,-0.048,-0.317,
-0.217,-0.24,-0.049,-0.286,
-0.249,-0.29,-0.051,-0.317,
-0.203,-0.229,-0.053,-0.264,
-0.264,-0.297,-0.047,-0.324,
-0.205,-0.218,-0.05,-0.271,
-0.214,-0.22,-0.054,-0.304,
-0.221,-0.241,-0.046,-0.271,
-0.199,-0.194,-0.053,-0.295,
-0.285,-0.322,-0.044,-0.378,
-0.212,-0.218,-0.053,-0.323,
-0.221,-0.23,-0.05,-0.289,
-0.202,-0.216,-0.045,-0.24,
-0.218,-0.233,-0.049,-0.295,
-0.227,-0.252,-0.048,-0.286,
-0.172,-0.195,-0.05,-0.223,
-0.262,-0.289,-0.05,-0.345,
-0.223,-0.229,-0.046,-0.285,
-0.261,-0.273,-0.043,-0.403,
-0.224,-0.239,-0.05,-0.285,
-0.211,-0.226,-0.051,-0.245,
-0.261,-0.296,-0.047,-0.322,
-0.231,-0.246,-0.046,-0.308,
-0.254,-0.277,-0.047,-0.305,
-0.249,-0.266,-0.051,-0.335,
-0.26,-0.295,-0.049,-0.307,
-0.208,-0.227,-0.051,-0.25,
-0.171,-0.169,-0.054,-0.275,
-0.265,-0.279,-0.051,-0.319,
-0.262,-0.292,-0.054,-0.325,
-0.231,-0.257,-0.046,-0.286,
-0.226,-0.253,-0.05,-0.288,
-0.183,-0.192,-0.045,-0.233,
-0.275,-0.297,-0.047,-0.39,
-0.207,-0.233,-0.057,-0.252,
-0.242,-0.262,-0.05,-0.332,
-0.216,-0.225,-0.05,-0.297,
-0.246,-0.258,-0.046,-0.343,
-0.21,-0.224,-0.046,-0.278,
-0.24,-0.258,-0.051,-0.298,
-0.203,-0.21,-0.046,-0.273,
-0.215,-0.228,-0.047,-0.287,
-0.255,-0.284,-0.052,-0.315,
-0.279,-0.315,-0.045,-0.346,
-0.234,-0.262,-0.051,-0.311,
-0.219,-0.231,-0.053,-0.267,
-0.21,-0.225,-0.045,-0.258,
-0.279,-0.31,-0.051,-0.393,
-0.227,-0.244,-0.047,-0.299,
-0.177,-0.181,-0.048,-0.258,
-0.285,-0.314,-0.044,-0.365,
-0.215,-0.227,-0.053,-0.271,
-0.244,-0.262,-0.05,-0.319,
-0.204,-0.199,-0.047,-0.304,
-0.265,-0.288,-0.047,-0.326,
-0.196,-0.207,-0.044,-0.239,
-0.194,-0.205,-0.046,-0.243,
-0.278,-0.306,-0.044,-0.365,
-0.239,-0.256,-0.046,-0.337,
-0.237,-0.28,-0.048,-0.298,
-0.23,-0.249,-0.052,-0.288,
-0.27,-0.288,-0.05,-0.362,
-0.239,-0.257,-0.049,-0.284,
-0.138,-0.142,-0.057,-0.162,
-0.23,-0.242,-0.046,-0.296,
-0.249,-0.272,-0.043,-0.297,
-0.276,-0.304,-0.05,-0.344,
-0.177,-0.182,-0.05,-0.234,
-0.244,-0.248,-0.053,-0.31,
-0.21,-0.205,-0.056,-0.289,
-0.197,-0.219,-0.047,-0.238,
-0.239,-0.275,-0.053,-0.301,
-0.256,-0.267,-0.049,-0.33,
-0.197,-0.211,-0.045,-0.245,
-0.225,-0.231,-0.046,-0.306,
-0.238,-0.24,-0.051,-0.309,
-0.234,-0.249,-0.051,-0.307,
-0.18,-0.197,-0.046,-0.24,
-0.239,-0.26,-0.054,-0.316,
-0.225,-0.237,-0.049,-0.312,
-0.207,-0.217,-0.049,-0.267,
-0.178,-0.176,-0.055,-0.244,
-0.257,-0.283,-0.045,-0.323,
-0.285,-0.31,-0.051,-0.36,
-0.216,-0.225,-0.05,-0.296,
-0.206,-0.225,-0.051,-0.264,
-0.269,-0.284,-0.048,-0.346,
-0.263,-0.279,-0.049,-0.388,
-0.251,-0.276,-0.052,-0.316,
-0.204,-0.211,-0.046,-0.289,
-0.171,-0.148,-0.061,-0.315,
-0.224,-0.235,-0.051,-0.278,
-0.17,-0.181,-0.045,-0.214,
-0.248,-0.276,-0.046,-0.316,
-0.274,-0.31,-0.055,-0.331,
-0.26,-0.285,-0.047,-0.345,
-0.272,-0.299,-0.05,-0.354,
-0.26,-0.283,-0.053,-0.342,
-0.18,-0.195,-0.051,-0.246,
-0.216,-0.236,-0.049,-0.289,
-0.231,-0.245,-0.048,-0.308,
-0.193,-0.216,-0.051,-0.264,
-0.218,-0.244,-0.051,-0.276,
-0.228,-0.256,-0.049,-0.279,
-0.248,-0.264,-0.054,-0.329,
-0.216,-0.224,-0.051,-0.311,
-0.237,-0.253,-0.052,-0.299,
-0.215,-0.228,-0.047,-0.289,
-0.227,-0.245,-0.047,-0.287,
-0.221,-0.243,-0.045,-0.275,
-0.227,-0.25,-0.051,-0.288,
-0.27,-0.29,-0.052,-0.342,
-0.249,-0.264,-0.043,-0.317,
-0.233,-0.262,-0.054,-0.291,
-0.25,-0.266,-0.047,-0.326,
-0.24,-0.257,-0.046,-0.289,
-0.232,-0.246,-0.048,-0.299,
-0.173,-0.176,-0.046,-0.253,
-0.243,-0.261,-0.059,-0.297,
-0.251,-0.284,-0.042,-0.318,
-0.208,-0.227,-0.05,-0.256,
-0.223,-0.256,-0.049,-0.267,
-0.225,-0.237,-0.052,-0.294,
-0.192,-0.205,-0.05,-0.236,
-0.266,-0.302,-0.048,-0.326,
-0.246,-0.256,-0.053,-0.312,
-0.264,-0.287,-0.049,-0.373,
-0.247,-0.276,-0.05,-0.294,
-0.209,-0.22,-0.049,-0.303,
-0.259,-0.292,-0.051,-0.346,
-0.223,-0.232,-0.048,-0.283,
-0.235,-0.248,-0.045,-0.32,
-0.237,-0.266,-0.051,-0.313,
-0.217,-0.233,-0.046,-0.314,
-0.225,-0.237,-0.05,-0.314,
-0.243,-0.271,-0.048,-0.293,
-0.169,-0.173,-0.046,-0.221,
-0.202,-0.217,-0.048,-0.257,
-0.22,-0.241,-0.046,-0.259,
-0.271,-0.303,-0.054,-0.341,
-0.27,-0.303,-0.049,-0.338,
-0.223,-0.252,-0.047,-0.283,
-0.268,-0.287,-0.051,-0.343,
-0.242,-0.274,-0.048,-0.306,
-0.23,-0.257,-0.045,-0.326,
-0.199,-0.209,-0.048,-0.265,
-0.245,-0.267,-0.047,-0.326,
-0.192,-0.213,-0.046,-0.265,
-0.245,-0.275,-0.053,-0.296,
-0.261,-0.287,-0.047,-0.319,
-0.247,-0.264,-0.053,-0.331,
-0.222,-0.236,-0.054,-0.312,
-0.265,-0.279,-0.048,-0.333,
-0.245,-0.266,-0.044,-0.297,
-0.229,-0.248,-0.055,-0.269,
-0.274,-0.292,-0.056,-0.323,
-0.233,-0.26,-0.051,-0.34,
-0.194,-0.2,-0.053,-0.246,
-0.218,-0.229,-0.049,-0.281,
-0.169,-0.183,-0.052,-0.214,
-0.197,-0.209,-0.048,-0.244,
-0.198,-0.202,-0.053,-0.29,
-0.259,-0.291,-0.049,-0.326,
-0.208,-0.23,-0.052,-0.239,
-0.221,-0.217,-0.045,-0.355,
-0.228,-0.251,-0.045,-0.288,
-0.256,-0.275,-0.055,-0.301,
-0.228,-0.243,-0.043,-0.282,
-0.194,-0.207,-0.047,-0.292,
-0.216,-0.229,-0.045,-0.28,
-0.268,-0.293,-0.054,-0.351,
-0.275,-0.301,-0.054,-0.36,
-0.191,-0.198,-0.051,-0.243,
-0.227,-0.231,-0.048,-0.29,
-0.252,-0.285,-0.056,-0.305,
-0.23,-0.254,-0.05,-0.285,
-0.233,-0.246,-0.044,-0.3,
-0.201,-0.207,-0.048,-0.301,
-0.212,-0.228,-0.048,-0.268,
-0.24,-0.263,-0.049,-0.296,
-0.242,-0.26,-0.045,-0.33,
-0.252,-0.281,-0.043,-0.315,
-0.262,-0.283,-0.051,-0.388,
-0.208,-0.23,-0.055,-0.26,
-0.285,-0.331,-0.051,-0.361,
-0.253,-0.262,-0.051,-0.322,
-0.179,-0.176,-0.045,-0.254,
-0.23,-0.229,-0.044,-0.33,
-0.199,-0.209,-0.047,-0.271,
-0.242,-0.265,-0.05,-0.333,
-0.185,-0.2,-0.059,-0.215,
-0.207,-0.214,-0.05,-0.283,
-0.234,-0.26,-0.048,-0.32,
-0.246,-0.26,-0.048,-0.341,
-0.23,-0.259,-0.054,-0.279,
-0.184,-0.201,-0.051,-0.247,
-0.174,-0.172,-0.046,-0.252,
-0.259,-0.286,-0.047,-0.312,
-0.271,-0.29,-0.045,-0.344,
-0.169,-0.196,-0.048,-0.229,
-0.184,-0.204,-0.052,-0.213,
-0.212,-0.232,-0.049,-0.265,
-0.265,-0.308,-0.047,-0.321,
-0.258,-0.291,-0.053,-0.308,
-0.192,-0.197,-0.05,-0.237,
-0.201,-0.22,-0.048,-0.248,
-0.255,-0.254,-0.044,-0.383,
-0.223,-0.245,-0.048,-0.265,
-0.261,-0.283,-0.045,-0.349,
-0.218,-0.238,-0.052,-0.261,
-0.248,-0.26,-0.055,-0.312,
-0.235,-0.257,-0.049,-0.301,
-0.3,-0.343,-0.053,-0.379,
-0.226,-0.256,-0.051,-0.276,
-0.215,-0.24,-0.048,-0.263,
-0.24,-0.256,-0.052,-0.317,
-0.221,-0.237,-0.046,-0.275,
-0.205,-0.204,-0.05,-0.288,
-0.2,-0.221,-0.053,-0.275,
-0.229,-0.251,-0.052,-0.298,
-0.183,-0.19,-0.056,-0.239,
-0.213,-0.233,-0.052,-0.27,
-0.241,-0.268,-0.049,-0.345,
-0.202,-0.207,-0.047,-0.286,
-0.27,-0.28,-0.048,-0.352,
-0.249,-0.279,-0.049,-0.287,
-0.239,-0.262,-0.045,-0.299,
-0.205,-0.198,-0.053,-0.302,
-0.236,-0.242,-0.051,-0.322,
-0.215,-0.239,-0.055,-0.273,
-0.232,-0.249,-0.048,-0.279,
-0.246,-0.265,-0.049,-0.323,
-0.246,-0.263,-0.047,-0.306,
-0.233,-0.237,-0.049,-0.324,
-0.3,-0.355,-0.048,-0.38,
-0.253,-0.267,-0.047,-0.323,
-0.256,-0.279,-0.047,-0.355,
-0.179,-0.18,-0.05,-0.276,
-0.263,-0.278,-0.047,-0.361,
-0.242,-0.269,-0.049,-0.29,
-0.234,-0.255,-0.051,-0.291,
-0.222,-0.232,-0.055,-0.293,
-0.266,-0.289,-0.051,-0.335,
-0.218,-0.22,-0.048,-0.295,
-0.26,-0.287,-0.048,-0.352,
-0.266,-0.303,-0.053,-0.331,
-0.255,-0.277,-0.045,-0.331,
-0.208,-0.218,-0.05,-0.29,
-0.235,-0.246,-0.052,-0.306,
-0.199,-0.203,-0.052,-0.267,
-0.226,-0.241,-0.047,-0.284,
-0.26,-0.295,-0.048,-0.355,
-0.244,-0.268,-0.054,-0.317,
-0.257,-0.279,-0.049,-0.314,
-0.22,-0.24,-0.049,-0.282,
-0.262,-0.303,-0.045,-0.323,
-0.21,-0.212,-0.055,-0.297,
-0.199,-0.206,-0.052,-0.272,
-0.192,-0.209,-0.047,-0.239,
-0.257,-0.286,-0.054,-0.313,
-0.252,-0.272,-0.048,-0.325,
-0.271,-0.305,-0.052,-0.366,
-0.199,-0.208,-0.047,-0.257,
-0.271,-0.293,-0.046,-0.345,
-0.251,-0.261,-0.045,-0.362,
-0.231,-0.249,-0.049,-0.309,
-0.211,-0.222,-0.055,-0.278,
-0.282,-0.334,-0.055,-0.355,
-0.226,-0.249,-0.045,-0.299,
-0.172,-0.176,-0.059,-0.241,
-0.257,-0.275,-0.049,-0.327,
-0.282,-0.305,-0.043,-0.388,
-0.258,-0.272,-0.053,-0.359,
-0.264,-0.28,-0.049,-0.34,
-0.25,-0.267,-0.052,-0.295,
-0.243,-0.246,-0.046,-0.321,
-0.206,-0.216,-0.049,-0.261,
-0.281,-0.318,-0.05,-0.368,
-0.212,-0.224,-0.053,-0.27,
-0.199,-0.212,-0.046,-0.285,
-0.193,-0.2,-0.05,-0.267,
-0.195,-0.199,-0.05,-0.266,
-0.273,-0.295,-0.047,-0.379,
-0.223,-0.239,-0.053,-0.281,
-0.181,-0.188,-0.049,-0.248,
-0.271,-0.309,-0.053,-0.339,
-0.174,-0.192,-0.046,-0.206,
-0.263,-0.291,-0.051,-0.348,
-0.232,-0.248,-0.048,-0.297,
-0.254,-0.272,-0.043,-0.334,
-0.246,-0.257,-0.05,-0.309,
-0.229,-0.246,-0.047,-0.289,
-0.262,-0.297,-0.048,-0.309,
-0.234,-0.247,-0.048,-0.318,
-0.219,-0.233,-0.051,-0.273,
-0.23,-0.249,-0.05,-0.272,
-0.237,-0.263,-0.05,-0.294,
-0.279,-0.305,-0.045,-0.335,
-0.212,-0.228,-0.047,-0.269,
-0.185,-0.201,-0.053,-0.222,
-0.216,-0.228,-0.05,-0.276,
-0.345,-0.384,-0.047,-0.418,
-0.366,-0.414,-0.044,-0.44,
-0.365,-0.397,-0.044,-0.476,
-0.326,-0.355,-0.048,-0.398,
-0.347,-0.385,-0.055,-0.425,
-0.351,-0.393,-0.046,-0.42,
-0.317,-0.351,-0.049,-0.4,
-0.281,-0.292,-0.053,-0.384,
-0.354,-0.388,-0.046,-0.478,
-0.325,-0.365,-0.05,-0.394,
-0.3,-0.292,-0.051,-0.401,
-0.337,-0.368,-0.052,-0.408,
-0.364,-0.405,-0.05,-0.414,
-0.295,-0.318,-0.046,-0.376,
-0.357,-0.4,-0.044,-0.407,
-0.329,-0.368,-0.047,-0.397,
-0.355,-0.387,-0.05,-0.427,
-0.358,-0.397,-0.047,-0.455,
-0.365,-0.404,-0.047,-0.461,
-0.357,-0.396,-0.045,-0.427,
-0.36,-0.39,-0.055,-0.444,
-0.292,-0.318,-0.058,-0.398,
-0.348,-0.393,-0.049,-0.408,
-0.315,-0.34,-0.049,-0.386,
-0.326,-0.352,-0.05,-0.41,
-0.395,-0.442,-0.048,-0.482,
-0.348,-0.385,-0.049,-0.399,
-0.351,-0.395,-0.046,-0.437,
-0.263,-0.272,-0.047,-0.325,
-0.364,-0.403,-0.048,-0.456,
-0.368,-0.412,-0.043,-0.458,
-0.356,-0.4,-0.046,-0.408,
-0.168,-0.18,-0.048,-0.188,
-0.236,-0.254,-0.047,-0.321,
-0.356,-0.401,-0.047,-0.426,
-0.245,-0.262,-0.048,-0.317,
-0.23,-0.248,-0.054,-0.289,
-0.216,-0.232,-0.047,-0.286,
-0.252,-0.277,-0.05,-0.324,
-0.214,-0.236,-0.043,-0.287,
-0.216,-0.233,-0.045,-0.299,
-0.259,-0.286,-0.048,-0.304,
-0.233,-0.252,-0.047,-0.276,
-0.276,-0.318,-0.05,-0.364,
-0.261,-0.292,-0.044,-0.325,
-0.245,-0.269,-0.049,-0.322,
-0.247,-0.271,-0.049,-0.305,
-0.238,-0.238,-0.052,-0.337,
-0.39,-0.444,-0.041,-0.49,
-0.369,-0.422,-0.05,-0.462,
-0.339,-0.371,-0.055,-0.405,
-0.34,-0.357,-0.048,-0.498,
-0.35,-0.393,-0.048,-0.401,
-0.33,-0.362,-0.047,-0.4,
-0.358,-0.415,-0.051,-0.436,
-0.38,-0.419,-0.04,-0.481,
-0.293,-0.323,-0.048,-0.341,
-0.336,-0.37,-0.053,-0.412,
-0.357,-0.408,-0.049,-0.436,
-0.344,-0.385,-0.043,-0.45,
-0.284,-0.312,-0.047,-0.359,
-0.375,-0.426,-0.049,-0.482,
-0.391,-0.456,-0.052,-0.491,
-0.338,-0.379,-0.046,-0.398,
-0.222,-0.24,-0.049,-0.286,
-0.202,-0.213,-0.048,-0.305,
-0.246,-0.264,-0.048,-0.311,
-0.246,-0.247,-0.05,-0.357,
-0.192,-0.199,-0.049,-0.242,
-0.215,-0.236,-0.049,-0.268,
-0.207,-0.228,-0.05,-0.247,
-0.233,-0.256,-0.047,-0.28,
-0.255,-0.275,-0.05,-0.359,
-0.248,-0.271,-0.052,-0.293,
-0.199,-0.21,-0.045,-0.24,
-0.211,-0.225,-0.05,-0.255,
-0.226,-0.251,-0.052,-0.283,
-0.262,-0.277,-0.045,-0.338,
-0.23,-0.251,-0.045,-0.289,
-0.226,-0.239,-0.05,-0.3,


0.007,0.003,0.055,-0.03,
0.061,0.06,0.099,0,
-0.01,-0.023,0.056,-0.044,
0.039,0.042,0.078,-0.001,
-0.015,-0.007,0.049,-0.093,
0.022,0,0.103,0,
0.13,0.117,0.227,-0.002,
0.109,0.096,0.245,0.001,
-0.002,-0.001,0.049,-0.051,
-0.046,-0.024,0.001,-0.159,
0.037,0.033,0.105,-0.002,
0.017,0.002,0.125,-0.036,
0.046,0.056,0.089,-0.011,
-0.017,-0.015,0.047,-0.109,
-0.009,-0.005,0.04,-0.068,
0.006,0.011,0.036,-0.039,
0.014,0.009,0.102,-0.087,
0.098,0.095,0.175,0.002,
0.057,0.052,0.136,-0.017,
0.07,0.092,0.111,0.004,
0.059,0.023,0.193,-0.001,
-0.053,-0.063,0.011,-0.105,
0.052,0.025,0.171,-0.05,
0.107,0.118,0.235,0,
0.116,0.117,0.23,0,
0.059,0.052,0.126,-0.012,
0,0,0,0,
0.011,0.004,0.065,-0.02,
0.173,0.198,0.223,0.001,
0.097,0.103,0.15,-0.002,
0.101,0.106,0.164,-0.002,
0,0,0,0,
0,0,0,0,
0.042,0.041,0.121,-0.022,
0,0,0.002,0,
-0.016,-0.001,0.066,-0.096,
-0.037,-0.033,0,-0.116,
0,0,0,0,
-0.028,-0.014,0.079,-0.114,
0.057,0.077,0.112,-0.062,
0.124,0.122,0.222,0,
0.04,0.033,0.093,-0.003,
0.01,0,0.053,-0.035,
0.02,0.015,0.066,-0.032,
0.101,0.097,0.189,0,
0.045,0.049,0.088,-0.012,
0.126,0.131,0.212,0,
0.006,0,0.081,-0.097,
-0.037,-0.019,0.018,-0.12,
0.094,0.09,0.234,0,
0.178,0.203,0.256,0,
0.014,0.026,0.123,-0.101,
0.125,0.142,0.205,-0.001,
0.137,0.153,0.191,0,
0.057,0.054,0.116,-0.003,
0.159,0.167,0.278,0.002,
0.022,0.011,0.077,-0.029,
0.065,0.06,0.119,-0.002,
0.019,0.007,0.077,-0.043,
0.2,0.203,0.355,0.002,
-0.01,0,0.091,-0.117,
0.129,0.152,0.209,0,
-0.024,-0.003,0.031,-0.121,
0.004,0.006,0.052,-0.049,
-0.008,0.006,0.04,-0.121,
0.003,0,0.069,-0.049,
0,-0.007,0.068,-0.054,
0.196,0.239,0.332,-0.003,
0.066,0.073,0.137,-0.008,
-0.004,0,0,-0.024,
0.065,0.053,0.154,0.006,
0.017,0.019,0.074,-0.018,
0.054,0.065,0.126,-0.028,
0,0,0,0,
0.228,0.247,0.318,0.001,
0.07,0.074,0.135,-0.001,
0.046,0.045,0.121,-0.002,
0.091,0.088,0.224,0,
0.053,0.054,0.092,-0.017,
0.102,0.113,0.143,0,
0.016,0.014,0.059,-0.035,
0.091,0.097,0.167,0,
-0.003,0,0.007,-0.032,
0.052,0.059,0.081,-0.001,
0.01,0.02,0.061,-0.043,
-0.007,0.005,0.064,-0.111,
0.107,0.119,0.203,-0.024,
0.031,0.025,0.085,0,
0,0,0,0,
0.046,0.056,0.078,-0.005,
0.074,0.079,0.117,-0.007,
-0.044,-0.052,0.002,-0.087,
0.044,0.044,0.089,-0.004,
0.057,0.059,0.14,-0.02,
0.001,0,0.011,0,
0.039,0.035,0.07,0.001,
0.045,0.046,0.099,0.003,
0.01,-0.001,0.045,-0.022,
0.022,-0.002,0.186,-0.097,
0.089,0.068,0.222,-0.004,
0.054,0.058,0.126,-0.056,
0.048,0.042,0.123,0,
0.074,0.081,0.125,0,
0,0,0,0,
0.043,0.015,0.137,-0.017,
0.054,0.065,0.091,0,
0.028,0.036,0.123,-0.092,
0.121,0.124,0.257,0.002,
0.051,0.058,0.078,0.009,
-0.008,-0.007,0.03,-0.069,
-0,-0.004,0.069,-0.109,
-0.046,-0.049,0.063,-0.12,
0.194,0.242,0.362,-0.004,
0.089,0.088,0.162,-0.006,
0.109,0.118,0.165,0.001,
0.109,0.112,0.176,-0.001,
0.119,0.139,0.18,0,
0.08,0.087,0.154,-0.004,
0.032,0.024,0.111,-0.013,
0.04,0.057,0.094,-0.087,
0.135,0.15,0.21,0.005,
0.108,0.135,0.206,-0.022,
0.039,0.04,0.1,-0.009,
0.112,0.119,0.19,-0.002,
0.033,0.026,0.099,0,
-0.011,-0.005,0.074,-0.099,
0.044,0.017,0.124,-0.037,
0.029,0.03,0.112,-0.042,
0.013,0.007,0.057,-0.002,
0.038,0.03,0.151,-0.064,
-0.009,0.005,0.064,-0.097,
0.029,0.026,0.072,-0.023,
-0.009,0,0.028,-0.132,
0.001,0,0.083,-0.069,
0.1,0.097,0.165,0.002,
0.063,0.012,0.184,-0.003,
-0.001,0,0.016,-0.019,
0.074,0.061,0.217,0,
0.106,0.087,0.249,0,
0.018,0.005,0.105,-0.047,
0.019,0.026,0.093,-0.071,
-0,0,0,-0.001,
-0.043,-0.037,0.018,-0.128,
0.088,0.109,0.155,-0.003,
-0.033,0.011,0.074,-0.167,
0.159,0.179,0.212,0.001,
0.05,0.04,0.125,-0.023,
0.026,0.025,0.068,-0.026,
0.035,0.043,0.086,-0.039,
0.055,0.073,0.125,-0.061,
0.008,-0.007,0.088,-0.041,
0.192,0.229,0.28,0.006,
0.01,-0,0.083,-0.043,
0.102,0.086,0.279,0,
0.053,0.061,0.124,-0.032,
0.093,0.081,0.217,0,
0.004,0.008,0.063,-0.061,
0.125,0.122,0.195,-0.002,
0.008,0.014,0.062,-0.045,
0.064,0.092,0.113,-0.006,
0.022,0.022,0.068,-0.023,
0.016,0.014,0.126,-0.077,
0.001,0.008,0.051,-0.095,
-0.025,-0.034,0.009,-0.052,
-0.037,-0.017,0.001,-0.108,
0.041,0.042,0.097,-0.038,
-0.016,-0.008,0.088,-0.133,
0.09,0.103,0.157,0.001,
0.131,0.13,0.217,-0.001,
0.074,0.075,0.183,-0.019,
0.053,0.05,0.107,0.006,
0.063,0.059,0.149,-0.003,
-0.035,-0.007,0.051,-0.172,
0.035,0.033,0.068,-0.002,
0.025,0.003,0.117,-0.066,
0.046,0.032,0.21,-0.07,
-0.011,-0,0.001,-0.056,
-0.001,0.005,0.064,-0.068,
0.032,0.009,0.168,-0.032,
0.036,0.036,0.082,-0.015,
0.046,0.046,0.19,-0.086,
0.111,0.134,0.186,0,
0.062,0.069,0.136,-0.007,
0.062,0.053,0.142,0.001,
-0.001,0,0.068,-0.059,
-0.032,-0.041,0.069,-0.087,
0.158,0.176,0.222,-0.002,
-0.001,0,0,-0.005,
-0.001,0,0,-0.008,
-0.031,-0.022,0.027,-0.113,
0.036,0.038,0.132,-0.061,
-0.013,-0.015,0.189,-0.158,
0.021,0.008,0.059,-0.006,
0.034,0,0.109,0,
-0.016,-0.029,0.126,-0.116,
0.013,0.002,0.126,-0.038,
0.1,0.1,0.184,0.004,
0.098,0.109,0.15,-0.005,
-0.016,-0.007,0.047,-0.064,
-0.043,-0.032,0.046,-0.144,
0.061,0.071,0.107,-0.003,
0.032,0.044,0.185,-0.133,
0.018,0.026,0.082,-0.064,
0.012,0.009,0.134,-0.115,
-0.099,-0.099,0,-0.206,
0.051,0.042,0.14,-0.013,
0.069,0.073,0.114,-0.001,
0.075,0.079,0.117,0.001,
-0.002,0,0,-0.019,
0.062,0.075,0.115,-0.047,
-0.005,-0.01,0.07,-0.056,
0.028,0.018,0.112,-0.013,
0.149,0.177,0.232,0,
-0.027,-0.028,0.061,-0.079,
0.004,-0.006,0.113,-0.037,
0.02,0.029,0.083,-0.062,
0.016,0,0.106,-0.046,
0.021,0.002,0.113,-0.023,
0.088,0.09,0.144,0,
0.03,0.028,0.089,-0.003,
0.015,0,0.16,-0.112,
0.114,0.137,0.186,-0.003,
0.064,0.074,0.114,-0.001,
0.026,0.027,0.077,-0.029,
0.094,0.093,0.168,0.001,
0,-0.009,0.065,-0.049,
-0.038,-0.027,0.036,-0.148,
0.04,0.038,0.095,-0.008,
0.032,0.02,0.117,-0.024,
0.095,0.104,0.22,-0.001,
0.163,0.163,0.255,0.004,
0.039,0.028,0.129,-0.014,
0.041,0.057,0.113,-0.054,
0.001,0.001,0.076,-0.067,
0.106,0.122,0.141,-0.001,
0.039,0.046,0.128,-0.053,
0.046,0.051,0.097,-0.011,
0.075,0.07,0.151,-0.001,
0.028,0.028,0.044,0,
0.098,0.121,0.151,0,
0.037,0.027,0.108,-0.023,
0.135,0.15,0.225,0,
0,0,0,0,
0.088,0.09,0.132,0,
0.143,0.15,0.269,0,
0.076,0.071,0.154,-0.025,
0.021,0.001,0.098,-0.033,
-0.032,-0.034,0.03,-0.094,
-0.005,-0.006,0.073,-0.099,
0.064,0.056,0.2,-0.005,
0.042,0.032,0.132,-0.031,
0.081,0.093,0.142,-0.002,
0.007,0.015,0.045,-0.062,
0.124,0.117,0.218,0,
0.038,0.041,0.09,-0.044,
-0.037,-0.027,0.046,-0.132,
0.033,0.03,0.093,-0.002,
0.067,0.064,0.129,0.005,
-0.002,0,0.017,-0.041,
0.086,0.1,0.157,0.005,
0.015,0.01,0.073,-0.03,
0.055,0.053,0.143,-0.009,
0.017,0.026,0.066,-0.064,
0.08,0.099,0.206,-0.017,
0.031,0.033,0.089,-0.021,
0.015,0.002,0.075,-0.031,
0.029,0.036,0.098,-0.092,
0.002,0.005,0.032,-0.04,
0.056,0.06,0.081,0.003,
0.034,0.018,0.114,-0.029,
0.017,0.018,0.077,-0.03,
0.025,0.026,0.077,-0.006,
0.017,0.01,0.078,-0.027,
0.035,0.022,0.116,-0.035,
0.001,-0.002,0.054,-0.084,
-0.022,-0.02,0.082,-0.107,
0.037,0.058,0.105,-0.096,
0.118,0.107,0.207,-0.001,
0.037,0.033,0.118,-0.007,
-0.014,-0.026,0.142,-0.112,
0.071,0.072,0.217,-0.054,
-0.015,-0.012,0.017,-0.062,
0.055,0.064,0.089,0,
0.014,0.01,0.067,-0.02,
-0.004,0.009,0.072,-0.134,
-0.002,-0.009,0.091,-0.092,
0.041,0.033,0.111,-0.005,
0.03,0.022,0.078,0.001,
0.042,0.04,0.307,-0.088,
0.007,0.002,0.07,-0.085,
0.035,0.038,0.079,-0.014,
0.018,0.013,0.077,-0.031,
0.024,0.027,0.084,-0.05,
-0.019,-0.025,0.059,-0.08,
0.084,0.08,0.162,0.007,
0.014,0.007,0.09,-0.056,
0.042,0.043,0.102,-0.048,
0.126,0.121,0.228,0,
-0.009,-0.009,0.126,-0.09,
0.046,0.038,0.135,-0.028,
0.026,0.015,0.075,-0.002,
0.022,0.005,0.105,-0.009,
0.024,0.032,0.057,-0.021,
0,0,0,0,
0.011,0,0.128,-0.071,
-0.014,-0.005,0.029,-0.058,
0.067,0.064,0.111,0.001,
0.221,0.253,0.289,0,
-0.007,-0.006,0.028,-0.037,
0.038,0.032,0.173,-0.051,
0.028,0.014,0.122,-0.038,
0.093,0.111,0.136,0.001,
0.081,0.089,0.162,-0.001,
-0.022,-0.024,0.042,-0.075,
0.112,0.142,0.215,-0.016,
0.006,0.011,0.056,-0.047,
-0.001,-0.005,0.075,-0.097,
0.055,0.062,0.103,-0.006,
0.059,0.039,0.17,-0.003,
-0.067,-0.069,0.021,-0.136,
-0.04,-0.043,0.034,-0.12,
0.106,0.092,0.202,0,
0.023,0.007,0.12,-0.079,
0.03,0.03,0.066,0.001,
0.033,0.02,0.12,-0.006,
0.024,0.007,0.091,-0.025,
0.034,0.029,0.109,-0.041,
-0.001,0,0,-0.008,
-0.115,-0.127,0.018,-0.202,
0.132,0.155,0.186,0.002,
-0.024,-0.029,0.145,-0.202,
0.038,0.034,0.108,0.006,
0.041,0.065,0.087,-0.049,
0.002,0,0.056,-0.07,
0.028,0.029,0.077,-0.027,
0.169,0.199,0.252,0,
0.133,0.123,0.247,0,
0.051,0.048,0.099,-0.001,
0.101,0.086,0.214,-0.003,
0.09,0.101,0.128,0,
0.078,0.105,0.144,-0.019,
0.055,0.034,0.209,0,
0.006,0.004,0.056,-0.045,
0.009,0.006,0.116,-0.083,
0.018,0.014,0.063,-0.011,
0.012,0.017,0.065,-0.051,
0.032,0.028,0.068,0,
-0.006,-0.003,0.09,-0.106,
0.034,0.021,0.119,-0.017,
0.027,0.026,0.07,-0.046,
0.07,0.07,0.151,-0.009,
0.039,0.011,0.176,-0.007,
-0.025,-0.015,0.041,-0.117,
0.059,0.057,0.113,-0.006,
0.022,0.029,0.069,-0.024,
0.006,0.011,0.08,-0.063,
0.08,0.089,0.12,0.003,
0.043,0.012,0.152,-0.023,
0.089,0.077,0.163,0,
0.143,0.162,0.195,-0.003,
-0.018,-0.015,0.029,-0.066,
0.053,0.029,0.208,-0.05,
0.029,0.029,0.126,-0.025,
0.039,0.042,0.075,-0.004,
0.013,0.004,0.107,-0.125,
0.083,0.079,0.161,0.002,
0.095,0.109,0.154,-0.005,
0.017,0.014,0.094,-0.036,
0.086,0.097,0.183,-0.002,
0.135,0.179,0.241,-0.009,
0.228,0.26,0.289,0.001,
0.17,0.192,0.239,0.002,
0.056,0.061,0.13,-0.016,
0.062,0.079,0.098,0.003,
0.03,0.011,0.102,-0.024,
0.152,0.178,0.209,0.001,
-0.024,0,0.001,-0.085,
0.053,0.052,0.101,-0.004,
0.051,0.041,0.134,0.001,
0.03,0.047,0.148,-0.071,
0.027,0.007,0.14,-0.031,
0.006,0,0.127,-0.093,
0.062,0.067,0.097,0,
-0.011,-0.015,0.045,-0.076,
0.081,0.089,0.145,0,
0.062,0.061,0.154,0,
0.094,0.118,0.178,-0.049,
0.023,0.029,0.077,-0.032,
0.022,0.027,0.075,-0.022,
-0.008,-0.013,0.06,-0.086,
0.021,0,0.102,0,
0.18,0.2,0.246,0.001,
0.01,0.015,0.097,-0.128,
0.042,0.042,0.138,-0.066,
0.225,0.261,0.304,-0.003,
-0.02,-0.035,0.099,-0.122,
0.032,0.03,0.094,-0.037,
0.008,0.019,0.065,-0.096,
0.079,0.071,0.171,0,
0.077,0.085,0.13,-0.001,
0.044,0.051,0.09,-0.008,
0.12,0.13,0.194,0.003,
0.005,0.006,0.055,-0.053,
-0.001,0,0,-0.009,
0,0,0,0,
0.061,0.042,0.134,-0.002,
0.082,0.082,0.13,0.001,
-0.023,0,0.016,-0.166,
0.06,0.073,0.111,0.002,
-0.028,-0.034,0.038,-0.065,
0.075,0.066,0.172,-0.001,
0,0,0,0,
0.055,0.05,0.104,0.002,
0.102,0.101,0.168,0.002,
0.061,0.063,0.152,-0.018,
0.043,0.048,0.104,-0.032,
-0.001,-0.009,0.064,-0.051,
-0.016,-0.015,0.057,-0.098,
0.067,0.039,0.245,-0.094,
0.046,0.054,0.09,-0.005,
0.028,0.024,0.095,-0.055,
-0.003,-0.002,0,-0.012,
0.103,0.098,0.192,0.001,
0.06,0.064,0.106,-0.001,
0.089,0.093,0.144,-0.001,
0.037,0.036,0.071,-0.002,
0.143,0.145,0.255,-0.002,
0.167,0.181,0.206,-0.002,
0.088,0.101,0.175,0.002,
-0,0,0,-0.003,
0.043,0.049,0.07,-0.004,
0.043,0.045,0.076,-0.002,
0.053,0.051,0.134,-0.05,
0.046,0.041,0.113,-0.023,
0.009,-0.006,0.068,-0.027,
0.03,0.033,0.077,-0.009,
0,0,0,0,
0.062,0.054,0.163,-0.026,
0.064,0.049,0.202,-0.045,
0.033,0.025,0.094,0,
0.087,0.087,0.159,0,
0,0,0,0,
0.089,0.098,0.171,0,
0.088,0.083,0.2,-0.018,
-0.112,-0.108,-0.001,-0.243,
0.001,0.002,0.052,-0.095,
0.003,0.009,0.06,-0.086,
0.056,0.071,0.103,0.001,
0.082,0.095,0.138,0,
0.02,0.009,0.081,-0.03,
0.122,0.128,0.194,0.001,
0.173,0.196,0.224,0.001,
0.025,0.031,0.084,-0.031,
0.003,-0,0.115,-0.069,
-0.009,0,0.021,-0.092,
0.026,0.007,0.249,-0.083,
0.051,0.054,0.122,-0.001,
0.083,0.074,0.19,-0.006,
-0.034,-0.044,0.029,-0.097,
0.041,0.04,0.139,-0.042,
-0.006,-0.008,0.101,-0.073,
0.211,0.207,0.302,0.006,
0.053,0.031,0.19,-0.047,
0.159,0.173,0.223,0,
0.01,0.014,0.042,-0.041,
0.072,0.073,0.111,-0.002,
-0.016,-0.011,0.051,-0.083,
0.071,0.065,0.188,-0.036,
0.042,0.039,0.117,-0.008,
0.122,0.136,0.204,-0.007,
0.05,0.043,0.187,-0.026,
-0.026,-0.015,0.063,-0.096,
0.001,0,0.014,0,
0.008,0.009,0.069,-0.062,
0.043,0.036,0.103,-0.023,
-0.001,0.004,0.032,-0.063,
-0.016,-0.021,0.06,-0.079,
0.027,0.028,0.076,-0.013,
-0.086,-0.093,0.003,-0.238,
-0.027,-0.029,0.074,-0.135,
0.13,0.129,0.215,-0.001,
0.056,0.059,0.149,-0.014,
0.028,0.028,0.092,-0.039,
0,0,0,0,
-0.081,-0.09,0,-0.125,
0.041,0.051,0.081,0.001,
0.087,0.084,0.171,0,
-0.051,-0,0,-0.207,
0.069,0.076,0.126,0,
0.058,0.061,0.113,-0.001,
-0.021,-0.022,0.116,-0.116,
0,0,0.001,0,
0.019,0.011,0.15,-0.048,
0.168,0.211,0.241,0,
0.049,0.06,0.096,-0.01,
0.035,0.023,0.085,-0.017,
-0.025,-0.013,0.052,-0.139,
0,0,0,0,
0.055,0.067,0.135,-0.028,
0.102,0.113,0.153,-0.002,
-0.022,-0.007,0.11,-0.123,
-0.009,-0.022,0.066,-0.065,
0.043,0.047,0.107,-0.016,
0.045,0.021,0.145,-0.018,
0.098,0.09,0.23,-0.005,
0.056,0.054,0.108,-0.003,
0.032,0.033,0.117,-0.077,
0.167,0.196,0.224,0.001,
0.004,0.005,0.086,-0.102,
-0.009,-0.005,0.102,-0.116,
0.03,0.02,0.176,-0.074,
-0.01,-0.005,0.062,-0.063,
0.062,0.064,0.156,0,
0.009,0,0.046,0,
0.053,0.062,0.11,-0.006,
0.043,0.033,0.179,-0.054,
0,0.002,0.069,-0.093,
0.068,0.054,0.142,0,
-0.002,-0.011,0.115,-0.127,
-0.029,-0.026,0.02,-0.092,
0.047,0.049,0.144,-0.075,
-0.034,-0.028,0.052,-0.107,
0.063,0.055,0.153,-0.003,
0.062,0.082,0.158,-0.006,
0.045,0.034,0.116,-0.001,
0.037,0,0.154,0,
0.054,0.046,0.136,0.001,
0.077,0.082,0.158,-0.016,
0,-0.002,0.065,-0.068,
-0.064,-0.065,0.047,-0.155,
0.018,0.021,0.089,-0.067,
0.036,0.035,0.082,-0.001,
0.075,0.079,0.156,0.003,
0.079,0.099,0.176,-0.048,
0.027,0.032,0.084,-0.062,
0.033,0.024,0.135,-0.048,
0.076,0.079,0.132,0.001,
0,0,0,0,
0,0,0,0,
0.059,0.059,0.121,-0.006,
0.117,0.128,0.242,0,
0.078,0.085,0.12,0.001,
-0.032,-0.031,0.035,-0.08,
-0.032,-0.043,0.061,-0.088,
0.031,0.033,0.069,-0.003,
0.072,0.078,0.182,-0.038,
0.026,0.016,0.092,-0.018,
0,0,0,0,
0.006,0.007,0.084,-0.072,
0.091,0.09,0.135,0.001,
0.045,0.043,0.1,-0.001,
0.092,0.087,0.189,-0.004,
0.035,0.035,0.072,-0.002,
0,0,0,0,
0.104,0.088,0.194,-0.003,
0.128,0.152,0.181,0.004,
0.072,0.053,0.183,-0.005,
0.045,0.037,0.133,0.003,
0.062,0.066,0.114,-0.003,
-0.012,-0.012,0.014,-0.039,
0.048,0.054,0.121,-0.051,
0.018,0.017,0.096,-0.014,
0.117,0.134,0.204,-0.004,
-0.016,-0.022,0.062,-0.074,
-0.026,-0.015,0.084,-0.136,
0.071,0.078,0.146,-0.002,
-0.006,-0.004,0.054,-0.073,
0.067,0.076,0.105,0.002,
0.004,-0.001,0.049,-0.03,
0.044,0.037,0.152,-0.047,
-0.01,-0.004,0.05,-0.072,
0.071,0.079,0.118,0.002,
0,0,0,0,
0.015,0.015,0.048,-0.006,
0.079,0.087,0.125,0.004,
0.057,0.062,0.097,0,
0.05,0.052,0.121,0,
0.054,0.06,0.12,0.001,
0.136,0.146,0.222,0,
0.109,0.11,0.161,0.001,
0.073,0.072,0.144,-0.001,
0.066,0.072,0.135,0,
0.065,0.076,0.101,0,
0.034,0.048,0.098,-0.029,
0.067,0.066,0.12,0.003,
0,0,0,0,
0.071,0.079,0.099,-0.002,
-0.099,-0.116,-0.002,-0.176,
0.026,0.025,0.082,-0.025,
0.06,0.069,0.114,-0.001,
0.149,0.16,0.207,0.001,
-0.029,-0.029,0.025,-0.081,
0.023,0.028,0.069,-0.057,
0.054,0.055,0.12,-0.011,
0,0,0,0,
0.127,0.138,0.177,-0.002,
0.09,0.079,0.167,0,
0.038,0.036,0.12,-0.048,
0.097,0.088,0.211,-0.005,
-0.007,-0.003,0.009,-0.056,
0.109,0.111,0.203,0,
0,-0.005,0.068,-0.059,
0.095,0.113,0.172,-0.015,
0.091,0.097,0.151,0.001,
0.096,0.103,0.162,-0.002,
0.123,0.106,0.259,-0.002,
0.065,0.061,0.135,0.001,
0.088,0.09,0.129,0,
0.019,0.018,0.12,-0.046,
0.086,0.097,0.161,0,
-0.084,-0.082,0,-0.17,
0.063,0.072,0.123,-0.005,
0.03,0.04,0.064,-0.03,
0.08,0.082,0.142,0.002,
0.075,0.081,0.146,0.002,
0,0,0,0,
0.066,0.056,0.142,0.002,
0.01,0.011,0.055,-0.061,
-0.004,-0.005,0.005,-0.01,
0.119,0.122,0.214,-0.002,
0.014,0.013,0.076,-0.051,
0.039,0.052,0.102,-0.03,
-0.04,-0.028,0.046,-0.15,
-0.014,-0.015,0.018,-0.042,
0.076,0.076,0.139,0,
0.048,0.04,0.104,0,
0.042,0.04,0.105,-0.022,
0.011,0.006,0.082,-0.052,
0.043,0.042,0.119,-0.007,
0.011,0.024,0.109,-0.089,
0.048,0.038,0.128,0.004,
-0.018,-0.017,0.032,-0.08,
0.004,0.006,0.009,-0.005,
0.037,0.033,0.12,-0.038,
0.008,0.008,0.045,-0.02,
0.107,0.127,0.17,0.004,
0.019,0.022,0.099,-0.08,
-0.017,-0.01,0.079,-0.132,
-0.009,-0.011,0.028,-0.045,
0,0,0,0,
0.035,0.036,0.09,-0.003,
0.084,0.077,0.161,-0.001,
0.126,0.15,0.192,0,
0.045,0.019,0.154,-0.006,
0.012,0.008,0.077,-0.055,
0.034,0.032,0.073,0,
-0.014,-0.019,0.105,-0.101,
0.018,0.018,0.091,-0.065,
0.014,0.01,0.038,-0.009,
0.1,0.111,0.154,-0.001,
0.069,0.072,0.108,0,
-0.051,-0.037,-0.004,-0.114,
0.102,0.098,0.232,0.003,
0,0,0,0,
0.047,0.041,0.131,0,
0.021,0.014,0.094,-0.006,
0.085,0.094,0.144,-0.003,
0.006,0.005,0.078,-0.07,
0.091,0.098,0.135,0.005,
0.067,0.075,0.132,-0.008,
0.041,0.023,0.13,-0.005,
0.04,0.036,0.11,-0.045,
0.07,0.083,0.152,-0.004,
0.063,0.071,0.109,-0.011,
0.055,0.038,0.153,-0.021,
0.055,0.053,0.122,-0.008,
0.128,0.149,0.225,0.001,
0.105,0.127,0.168,-0.001,
0.015,0.014,0.101,-0.042,
0.047,0.067,0.075,-0.011,
0.039,0.042,0.084,0,
0.092,0.101,0.133,0.002,
0.018,0.009,0.126,-0.083,
0.043,0.044,0.079,-0.001,
-0.013,-0.011,0.028,-0.076,
0,0,0,0,
0.033,0.027,0.093,-0.018,
0.13,0.128,0.227,-0.004,
0.025,0.032,0.038,0,
0.052,0.048,0.102,0,
0.125,0.137,0.183,0.002,
0.06,0.061,0.105,0,
0,0,0,0,
0.073,0.077,0.132,0.001,
0.083,0.089,0.131,-0.004,
0.118,0.131,0.178,0.008,
-0.022,-0.025,0.028,-0.072,
-0.104,-0.045,0.073,-0.306,
0,0,0,0,
-0.017,-0.018,0.035,-0.061,
0.073,0.065,0.137,0.004,
0.091,0.095,0.174,0.001,
0.02,0.004,0.111,-0.001,
-0.005,-0.003,0.071,-0.073,
0.064,0.074,0.112,0.001,
0.042,0.042,0.065,0.003,
0.003,-0.013,0.112,-0.047,
0.032,0.021,0.11,-0.007,
0.019,0.008,0.089,-0.035,
0.02,0.016,0.066,-0.023,
0,0,0,0,
0.048,0.042,0.101,-0.004,
0.143,0.152,0.194,0.002,
0.033,0.02,0.101,-0.024,
0.026,0.003,0.075,0,
0.087,0.095,0.128,-0.002,
0.121,0.156,0.205,0,
0.015,0.013,0.056,-0.022,
0.039,0.024,0.11,-0.001,
0,0,0,0,
0.128,0.138,0.214,0.001,
0,0.003,0.066,-0.052,
0.045,0.048,0.095,0,
0.05,0.049,0.076,0.007,
0.09,0.101,0.137,0.001,
0.065,0.067,0.153,-0.001,
-0.05,-0.06,0.006,-0.106,
0,0,0,0,
0.068,0.067,0.135,-0.001,
0.005,0.022,0.075,-0.074,
-0.054,-0.04,0.001,-0.123,
0.053,0.058,0.088,0,
0,0.001,0.033,-0.047,
-0.008,-0.004,0.07,-0.095,
0.028,0.019,0.095,-0.057,
0.054,0.048,0.098,0.004,
0,0,0,0,
0.005,-0.002,0.058,-0.05,
0.025,0.03,0.052,-0.015,
0.047,0.065,0.097,-0.041,
0.016,0.021,0.075,-0.08,
0.056,0.056,0.103,-0.002,
0.002,0.004,0.04,-0.046,
0.094,0.097,0.157,-0.002,
0.11,0.105,0.248,0,
0.08,0.082,0.176,-0.002,
0,0,0,0,
0.044,0.038,0.103,0,
0.077,0.073,0.154,-0.002,
0.046,0.046,0.083,-0.001,
0.064,0.08,0.118,-0.065,
0.063,0.062,0.173,-0.002,
0.032,0.053,0.084,-0.059,
0.111,0.115,0.178,0,
0.079,0.082,0.155,0.002,
0.088,0.077,0.185,-0.001,
0.08,0.08,0.13,0,
0.017,0.011,0.108,-0.053,
0.007,0.007,0.031,-0.034,
0.111,0.122,0.165,0,
0.007,-0.007,0.088,-0.061,
0.116,0.138,0.216,-0.011,
0.057,0.062,0.104,-0.001,
0.052,0.058,0.094,-0.002,
0.047,0.037,0.121,-0.001,
0.022,0.025,0.073,-0.026,
0.051,0.053,0.091,0.001,
0.046,0.041,0.114,-0.007,
0.059,0.078,0.114,-0.001,
0.08,0.074,0.17,0,
0.015,0.005,0.058,-0.018,
0.017,0.023,0.082,-0.037,
0.078,0.085,0.162,-0.028,
0.049,0.04,0.126,-0.01,
-0,0.001,0.039,-0.075,
0.095,0.095,0.203,0,
0.076,0.081,0.176,-0.023,
0.114,0.122,0.17,0,
0.035,0.031,0.104,-0.015,
0.011,0.007,0.076,-0.024,
0.074,0.069,0.155,-0.011,
0.042,0.037,0.107,-0.026,
0.041,0.047,0.111,-0.034,
0.054,0.069,0.115,0.003,
0,0,0,0,
-0.026,-0.029,0.047,-0.085,
0.038,0.031,0.092,0.001,
0.042,0.048,0.105,0,
0.003,0.002,0.014,0,
0.008,0.006,0.058,-0.042,
0.009,0,0.132,-0.043,
0.094,0.106,0.161,-0.007,
0,0,0,0,
0.076,0.092,0.137,0,
0.099,0.097,0.176,-0.001,
0,0,0,0,
0.085,0.084,0.172,-0.005,
-0.023,-0.013,0.065,-0.078,
0.034,0.038,0.111,-0.003,
-0.016,-0.028,0.06,-0.103,
0.108,0.106,0.221,0.003,
0.027,0.024,0.078,-0.05,
0.003,-0.002,0.066,-0.073,
0.002,0,0.038,-0.024,
0.027,0.026,0.083,-0.015,
-0.004,0.002,0.015,-0.029,
0.061,0.047,0.148,-0.006,
0.013,0.009,0.084,-0.038,
0.091,0.105,0.145,-0.002,
0.087,0.072,0.185,-0.003,
0.034,0.024,0.09,0.001,
0.151,0.19,0.262,0.001,
-0.002,0,0.116,-0.065,
0.116,0.143,0.189,0.004,
0.074,0.07,0.133,0.002,
-0.015,-0.011,0.066,-0.064,
0.135,0.137,0.222,0,
-0.016,-0.013,0.028,-0.052,
0.046,0.046,0.089,-0.004,
0.003,0.007,0.027,-0.032,
0.015,0.003,0.108,-0.014,
0.133,0.125,0.231,-0.001,
0.055,0.061,0.103,0.001,
0.028,0.023,0.083,-0.002,
0.019,0.012,0.082,-0.046,
0.014,0.009,0.053,-0.002,
0.075,0.084,0.102,-0.001,
0.064,0.058,0.146,0,
-0.093,-0.09,0.085,-0.219,
0,0,0,0,
0,0,0,0,
0.091,0.101,0.145,-0.004,
0.07,0.077,0.096,0,
0.023,0.02,0.066,-0.021,
0.059,0.06,0.102,-0.001,
0.015,0.013,0.067,-0.035,
0.02,0.025,0.054,-0.01,
0.121,0.137,0.182,-0.004,
0.051,0.055,0.096,-0.009,
0.081,0.086,0.145,0.008,
0,0,0,0,
0.075,0.08,0.126,-0.001,
0.033,0.025,0.107,-0.031,
0.081,0.106,0.147,-0.033,
0.006,0,0.08,-0.028,
0.073,0.087,0.122,-0.006,
0.01,0.014,0.051,-0.044,
0.059,0.074,0.127,-0.059,
0.038,0.041,0.088,-0.001,
0.014,0.015,0.04,-0.014,
0.09,0.096,0.148,0.004,
0.018,0.018,0.057,-0.034,
0.059,0.052,0.146,-0.031,
0.096,0.109,0.168,-0.002,
0.089,0.093,0.137,0,
0.179,0.21,0.323,-0.004,
0.012,0.015,0.065,-0.034,
0.034,0.006,0.122,0,
-0.045,-0.058,0.005,-0.074,
0.092,0.098,0.134,0.001,
0.078,0.08,0.13,0,
0.075,0.075,0.134,0.001,
0.031,0.021,0.147,-0.039,
0.015,0.013,0.048,-0.008,
0.127,0.135,0.183,-0.002,
0.061,0.062,0.121,0.001,
-0.007,-0.01,0.059,-0.059,
0.04,0.041,0.147,-0.032,
-0.011,0,0.043,-0.061,
0.12,0.13,0.202,0.004,
0.048,0.048,0.102,-0.006,
0.051,0.051,0.085,-0.002,
0.024,0.016,0.093,-0.083,
0.011,0.009,0.106,-0.083,
0.058,0.068,0.134,-0.013,
0.087,0.081,0.156,0.001,
0.035,0.054,0.122,-0.075,
0.067,0.062,0.143,-0.005,
0.049,0.045,0.098,-0.003,
0.042,0.036,0.106,-0.031,
0.056,0.062,0.12,0,
0.039,0.025,0.135,-0.01,
0.01,0.004,0.05,-0.035,
0.067,0.048,0.168,0.003,
0.107,0.102,0.183,0,
0.08,0.075,0.154,0,
-0.016,-0.015,0.033,-0.061,
0.044,0.04,0.136,-0.051,
0.006,-0.003,0.075,-0.029,
0.005,-0.003,0.132,-0.112,
0.036,0.035,0.089,-0.015,
0.036,0.045,0.093,-0.016,
0.057,0.056,0.112,0,
0.057,0.058,0.088,-0.003,
0.048,0.054,0.098,-0.002,
0.087,0.086,0.149,0.004,
0.052,0.059,0.097,-0.006,
0.008,0.002,0.055,-0.033,
0.014,0.008,0.034,0,
0.126,0.138,0.173,0.001,
0.035,0.019,0.1,-0.014,
0.094,0.074,0.224,0.002,
0.118,0.121,0.192,-0.003,
0,0,0,0,
0.04,0.014,0.184,-0.061,
0.01,0.009,0.037,-0.016,
0.021,0.014,0.068,0.001,
0.012,0.017,0.041,-0.037,
0.045,0.051,0.089,-0.001,
0.017,-0.001,0.09,-0.019,
0.095,0.11,0.199,-0.033,
0.146,0.149,0.279,0,
0.009,0.005,0.034,-0.031,
0.003,-0.005,0.06,-0.043,
0.106,0.124,0.174,0.002,
0,0,0,0,
0.167,0.21,0.265,0.002,
0.055,0.054,0.1,-0.004,
0.074,0.079,0.106,-0.007,
-0.006,-0.009,0.062,-0.081,
0.007,0.001,0.051,-0.019,
0.119,0.137,0.16,-0.005,
0.12,0.138,0.182,0.001,
0.057,0.053,0.128,0,
0.004,0.008,0.042,-0.042,
0.002,0,0.02,-0.003,
0.081,0.089,0.16,-0.002,
0.041,0.04,0.083,0.004,
0.035,0.037,0.073,-0.017,
-0.042,-0.042,0.015,-0.119,
0.001,0.003,0.041,-0.035,
0.014,0.011,0.083,-0.069,
0.055,0.037,0.171,-0.016,
0.01,0.009,0.066,-0.036,
0.077,0.092,0.162,0.002,
0.058,0.062,0.083,-0.006,
0.013,0.017,0.101,-0.108,
-0.001,0,0,-0.006,
0.011,0.012,0.074,-0.057,
-0.002,-0.005,0.083,-0.037,
0.043,0.032,0.132,-0.017,
0.018,0.005,0.093,-0.05,
0.063,0.06,0.11,-0.002,
-0.028,-0.038,0.099,-0.097,
0.043,0.036,0.095,-0.003,
0.036,0.038,0.089,-0.054,
0.019,0.013,0.119,-0.114,
0.059,0.076,0.127,-0.025,
0.028,0.037,0.074,-0.029,
0.029,0.008,0.135,-0.015,
0.033,0.029,0.11,-0.026,
0.005,0,0.049,0,
0.019,0.017,0.097,-0.05,
0.016,0.032,0.073,-0.039,
0.096,0.099,0.156,0.001,
-0.016,-0.014,0.051,-0.067,
0.155,0.174,0.197,0.001,
0.044,0.062,0.178,-0.111,
-0.069,-0.087,0.042,-0.199,
0.1,0.105,0.193,0.001,
0.048,0.048,0.122,-0.022,
0.029,0.028,0.071,-0.001,
-0.028,-0.024,0.042,-0.077,
0.009,0,0.097,-0.033,
0.022,0.028,0.081,-0.053,
0.038,0.045,0.098,-0.046,
-0.004,0.002,0.085,-0.101,
-0,0,0,-0.004,
0.026,0.03,0.072,-0.015,
-0.035,-0.025,0.05,-0.128,
-0.01,0.002,0.02,-0.069,
0.104,0.116,0.173,0.003,
0.079,0.087,0.099,0.003,
0.071,0.072,0.115,0.001,
0.078,0.079,0.14,-0.001,
0.05,0.049,0.113,-0.001,
0.046,0.051,0.09,0.004,
0.099,0.103,0.152,-0.001,
0.03,0.024,0.12,-0.093,
0.038,0.032,0.138,-0.027,
0.055,0.077,0.109,-0.027,
0.027,0.03,0.116,-0.079,
0.103,0.124,0.158,0,
0.032,0.03,0.108,-0.022,
0.059,0.045,0.151,-0.018,
0.059,0.086,0.111,-0.063,
-0.081,-0.075,0,-0.178,
0.153,0.164,0.226,0,
0.005,-0,0.078,-0.038,
-0.053,-0.036,0.01,-0.164,
-0.032,-0.02,0.032,-0.115,
0.003,0.003,0.065,-0.06,
0.219,0.242,0.323,0.002,
-0.01,0,0.059,-0.103,
0.049,0.05,0.087,0,
0.043,0.041,0.149,0,
0.042,0.049,0.096,-0.018,
0.064,0.065,0.117,-0.002,
0.031,0.036,0.05,0,
0.045,0.051,0.098,-0.027,
0.03,0.027,0.069,0,
0.052,0.055,0.095,0.001,
0.113,0.131,0.169,0.002,
0.034,0.042,0.085,-0.057,
0.018,0.013,0.065,-0.045,
0.019,0.004,0.098,-0.009,
0.025,0.021,0.056,0,
0.073,0.075,0.12,-0.001,
0.039,0.05,0.082,-0.005,
0.009,0,0.093,-0.054,




Further Data analysis of all test cases 
avg med max min 
AVGs,-0.298,-0.32,-0.138,-0.413,
MEDs,-0.327,-0.352,-0.142,-0.476,
MAXs,-0.049,-0.049,-0.039,-0.068,
MINs,-0.373,-0.394,-0.162,-0.543,


AVGs,0.043,0.038,0.228,-0.115,
MEDs,0.044,0.036,0.261,-0.127,
MAXs,0.11,0.104,0.362,-0.004,
MINs,-0.031,-0.009,0.009,-0.306,



