

Data analysis for each instance 
AVG,MED,MAX,MIN
0.692,0.686,0.752,0.678,
0.687,0.682,0.751,0.65,
0.7,0.694,0.76,0.692,
0.692,0.686,0.752,0.679,
0.684,0.676,0.748,0.671,
0.682,0.676,0.742,0.671,
0.684,0.683,0.752,0.648,
0.679,0.673,0.746,0.653,
0.684,0.68,0.746,0.669,
0.696,0.69,0.756,0.683,
0.693,0.686,0.752,0.686,
0.684,0.682,0.755,0.648,
0.686,0.68,0.746,0.675,
0.687,0.682,0.753,0.667,
0.689,0.682,0.748,0.682,
0.698,0.691,0.757,0.689,
0.691,0.685,0.751,0.674,
0.691,0.687,0.753,0.674,
0.7,0.694,0.761,0.687,
0.691,0.684,0.75,0.678,
0.682,0.681,0.747,0.66,
0.692,0.686,0.752,0.681,
0.678,0.675,0.744,0.655,
0.674,0.67,0.735,0.655,
0.685,0.679,0.744,0.67,
0.677,0.671,0.742,0.662,
0.69,0.683,0.757,0.674,
0.699,0.692,0.759,0.692,
0.695,0.688,0.754,0.687,
0.695,0.689,0.755,0.685,
0.697,0.69,0.757,0.687,
0.697,0.69,0.771,0.666,
0.684,0.679,0.755,0.657,
0.698,0.691,0.757,0.69,
0.687,0.683,0.754,0.664,
0.691,0.685,0.751,0.679,
0.7,0.698,0.773,0.646,
0.669,0.668,0.733,0.627,
0.692,0.69,0.757,0.66,
0.681,0.677,0.742,0.657,
0.686,0.681,0.747,0.672,
0.687,0.681,0.747,0.676,
0.681,0.679,0.751,0.645,
0.684,0.679,0.744,0.669,
0.7,0.692,0.778,0.678,
0.682,0.677,0.742,0.667,
0.685,0.683,0.749,0.653,
0.68,0.675,0.751,0.644,
0.688,0.681,0.747,0.675,
0.677,0.671,0.746,0.646,
0.691,0.686,0.752,0.681,
0.687,0.682,0.748,0.665,
0.693,0.686,0.756,0.68,
0.691,0.7,0.765,0.646,
0.686,0.683,0.751,0.653,
0.69,0.687,0.753,0.667,
0.684,0.68,0.746,0.666,
0.681,0.675,0.743,0.664,
0.669,0.672,0.737,0.617,
0.689,0.682,0.748,0.678,
0.708,0.708,0.777,0.682,
0.675,0.671,0.737,0.661,
0.689,0.684,0.75,0.663,
0.678,0.674,0.746,0.652,
0.69,0.684,0.75,0.677,
0.705,0.698,0.771,0.692,
0.691,0.685,0.751,0.679,
0.695,0.689,0.756,0.685,
0.682,0.676,0.746,0.664,
0.663,0.662,0.742,0.618,
0.691,0.686,0.752,0.68,
0.686,0.681,0.748,0.67,
0.693,0.687,0.753,0.681,
0.668,0.662,0.74,0.647,
0.694,0.688,0.754,0.685,
0.681,0.679,0.747,0.647,
0.697,0.69,0.757,0.687,
0.686,0.679,0.751,0.674,
0.688,0.681,0.747,0.676,
0.694,0.688,0.754,0.683,
0.691,0.688,0.754,0.657,
0.688,0.682,0.748,0.676,
0.671,0.667,0.738,0.651,
0.7,0.693,0.76,0.693,
0.702,0.7,0.767,0.662,
0.681,0.675,0.745,0.665,
0.699,0.69,0.774,0.682,
0.684,0.678,0.753,0.663,
0.657,0.661,0.741,0.584,
0.706,0.699,0.766,0.699,
0.694,0.689,0.756,0.671,
0.681,0.675,0.741,0.67,
0.694,0.689,0.755,0.681,
0.675,0.671,0.747,0.643,
0.678,0.673,0.741,0.66,
0.696,0.689,0.755,0.689,
0.695,0.688,0.754,0.685,
0.679,0.675,0.743,0.653,
0.672,0.667,0.753,0.643,
0.686,0.691,0.759,0.611,
0.674,0.674,0.747,0.63,
0.68,0.676,0.741,0.664,
0.68,0.675,0.741,0.666,
0.674,0.668,0.742,0.652,
0.691,0.686,0.752,0.676,
0.697,0.69,0.756,0.688,
0.671,0.667,0.746,0.617,
0.695,0.69,0.759,0.673,
0.686,0.68,0.746,0.676,
0.695,0.69,0.756,0.685,
0.682,0.679,0.746,0.663,
0.672,0.665,0.737,0.658,
0.686,0.68,0.765,0.665,
0.685,0.681,0.747,0.663,
0.686,0.681,0.747,0.672,
0.688,0.681,0.747,0.677,
0.689,0.688,0.754,0.657,
0.678,0.673,0.744,0.654,
0.692,0.686,0.752,0.685,
0.686,0.679,0.75,0.672,
0.693,0.687,0.753,0.683,
0.693,0.687,0.753,0.677,
0.69,0.686,0.752,0.673,
0.693,0.687,0.753,0.684,
0.693,0.688,0.754,0.676,
0.691,0.684,0.75,0.682,
0.682,0.676,0.742,0.672,
0.692,0.685,0.751,0.683,
0.695,0.69,0.755,0.682,
0.69,0.685,0.753,0.677,
0.693,0.686,0.752,0.685,
0.692,0.689,0.755,0.665,
0.671,0.669,0.749,0.621,
0.698,0.694,0.762,0.685,
0.686,0.678,0.751,0.671,
0.674,0.67,0.734,0.653,
0.652,0.645,0.735,0.61,
0.696,0.69,0.757,0.681,
0.673,0.668,0.742,0.646,
0.681,0.671,0.753,0.666,
0.679,0.677,0.742,0.664,
0.676,0.675,0.772,0.615,
0.677,0.673,0.738,0.66,
0.697,0.696,0.763,0.671,
0.688,0.685,0.752,0.66,
0.688,0.684,0.75,0.664,
0.692,0.687,0.753,0.675,
0.702,0.696,0.763,0.69,
0.694,0.694,0.762,0.655,
0.687,0.69,0.753,0.656,
0.675,0.669,0.741,0.659,
0.698,0.692,0.758,0.686,
0.688,0.683,0.751,0.674,
0.686,0.684,0.749,0.663,
0.691,0.685,0.751,0.681,
0.681,0.682,0.748,0.639,
0.694,0.687,0.753,0.684,
0.692,0.685,0.751,0.683,
0.671,0.663,0.734,0.656,
0.692,0.686,0.754,0.683,
0.689,0.683,0.749,0.677,
0.699,0.694,0.761,0.684,
0.698,0.695,0.769,0.654,
0.681,0.676,0.741,0.667,
0.667,0.658,0.748,0.637,
0.695,0.69,0.757,0.68,
0.686,0.681,0.747,0.669,
0.675,0.67,0.743,0.652,
0.693,0.688,0.754,0.673,
0.701,0.701,0.768,0.678,
0.683,0.677,0.746,0.671,
0.676,0.67,0.742,0.656,
0.652,0.648,0.734,0.597,
0.694,0.687,0.753,0.683,
0.694,0.69,0.758,0.677,
0.668,0.665,0.739,0.63,
0.673,0.668,0.744,0.637,
0.696,0.689,0.755,0.686,
0.685,0.681,0.749,0.668,
0.693,0.686,0.752,0.681,
0.67,0.666,0.744,0.642,
0.669,0.662,0.741,0.643,
0.689,0.682,0.747,0.679,
0.688,0.683,0.748,0.676,
0.693,0.686,0.752,0.686,
0.694,0.687,0.753,0.685,
0.673,0.67,0.737,0.651,
0.657,0.653,0.745,0.627,
0.673,0.673,0.76,0.611,
0.685,0.678,0.744,0.672,
0.672,0.672,0.74,0.643,
0.663,0.669,0.737,0.623,
0.69,0.684,0.75,0.68,
0.698,0.691,0.776,0.661,
0.698,0.694,0.76,0.678,
0.687,0.681,0.747,0.675,
0.684,0.679,0.745,0.668,
0.686,0.68,0.746,0.671,
0.692,0.69,0.756,0.661,
0.68,0.672,0.745,0.669,
0.699,0.692,0.758,0.691,
0.68,0.677,0.744,0.638,
0.693,0.687,0.753,0.682,
0.674,0.668,0.742,0.655,
0.692,0.688,0.755,0.671,
0.708,0.7,0.779,0.691,
0.689,0.685,0.751,0.672,
0.678,0.671,0.744,0.655,
0.679,0.677,0.742,0.648,
0.687,0.681,0.749,0.675,
0.687,0.681,0.755,0.667,
0.693,0.687,0.753,0.681,
0.685,0.681,0.75,0.664,
0.674,0.669,0.738,0.65,
0.688,0.682,0.747,0.677,
0.691,0.686,0.752,0.669,
0.686,0.68,0.749,0.665,
0.683,0.678,0.743,0.672,
0.689,0.683,0.749,0.678,
0.671,0.667,0.737,0.646,
0.613,0.621,0.731,0.512,
0.689,0.683,0.752,0.676,
0.682,0.68,0.746,0.662,
0.692,0.688,0.755,0.676,
0.691,0.684,0.75,0.684,
0.684,0.675,0.762,0.667,
0.687,0.683,0.75,0.659,
0.691,0.685,0.751,0.681,
0.698,0.691,0.758,0.691,
0.684,0.681,0.749,0.663,
0.696,0.689,0.756,0.685,
0.699,0.695,0.762,0.681,
0.688,0.685,0.751,0.653,
0.691,0.686,0.752,0.674,
0.677,0.672,0.739,0.663,
0.693,0.687,0.754,0.678,
0.683,0.679,0.745,0.66,
0.684,0.681,0.747,0.667,
0.692,0.687,0.754,0.673,
0.684,0.678,0.744,0.675,
0.694,0.688,0.755,0.673,
0.666,0.66,0.738,0.641,
0.671,0.667,0.744,0.646,
0.691,0.684,0.75,0.681,
0.677,0.672,0.737,0.663,
0.687,0.682,0.751,0.67,
0.685,0.685,0.76,0.65,
0.682,0.676,0.748,0.669,
0.689,0.687,0.755,0.662,
0.676,0.673,0.743,0.652,
0.668,0.668,0.733,0.633,
0.682,0.676,0.749,0.663,
0.686,0.68,0.746,0.675,
0.689,0.684,0.751,0.677,
0.689,0.684,0.749,0.673,
0.701,0.696,0.763,0.681,
0.691,0.685,0.751,0.679,
0.685,0.681,0.747,0.671,
0.686,0.68,0.746,0.673,
0.691,0.688,0.755,0.665,
0.681,0.675,0.746,0.663,
0.692,0.688,0.755,0.674,
0.675,0.669,0.741,0.663,
0.683,0.681,0.747,0.66,
0.691,0.685,0.751,0.679,
0.692,0.686,0.753,0.681,
0.691,0.686,0.752,0.668,
0.697,0.692,0.758,0.683,
0.692,0.685,0.751,0.685,
0.688,0.684,0.75,0.665,
0.689,0.683,0.748,0.675,
0.701,0.694,0.76,0.69,
0.687,0.683,0.749,0.671,
0.692,0.688,0.754,0.663,
0.685,0.679,0.745,0.676,
0.676,0.67,0.74,0.652,
0.672,0.667,0.739,0.654,
0.69,0.686,0.753,0.665,
0.688,0.683,0.748,0.677,
0.69,0.684,0.75,0.673,
0.664,0.657,0.738,0.639,
0.704,0.698,0.765,0.691,
0.692,0.685,0.752,0.684,
0.686,0.683,0.749,0.667,
0.687,0.683,0.749,0.673,
0.682,0.677,0.744,0.667,
0.691,0.686,0.752,0.672,
0.689,0.682,0.747,0.68,
0.688,0.69,0.756,0.649,
0.687,0.685,0.752,0.667,
0.689,0.684,0.75,0.678,
0.681,0.675,0.745,0.662,
0.685,0.682,0.748,0.672,
0.684,0.678,0.748,0.667,
0.684,0.679,0.745,0.672,
0.694,0.687,0.76,0.68,
0.691,0.688,0.756,0.669,
0.689,0.685,0.751,0.674,
0.69,0.686,0.76,0.669,
0.684,0.68,0.746,0.67,
0.691,0.688,0.754,0.671,
0.676,0.669,0.739,0.663,
0.692,0.687,0.753,0.68,
0.635,0.633,0.739,0.587,
0.658,0.657,0.736,0.611,
0.69,0.685,0.751,0.665,
0.686,0.679,0.748,0.675,
0.691,0.689,0.755,0.666,
0.7,0.693,0.76,0.69,
0.697,0.69,0.757,0.686,
0.679,0.677,0.743,0.655,
0.696,0.688,0.763,0.682,
0.695,0.689,0.755,0.684,
0.686,0.681,0.746,0.667,
0.686,0.681,0.747,0.673,
0.689,0.684,0.75,0.677,
0.694,0.688,0.754,0.683,
0.688,0.683,0.749,0.669,
0.675,0.696,0.771,0.564,
0.693,0.69,0.756,0.669,
0.689,0.683,0.748,0.678,
0.687,0.685,0.751,0.655,
0.7,0.698,0.774,0.653,
0.686,0.682,0.748,0.662,
0.687,0.682,0.748,0.668,
0.691,0.683,0.759,0.67,
0.684,0.679,0.745,0.666,
0.668,0.666,0.739,0.62,
0.682,0.678,0.745,0.664,
0.683,0.678,0.743,0.667,
0.681,0.681,0.753,0.637,
0.698,0.691,0.757,0.689,
0.694,0.69,0.756,0.677,
0.673,0.671,0.736,0.651,
0.697,0.69,0.757,0.689,
0.675,0.667,0.745,0.651,
0.665,0.663,0.737,0.631,
0.69,0.683,0.749,0.682,
0.692,0.686,0.752,0.681,
0.688,0.682,0.748,0.671,
0.691,0.685,0.751,0.677,
0.671,0.665,0.741,0.641,
0.698,0.691,0.758,0.688,
0.688,0.682,0.747,0.676,
0.685,0.682,0.747,0.658,
0.695,0.689,0.755,0.677,
0.668,0.661,0.737,0.643,
0.683,0.678,0.743,0.671,
0.693,0.686,0.752,0.682,
0.698,0.691,0.757,0.69,
0.669,0.662,0.739,0.649,
0.679,0.676,0.747,0.644,
0.69,0.683,0.749,0.68,
0.693,0.687,0.753,0.677,
0.696,0.69,0.756,0.686,
0.672,0.669,0.74,0.643,
0.686,0.681,0.748,0.675,
0.69,0.706,0.772,0.595,
0.686,0.681,0.749,0.672,
0.684,0.679,0.745,0.664,
0.677,0.672,0.737,0.659,
0.692,0.686,0.752,0.682,
0.696,0.69,0.757,0.686,
0.677,0.67,0.741,0.663,
0.684,0.68,0.746,0.666,
0.665,0.661,0.737,0.641,
0.687,0.68,0.749,0.677,
0.68,0.674,0.739,0.667,
0.684,0.679,0.747,0.662,
0.71,0.706,0.775,0.684,
0.692,0.687,0.752,0.68,
0.689,0.685,0.751,0.671,
0.695,0.69,0.757,0.675,
0.663,0.657,0.734,0.638,
0.698,0.696,0.763,0.675,
0.688,0.682,0.748,0.667,
0.668,0.668,0.743,0.585,
0.694,0.687,0.753,0.687,
0.692,0.686,0.752,0.68,
0.681,0.677,0.742,0.668,
0.665,0.663,0.74,0.618,
0.665,0.657,0.737,0.638,
0.689,0.684,0.75,0.674,
0.687,0.684,0.75,0.659,
0.692,0.686,0.752,0.681,
0.689,0.684,0.75,0.678,
0.677,0.677,0.742,0.636,
0.691,0.688,0.754,0.669,
0.686,0.681,0.747,0.672,
0.69,0.684,0.75,0.679,
0.677,0.67,0.748,0.652,
0.684,0.679,0.745,0.667,
0.693,0.686,0.752,0.683,
0.691,0.686,0.753,0.676,
0.696,0.69,0.757,0.68,
0.69,0.686,0.753,0.671,
0.693,0.686,0.752,0.686,
0.682,0.678,0.743,0.663,
0.662,0.658,0.738,0.635,
0.69,0.686,0.752,0.667,
0.693,0.689,0.755,0.674,
0.684,0.681,0.749,0.659,
0.68,0.674,0.739,0.665,
0.647,0.655,0.738,0.562,
0.634,0.617,0.736,0.591,
0.698,0.694,0.76,0.679,
0.696,0.69,0.757,0.684,
0.697,0.692,0.772,0.666,
0.704,0.7,0.768,0.675,
0.697,0.691,0.757,0.686,
0.685,0.681,0.747,0.671,
0.681,0.673,0.773,0.637,
0.685,0.682,0.748,0.664,
0.697,0.694,0.761,0.667,
0.684,0.679,0.745,0.665,
0.689,0.684,0.75,0.673,
0.685,0.679,0.744,0.673,
0.702,0.692,0.775,0.679,
0.682,0.678,0.743,0.667,
0.688,0.683,0.748,0.677,
0.685,0.68,0.746,0.674,
0.673,0.666,0.739,0.642,
0.691,0.687,0.754,0.678,
0.684,0.679,0.746,0.662,
0.68,0.672,0.745,0.666,
0.677,0.673,0.742,0.651,
0.692,0.687,0.755,0.665,
0.682,0.677,0.743,0.666,
0.689,0.683,0.749,0.673,
0.681,0.677,0.748,0.646,
0.694,0.687,0.753,0.686,
0.695,0.688,0.755,0.688,
0.688,0.683,0.75,0.672,
0.693,0.686,0.752,0.684,
0.674,0.669,0.74,0.652,
0.692,0.688,0.754,0.664,
0.672,0.663,0.742,0.637,
0.693,0.687,0.753,0.683,
0.665,0.657,0.749,0.638,
0.689,0.683,0.749,0.68,
0.697,0.692,0.758,0.685,
0.693,0.685,0.76,0.672,
0.685,0.684,0.75,0.66,
0.691,0.686,0.753,0.678,
0.692,0.689,0.755,0.665,
0.688,0.682,0.748,0.674,
0.687,0.683,0.749,0.67,
0.688,0.682,0.748,0.677,
0.686,0.68,0.747,0.674,
0.683,0.679,0.744,0.659,
0.685,0.68,0.749,0.667,
0.699,0.695,0.762,0.677,
0.693,0.686,0.752,0.685,
0.692,0.685,0.751,0.684,
0.686,0.677,0.768,0.664,
0.645,0.635,0.747,0.597,
0.698,0.693,0.76,0.68,
0.692,0.688,0.756,0.671,
0.689,0.685,0.751,0.672,
0.695,0.688,0.754,0.686,
0.689,0.689,0.755,0.654,
0.681,0.685,0.749,0.645,
0.678,0.674,0.739,0.666,
0.691,0.688,0.753,0.679,
0.686,0.68,0.746,0.673,
0.69,0.687,0.753,0.672,
0.685,0.681,0.746,0.666,
0.677,0.675,0.744,0.648,
0.671,0.669,0.738,0.641,
0.7,0.693,0.76,0.689,
0.686,0.68,0.75,0.669,
0.693,0.686,0.752,0.682,
0.677,0.667,0.75,0.658,
0.689,0.684,0.75,0.678,
0.681,0.677,0.742,0.67,
0.693,0.686,0.752,0.685,
0.696,0.689,0.756,0.689,
0.693,0.686,0.752,0.685,
0.674,0.671,0.74,0.645,
0.673,0.669,0.733,0.656,
0.691,0.69,0.757,0.648,
0.679,0.682,0.748,0.634,
0.66,0.651,0.735,0.642,
0.657,0.662,0.739,0.583,
0.683,0.679,0.744,0.668,
0.69,0.683,0.752,0.669,
0.693,0.686,0.752,0.685,
0.692,0.685,0.751,0.685,
0.687,0.683,0.749,0.666,
0.698,0.692,0.759,0.687,
0.682,0.677,0.742,0.67,
0.669,0.658,0.757,0.644,
0.649,0.642,0.728,0.624,
0.689,0.683,0.749,0.671,
0.681,0.674,0.744,0.671,
0.69,0.684,0.75,0.677,
0.685,0.68,0.746,0.668,
0.677,0.675,0.741,0.652,
0.687,0.683,0.754,0.661,
0.69,0.683,0.749,0.681,
0.688,0.687,0.753,0.664,
0.696,0.69,0.757,0.686,
0.684,0.679,0.744,0.673,
0.679,0.676,0.741,0.654,
0.665,0.659,0.737,0.624,
0.69,0.686,0.752,0.662,
0.69,0.685,0.751,0.674,
0.694,0.689,0.755,0.676,
0.69,0.685,0.751,0.674,
0.689,0.683,0.749,0.677,
0.684,0.683,0.751,0.651,
0.674,0.673,0.739,0.642,
0.718,0.715,0.784,0.684,
0.685,0.684,0.75,0.664,
0.693,0.688,0.754,0.681,
0.691,0.688,0.756,0.661,
0.69,0.685,0.755,0.667,
0.708,0.707,0.777,0.662,
0.697,0.695,0.762,0.666,
0.688,0.682,0.748,0.676,
0.676,0.677,0.744,0.641,
0.667,0.663,0.738,0.642,
0.693,0.689,0.756,0.675,
0.694,0.689,0.756,0.677,
0.692,0.687,0.753,0.675,
0.677,0.675,0.74,0.652,
0.687,0.683,0.749,0.67,
0.685,0.679,0.745,0.672,
0.688,0.683,0.749,0.675,
0.673,0.675,0.741,0.634,
0.681,0.676,0.741,0.668,
0.689,0.683,0.749,0.677,
0.686,0.683,0.753,0.656,
0.703,0.696,0.763,0.695,
0.678,0.674,0.743,0.653,
0.692,0.686,0.752,0.678,
0.667,0.653,0.793,0.628,
0.615,0.597,0.77,0.578,
0.626,0.613,0.775,0.592,
0.648,0.625,0.794,0.616,
0.66,0.651,0.791,0.623,
0.645,0.624,0.785,0.612,
0.626,0.605,0.77,0.597,
0.618,0.605,0.784,0.576,
0.634,0.607,0.775,0.595,
0.644,0.629,0.773,0.619,
0.628,0.622,0.777,0.568,
0.593,0.568,0.764,0.533,
0.633,0.615,0.77,0.594,
0.658,0.642,0.794,0.616,
0.627,0.609,0.768,0.589,
0.653,0.64,0.789,0.621,
0.658,0.638,0.791,0.625,
0.605,0.593,0.759,0.516,
0.629,0.611,0.775,0.593,
0.644,0.629,0.78,0.611,
0.65,0.64,0.778,0.606,
0.642,0.632,0.781,0.605,
0.653,0.637,0.783,0.621,
0.618,0.601,0.758,0.584,
0.637,0.625,0.779,0.598,
0.616,0.599,0.76,0.585,
0.653,0.635,0.797,0.619,
0.642,0.629,0.78,0.599,
0.629,0.609,0.777,0.58,
0.645,0.629,0.785,0.619,
0.619,0.595,0.778,0.577,
0.65,0.632,0.785,0.615,
0.617,0.599,0.758,0.59,
0.63,0.612,0.778,0.6,
0.631,0.603,0.783,0.598,
0.634,0.619,0.778,0.603,
0.61,0.591,0.761,0.552,
0.642,0.619,0.788,0.61,
0.645,0.625,0.79,0.612,
0.625,0.617,0.773,0.556,
0.624,0.605,0.781,0.576,
0.642,0.626,0.773,0.613,
0.642,0.625,0.786,0.591,
0.64,0.619,0.787,0.607,
0.658,0.639,0.786,0.621,
0.62,0.592,0.766,0.568,
0.661,0.641,0.794,0.63,
0.624,0.597,0.779,0.577,
0.648,0.631,0.785,0.616,
0.616,0.606,0.761,0.569,
0.656,0.643,0.787,0.622,
0.643,0.617,0.789,0.608,
0.647,0.633,0.78,0.612,
0.622,0.601,0.777,0.566,
0.653,0.639,0.787,0.613,
0.632,0.619,0.774,0.594,
0.638,0.615,0.778,0.606,
0.612,0.595,0.762,0.565,
0.629,0.611,0.767,0.59,
0.651,0.63,0.785,0.62,
0.643,0.622,0.782,0.606,
0.639,0.622,0.782,0.611,
0.641,0.619,0.79,0.614,
0.617,0.6,0.772,0.541,
0.643,0.623,0.782,0.603,
0.625,0.607,0.765,0.597,
0.669,0.649,0.793,0.641,
0.646,0.625,0.794,0.614,
0.665,0.649,0.792,0.637,
0.621,0.601,0.761,0.591,
0.646,0.63,0.789,0.616,
0.657,0.639,0.795,0.623,
0.636,0.62,0.777,0.601,
0.635,0.615,0.774,0.603,
0.626,0.608,0.775,0.592,
0.627,0.599,0.781,0.576,
0.658,0.641,0.787,0.633,
0.638,0.623,0.78,0.604,
0.624,0.61,0.768,0.59,
0.615,0.597,0.769,0.577,
0.648,0.627,0.788,0.618,
0.612,0.598,0.771,0.551,
0.632,0.609,0.778,0.601,
0.646,0.626,0.797,0.613,
0.649,0.63,0.792,0.612,
0.64,0.623,0.783,0.61,
0.637,0.622,0.769,0.596,
0.631,0.611,0.776,0.597,
0.613,0.597,0.776,0.567,
0.655,0.63,0.79,0.62,
0.638,0.617,0.785,0.594,
0.617,0.609,0.764,0.579,
0.637,0.609,0.781,0.602,
0.614,0.601,0.774,0.547,
0.661,0.644,0.792,0.628,
0.626,0.615,0.774,0.569,
0.623,0.601,0.767,0.598,
0.63,0.619,0.793,0.577,
0.635,0.621,0.778,0.605,
0.649,0.627,0.788,0.612,
0.638,0.621,0.79,0.587,
0.637,0.619,0.776,0.611,
0.639,0.617,0.78,0.609,
0.6,0.58,0.754,0.545,
0.635,0.609,0.783,0.593,
0.657,0.647,0.79,0.616,
0.649,0.635,0.781,0.615,
0.631,0.614,0.774,0.602,
0.646,0.629,0.782,0.606,
0.636,0.613,0.781,0.6,
0.648,0.643,0.781,0.587,
0.63,0.605,0.775,0.603,
0.631,0.611,0.774,0.572,
0.662,0.647,0.785,0.638,
0.635,0.613,0.779,0.603,
0.633,0.612,0.78,0.602,
0.632,0.611,0.785,0.598,
0.6,0.601,0.745,0.496,
0.64,0.621,0.78,0.611,
0.645,0.627,0.785,0.601,
0.638,0.619,0.779,0.607,
0.641,0.625,0.775,0.615,
0.666,0.649,0.794,0.639,
0.64,0.633,0.783,0.591,
0.6,0.575,0.77,0.537,
0.644,0.623,0.784,0.615,
0.645,0.626,0.781,0.611,
0.651,0.634,0.781,0.625,
0.629,0.615,0.772,0.588,
0.625,0.606,0.777,0.582,
0.633,0.619,0.779,0.6,
0.632,0.609,0.778,0.596,
0.639,0.623,0.769,0.598,
0.649,0.633,0.783,0.612,
0.611,0.591,0.757,0.581,
0.658,0.635,0.79,0.621,
0.643,0.629,0.78,0.595,
0.618,0.597,0.766,0.58,
0.59,0.566,0.757,0.524,
0.631,0.61,0.771,0.591,
0.658,0.641,0.795,0.619,
0.646,0.622,0.789,0.615,
0.632,0.614,0.777,0.598,
0.631,0.611,0.776,0.595,
0.658,0.646,0.787,0.629,
0.634,0.617,0.767,0.603,
0.607,0.594,0.769,0.548,
0.634,0.619,0.772,0.602,
0.661,0.639,0.79,0.632,
0.651,0.628,0.792,0.619,
0.637,0.623,0.779,0.598,
0.636,0.641,0.768,0.527,
0.603,0.584,0.771,0.563,
0.632,0.616,0.779,0.585,
0.651,0.631,0.79,0.608,
0.623,0.602,0.773,0.586,
0.61,0.595,0.762,0.566,
0.631,0.615,0.775,0.597,
0.647,0.627,0.778,0.619,
0.658,0.635,0.795,0.622,
0.638,0.618,0.796,0.579,
0.646,0.626,0.783,0.611,
0.659,0.64,0.791,0.621,
0.637,0.628,0.77,0.574,
0.592,0.572,0.767,0.544,
0.647,0.623,0.793,0.611,
0.642,0.627,0.777,0.612,
0.64,0.621,0.79,0.593,
0.622,0.603,0.769,0.587,
0.658,0.643,0.789,0.628,
0.644,0.637,0.776,0.603,
0.647,0.626,0.786,0.614,
0.64,0.62,0.776,0.603,
0.61,0.589,0.768,0.558,
0.652,0.633,0.789,0.619,
0.632,0.617,0.776,0.605,
0.624,0.609,0.762,0.576,
0.648,0.631,0.785,0.616,
0.642,0.621,0.785,0.611,
0.626,0.613,0.767,0.59,
0.627,0.615,0.752,0.594,
0.576,0.556,0.761,0.524,
0.65,0.63,0.793,0.62,
0.638,0.617,0.785,0.605,
0.636,0.621,0.778,0.598,
0.63,0.609,0.782,0.596,
0.641,0.622,0.778,0.607,
0.631,0.608,0.778,0.599,
0.637,0.611,0.783,0.605,
0.634,0.617,0.777,0.602,
0.613,0.577,0.771,0.569,
0.642,0.619,0.786,0.604,
0.643,0.623,0.778,0.613,
0.652,0.637,0.785,0.622,
0.644,0.621,0.78,0.607,
0.65,0.629,0.786,0.621,
0.632,0.617,0.776,0.595,
0.654,0.636,0.794,0.618,
0.66,0.649,0.791,0.618,
0.647,0.625,0.783,0.61,
0.62,0.593,0.781,0.571,
0.596,0.571,0.754,0.555,
0.637,0.614,0.78,0.603,
0.65,0.635,0.783,0.622,
0.636,0.625,0.77,0.597,
0.633,0.615,0.787,0.6,
0.634,0.616,0.783,0.606,
0.657,0.638,0.795,0.619,
0.652,0.631,0.792,0.619,
0.631,0.61,0.783,0.604,
0.638,0.619,0.786,0.603,
0.647,0.626,0.79,0.609,
0.644,0.62,0.783,0.609,
0.642,0.623,0.777,0.617,
0.627,0.609,0.773,0.601,
0.643,0.621,0.784,0.605,
0.657,0.634,0.796,0.625,
0.653,0.637,0.791,0.614,
0.618,0.606,0.775,0.562,
0.646,0.633,0.78,0.615,
0.628,0.618,0.762,0.59,
0.635,0.615,0.782,0.596,
0.626,0.605,0.767,0.593,
0.641,0.621,0.783,0.607,
0.633,0.613,0.776,0.609,
0.647,0.631,0.781,0.605,
0.661,0.645,0.783,0.634,
0.646,0.626,0.792,0.608,
0.616,0.595,0.768,0.573,
0.649,0.639,0.781,0.609,
0.648,0.622,0.791,0.612,
0.646,0.626,0.791,0.616,
0.656,0.637,0.785,0.627,
0.642,0.617,0.789,0.607,
0.634,0.619,0.777,0.598,
0.649,0.635,0.777,0.614,
0.646,0.629,0.786,0.615,
0.631,0.618,0.775,0.595,
0.615,0.607,0.766,0.567,
0.635,0.613,0.779,0.603,
0.644,0.629,0.786,0.605,
0.64,0.619,0.787,0.608,
0.637,0.615,0.795,0.569,
0.632,0.616,0.777,0.592,
0.62,0.596,0.776,0.56,
0.632,0.614,0.772,0.599,
0.594,0.579,0.748,0.556,
0.637,0.617,0.785,0.603,
0.646,0.621,0.786,0.609,
0.623,0.613,0.757,0.581,
0.655,0.629,0.795,0.624,
0.631,0.61,0.773,0.584,
0.633,0.615,0.775,0.597,
0.649,0.626,0.785,0.617,
0.661,0.651,0.787,0.629,
0.636,0.619,0.781,0.604,
0.625,0.607,0.778,0.578,
0.616,0.599,0.78,0.556,
0.642,0.627,0.777,0.612,
0.619,0.591,0.765,0.587,
0.64,0.618,0.778,0.607,
0.632,0.621,0.78,0.596,
0.641,0.627,0.782,0.605,
0.658,0.645,0.786,0.62,
0.615,0.594,0.766,0.576,
0.643,0.627,0.779,0.614,
0.623,0.599,0.781,0.582,
0.626,0.609,0.771,0.572,
0.651,0.631,0.789,0.621,
0.629,0.607,0.782,0.588,
0.657,0.647,0.79,0.613,
0.613,0.602,0.759,0.554,
0.645,0.627,0.779,0.613,
0.614,0.591,0.752,0.571,
0.618,0.602,0.753,0.585,
0.656,0.645,0.789,0.609,
0.653,0.635,0.789,0.624,
0.637,0.619,0.787,0.567,
0.629,0.611,0.778,0.579,
0.635,0.619,0.785,0.604,
0.611,0.589,0.757,0.581,
0.611,0.593,0.776,0.569,
0.623,0.607,0.769,0.595,
0.619,0.602,0.767,0.566,
0.617,0.597,0.767,0.577,
0.658,0.637,0.789,0.619,
0.626,0.608,0.778,0.59,
0.64,0.623,0.785,0.603,
0.626,0.609,0.78,0.583,
0.633,0.618,0.778,0.593,
0.623,0.609,0.771,0.589,
0.652,0.634,0.79,0.62,
0.649,0.634,0.789,0.615,
0.65,0.639,0.783,0.622,
0.608,0.586,0.77,0.561,
0.632,0.609,0.777,0.595,
0.636,0.627,0.759,0.605,
0.628,0.623,0.758,0.572,
0.624,0.615,0.763,0.584,
0.658,0.635,0.79,0.628,
0.649,0.635,0.784,0.611,
0.639,0.629,0.773,0.607,
0.643,0.625,0.786,0.611,
0.617,0.599,0.769,0.552,
0.654,0.642,0.789,0.614,
0.645,0.621,0.785,0.614,
0.618,0.597,0.763,0.584,
0.638,0.618,0.787,0.608,
0.624,0.606,0.773,0.584,
0.661,0.641,0.797,0.634,
0.627,0.603,0.77,0.594,
0.624,0.617,0.773,0.575,
0.627,0.599,0.779,0.592,
0.649,0.625,0.793,0.619,
0.645,0.63,0.786,0.607,
0.648,0.624,0.779,0.617,
0.635,0.615,0.768,0.595,
0.636,0.617,0.779,0.606,
0.659,0.643,0.784,0.632,
0.651,0.635,0.78,0.619,
0.629,0.616,0.756,0.6,
0.648,0.627,0.783,0.612,
0.632,0.615,0.775,0.599,
0.647,0.626,0.789,0.607,
0.631,0.611,0.781,0.581,
0.653,0.644,0.785,0.621,
0.633,0.617,0.778,0.608,
0.614,0.585,0.772,0.571,
0.637,0.63,0.763,0.574,
0.655,0.635,0.792,0.623,
0.633,0.612,0.776,0.597,
0.633,0.613,0.773,0.596,
0.653,0.64,0.779,0.618,
0.632,0.621,0.776,0.575,
0.65,0.631,0.79,0.616,
0.622,0.6,0.774,0.577,
0.641,0.618,0.787,0.609,
0.645,0.621,0.792,0.607,
0.647,0.625,0.788,0.613,
0.595,0.571,0.767,0.554,
0.64,0.625,0.771,0.595,
0.649,0.631,0.79,0.61,
0.654,0.639,0.789,0.622,
0.636,0.623,0.778,0.594,
0.642,0.621,0.783,0.609,
0.611,0.597,0.751,0.572,
0.657,0.638,0.783,0.627,
0.658,0.644,0.795,0.62,
0.654,0.637,0.787,0.615,
0.633,0.615,0.776,0.581,
0.634,0.621,0.765,0.607,
0.656,0.634,0.797,0.618,
0.618,0.601,0.775,0.579,
0.671,0.655,0.791,0.646,
0.642,0.625,0.781,0.606,
0.644,0.628,0.784,0.614,
0.655,0.635,0.793,0.619,
0.612,0.595,0.761,0.579,
0.637,0.619,0.785,0.609,
0.617,0.593,0.765,0.578,
0.636,0.613,0.786,0.609,
0.616,0.593,0.78,0.568,
0.635,0.61,0.786,0.602,
0.664,0.645,0.791,0.626,
0.631,0.617,0.767,0.582,
0.641,0.625,0.778,0.609,
0.612,0.581,0.776,0.571,
0.604,0.585,0.78,0.549,
0.638,0.618,0.778,0.598,
0.597,0.565,0.76,0.544,
0.65,0.636,0.786,0.619,
0.656,0.635,0.787,0.625,
0.658,0.641,0.782,0.625,
0.637,0.615,0.788,0.601,
0.629,0.614,0.761,0.595,
0.651,0.64,0.787,0.616,
0.659,0.649,0.793,0.6,
0.631,0.609,0.79,0.578,
0.633,0.609,0.773,0.589,
0.605,0.597,0.749,0.548,
0.643,0.627,0.784,0.611,
0.633,0.619,0.783,0.582,
0.609,0.591,0.769,0.527,
0.598,0.577,0.76,0.562,
0.683,0.677,0.743,0.672,
0.697,0.691,0.757,0.686,
0.683,0.677,0.747,0.667,
0.68,0.677,0.742,0.662,
0.684,0.679,0.75,0.668,
0.682,0.681,0.745,0.653,
0.691,0.684,0.75,0.683,
0.684,0.68,0.747,0.658,
0.681,0.675,0.744,0.664,
0.682,0.677,0.744,0.667,
0.682,0.677,0.747,0.663,
0.698,0.693,0.759,0.683,
0.69,0.683,0.749,0.683,
0.662,0.656,0.734,0.633,
0.692,0.685,0.751,0.682,
0.691,0.685,0.751,0.68,
0.675,0.67,0.748,0.641,
0.673,0.664,0.741,0.658,
0.69,0.684,0.75,0.675,
0.679,0.673,0.744,0.652,
0.695,0.69,0.756,0.678,
0.65,0.64,0.761,0.604,
0.69,0.683,0.748,0.682,
0.689,0.685,0.751,0.67,
0.696,0.691,0.758,0.684,
0.698,0.691,0.757,0.689,
0.694,0.687,0.753,0.685,
0.674,0.671,0.738,0.65,
0.682,0.682,0.748,0.647,
0.684,0.685,0.751,0.644,
0.679,0.672,0.746,0.658,
0.698,0.691,0.757,0.691,
0.647,0.636,0.777,0.606,
0.62,0.612,0.759,0.584,
0.689,0.683,0.749,0.671,
0.626,0.607,0.77,0.593,
0.618,0.607,0.765,0.583,
0.641,0.629,0.775,0.593,
0.649,0.631,0.785,0.613,
0.622,0.601,0.772,0.595,
0.629,0.601,0.789,0.588,
0.632,0.611,0.779,0.604,
0.652,0.63,0.789,0.619,
0.624,0.601,0.765,0.591,
0.649,0.629,0.793,0.614,
0.647,0.633,0.791,0.596,
0.628,0.607,0.768,0.594,
0.652,0.645,0.793,0.607,
0.685,0.685,0.754,0.644,
0.69,0.687,0.753,0.661,
0.685,0.681,0.747,0.673,
0.663,0.658,0.745,0.633,
0.684,0.679,0.746,0.67,
0.691,0.683,0.753,0.681,
0.686,0.68,0.748,0.669,
0.692,0.685,0.751,0.685,
0.698,0.691,0.758,0.688,
0.688,0.682,0.747,0.674,
0.668,0.669,0.74,0.629,
0.686,0.683,0.749,0.669,
0.666,0.659,0.749,0.639,
0.686,0.682,0.748,0.66,
0.688,0.685,0.751,0.661,
0.674,0.672,0.737,0.645,
0.644,0.625,0.791,0.601,
0.619,0.604,0.777,0.569,
0.624,0.596,0.778,0.572,
0.655,0.631,0.797,0.621,
0.654,0.635,0.784,0.621,
0.639,0.619,0.782,0.607,
0.614,0.59,0.764,0.566,
0.641,0.619,0.789,0.61,
0.663,0.651,0.791,0.624,
0.634,0.617,0.781,0.603,
0.621,0.6,0.774,0.587,
0.62,0.606,0.768,0.544,
0.602,0.579,0.749,0.573,
0.671,0.653,0.795,0.647,
0.658,0.641,0.789,0.624,
0.632,0.612,0.78,0.604,


0.96,0.98,1,0.789,
0.949,0.964,1,0.786,
0.962,0.984,1,0.794,
0.959,0.981,1,0.79,
0.95,0.971,1,0.787,
0.963,0.986,1,0.777,
0.954,0.984,1,0.792,
0.947,0.976,1,0.787,
0.969,0.989,1,0.784,
0.963,0.982,0.996,0.796,
0.974,0.996,1,0.789,
0.93,0.972,1,0.793,
0.955,0.972,1,0.784,
0.912,0.925,0.959,0.79,
0.965,0.986,0.998,0.786,
0.935,0.95,0.986,0.797,
0.96,0.976,1,0.787,
0.97,0.992,1,0.792,
0.892,0.877,1,0.726,
0.97,0.992,1,0.79,
0.954,0.985,1,0.787,
0.964,0.979,1,0.793,
0.958,0.972,1,0.78,
0.954,0.975,1,0.769,
0.96,0.988,1,0.781,
0.961,0.998,1,0.78,
0.941,0.952,1,0.801,
0.969,0.99,1,0.794,
0.95,0.969,1,0.793,
0.966,0.986,1,0.795,
0.971,0.992,1,0.794,
0.916,0.922,0.978,0.82,
0.907,0.921,0.995,0.8,
0.965,0.981,1,0.793,
0.926,0.936,1,0.794,
0.934,0.956,1,0.792,
0.9,0.899,1,0.815,
0.959,0.994,1,0.774,
0.959,0.98,1,0.794,
0.968,0.992,1,0.783,
0.965,0.985,1,0.787,
0.96,0.978,1,0.784,
0.906,0.935,1,0.79,
0.965,0.991,1,0.786,
0.952,0.964,1,0.82,
0.964,0.986,1,0.779,
0.945,0.966,1,0.79,
0.946,0.963,1,0.79,
0.968,0.992,1,0.783,
0.949,0.963,1,0.781,
0.966,0.988,1,0.79,
0.96,0.986,1,0.783,
0.97,0.992,1,0.796,
0.964,0.982,1,0.809,
0.962,0.993,1,0.791,
0.97,0.996,1,0.79,
0.97,0.994,1,0.782,
0.965,0.986,1,0.782,
0.94,0.964,1,0.766,
0.953,0.966,1,0.787,
0.913,0.906,1,0.828,
0.964,0.986,1,0.773,
0.967,0.993,1,0.786,
0.925,0.948,1,0.785,
0.954,0.98,0.992,0.79,
0.931,0.934,0.998,0.816,
0.96,0.974,1,0.784,
0.963,0.98,1,0.794,
0.947,0.976,1,0.785,
0.926,0.942,1,0.782,
0.966,0.991,1,0.791,
0.945,0.976,1,0.787,
0.972,0.996,1,0.793,
0.947,0.97,1,0.783,
0.969,0.992,1,0.789,
0.938,0.96,1,0.786,
0.966,0.986,1,0.797,
0.919,0.913,1,0.792,
0.966,0.991,1,0.784,
0.975,0.998,1,0.791,
0.954,0.977,1,0.79,
0.969,0.99,1,0.785,
0.933,0.964,1,0.774,
0.974,0.995,1,0.794,
0.964,0.986,1,0.805,
0.928,0.956,1,0.783,
0.876,0.843,0.993,0.796,
0.96,0.978,1,0.792,
0.935,0.964,1,0.779,
0.968,0.983,1,0.801,
0.966,0.989,1,0.792,
0.949,0.97,1,0.779,
0.918,0.944,1,0.792,
0.934,0.945,1,0.784,
0.954,0.969,1,0.778,
0.951,0.978,1,0.794,
0.965,0.982,1,0.792,
0.948,0.963,1,0.78,
0.951,0.97,1,0.791,
0.949,0.97,1,0.802,
0.954,0.984,1,0.79,
0.958,0.986,1,0.777,
0.967,0.996,1,0.774,
0.932,0.951,1,0.785,
0.97,0.994,1,0.793,
0.974,0.998,1,0.796,
0.923,0.962,1,0.786,
0.959,0.982,1,0.8,
0.926,0.969,1,0.784,
0.967,0.996,0.998,0.795,
0.919,0.947,1,0.784,
0.956,0.98,1,0.766,
0.929,0.953,1,0.806,
0.967,0.986,1,0.785,
0.902,0.907,1,0.784,
0.956,0.97,1,0.787,
0.961,0.982,1,0.793,
0.943,0.96,1,0.782,
0.967,0.992,1,0.791,
0.967,0.993,1,0.791,
0.968,0.993,1,0.794,
0.952,0.964,1,0.791,
0.966,0.989,1,0.789,
0.962,0.984,1,0.79,
0.96,0.979,1,0.792,
0.965,0.978,1,0.788,
0.96,0.978,1,0.78,
0.969,0.988,1,0.788,
0.964,0.982,1,0.795,
0.972,0.994,1,0.794,
0.964,0.986,1,0.791,
0.918,0.938,1,0.792,
0.89,0.907,1,0.739,
0.942,0.958,1,0.801,
0.971,0.998,1,0.79,
0.95,0.977,1,0.771,
0.912,0.95,1,0.776,
0.969,0.996,1,0.794,
0.951,0.987,1,0.781,
0.908,0.939,1,0.781,
0.944,0.964,1,0.775,
0.938,0.945,1,0.819,
0.945,0.97,1,0.773,
0.966,0.99,1,0.802,
0.962,0.984,1,0.796,
0.954,0.979,1,0.785,
0.966,0.984,1,0.795,
0.957,0.984,1,0.806,
0.953,0.975,1,0.803,
0.968,0.997,1,0.793,
0.961,0.983,1,0.775,
0.961,0.974,1,0.8,
0.958,0.968,1,0.796,
0.958,0.98,1,0.784,
0.944,0.98,1,0.791,
0.957,0.995,1,0.786,
0.971,0.989,1,0.794,
0.967,0.99,1,0.787,
0.956,0.973,1,0.768,
0.969,0.989,1,0.794,
0.936,0.961,1,0.785,
0.958,0.976,1,0.8,
0.927,0.95,1,0.811,
0.944,0.952,1,0.781,
0.943,0.967,1,0.793,
0.965,0.988,1,0.792,
0.954,0.981,1,0.785,
0.962,0.991,1,0.783,
0.966,0.994,1,0.789,
0.935,0.977,1,0.803,
0.946,0.957,1,0.789,
0.959,0.984,1,0.78,
0.944,0.984,1,0.773,
0.972,0.993,1,0.792,
0.965,0.984,1,0.801,
0.95,0.96,1,0.771,
0.955,0.983,1,0.786,
0.969,0.994,1,0.792,
0.966,0.988,1,0.786,
0.961,0.978,1,0.793,
0.941,0.97,1,0.783,
0.92,0.925,1,0.781,
0.971,0.992,1,0.78,
0.96,0.976,1,0.79,
0.967,0.988,1,0.79,
0.964,0.986,1,0.789,
0.937,0.95,1,0.776,
0.923,0.925,1,0.788,
0.949,0.969,1,0.803,
0.959,0.976,1,0.776,
0.886,0.892,1,0.762,
0.947,0.96,1,0.771,
0.972,0.996,1,0.785,
0.905,0.901,0.994,0.802,
0.965,0.989,1,0.801,
0.966,0.992,1,0.784,
0.954,0.97,1,0.783,
0.968,0.994,1,0.779,
0.951,0.978,1,0.797,
0.954,0.976,1,0.782,
0.959,0.976,1,0.796,
0.963,0.988,1,0.781,
0.971,0.996,1,0.796,
0.955,0.984,1,0.776,
0.967,0.988,1,0.791,
0.898,0.924,0.987,0.763,
0.954,0.978,1,0.786,
0.955,0.979,1,0.78,
0.959,0.992,1,0.779,
0.964,0.994,1,0.787,
0.966,0.982,1,0.794,
0.961,0.984,1,0.793,
0.958,0.982,1,0.789,
0.957,0.98,1,0.772,
0.937,0.96,1,0.785,
0.958,0.984,1,0.788,
0.949,0.952,1,0.79,
0.927,0.955,1,0.782,
0.97,0.994,1,0.787,
0.96,0.988,1,0.772,
0.857,0.844,0.974,0.73,
0.97,0.994,1,0.792,
0.959,0.986,1,0.788,
0.945,0.962,0.983,0.797,
0.97,0.988,1,0.791,
0.902,0.899,1,0.802,
0.934,0.96,1,0.788,
0.969,0.987,1,0.788,
0.973,0.993,1,0.793,
0.9,0.917,1,0.779,
0.969,0.988,1,0.793,
0.955,0.966,1,0.804,
0.961,0.994,1,0.787,
0.949,0.97,1,0.79,
0.957,0.976,1,0.78,
0.961,0.987,1,0.792,
0.957,0.974,1,0.787,
0.964,0.986,1,0.79,
0.962,0.986,1,0.794,
0.967,0.994,1,0.782,
0.94,0.964,1,0.795,
0.952,0.972,1,0.777,
0.95,0.968,1,0.784,
0.968,0.99,1,0.786,
0.96,0.982,1,0.773,
0.972,0.998,1,0.789,
0.894,0.911,1,0.752,
0.916,0.942,1,0.789,
0.966,0.989,1,0.795,
0.959,0.981,1,0.781,
0.959,0.988,1,0.768,
0.961,0.984,1,0.786,
0.961,0.985,1,0.781,
0.911,0.927,0.987,0.789,
0.961,0.982,1,0.785,
0.958,0.974,0.988,0.803,
0.972,0.994,1,0.786,
0.966,0.988,1,0.782,
0.964,0.979,1,0.783,
0.961,0.99,1,0.793,
0.967,0.99,1,0.785,
0.961,0.992,1,0.792,
0.962,0.987,1,0.778,
0.962,0.993,1,0.784,
0.971,0.994,1,0.79,
0.966,0.982,1,0.789,
0.96,0.976,1,0.791,
0.962,0.985,1,0.796,
0.972,0.994,1,0.792,
0.952,0.976,1,0.784,
0.968,0.99,1,0.786,
0.963,0.984,1,0.8,
0.957,0.976,1,0.787,
0.954,0.978,1,0.788,
0.972,0.994,1,0.783,
0.91,0.905,1,0.782,
0.933,0.95,1,0.779,
0.961,0.992,1,0.788,
0.966,0.99,1,0.785,
0.961,0.983,1,0.789,
0.958,0.994,1,0.771,
0.963,0.982,1,0.799,
0.968,0.991,1,0.788,
0.965,0.99,1,0.786,
0.962,0.99,1,0.789,
0.963,0.991,1,0.781,
0.961,0.98,1,0.792,
0.96,0.982,1,0.789,
0.927,0.934,1,0.795,
0.937,0.956,1,0.789,
0.968,0.988,1,0.789,
0.957,0.98,1,0.785,
0.966,0.989,1,0.795,
0.97,0.996,1,0.789,
0.962,0.984,1,0.785,
0.928,0.939,1,0.799,
0.924,0.941,1,0.793,
0.94,0.945,1,0.792,
0.876,0.845,1,0.799,
0.948,0.962,1,0.792,
0.958,0.978,1,0.793,
0.943,0.96,1,0.777,
0.952,0.966,1,0.794,
0.92,0.929,1,0.788,
0.924,0.94,1,0.779,
0.967,0.99,1,0.789,
0.93,0.962,1,0.789,
0.959,0.991,1,0.794,
0.971,0.994,1,0.796,
0.972,0.996,1,0.799,
0.959,0.983,1,0.782,
0.926,0.959,1,0.805,
0.97,0.992,1,0.792,
0.951,0.972,1,0.783,
0.956,0.982,1,0.786,
0.964,0.988,1,0.788,
0.97,0.992,1,0.79,
0.954,0.97,1,0.789,
0.884,0.869,1,0.786,
0.964,0.984,1,0.789,
0.937,0.979,1,0.785,
0.954,0.97,0.997,0.791,
0.94,0.95,1,0.817,
0.956,0.982,1,0.786,
0.96,0.983,1,0.783,
0.96,0.976,1,0.798,
0.966,0.992,1,0.78,
0.893,0.906,0.989,0.786,
0.95,0.975,1,0.78,
0.956,0.976,1,0.783,
0.896,0.921,1,0.776,
0.967,0.986,1,0.796,
0.957,0.978,1,0.795,
0.961,0.99,1,0.773,
0.965,0.98,1,0.797,
0.868,0.883,1,0.762,
0.951,0.982,1,0.772,
0.97,0.995,1,0.786,
0.962,0.988,1,0.793,
0.959,0.987,1,0.783,
0.96,0.987,1,0.793,
0.958,0.976,1,0.778,
0.973,0.994,1,0.795,
0.949,0.968,1,0.783,
0.969,0.997,1,0.79,
0.959,0.985,1,0.794,
0.909,0.927,1,0.776,
0.943,0.972,1,0.781,
0.972,0.989,1,0.792,
0.969,0.985,1,0.798,
0.962,0.984,1,0.775,
0.946,0.957,1,0.784,
0.962,0.982,1,0.785,
0.968,0.992,1,0.793,
0.967,0.993,1,0.791,
0.963,0.994,1,0.776,
0.964,0.99,1,0.789,
0.886,0.893,0.981,0.788,
0.958,0.974,1,0.789,
0.938,0.976,1,0.784,
0.96,0.983,1,0.77,
0.958,0.98,1,0.791,
0.962,0.98,0.992,0.796,
0.969,0.995,1,0.777,
0.964,0.993,1,0.783,
0.937,0.954,1,0.78,
0.956,0.972,1,0.79,
0.955,0.968,1,0.778,
0.958,0.978,1,0.788,
0.953,0.966,0.999,0.819,
0.961,0.982,1,0.792,
0.97,0.994,1,0.79,
0.969,0.986,1,0.798,
0.948,0.962,1,0.773,
0.95,0.96,1,0.801,
0.965,0.989,1,0.782,
0.931,0.958,1,0.789,
0.972,0.996,1,0.791,
0.963,0.988,1,0.792,
0.956,0.975,1,0.78,
0.925,0.946,1,0.772,
0.949,0.977,1,0.776,
0.964,0.987,1,0.788,
0.968,0.992,1,0.791,
0.976,0.998,1,0.791,
0.965,0.988,1,0.79,
0.952,0.986,1,0.776,
0.958,0.978,1,0.79,
0.961,0.981,1,0.783,
0.958,0.972,1,0.787,
0.933,0.944,0.993,0.794,
0.96,0.988,1,0.784,
0.957,0.976,1,0.787,
0.967,0.996,1,0.793,
0.964,0.982,1,0.795,
0.929,0.962,1,0.776,
0.968,0.991,1,0.791,
0.956,0.992,1,0.781,
0.894,0.902,1,0.779,
0.965,0.99,1,0.788,
0.968,0.994,1,0.793,
0.968,0.99,1,0.788,
0.954,0.983,1,0.78,
0.924,0.954,1,0.783,
0.906,0.901,1,0.79,
0.966,0.995,1,0.798,
0.972,0.996,1,0.796,
0.945,0.96,1,0.816,
0.958,0.972,0.997,0.806,
0.971,0.993,1,0.796,
0.945,0.962,1,0.783,
0.941,0.966,1,0.812,
0.968,0.996,1,0.787,
0.964,0.99,1,0.8,
0.943,0.974,1,0.785,
0.964,0.986,1,0.788,
0.953,0.97,1,0.782,
0.956,0.974,1,0.813,
0.948,0.963,1,0.777,
0.967,0.986,1,0.789,
0.965,0.988,1,0.785,
0.939,0.965,1,0.78,
0.941,0.97,1,0.795,
0.947,0.96,1,0.783,
0.964,0.994,1,0.783,
0.955,0.972,1,0.776,
0.956,0.971,1,0.795,
0.952,0.982,1,0.781,
0.963,0.987,1,0.79,
0.937,0.934,1,0.791,
0.972,0.994,1,0.786,
0.974,0.996,1,0.792,
0.967,0.989,1,0.789,
0.972,0.992,1,0.79,
0.952,0.964,1,0.779,
0.964,0.992,1,0.787,
0.953,0.967,1,0.785,
0.958,0.974,1,0.786,
0.938,0.952,1,0.797,
0.964,0.987,1,0.787,
0.969,0.99,1,0.801,
0.943,0.954,1,0.802,
0.952,0.975,1,0.782,
0.96,0.974,1,0.791,
0.946,0.96,1,0.795,
0.967,0.991,1,0.791,
0.969,0.994,1,0.785,
0.964,0.985,1,0.784,
0.965,0.994,1,0.785,
0.92,0.928,0.978,0.785,
0.945,0.972,1,0.788,
0.967,0.996,1,0.798,
0.96,0.982,1,0.792,
0.958,0.978,1,0.789,
0.93,0.944,1,0.809,
0.927,0.959,1,0.79,
0.961,0.982,1,0.799,
0.958,0.977,1,0.794,
0.969,0.996,1,0.785,
0.97,0.99,1,0.793,
0.961,0.986,1,0.793,
0.953,0.974,1,0.789,
0.959,0.976,1,0.774,
0.968,0.991,1,0.791,
0.966,0.988,1,0.78,
0.968,0.99,1,0.79,
0.922,0.927,0.993,0.783,
0.953,0.978,0.999,0.777,
0.957,0.968,1,0.782,
0.971,0.993,1,0.797,
0.964,0.986,1,0.785,
0.952,0.958,1,0.79,
0.958,0.977,1,0.79,
0.971,0.992,1,0.792,
0.96,0.985,1,0.781,
0.967,0.984,1,0.792,
0.967,0.987,1,0.792,
0.963,0.984,1,0.785,
0.923,0.944,1,0.756,
0.952,0.974,1,0.768,
0.963,0.996,1,0.795,
0.945,0.972,1,0.786,
0.947,0.964,1,0.771,
0.926,0.957,1,0.78,
0.953,0.965,1,0.779,
0.956,0.976,1,0.788,
0.96,0.982,1,0.791,
0.969,0.989,1,0.792,
0.961,0.992,1,0.788,
0.96,0.978,1,0.795,
0.963,0.982,1,0.778,
0.896,0.896,0.978,0.802,
0.938,0.962,1,0.769,
0.953,0.982,1,0.784,
0.967,0.99,1,0.782,
0.943,0.952,1,0.786,
0.964,0.984,1,0.787,
0.923,0.925,1,0.776,
0.926,0.942,1,0.794,
0.97,0.992,1,0.785,
0.953,0.974,1,0.794,
0.945,0.978,1,0.795,
0.969,0.992,1,0.781,
0.956,0.978,1,0.778,
0.953,0.986,1,0.772,
0.956,0.971,1,0.788,
0.964,0.98,1,0.787,
0.964,0.984,1,0.79,
0.94,0.954,1,0.789,
0.965,0.992,1,0.785,
0.954,0.994,1,0.788,
0.957,0.98,1,0.775,
0.961,0.988,1,0.829,
0.947,0.954,1,0.797,
0.961,0.978,1,0.795,
0.906,0.934,1,0.763,
0.961,0.982,1,0.797,
0.932,0.963,1,0.794,
0.95,0.966,0.983,0.803,
0.96,0.984,1,0.786,
0.959,0.992,1,0.783,
0.952,0.985,1,0.77,
0.965,0.984,1,0.795,
0.964,0.991,1,0.793,
0.968,0.994,1,0.796,
0.954,0.986,1,0.784,
0.964,0.987,1,0.79,
0.972,0.996,1,0.785,
0.97,0.996,1,0.786,
0.945,0.972,1,0.773,
0.957,0.982,1,0.779,
0.97,0.992,1,0.783,
0.964,0.992,1,0.792,
0.946,0.978,1,0.802,
0.961,0.994,1,0.781,
0.964,0.98,1,0.793,
0.978,0.999,1,0.831,
0.939,0.97,1,0.806,
0.966,0.984,0.997,0.817,
0.97,0.99,1,0.835,
0.97,0.987,1,0.832,
0.974,0.992,1,0.826,
0.946,0.984,1,0.808,
0.957,0.988,1,0.821,
0.956,0.976,1,0.818,
0.94,0.974,1,0.807,
0.963,0.986,1,0.813,
0.88,0.876,1,0.706,
0.941,0.958,1,0.81,
0.97,0.997,1,0.833,
0.942,0.953,0.986,0.809,
0.97,0.994,1,0.828,
0.972,0.988,1,0.832,
0.907,0.905,0.995,0.801,
0.946,0.98,0.988,0.811,
0.964,0.99,1,0.823,
0.902,0.883,1,0.82,
0.947,0.972,1,0.824,
0.971,0.994,0.998,0.82,
0.867,0.841,1,0.794,
0.958,0.977,0.995,0.821,
0.906,0.895,1,0.797,
0.972,0.99,1,0.833,
0.945,0.961,1,0.818,
0.955,0.978,1,0.817,
0.972,0.993,0.995,0.829,
0.935,0.933,1,0.818,
0.977,0.992,1,0.824,
0.915,0.918,1,0.796,
0.945,0.96,1,0.817,
0.964,0.982,0.996,0.825,
0.921,0.927,1,0.82,
0.902,0.918,1,0.81,
0.968,0.99,1,0.826,
0.969,0.994,1,0.831,
0.955,0.984,0.994,0.806,
0.959,0.979,0.997,0.822,
0.942,0.956,1,0.813,
0.954,0.967,1,0.825,
0.958,0.98,0.994,0.824,
0.977,0.995,1,0.826,
0.911,0.917,1,0.803,
0.975,0.992,0.997,0.834,
0.946,0.965,1,0.819,
0.959,0.964,1,0.827,
0.932,0.98,0.994,0.766,
0.971,0.992,1,0.826,
0.969,0.989,1,0.826,
0.964,0.986,1,0.819,
0.953,0.972,1,0.814,
0.975,0.996,1,0.827,
0.938,0.971,1,0.812,
0.966,0.991,1,0.82,
0.928,0.958,1,0.803,
0.929,0.95,0.993,0.809,
0.968,0.991,1,0.827,
0.944,0.972,1,0.821,
0.957,0.97,0.995,0.827,
0.963,0.992,1,0.828,
0.931,0.961,0.995,0.786,
0.958,0.974,0.989,0.825,
0.943,0.975,1,0.804,
0.979,0.998,1,0.833,
0.975,0.995,1,0.83,
0.977,0.998,1,0.831,
0.916,0.926,1,0.799,
0.964,0.99,1,0.833,
0.965,0.989,0.998,0.834,
0.935,0.951,1,0.813,
0.911,0.931,1,0.806,
0.965,0.984,1,0.812,
0.963,0.98,0.989,0.82,
0.971,0.992,1,0.827,
0.965,0.987,1,0.819,
0.957,0.988,1,0.811,
0.9,0.909,0.98,0.813,
0.966,0.99,1,0.83,
0.939,0.981,1,0.768,
0.957,0.984,1,0.817,
0.972,0.994,1,0.837,
0.957,0.982,1,0.832,
0.974,0.998,1,0.825,
0.93,0.945,1,0.811,
0.967,0.986,1,0.814,
0.933,0.954,0.981,0.816,
0.969,0.992,1,0.832,
0.954,0.986,1,0.826,
0.93,0.947,1,0.807,
0.964,0.992,0.994,0.82,
0.911,0.926,1,0.788,
0.979,0.998,1,0.833,
0.913,0.934,1,0.802,
0.951,0.989,1,0.806,
0.968,0.992,1,0.834,
0.966,0.992,1,0.819,
0.973,0.992,1,0.83,
0.965,0.982,0.986,0.829,
0.957,0.981,0.992,0.811,
0.965,0.994,1,0.821,
0.883,0.879,1,0.784,
0.977,0.996,1,0.825,
0.969,0.99,1,0.828,
0.953,0.956,1,0.82,
0.963,0.988,1,0.816,
0.962,0.988,1,0.823,
0.965,0.984,0.988,0.824,
0.949,0.973,1,0.821,
0.957,0.974,0.999,0.817,
0.879,0.879,0.959,0.787,
0.978,0.994,1,0.824,
0.974,0.997,1,0.82,
0.965,0.978,1,0.817,
0.97,0.991,1,0.826,
0.827,0.849,1,0.553,
0.94,0.951,1,0.82,
0.956,0.986,1,0.826,
0.955,0.976,0.997,0.816,
0.955,0.989,0.999,0.811,
0.978,0.996,1,0.836,
0.947,0.982,1,0.819,
0.945,0.982,0.996,0.807,
0.95,0.968,0.995,0.829,
0.967,0.988,0.993,0.819,
0.966,0.991,1,0.823,
0.941,0.965,0.992,0.819,
0.959,0.984,0.992,0.813,
0.952,0.981,0.991,0.817,
0.96,0.995,1,0.817,
0.916,0.962,1,0.748,
0.966,0.988,0.996,0.819,
0.911,0.938,1,0.799,
0.976,0.993,1,0.832,
0.944,0.976,1,0.818,
0.955,0.963,1,0.804,
0.909,0.927,1,0.796,
0.935,0.958,0.998,0.809,
0.971,0.994,0.996,0.831,
0.96,0.978,1,0.825,
0.964,0.973,1,0.817,
0.919,0.919,1,0.819,
0.965,0.987,1,0.827,
0.941,0.968,0.973,0.805,
0.923,0.923,0.994,0.815,
0.929,0.96,1,0.809,
0.973,0.99,0.996,0.826,
0.969,0.984,1,0.836,
0.948,0.967,0.985,0.817,
0.928,0.944,1,0.812,
0.914,0.926,0.986,0.817,
0.935,0.974,0.98,0.82,
0.973,0.998,1,0.833,
0.927,0.925,1,0.812,
0.941,0.963,0.982,0.8,
0.956,0.988,1,0.812,
0.941,0.971,1,0.819,
0.98,0.996,1,0.837,
0.969,0.996,1,0.834,
0.961,0.973,1,0.826,
0.975,0.994,1,0.833,
0.937,0.937,1,0.81,
0.902,0.899,1,0.812,
0.975,0.994,1,0.831,
0.95,0.96,1,0.819,
0.962,0.987,1,0.832,
0.938,0.978,0.997,0.808,
0.973,0.991,0.998,0.829,
0.945,0.967,0.991,0.813,
0.966,0.981,1,0.829,
0.957,0.984,0.99,0.816,
0.861,0.843,1,0.694,
0.973,0.992,1,0.83,
0.934,0.956,1,0.817,
0.936,0.96,1,0.804,
0.973,0.992,0.995,0.831,
0.974,0.994,1,0.823,
0.92,0.94,1,0.808,
0.903,0.909,1,0.794,
0.865,0.871,0.983,0.749,
0.973,0.992,1,0.834,
0.964,0.978,0.994,0.824,
0.952,0.974,0.989,0.819,
0.957,0.974,1,0.823,
0.96,0.986,1,0.819,
0.959,0.968,1,0.822,
0.959,0.981,1,0.824,
0.949,0.974,1,0.82,
0.964,0.988,1,0.805,
0.969,0.992,1,0.824,
0.957,0.978,0.987,0.819,
0.977,0.996,1,0.828,
0.948,0.984,1,0.82,
0.975,0.995,1,0.821,
0.944,0.964,1,0.819,
0.964,0.996,1,0.834,
0.968,0.992,0.996,0.829,
0.964,0.994,1,0.823,
0.958,0.979,0.997,0.816,
0.901,0.905,1,0.786,
0.954,0.977,0.984,0.816,
0.97,0.994,1,0.824,
0.945,0.964,1,0.81,
0.962,0.983,1,0.828,
0.915,0.956,1,0.745,
0.976,0.994,1,0.835,
0.975,0.994,1,0.835,
0.961,0.971,1,0.822,
0.957,0.984,0.993,0.828,
0.975,0.997,1,0.831,
0.964,0.98,0.993,0.825,
0.96,0.975,1,0.816,
0.954,0.98,1,0.809,
0.964,0.986,1,0.826,
0.971,0.992,1,0.834,
0.974,0.995,1,0.83,
0.941,0.968,0.988,0.817,
0.969,0.995,1,0.818,
0.922,0.929,1,0.8,
0.953,0.968,1,0.821,
0.952,0.982,1,0.811,
0.96,0.988,0.992,0.823,
0.959,0.98,0.988,0.817,
0.927,0.941,1,0.8,
0.974,0.992,1,0.823,
0.963,0.984,1,0.832,
0.927,0.956,1,0.809,
0.956,0.978,1,0.82,
0.971,0.996,1,0.832,
0.95,0.993,1,0.816,
0.97,0.99,1,0.824,
0.973,0.998,1,0.833,
0.957,0.99,0.998,0.817,
0.943,0.956,1,0.817,
0.964,0.989,1,0.823,
0.935,0.949,1,0.82,
0.945,0.957,1,0.812,
0.974,0.998,1,0.821,
0.963,0.984,1,0.828,
0.963,0.992,1,0.829,
0.907,0.921,0.986,0.817,
0.957,0.994,1,0.816,
0.964,0.996,1,0.82,
0.921,0.939,1,0.773,
0.886,0.883,0.973,0.788,
0.958,0.995,1,0.822,
0.962,0.984,1,0.823,
0.927,0.939,1,0.801,
0.974,0.99,1,0.83,
0.956,0.988,0.998,0.812,
0.962,0.984,1,0.812,
0.969,0.986,1,0.83,
0.964,0.987,1,0.832,
0.952,0.986,0.996,0.822,
0.968,0.993,1,0.819,
0.939,0.984,0.997,0.815,
0.956,0.984,0.99,0.82,
0.954,0.984,0.987,0.801,
0.967,0.989,1,0.818,
0.954,0.98,1,0.822,
0.959,0.986,1,0.823,
0.969,0.996,1,0.823,
0.952,0.98,0.987,0.802,
0.959,0.994,1,0.821,
0.947,0.956,1,0.826,
0.926,0.94,1,0.81,
0.977,0.996,1,0.832,
0.951,0.972,1,0.819,
0.961,0.991,1,0.828,
0.919,0.933,1,0.801,
0.945,0.958,1,0.82,
0.892,0.912,1,0.776,
0.895,0.92,1,0.739,
0.957,0.98,1,0.828,
0.973,0.993,1,0.828,
0.955,0.977,0.997,0.828,
0.963,0.98,0.987,0.817,
0.945,0.962,1,0.822,
0.915,0.94,1,0.794,
0.95,0.972,0.987,0.813,
0.934,0.95,1,0.806,
0.949,0.976,1,0.81,
0.939,0.976,1,0.807,
0.977,0.998,1,0.828,
0.955,0.978,0.997,0.822,
0.962,0.991,1,0.826,
0.952,0.978,0.991,0.82,
0.961,0.993,1,0.813,
0.94,0.947,1,0.811,
0.967,0.992,1,0.827,
0.975,0.994,0.998,0.833,
0.969,0.992,0.996,0.828,
0.947,0.984,0.987,0.811,
0.939,0.948,1,0.82,
0.927,0.927,1,0.8,
0.9,0.893,1,0.798,
0.922,0.926,1,0.806,
0.976,0.998,1,0.828,
0.962,0.982,0.993,0.823,
0.95,0.974,0.982,0.817,
0.965,0.977,1,0.828,
0.89,0.885,1,0.773,
0.969,0.996,1,0.832,
0.97,0.992,0.993,0.826,
0.947,0.96,0.984,0.803,
0.964,0.991,1,0.826,
0.955,0.991,1,0.811,
0.976,0.997,1,0.835,
0.927,0.937,0.991,0.813,
0.907,0.895,1,0.815,
0.96,0.976,1,0.825,
0.965,0.994,1,0.831,
0.967,0.992,1,0.827,
0.957,0.978,0.995,0.816,
0.941,0.974,0.982,0.809,
0.949,0.967,1,0.818,
0.968,0.987,0.995,0.823,
0.956,0.98,1,0.819,
0.912,0.909,1,0.796,
0.965,0.986,0.991,0.821,
0.962,0.989,1,0.815,
0.969,0.998,1,0.832,
0.939,0.97,0.983,0.826,
0.965,0.992,1,0.826,
0.963,0.994,1,0.817,
0.957,0.98,0.989,0.813,
0.872,0.85,0.95,0.806,
0.975,0.996,1,0.829,
0.96,0.982,0.991,0.816,
0.955,0.972,1,0.812,
0.968,0.992,1,0.822,
0.906,0.917,0.993,0.814,
0.97,0.994,1,0.83,
0.942,0.976,1,0.811,
0.975,0.996,1,0.828,
0.959,0.992,1,0.831,
0.965,0.992,1,0.826,
0.917,0.952,1,0.793,
0.949,0.974,1,0.819,
0.97,0.995,1,0.829,
0.97,0.992,1,0.833,
0.943,0.955,0.992,0.817,
0.97,0.992,1,0.826,
0.899,0.942,0.973,0.717,
0.969,0.992,1,0.82,
0.979,0.997,1,0.833,
0.971,0.996,1,0.827,
0.911,0.901,1,0.801,
0.91,0.908,1,0.808,
0.974,0.992,1,0.835,
0.904,0.897,1,0.821,
0.972,0.991,1,0.832,
0.96,0.98,0.994,0.817,
0.951,0.958,1,0.829,
0.968,0.996,1,0.834,
0.881,0.881,1,0.764,
0.924,0.925,0.996,0.823,
0.911,0.919,1,0.805,
0.97,0.991,1,0.828,
0.943,0.95,1,0.829,
0.966,0.984,1,0.821,
0.976,0.994,0.999,0.832,
0.888,0.907,1,0.72,
0.937,0.956,1,0.816,
0.941,0.952,1,0.819,
0.945,0.967,1,0.825,
0.94,0.966,1,0.82,
0.924,0.955,1,0.798,
0.963,0.984,1,0.827,
0.974,0.997,1,0.826,
0.955,0.975,1,0.818,
0.965,0.99,1,0.831,
0.918,0.927,0.984,0.799,
0.973,0.996,1,0.828,
0.946,0.986,1,0.817,
0.946,0.963,1,0.83,
0.949,0.98,1,0.816,
0.885,0.902,1,0.735,
0.952,0.982,0.994,0.821,
0.96,0.982,0.995,0.822,
0.873,0.92,1,0.683,
0.893,0.897,1,0.785,
0.958,0.984,1,0.782,
0.969,0.986,0.999,0.794,
0.972,0.996,1,0.786,
0.946,0.962,1,0.779,
0.947,0.98,1,0.794,
0.962,0.986,1,0.78,
0.963,0.978,1,0.787,
0.953,0.96,1,0.788,
0.947,0.965,1,0.785,
0.96,0.982,1,0.785,
0.956,0.98,1,0.787,
0.967,0.992,1,0.801,
0.972,0.996,1,0.788,
0.96,0.988,1,0.772,
0.975,0.998,1,0.786,
0.967,0.986,1,0.787,
0.945,0.97,1,0.787,
0.949,0.975,1,0.777,
0.966,0.994,1,0.789,
0.961,0.99,1,0.78,
0.97,0.989,1,0.8,
0.911,0.915,0.993,0.808,
0.965,0.985,1,0.79,
0.95,0.963,1,0.789,
0.933,0.969,1,0.8,
0.962,0.984,1,0.795,
0.972,0.994,1,0.792,
0.956,0.976,1,0.775,
0.96,0.986,1,0.787,
0.954,0.987,1,0.789,
0.948,0.976,1,0.779,
0.976,0.998,1,0.794,
0.924,0.962,1,0.77,
0.897,0.889,1,0.776,
0.969,0.994,1,0.786,
0.943,0.967,0.999,0.808,
0.913,0.931,1,0.799,
0.888,0.874,1,0.813,
0.966,0.988,1,0.824,
0.933,0.932,1,0.808,
0.964,0.985,0.991,0.825,
0.968,0.996,1,0.818,
0.974,0.994,1,0.827,
0.928,0.952,1,0.805,
0.963,0.982,0.994,0.828,
0.944,0.976,0.998,0.817,
0.952,0.968,1,0.807,
0.971,0.994,1,0.834,
0.957,0.991,1,0.791,
0.92,0.935,0.989,0.793,
0.952,0.966,1,0.789,
0.899,0.905,0.954,0.782,
0.937,0.976,1,0.785,
0.962,0.984,1,0.79,
0.962,0.98,1,0.787,
0.969,0.988,1,0.784,
0.97,0.99,1,0.795,
0.959,0.991,1,0.789,
0.918,0.966,1,0.778,
0.963,0.991,1,0.783,
0.938,0.958,1,0.787,
0.949,0.971,1,0.785,
0.959,0.984,1,0.794,
0.965,0.995,1,0.775,
0.965,0.992,1,0.831,
0.914,0.931,1,0.809,
0.941,0.966,0.993,0.818,
0.976,0.996,1,0.84,
0.972,0.992,1,0.824,
0.946,0.98,1,0.822,
0.902,0.905,0.984,0.804,
0.974,0.996,1,0.828,
0.973,0.992,1,0.833,
0.962,0.99,1,0.824,
0.958,0.983,1,0.811,
0.96,0.993,1,0.808,
0.865,0.84,1,0.774,
0.962,0.984,1,0.832,
0.97,0.984,1,0.827,
0.944,0.97,1,0.82,


0.942,0.96,0.976,0.789,
0.904,0.929,0.953,0.787,
0.954,0.978,0.992,0.795,
0.926,0.931,0.984,0.791,
0.913,0.927,0.955,0.784,
0.937,0.958,0.987,0.779,
0.878,0.875,0.955,0.79,
0.884,0.897,0.949,0.788,
0.934,0.953,0.968,0.783,
0.953,0.961,1,0.796,
0.945,0.96,0.98,0.79,
0.918,0.933,0.977,0.796,
0.93,0.94,0.977,0.786,
0.929,0.936,1,0.79,
0.963,0.986,1,0.787,
0.908,0.933,1,0.722,
0.945,0.974,0.986,0.787,
0.924,0.935,0.973,0.793,
0.898,0.929,0.988,0.734,
0.935,0.95,0.969,0.789,
0.906,0.919,0.972,0.787,
0.946,0.966,0.987,0.795,
0.88,0.885,0.946,0.783,
0.934,0.964,0.979,0.769,
0.921,0.934,0.971,0.781,
0.884,0.892,0.925,0.779,
0.911,0.918,1,0.801,
0.963,0.982,0.993,0.793,
0.893,0.905,0.925,0.791,
0.94,0.958,0.98,0.794,
0.943,0.961,0.976,0.795,
0.944,0.946,1,0.82,
0.919,0.936,1,0.78,
0.947,0.97,0.981,0.794,
0.956,0.974,0.994,0.794,
0.955,0.972,0.991,0.79,
0.912,0.944,0.994,0.809,
0.92,0.939,0.988,0.774,
0.93,0.954,0.995,0.794,
0.923,0.938,0.98,0.778,
0.922,0.942,0.976,0.785,
0.926,0.941,0.974,0.784,
0.896,0.897,0.997,0.787,
0.922,0.94,0.959,0.781,
0.874,0.905,0.934,0.808,
0.914,0.931,0.949,0.781,
0.893,0.897,0.963,0.79,
0.946,0.958,0.993,0.79,
0.956,0.972,0.993,0.785,
0.894,0.903,0.944,0.784,
0.907,0.919,0.954,0.792,
0.937,0.954,0.984,0.784,
0.93,0.948,0.973,0.798,
0.946,0.972,0.987,0.809,
0.932,0.951,0.985,0.793,
0.93,0.954,0.973,0.788,
0.926,0.945,0.978,0.781,
0.902,0.915,0.932,0.785,
0.914,0.923,0.973,0.766,
0.905,0.924,0.977,0.785,
0.879,0.871,0.992,0.765,
0.903,0.929,0.971,0.773,
0.951,0.973,0.997,0.786,
0.925,0.95,0.981,0.785,
0.957,0.974,1,0.79,
0.935,0.956,1,0.816,
0.937,0.959,0.985,0.785,
0.921,0.927,0.98,0.796,
0.919,0.932,0.968,0.787,
0.929,0.952,0.974,0.782,
0.921,0.936,0.964,0.785,
0.943,0.96,0.981,0.789,
0.952,0.969,0.985,0.794,
0.927,0.947,0.971,0.783,
0.914,0.939,0.969,0.789,
0.906,0.929,0.953,0.787,
0.948,0.97,0.981,0.798,
0.91,0.948,0.984,0.729,
0.925,0.94,0.957,0.783,
0.897,0.909,0.921,0.791,
0.941,0.954,0.989,0.792,
0.902,0.917,0.935,0.786,
0.936,0.955,0.98,0.774,
0.942,0.954,0.988,0.795,
0.929,0.951,0.987,0.801,
0.923,0.942,0.971,0.783,
0.894,0.903,1,0.793,
0.926,0.935,0.977,0.792,
0.928,0.966,0.982,0.779,
0.947,0.982,0.994,0.802,
0.939,0.965,0.981,0.796,
0.932,0.948,0.964,0.779,
0.935,0.943,0.982,0.794,
0.879,0.889,0.973,0.783,
0.932,0.944,0.985,0.778,
0.952,0.97,0.986,0.793,
0.922,0.944,0.98,0.789,
0.923,0.935,0.983,0.781,
0.874,0.881,0.918,0.791,
0.88,0.864,0.972,0.802,
0.883,0.91,0.932,0.788,
0.918,0.937,0.962,0.778,
0.921,0.943,0.961,0.776,
0.901,0.905,0.949,0.785,
0.915,0.931,0.956,0.792,
0.94,0.962,0.983,0.797,
0.922,0.933,0.988,0.786,
0.945,0.962,0.994,0.799,
0.936,0.954,0.972,0.782,
0.949,0.964,1,0.795,
0.913,0.938,0.987,0.784,
0.924,0.939,0.973,0.768,
0.901,0.913,0.96,0.809,
0.912,0.925,0.965,0.785,
0.887,0.899,0.919,0.783,
0.911,0.925,0.954,0.788,
0.946,0.966,0.997,0.793,
0.882,0.909,0.96,0.75,
0.952,0.97,0.985,0.788,
0.923,0.94,0.975,0.787,
0.945,0.963,0.993,0.791,
0.931,0.948,0.986,0.792,
0.939,0.96,0.974,0.786,
0.932,0.954,0.983,0.79,
0.94,0.952,0.985,0.792,
0.949,0.964,0.999,0.788,
0.921,0.936,0.96,0.779,
0.941,0.958,0.986,0.787,
0.94,0.966,0.976,0.793,
0.919,0.932,0.961,0.794,
0.942,0.955,0.987,0.79,
0.909,0.921,0.953,0.793,
0.879,0.896,0.976,0.751,
0.902,0.925,0.976,0.732,
0.895,0.897,0.949,0.788,
0.926,0.943,0.97,0.771,
0.88,0.89,0.961,0.776,
0.954,0.972,0.99,0.797,
0.878,0.885,0.942,0.781,
0.893,0.911,0.944,0.792,
0.906,0.925,0.967,0.775,
0.875,0.883,0.948,0.805,
0.929,0.946,0.97,0.773,
0.929,0.939,0.989,0.801,
0.94,0.96,0.988,0.788,
0.924,0.947,0.977,0.785,
0.936,0.956,0.985,0.791,
0.951,0.972,0.987,0.802,
0.912,0.933,0.987,0.801,
0.921,0.943,0.957,0.791,
0.895,0.909,0.951,0.772,
0.952,0.982,0.995,0.797,
0.942,0.958,0.974,0.793,
0.935,0.95,0.977,0.784,
0.923,0.942,0.953,0.791,
0.895,0.921,0.959,0.784,
0.949,0.966,0.997,0.791,
0.924,0.942,0.966,0.791,
0.917,0.929,0.958,0.768,
0.906,0.904,0.974,0.794,
0.934,0.954,0.978,0.786,
0.955,0.979,0.997,0.8,
0.861,0.877,0.948,0.764,
0.951,0.966,0.989,0.78,
0.937,0.958,0.981,0.793,
0.937,0.956,0.985,0.795,
0.932,0.948,0.989,0.785,
0.907,0.923,0.95,0.781,
0.922,0.933,0.976,0.789,
0.944,0.968,0.99,0.808,
0.928,0.938,0.98,0.786,
0.888,0.902,0.973,0.78,
0.908,0.933,0.972,0.773,
0.946,0.962,0.989,0.791,
0.938,0.954,0.98,0.8,
0.907,0.925,0.958,0.774,
0.921,0.934,0.959,0.786,
0.946,0.967,0.996,0.789,
0.906,0.935,0.969,0.787,
0.952,0.967,0.985,0.793,
0.85,0.851,0.92,0.783,
0.874,0.871,0.942,0.781,
0.921,0.932,0.973,0.784,
0.923,0.944,0.964,0.791,
0.958,0.977,0.987,0.791,
0.954,0.97,0.991,0.787,
0.908,0.933,0.955,0.775,
0.89,0.89,0.995,0.758,
0.936,0.935,0.993,0.803,
0.933,0.954,0.972,0.779,
0.922,0.93,0.997,0.775,
0.911,0.93,0.977,0.767,
0.95,0.972,0.984,0.787,
0.944,0.96,1,0.823,
0.942,0.956,1,0.801,
0.931,0.952,0.977,0.783,
0.902,0.924,0.938,0.781,
0.914,0.931,0.946,0.782,
0.921,0.94,0.99,0.793,
0.935,0.958,0.986,0.782,
0.944,0.961,0.988,0.797,
0.938,0.952,0.993,0.781,
0.931,0.948,0.978,0.791,
0.894,0.905,0.954,0.776,
0.946,0.968,0.987,0.791,
0.864,0.902,1,0.709,
0.906,0.923,0.944,0.786,
0.88,0.893,0.917,0.78,
0.922,0.934,0.981,0.779,
0.926,0.94,0.958,0.786,
0.918,0.926,0.976,0.792,
0.929,0.944,0.975,0.794,
0.929,0.942,0.984,0.791,
0.915,0.923,0.961,0.775,
0.93,0.949,0.983,0.785,
0.944,0.959,0.988,0.791,
0.945,0.96,0.985,0.79,
0.938,0.958,0.995,0.782,
0.921,0.934,0.968,0.788,
0.917,0.931,0.954,0.772,
0.855,0.817,1,0.73,
0.875,0.883,0.921,0.794,
0.914,0.922,0.965,0.788,
0.955,0.973,1,0.796,
0.936,0.954,0.972,0.788,
0.867,0.871,0.935,0.802,
0.925,0.975,0.987,0.72,
0.937,0.959,0.971,0.787,
0.956,0.974,0.998,0.795,
0.887,0.915,0.959,0.784,
0.939,0.961,0.983,0.79,
0.94,0.958,0.992,0.802,
0.917,0.934,0.974,0.785,
0.933,0.946,0.976,0.79,
0.88,0.886,0.94,0.78,
0.945,0.956,0.99,0.79,
0.945,0.953,0.992,0.782,
0.888,0.899,0.939,0.787,
0.928,0.951,0.985,0.793,
0.867,0.881,0.912,0.782,
0.927,0.937,0.986,0.794,
0.921,0.933,0.971,0.777,
0.916,0.931,0.979,0.784,
0.934,0.952,0.959,0.786,
0.924,0.938,0.98,0.773,
0.921,0.937,0.959,0.79,
0.877,0.901,0.937,0.78,
0.926,0.935,0.96,0.789,
0.947,0.964,0.996,0.794,
0.909,0.927,0.948,0.78,
0.928,0.948,0.983,0.768,
0.858,0.863,0.914,0.787,
0.924,0.938,0.973,0.78,
0.949,0.976,1,0.789,
0.931,0.956,0.967,0.786,
0.959,0.981,1,0.802,
0.93,0.95,0.979,0.789,
0.917,0.927,0.966,0.779,
0.952,0.972,0.992,0.783,
0.917,0.935,0.983,0.791,
0.918,0.934,0.951,0.784,
0.928,0.942,0.982,0.792,
0.911,0.932,0.967,0.778,
0.91,0.955,0.982,0.725,
0.938,0.95,0.977,0.79,
0.938,0.957,0.993,0.791,
0.95,0.969,0.993,0.791,
0.944,0.97,0.991,0.792,
0.924,0.941,0.963,0.788,
0.935,0.948,0.999,0.787,
0.951,0.974,0.983,0.781,
0.926,0.949,0.978,0.8,
0.917,0.928,0.961,0.786,
0.93,0.958,0.977,0.789,
0.943,0.962,0.982,0.78,
0.882,0.899,0.982,0.7,
0.918,0.927,0.972,0.779,
0.932,0.953,0.987,0.789,
0.933,0.948,0.968,0.79,
0.933,0.95,0.973,0.789,
0.883,0.909,0.923,0.772,
0.96,0.982,0.999,0.798,
0.922,0.939,0.971,0.787,
0.91,0.922,0.975,0.786,
0.93,0.94,0.971,0.791,
0.935,0.958,0.976,0.781,
0.907,0.921,0.962,0.79,
0.919,0.933,0.946,0.786,
0.902,0.905,0.973,0.794,
0.932,0.954,0.977,0.789,
0.942,0.966,0.984,0.787,
0.92,0.938,0.969,0.787,
0.921,0.939,0.958,0.793,
0.945,0.962,0.973,0.787,
0.916,0.932,0.959,0.777,
0.914,0.936,0.997,0.755,
0.914,0.941,0.984,0.75,
0.952,0.974,0.991,0.792,
0.866,0.884,0.979,0.725,
0.908,0.946,0.973,0.724,
0.944,0.958,0.987,0.795,
0.899,0.926,0.948,0.777,
0.944,0.956,0.994,0.794,
0.87,0.889,0.922,0.788,
0.884,0.899,0.943,0.779,
0.933,0.948,0.983,0.789,
0.913,0.922,0.955,0.789,
0.94,0.978,0.993,0.791,
0.958,0.98,0.994,0.795,
0.945,0.97,0.992,0.799,
0.903,0.929,0.953,0.778,
0.879,0.879,0.934,0.803,
0.92,0.942,0.957,0.794,
0.943,0.966,0.98,0.783,
0.919,0.947,0.971,0.787,
0.94,0.952,0.983,0.79,
0.948,0.96,0.994,0.79,
0.928,0.96,0.979,0.788,
0.895,0.897,0.986,0.814,
0.938,0.956,0.986,0.789,
0.933,0.941,0.989,0.786,
0.937,0.953,1,0.791,
0.882,0.876,0.997,0.745,
0.921,0.944,0.969,0.785,
0.92,0.94,0.991,0.783,
0.916,0.941,0.981,0.763,
0.926,0.943,0.976,0.778,
0.924,0.936,1,0.786,
0.944,0.968,0.99,0.78,
0.91,0.923,0.951,0.781,
0.903,0.907,0.979,0.795,
0.944,0.965,0.995,0.793,
0.928,0.942,0.981,0.795,
0.903,0.931,0.982,0.773,
0.94,0.964,0.99,0.798,
0.865,0.893,0.947,0.738,
0.876,0.901,0.95,0.772,
0.922,0.935,0.964,0.788,
0.938,0.963,0.981,0.794,
0.896,0.909,0.935,0.783,
0.943,0.962,0.989,0.79,
0.889,0.893,0.943,0.778,
0.947,0.968,0.982,0.796,
0.928,0.959,0.973,0.784,
0.929,0.952,0.973,0.782,
0.93,0.947,0.988,0.794,
0.871,0.882,0.931,0.776,
0.938,0.957,0.984,0.781,
0.936,0.951,0.981,0.79,
0.944,0.968,0.98,0.796,
0.915,0.934,0.96,0.776,
0.938,0.958,0.986,0.784,
0.951,0.961,0.996,0.785,
0.936,0.957,0.982,0.794,
0.953,0.974,0.993,0.797,
0.914,0.936,0.962,0.776,
0.913,0.919,0.954,0.786,
0.868,0.889,1,0.734,
0.891,0.901,0.927,0.789,
0.89,0.892,0.95,0.786,
0.939,0.953,0.976,0.77,
0.935,0.956,0.983,0.788,
0.945,0.968,1,0.794,
0.917,0.926,0.967,0.775,
0.932,0.941,0.981,0.783,
0.88,0.892,0.928,0.778,
0.894,0.906,0.936,0.793,
0.929,0.952,0.972,0.777,
0.897,0.919,0.954,0.789,
0.96,0.973,1,0.817,
0.941,0.971,0.988,0.791,
0.903,0.911,0.968,0.791,
0.94,0.958,0.974,0.797,
0.848,0.859,0.89,0.773,
0.886,0.917,0.981,0.779,
0.924,0.95,0.976,0.781,
0.92,0.95,0.994,0.789,
0.936,0.957,0.98,0.794,
0.944,0.967,0.979,0.794,
0.94,0.954,0.979,0.78,
0.905,0.917,0.991,0.772,
0.914,0.933,0.973,0.776,
0.909,0.934,0.967,0.788,
0.943,0.956,0.997,0.788,
0.893,0.901,0.931,0.792,
0.909,0.919,0.95,0.79,
0.894,0.905,0.967,0.777,
0.937,0.949,0.995,0.791,
0.922,0.927,0.983,0.781,
0.947,0.967,0.981,0.787,
0.939,0.942,1,0.794,
0.893,0.905,0.95,0.784,
0.942,0.965,0.986,0.786,
0.928,0.946,0.983,0.79,
0.931,0.96,0.982,0.794,
0.904,0.94,0.975,0.696,
0.951,0.97,0.988,0.788,
0.903,0.912,0.983,0.781,
0.865,0.861,0.934,0.779,
0.927,0.933,0.981,0.789,
0.928,0.943,0.979,0.793,
0.897,0.903,0.944,0.785,
0.923,0.939,0.969,0.78,
0.909,0.918,1,0.783,
0.885,0.869,0.977,0.79,
0.948,0.972,0.988,0.798,
0.935,0.958,0.978,0.796,
0.897,0.901,0.993,0.791,
0.945,0.979,1,0.803,
0.956,0.972,0.996,0.795,
0.878,0.891,0.936,0.785,
0.892,0.897,0.958,0.777,
0.928,0.942,0.976,0.785,
0.919,0.927,0.986,0.798,
0.927,0.94,0.992,0.784,
0.941,0.958,0.993,0.786,
0.911,0.93,0.967,0.781,
0.955,0.966,1,0.815,
0.916,0.93,0.949,0.776,
0.921,0.933,0.962,0.788,
0.929,0.945,0.968,0.781,
0.908,0.921,0.986,0.78,
0.903,0.923,0.935,0.794,
0.91,0.921,0.967,0.786,
0.86,0.871,0.899,0.784,
0.927,0.946,0.972,0.778,
0.932,0.948,0.984,0.796,
0.857,0.851,0.907,0.785,
0.916,0.942,0.974,0.788,
0.949,0.962,0.993,0.791,
0.928,0.942,0.971,0.79,
0.95,0.972,0.982,0.792,
0.926,0.948,0.963,0.787,
0.93,0.942,0.973,0.79,
0.897,0.909,0.927,0.777,
0.93,0.953,0.978,0.788,
0.922,0.948,0.981,0.785,
0.934,0.954,0.979,0.788,
0.879,0.887,0.958,0.797,
0.931,0.953,0.976,0.785,
0.947,0.967,0.984,0.801,
0.913,0.923,0.975,0.802,
0.935,0.944,0.983,0.782,
0.921,0.946,0.975,0.792,
0.936,0.964,0.975,0.795,
0.939,0.954,0.976,0.791,
0.913,0.932,0.954,0.784,
0.922,0.934,0.961,0.785,
0.893,0.921,0.93,0.787,
0.939,0.959,1,0.785,
0.924,0.933,0.975,0.787,
0.933,0.96,0.984,0.797,
0.95,0.973,0.987,0.79,
0.95,0.964,0.987,0.79,
0.909,0.934,1,0.77,
0.878,0.879,0.944,0.79,
0.927,0.948,0.985,0.799,
0.929,0.944,0.987,0.791,
0.948,0.97,0.981,0.786,
0.937,0.958,0.983,0.794,
0.917,0.923,0.996,0.795,
0.917,0.943,0.982,0.784,
0.906,0.923,0.954,0.774,
0.934,0.951,0.971,0.791,
0.936,0.954,0.978,0.781,
0.925,0.926,0.971,0.791,
0.945,0.966,1,0.786,
0.942,0.958,1,0.782,
0.934,0.951,0.973,0.782,
0.944,0.964,0.989,0.8,
0.915,0.925,0.963,0.787,
0.945,0.964,0.986,0.792,
0.933,0.964,0.976,0.79,
0.94,0.956,0.988,0.79,
0.917,0.934,0.955,0.783,
0.952,0.971,0.984,0.791,
0.946,0.968,0.989,0.791,
0.931,0.956,0.987,0.788,
0.916,0.928,0.973,0.783,
0.914,0.937,0.965,0.768,
0.886,0.881,0.954,0.796,
0.879,0.891,0.929,0.785,
0.867,0.863,0.945,0.771,
0.93,0.951,0.99,0.78,
0.936,0.95,0.971,0.779,
0.933,0.952,0.977,0.789,
0.93,0.946,0.967,0.79,
0.961,0.978,0.991,0.792,
0.89,0.891,0.942,0.786,
0.941,0.962,0.99,0.795,
0.914,0.917,0.981,0.778,
0.885,0.898,1,0.704,
0.899,0.915,0.972,0.769,
0.9,0.92,0.953,0.785,
0.937,0.954,0.978,0.781,
0.931,0.949,0.989,0.786,
0.942,0.956,0.972,0.784,
0.942,0.962,0.986,0.776,
0.905,0.913,0.948,0.793,
0.926,0.94,0.957,0.786,
0.933,0.954,0.976,0.794,
0.933,0.942,0.971,0.795,
0.915,0.929,0.95,0.781,
0.945,0.964,0.994,0.777,
0.872,0.877,0.933,0.771,
0.946,0.965,0.984,0.786,
0.921,0.935,0.968,0.788,
0.946,0.967,0.991,0.788,
0.906,0.947,0.969,0.725,
0.951,0.971,0.983,0.787,
0.907,0.927,0.979,0.788,
0.926,0.944,0.981,0.771,
0.929,0.947,1,0.827,
0.932,0.953,0.995,0.797,
0.948,0.962,0.987,0.795,
0.901,0.925,0.973,0.777,
0.915,0.938,0.959,0.796,
0.911,0.933,0.985,0.815,
0.944,0.96,1,0.803,
0.925,0.948,0.972,0.786,
0.852,0.864,0.892,0.783,
0.902,0.909,0.97,0.77,
0.927,0.946,0.967,0.793,
0.945,0.958,0.994,0.798,
0.925,0.938,0.959,0.794,
0.943,0.955,0.997,0.784,
0.917,0.935,0.962,0.79,
0.905,0.923,0.942,0.782,
0.933,0.948,0.983,0.787,
0.92,0.945,0.983,0.773,
0.929,0.966,0.977,0.781,
0.939,0.958,0.98,0.783,
0.919,0.945,0.977,0.79,
0.92,0.933,0.962,0.801,
0.904,0.931,0.971,0.78,
0.939,0.956,0.971,0.79,
0.94,0.948,0.994,0.83,
0.901,0.929,0.953,0.806,
0.963,0.976,1,0.817,
0.942,0.962,0.994,0.835,
0.938,0.964,0.997,0.83,
0.915,0.933,0.997,0.795,
0.909,0.912,0.961,0.808,
0.902,0.918,0.983,0.795,
0.954,0.976,0.993,0.818,
0.916,0.938,0.977,0.805,
0.962,0.982,0.997,0.813,
0.898,0.941,0.985,0.673,
0.919,0.913,0.993,0.807,
0.95,0.968,0.994,0.832,
0.91,0.905,1,0.802,
0.916,0.94,0.977,0.831,
0.954,0.968,0.994,0.833,
0.888,0.89,1,0.731,
0.891,0.897,1,0.781,
0.896,0.9,0.976,0.819,
0.878,0.871,0.998,0.781,
0.904,0.925,0.976,0.764,
0.94,0.951,1,0.822,
0.857,0.873,0.948,0.662,
0.947,0.962,1,0.82,
0.867,0.881,0.986,0.699,
0.963,0.986,0.996,0.839,
0.939,0.949,0.993,0.814,
0.927,0.935,0.993,0.817,
0.938,0.952,1,0.828,
0.93,0.956,0.996,0.818,
0.929,0.935,0.974,0.823,
0.854,0.876,0.948,0.784,
0.915,0.931,0.975,0.819,
0.949,0.974,1,0.825,
0.906,0.911,0.951,0.818,
0.869,0.908,0.97,0.657,
0.951,0.965,0.982,0.828,
0.924,0.917,0.997,0.828,
0.929,0.97,1,0.793,
0.95,0.982,1,0.822,
0.901,0.901,0.993,0.812,
0.906,0.896,0.987,0.825,
0.941,0.948,1,0.825,
0.95,0.96,0.989,0.826,
0.887,0.867,0.995,0.797,
0.938,0.94,1,0.832,
0.95,0.972,0.984,0.818,
0.907,0.907,0.973,0.825,
0.909,0.923,1,0.795,
0.959,0.982,0.999,0.828,
0.971,0.987,1,0.83,
0.953,0.97,0.998,0.819,
0.942,0.958,0.989,0.813,
0.917,0.934,0.954,0.827,
0.933,0.97,0.986,0.813,
0.935,0.95,0.988,0.818,
0.893,0.901,0.953,0.803,
0.907,0.927,1,0.678,
0.916,0.925,0.965,0.828,
0.923,0.956,1,0.81,
0.928,0.929,1,0.825,
0.927,0.942,0.98,0.827,
0.921,0.952,1,0.809,
0.927,0.943,1,0.825,
0.876,0.901,0.949,0.767,
0.952,0.966,0.995,0.833,
0.934,0.958,0.996,0.83,
0.952,0.973,0.986,0.832,
0.897,0.904,0.957,0.801,
0.932,0.933,0.985,0.835,
0.941,0.958,1,0.833,
0.904,0.922,0.974,0.794,
0.901,0.92,0.988,0.736,
0.928,0.943,0.982,0.812,
0.932,0.934,1,0.82,
0.924,0.933,0.961,0.826,
0.945,0.952,1,0.819,
0.897,0.912,0.952,0.81,
0.863,0.876,1,0.725,
0.928,0.938,0.996,0.83,
0.924,0.956,0.99,0.738,
0.903,0.912,0.983,0.813,
0.954,0.984,0.998,0.839,
0.939,0.958,0.992,0.833,
0.917,0.922,0.966,0.824,
0.913,0.948,0.963,0.81,
0.964,0.984,0.997,0.813,
0.926,0.938,1,0.816,
0.951,0.976,0.999,0.833,
0.924,0.931,0.986,0.822,
0.913,0.937,0.989,0.756,
0.953,0.966,1,0.818,
0.91,0.945,0.993,0.726,
0.935,0.954,0.972,0.83,
0.917,0.942,1,0.811,
0.873,0.888,0.904,0.807,
0.947,0.97,0.991,0.834,
0.929,0.96,0.99,0.812,
0.933,0.944,0.974,0.826,
0.952,0.974,1,0.829,
0.935,0.942,1,0.818,
0.913,0.915,0.994,0.813,
0.901,0.932,0.977,0.791,
0.944,0.962,0.982,0.821,
0.947,0.956,1,0.828,
0.874,0.839,0.981,0.783,
0.926,0.943,0.972,0.816,
0.916,0.919,0.976,0.819,
0.923,0.929,1,0.82,
0.923,0.948,1,0.816,
0.932,0.942,1,0.817,
0.879,0.891,1,0.74,
0.943,0.956,0.974,0.824,
0.938,0.954,0.993,0.824,
0.9,0.904,0.994,0.751,
0.957,0.975,0.996,0.822,
0.806,0.804,0.991,0.553,
0.942,0.958,0.989,0.82,
0.902,0.913,0.958,0.828,
0.928,0.939,1,0.817,
0.912,0.931,1,0.812,
0.958,0.976,0.999,0.832,
0.945,0.965,0.993,0.819,
0.914,0.933,1,0.807,
0.914,0.943,1,0.825,
0.931,0.931,1,0.819,
0.927,0.941,0.985,0.82,
0.914,0.935,1,0.759,
0.932,0.963,1,0.813,
0.922,0.928,1,0.821,
0.93,0.936,0.986,0.818,
0.897,0.923,0.979,0.789,
0.952,0.968,1,0.823,
0.887,0.942,0.99,0.653,
0.946,0.947,0.998,0.83,
0.911,0.912,0.973,0.819,
0.943,0.964,0.991,0.803,
0.912,0.921,0.979,0.794,
0.903,0.905,1,0.809,
0.961,0.974,1,0.829,
0.946,0.971,0.981,0.831,
0.898,0.902,0.959,0.817,
0.896,0.899,0.953,0.819,
0.91,0.919,0.972,0.826,
0.897,0.931,1,0.743,
0.918,0.923,1,0.815,
0.909,0.921,0.967,0.808,
0.95,0.963,1,0.828,
0.962,0.984,0.995,0.828,
0.911,0.916,1,0.816,
0.919,0.934,0.992,0.812,
0.9,0.903,1,0.817,
0.914,0.927,1,0.819,
0.939,0.946,0.995,0.829,
0.919,0.939,0.977,0.811,
0.927,0.949,1,0.8,
0.93,0.936,0.984,0.813,
0.94,0.942,0.996,0.819,
0.952,0.962,0.986,0.835,
0.952,0.98,0.999,0.836,
0.923,0.929,0.961,0.824,
0.96,0.978,0.993,0.834,
0.913,0.921,0.978,0.81,
0.887,0.891,0.988,0.778,
0.955,0.971,0.987,0.833,
0.865,0.875,0.951,0.76,
0.928,0.939,0.975,0.832,
0.919,0.949,1,0.808,
0.964,0.986,1,0.831,
0.93,0.936,1,0.815,
0.931,0.95,0.985,0.824,
0.933,0.944,1,0.813,
0.851,0.855,0.991,0.68,
0.941,0.971,0.993,0.829,
0.923,0.928,1,0.814,
0.913,0.946,0.971,0.778,
0.95,0.964,1,0.825,
0.89,0.888,0.989,0.783,
0.923,0.944,0.992,0.808,
0.9,0.93,0.979,0.764,
0.887,0.875,1,0.801,
0.95,0.97,0.992,0.837,
0.937,0.938,1,0.823,
0.939,0.945,1,0.818,
0.913,0.919,0.969,0.823,
0.924,0.933,0.986,0.82,
0.901,0.902,0.997,0.818,
0.948,0.969,0.994,0.826,
0.944,0.974,0.995,0.816,
0.919,0.935,0.979,0.805,
0.942,0.942,0.997,0.824,
0.93,0.956,1,0.818,
0.96,0.978,0.994,0.825,
0.935,0.949,0.993,0.821,
0.941,0.95,0.998,0.822,
0.922,0.952,0.992,0.789,
0.918,0.917,0.992,0.832,
0.955,0.984,1,0.829,
0.926,0.96,0.979,0.807,
0.944,0.948,1,0.818,
0.908,0.941,0.978,0.791,
0.924,0.934,1,0.816,
0.917,0.925,0.948,0.824,
0.888,0.907,0.953,0.811,
0.944,0.98,0.998,0.769,
0.924,0.946,0.994,0.793,
0.965,0.986,1,0.835,
0.948,0.956,0.987,0.833,
0.924,0.936,0.962,0.824,
0.95,0.98,1,0.827,
0.932,0.964,0.984,0.83,
0.948,0.951,1,0.823,
0.898,0.907,0.95,0.815,
0.912,0.919,0.98,0.809,
0.905,0.919,0.971,0.828,
0.946,0.96,0.998,0.835,
0.918,0.916,0.981,0.834,
0.928,0.942,1,0.817,
0.902,0.913,0.968,0.818,
0.899,0.899,0.969,0.8,
0.926,0.944,0.993,0.823,
0.922,0.927,0.986,0.805,
0.929,0.946,1,0.823,
0.943,0.959,1,0.82,
0.919,0.935,0.982,0.796,
0.928,0.939,0.973,0.823,
0.946,0.97,0.993,0.83,
0.928,0.946,0.986,0.809,
0.945,0.964,0.974,0.82,
0.949,0.979,1,0.832,
0.938,0.958,0.997,0.836,
0.942,0.954,0.989,0.827,
0.951,0.965,0.995,0.831,
0.923,0.927,1,0.821,
0.922,0.95,0.98,0.803,
0.936,0.949,0.996,0.82,
0.937,0.946,0.985,0.818,
0.905,0.938,0.97,0.671,
0.91,0.94,0.954,0.821,
0.922,0.914,0.995,0.827,
0.92,0.956,0.999,0.727,
0.917,0.928,1,0.839,
0.913,0.927,0.965,0.817,
0.931,0.944,0.996,0.82,
0.907,0.919,0.959,0.81,
0.846,0.893,1,0.682,
0.901,0.897,0.961,0.822,
0.943,0.973,0.992,0.823,
0.883,0.896,0.98,0.723,
0.952,0.958,1,0.836,
0.947,0.969,1,0.812,
0.94,0.954,0.993,0.812,
0.958,0.978,0.993,0.826,
0.895,0.898,0.992,0.83,
0.928,0.948,1,0.822,
0.959,0.982,0.994,0.819,
0.891,0.873,1,0.817,
0.896,0.892,1,0.777,
0.894,0.894,1,0.802,
0.909,0.927,0.968,0.821,
0.942,0.958,0.991,0.822,
0.909,0.915,0.987,0.824,
0.927,0.951,0.976,0.823,
0.923,0.96,1,0.797,
0.879,0.882,0.93,0.82,
0.894,0.889,0.963,0.826,
0.911,0.919,0.988,0.809,
0.943,0.957,0.992,0.829,
0.933,0.949,0.989,0.818,
0.926,0.943,0.984,0.825,
0.869,0.895,0.967,0.712,
0.921,0.926,0.975,0.823,
0.89,0.915,0.969,0.749,
0.918,0.946,0.961,0.789,
0.903,0.92,0.994,0.818,
0.945,0.97,0.999,0.826,
0.935,0.934,1,0.827,
0.928,0.937,1,0.817,
0.914,0.921,0.971,0.822,
0.859,0.877,0.906,0.785,
0.92,0.932,1,0.813,
0.919,0.938,0.968,0.81,
0.92,0.944,0.995,0.81,
0.953,0.964,0.989,0.807,
0.919,0.926,0.957,0.828,
0.944,0.974,1,0.822,
0.942,0.968,0.988,0.825,
0.921,0.938,1,0.812,
0.919,0.932,0.972,0.813,
0.89,0.901,0.95,0.809,
0.912,0.921,0.98,0.834,
0.931,0.942,1,0.828,
0.926,0.928,1,0.823,
0.906,0.952,1,0.641,
0.886,0.908,0.96,0.778,
0.918,0.933,0.978,0.8,
0.88,0.909,0.991,0.731,
0.899,0.897,0.973,0.806,
0.92,0.928,0.96,0.829,
0.944,0.955,1,0.824,
0.91,0.905,1,0.794,
0.912,0.917,0.973,0.828,
0.9,0.935,0.98,0.718,
0.906,0.906,0.966,0.8,
0.942,0.952,1,0.824,
0.89,0.905,1,0.742,
0.94,0.949,0.991,0.828,
0.922,0.956,0.987,0.805,
0.94,0.958,0.993,0.838,
0.911,0.933,1,0.722,
0.925,0.933,0.997,0.815,
0.954,0.978,0.999,0.82,
0.935,0.965,0.978,0.832,
0.924,0.935,0.978,0.827,
0.949,0.962,1,0.815,
0.928,0.943,1,0.809,
0.918,0.927,0.975,0.82,
0.939,0.944,1,0.825,
0.932,0.942,0.991,0.818,
0.893,0.916,0.953,0.76,
0.957,0.976,1,0.821,
0.925,0.948,0.981,0.815,
0.904,0.913,0.975,0.829,
0.899,0.901,1,0.818,
0.934,0.951,0.966,0.829,
0.912,0.919,0.965,0.817,
0.935,0.958,1,0.813,
0.858,0.823,1,0.76,
0.933,0.927,0.998,0.826,
0.94,0.948,1,0.817,
0.918,0.919,0.995,0.813,
0.94,0.954,0.996,0.82,
0.901,0.957,1,0.707,
0.965,0.988,1,0.83,
0.941,0.969,0.982,0.812,
0.965,0.978,0.996,0.83,
0.916,0.937,0.991,0.829,
0.919,0.932,0.981,0.825,
0.909,0.929,0.986,0.798,
0.94,0.954,0.98,0.817,
0.952,0.978,0.992,0.832,
0.949,0.965,0.993,0.831,
0.877,0.866,1,0.748,
0.935,0.95,0.963,0.829,
0.888,0.901,1,0.751,
0.93,0.95,0.988,0.82,
0.942,0.96,0.988,0.836,
0.906,0.897,0.985,0.828,
0.885,0.895,0.999,0.767,
0.91,0.912,0.977,0.805,
0.964,0.983,0.998,0.837,
0.918,0.944,0.994,0.82,
0.928,0.938,0.958,0.832,
0.943,0.95,1,0.817,
0.906,0.881,0.998,0.824,
0.95,0.962,0.993,0.834,
0.904,0.916,0.984,0.767,
0.925,0.936,1,0.828,
0.91,0.948,0.987,0.784,
0.931,0.945,0.967,0.827,
0.938,0.956,1,0.828,
0.915,0.917,1,0.826,
0.955,0.96,1,0.831,
0.905,0.919,0.976,0.806,
0.878,0.882,0.924,0.816,
0.899,0.911,0.993,0.76,
0.924,0.954,0.982,0.822,
0.908,0.901,0.999,0.813,
0.923,0.952,1,0.798,
0.929,0.93,0.988,0.827,
0.946,0.966,0.994,0.825,
0.958,0.98,0.987,0.823,
0.921,0.913,0.998,0.829,
0.909,0.941,1,0.727,
0.899,0.889,0.961,0.831,
0.902,0.906,0.994,0.799,
0.946,0.98,0.999,0.833,
0.926,0.939,0.995,0.81,
0.894,0.937,0.965,0.742,
0.943,0.957,1,0.824,
0.944,0.962,1,0.819,
0.905,0.918,0.979,0.778,
0.888,0.895,0.976,0.767,
0.926,0.945,0.972,0.786,
0.958,0.978,1,0.794,
0.919,0.938,0.974,0.784,
0.937,0.95,0.985,0.781,
0.925,0.94,0.965,0.793,
0.918,0.934,0.963,0.785,
0.937,0.96,0.988,0.787,
0.943,0.956,0.981,0.788,
0.943,0.959,0.986,0.785,
0.937,0.951,0.98,0.785,
0.927,0.936,0.975,0.785,
0.938,0.951,0.979,0.8,
0.939,0.953,0.982,0.79,
0.891,0.911,0.955,0.772,
0.929,0.945,0.972,0.788,
0.924,0.938,0.967,0.789,
0.88,0.865,0.974,0.787,
0.9,0.907,0.964,0.778,
0.926,0.948,0.972,0.786,
0.899,0.908,0.932,0.781,
0.953,0.966,0.992,0.795,
0.917,0.903,1,0.808,
0.926,0.954,0.979,0.79,
0.94,0.948,0.985,0.788,
0.871,0.886,0.937,0.797,
0.907,0.931,0.98,0.795,
0.9,0.917,0.946,0.79,
0.95,0.974,0.991,0.778,
0.907,0.911,0.969,0.79,
0.905,0.925,0.968,0.79,
0.929,0.94,0.991,0.782,
0.942,0.96,0.982,0.796,
0.933,0.962,0.981,0.817,
0.918,0.927,0.998,0.795,
0.937,0.956,0.973,0.788,
0.942,0.974,1,0.808,
0.875,0.879,0.972,0.757,
0.892,0.939,0.998,0.753,
0.948,0.968,0.997,0.824,
0.938,0.958,0.985,0.806,
0.953,0.984,1,0.825,
0.869,0.885,0.905,0.811,
0.967,0.98,0.998,0.826,
0.875,0.885,0.914,0.803,
0.946,0.957,1,0.828,
0.93,0.982,1,0.834,
0.907,0.912,0.945,0.802,
0.939,0.954,0.99,0.836,
0.918,0.943,0.987,0.793,
0.958,0.98,1,0.792,
0.913,0.934,0.95,0.789,
0.89,0.903,1,0.782,
0.874,0.879,0.896,0.785,
0.937,0.96,0.971,0.789,
0.931,0.942,0.971,0.788,
0.949,0.974,0.984,0.788,
0.946,0.97,0.976,0.794,
0.902,0.913,0.941,0.789,
0.922,0.946,0.981,0.776,
0.949,0.966,0.996,0.783,
0.858,0.863,0.948,0.787,
0.94,0.968,0.993,0.785,
0.909,0.921,0.948,0.79,
0.928,0.947,0.975,0.775,
0.936,0.961,0.993,0.831,
0.896,0.871,0.994,0.816,
0.927,0.917,1,0.818,
0.947,0.964,0.994,0.838,
0.923,0.935,0.982,0.824,
0.931,0.952,0.996,0.82,
0.928,0.939,1,0.804,
0.917,0.925,0.961,0.827,
0.926,0.933,0.973,0.831,
0.904,0.913,0.976,0.82,
0.905,0.932,0.974,0.81,
0.906,0.915,0.979,0.807,
0.826,0.825,0.991,0.668,
0.942,0.952,0.98,0.831,
0.942,0.954,0.985,0.831,
0.925,0.95,0.993,0.82,




Further Data analysis of all test cases 
avg med max min 
AVGs,0.665,0.675,0.718,0.576,
MEDs,0.655,0.671,0.715,0.556,
MAXs,0.762,0.756,0.797,0.728,
MINs,0.637,0.647,0.699,0.496,


AVGs,0.952,0.958,0.98,0.827,
MEDs,0.972,0.982,0.999,0.84,
MAXs,0.999,1,1,0.95,
MINs,0.799,0.794,0.84,0.553,


AVGs,0.922,0.926,0.971,0.806,
MEDs,0.938,0.942,0.988,0.804,
MAXs,0.979,0.983,1,0.89,
MINs,0.795,0.792,0.839,0.553,



