0.548,0.303,0.048,0.1,198.0,
0.556,0.293,0.051,0.1,308.0,
0.616,0.23,0.054,0.1,264.0,
0.52,0.337,0.043,0.1,184.0,
0.719,0.171,0.01,0.1,111.0,
0.614,0.286,0.0,0.1,150.0,
0.65,0.225,0.025,0.1,223.0,
0.441,0.378,0.081,0.1,254.0,
0.572,0.28,0.048,0.1,173.0,
0.748,0.152,0.0,0.1,147.0,
0.459,0.364,0.077,0.1,344.0,
0.589,0.248,0.063,0.1,194.0,
0.576,0.288,0.035,0.1,220.0,
0.791,0.104,0.004,0.1,100.0,
0.571,0.262,0.068,0.1,221.0,
0.65,0.223,0.028,0.1,235.0,
0.71,0.171,0.019,0.1,191.0,
0.759,0.126,0.015,0.1,229.0,
0.739,0.161,0.0,0.1,88.0,
0.467,0.344,0.089,0.1,261.0,
0.72,0.168,0.012,0.1,159.0,
0.65,0.231,0.019,0.1,247.0,
0.622,0.243,0.035,0.1,157.0,
0.709,0.186,0.005,0.1,110.0,
0.609,0.265,0.026,0.1,188.0,
0.57,0.293,0.037,0.1,208.0,
0.671,0.229,0.0,0.1,60.0,
0.722,0.151,0.027,0.1,300.0,
0.507,0.324,0.068,0.1,315.0,
0.488,0.348,0.064,0.1,231.0,
0.476,0.388,0.037,0.1,293.0,
0.641,0.259,0.0,0.1,98.0,
0.606,0.294,0.0,0.1,80.0,
0.507,0.332,0.061,0.1,391.0,
0.795,0.105,0.0,0.1,98.0,
0.568,0.265,0.068,0.1,236.0,
0.662,0.233,0.005,0.1,119.0,
0.708,0.192,0.0,0.1,70.0,
0.696,0.191,0.013,0.1,140.0,
0.658,0.213,0.029,0.1,202.0,
0.719,0.181,0.0,0.1,131.0,
0.662,0.202,0.036,0.1,289.0,
0.742,0.158,0.0,0.1,90.0,
0.636,0.22,0.044,0.1,153.0,
0.489,0.378,0.033,0.1,101.0,
0.525,0.338,0.037,0.1,310.0,
0.577,0.274,0.048,0.1,198.0,
0.796,0.104,0.0,0.1,140.0,
0.719,0.165,0.016,0.1,200.0,
0.72,0.175,0.005,0.1,100.0,
0.572,0.256,0.072,0.1,281.0,
0.731,0.146,0.023,0.1,218.0,
0.664,0.218,0.018,0.1,239.0,
0.692,0.204,0.004,0.1,160.0,
0.679,0.206,0.015,0.1,229.0,
0.656,0.217,0.027,0.1,297.0,
0.621,0.258,0.021,0.1,142.0,
0.539,0.316,0.045,0.1,238.0,
0.606,0.289,0.006,0.1,110.0,
0.745,0.133,0.021,0.1,205.0,
0.446,0.454,0.0,0.1,50.0,
0.686,0.205,0.01,0.1,120.0,
0.79,0.1,0.01,0.1,159.0,
0.748,0.152,0.0,0.1,100.0,
0.786,0.1,0.014,0.1,148.0,
0.606,0.294,0.0,0.1,79.0,
0.723,0.152,0.025,0.1,328.0,
0.706,0.182,0.012,0.1,217.0,
0.653,0.2,0.047,0.1,266.0,
0.706,0.194,0.0,0.1,100.0,
0.531,0.312,0.057,0.1,303.0,
0.289,0.5,0.111,0.1,287.0,
0.603,0.258,0.039,0.1,209.0,
0.688,0.206,0.006,0.1,80.0,
0.498,0.351,0.051,0.1,312.0,
0.676,0.204,0.02,0.1,165.0,
0.318,0.494,0.088,0.1,254.0,
0.67,0.23,0.0,0.1,119.0,
0.343,0.463,0.095,0.1,312.0,
0.368,0.437,0.095,0.1,334.0,
0.812,0.085,0.003,0.1,200.0,
0.414,0.373,0.114,0.1,268.0,
0.795,0.105,0.0,0.1,87.0,
0.388,0.402,0.11,0.1,405.0,
0.651,0.217,0.032,0.1,321.0,
0.796,0.104,0.0,0.1,149.0,
0.474,0.384,0.042,0.1,120.0,
0.673,0.207,0.02,0.1,56.0,
0.811,0.089,0.0,0.1,100.0,
0.584,0.276,0.041,0.1,341.0,
0.602,0.241,0.057,0.1,330.0,
0.65,0.217,0.033,0.1,151.0,
0.635,0.248,0.017,0.1,130.0,
0.539,0.344,0.017,0.1,110.0,
0.645,0.255,0.0,0.1,99.0,
0.258,0.542,0.1,0.1,356.0,
0.564,0.285,0.051,0.1,305.0,
0.811,0.086,0.004,0.1,175.0,
0.653,0.247,0.0,0.1,80.0,
0.696,0.173,0.031,0.1,148.0,
0.731,0.146,0.023,0.1,179.0,
0.693,0.2,0.007,0.1,176.0,
0.564,0.268,0.068,0.1,190.0,
0.688,0.212,0.0,0.1,100.0,
0.449,0.394,0.057,0.1,267.0,
0.613,0.223,0.064,0.1,253.0,
0.658,0.226,0.016,0.1,100.0,
0.73,0.136,0.033,0.1,228.0,
0.39,0.419,0.09,0.1,212.0,
0.516,0.341,0.044,0.1,219.0,
0.726,0.17,0.004,0.1,91.0,
0.645,0.235,0.02,0.1,106.0,
0.685,0.208,0.008,0.1,60.0,
0.617,0.237,0.046,0.1,239.0,
0.503,0.323,0.073,0.1,225.0,
0.672,0.208,0.02,0.1,169.0,
0.796,0.104,0.0,0.1,133.0,
0.79,0.11,0.0,0.1,120.0,
0.57,0.27,0.059,0.1,277.0,
0.604,0.248,0.048,0.1,157.0,
0.689,0.176,0.034,0.1,249.0,
0.682,0.191,0.027,0.1,205.0,
0.507,0.321,0.071,0.1,319.0,
0.546,0.297,0.057,0.1,237.0,
0.603,0.256,0.041,0.1,235.0,
0.521,0.321,0.058,0.1,203.0,
0.697,0.186,0.017,0.1,177.0,
0.44,0.381,0.079,0.1,364.0,
0.665,0.206,0.029,0.1,351.0,
0.703,0.179,0.018,0.1,213.0,
0.75,0.138,0.012,0.1,224.0,
0.792,0.1,0.008,0.1,139.0,
0.525,0.375,0.0,0.1,50.0,
0.686,0.195,0.018,0.1,128.0,
0.444,0.396,0.06,0.1,155.0,
0.748,0.152,0.0,0.1,90.0,
0.692,0.2,0.008,0.1,70.0,
0.729,0.147,0.024,0.1,240.0,
0.8,0.1,0.0,0.1,93.0,
0.644,0.256,0.0,0.1,110.0,
0.595,0.276,0.029,0.1,109.0,
0.57,0.33,0.0,0.1,30.0,
0.807,0.087,0.007,0.1,172.0,
0.756,0.13,0.015,0.1,140.0,
0.787,0.113,0.0,0.1,169.0,
0.591,0.252,0.057,0.1,324.0,
0.762,0.121,0.018,0.1,267.0,
0.633,0.233,0.033,0.1,215.0,
0.804,0.088,0.008,0.1,149.0,
0.641,0.219,0.041,0.1,163.0,
0.432,0.427,0.041,0.1,149.0,
0.667,0.215,0.017,0.1,272.0,
0.331,0.434,0.134,0.1,237.0,
0.811,0.086,0.004,0.1,140.0,
0.431,0.389,0.08,0.1,280.0,
0.717,0.162,0.021,0.1,179.0,
0.71,0.171,0.02,0.1,250.0,
0.624,0.235,0.041,0.1,252.0,
0.692,0.196,0.013,0.1,148.0,
0.588,0.259,0.053,0.1,244.0,
0.736,0.148,0.017,0.1,280.0,
0.553,0.307,0.04,0.1,202.0,
0.631,0.269,0.0,0.1,90.0,
0.705,0.177,0.018,0.1,140.0,
0.807,0.093,0.0,0.1,100.0,
0.698,0.167,0.036,0.1,295.0,
0.754,0.143,0.004,0.1,128.0,
0.691,0.187,0.022,0.1,143.0,
0.457,0.355,0.087,0.1,367.0,
0.769,0.115,0.015,0.1,150.0,
0.592,0.287,0.021,0.1,161.0,
0.637,0.258,0.005,0.1,106.0,
0.742,0.153,0.005,0.1,80.0,
0.426,0.387,0.087,0.1,270.0,
0.785,0.115,0.0,0.1,170.0,
0.694,0.194,0.011,0.1,99.0,
0.682,0.218,0.0,0.1,80.0,
0.557,0.27,0.073,0.1,294.0,
0.617,0.231,0.052,0.1,207.0,
0.668,0.21,0.023,0.1,219.0,
0.52,0.373,0.007,0.1,79.0,
0.594,0.306,0.0,0.1,90.0,
0.427,0.388,0.085,0.1,306.0,
0.436,0.389,0.075,0.1,276.0,
0.609,0.255,0.036,0.1,286.0,
0.762,0.126,0.012,0.1,264.0,
0.541,0.326,0.033,0.1,158.0,
0.436,0.445,0.018,0.1,50.0,
0.622,0.278,0.0,0.1,60.0,
0.518,0.313,0.069,0.1,295.0,
0.544,0.356,0.0,0.1,90.0,
0.639,0.233,0.028,0.1,96.0,
0.39,0.42,0.09,0.1,303.0,
0.607,0.293,0.0,0.1,70.0,
0.758,0.133,0.009,0.1,192.0,
0.63,0.227,0.043,0.1,176.0,
0.796,0.1,0.004,0.1,159.0,
0.444,0.369,0.087,0.1,310.0,
0.756,0.131,0.014,0.1,212.0,
0.714,0.177,0.009,0.1,130.0,
0.502,0.333,0.065,0.1,353.0,
0.665,0.229,0.006,0.1,74.0,
0.675,0.203,0.022,0.1,255.0,
0.711,0.178,0.011,0.1,91.0,
0.756,0.144,0.0,0.1,140.0,
0.572,0.3,0.028,0.1,89.0,
0.561,0.281,0.058,0.1,263.0,
0.471,0.362,0.067,0.1,140.0,
0.687,0.213,0.0,0.1,139.0,
0.676,0.204,0.02,0.1,150.0,
0.54,0.316,0.044,0.1,176.0,
0.446,0.374,0.08,0.1,245.0,
0.823,0.073,0.004,0.1,160.0,
0.713,0.179,0.008,0.1,149.0,
0.545,0.345,0.01,0.1,109.0,
0.587,0.276,0.037,0.1,288.0,
0.717,0.183,0.0,0.1,90.0,
0.655,0.245,0.0,0.1,90.0,
0.442,0.371,0.087,0.1,285.0,
0.59,0.295,0.015,0.1,110.0,
0.564,0.336,0.0,0.1,60.0,
0.452,0.382,0.067,0.1,258.0,
0.689,0.193,0.019,0.1,160.0,
0.619,0.244,0.037,0.1,184.0,
0.508,0.331,0.062,0.1,269.0,
0.658,0.237,0.005,0.1,110.0,
0.776,0.124,0.0,0.1,119.0,
0.533,0.318,0.049,0.1,267.0,
0.526,0.315,0.059,0.1,308.0,
0.593,0.261,0.046,0.1,179.0,
0.659,0.211,0.03,0.1,283.0,
0.736,0.148,0.015,0.1,241.0,
0.608,0.231,0.061,0.1,252.0,
0.692,0.2,0.008,0.1,121.0,
0.618,0.25,0.032,0.1,204.0,
0.66,0.195,0.045,0.1,258.0,
0.674,0.204,0.022,0.1,170.0,
0.543,0.304,0.054,0.1,184.0,
0.702,0.17,0.027,0.1,285.0,
0.448,0.358,0.094,0.1,235.0,
0.635,0.226,0.038,0.1,269.0,
0.671,0.224,0.006,0.1,99.0,
0.806,0.094,0.0,0.1,110.0,
0.333,0.456,0.111,0.1,365.0,
0.73,0.161,0.009,0.1,124.0,
0.51,0.321,0.069,0.1,207.0,
0.6,0.288,0.012,0.1,90.0,
0.481,0.346,0.073,0.1,137.0,
0.826,0.074,0.0,0.1,151.0,
0.645,0.227,0.027,0.1,119.0,
0.621,0.274,0.005,0.1,90.0,
0.444,0.385,0.07,0.1,196.0,
0.326,0.489,0.084,0.1,278.0,
0.732,0.168,0.0,0.1,110.0,
0.595,0.263,0.042,0.1,318.0,
0.782,0.105,0.013,0.1,259.0,
0.55,0.293,0.057,0.1,289.0,
0.55,0.312,0.037,0.1,160.0,
0.589,0.268,0.043,0.1,162.0,
0.56,0.286,0.055,0.1,311.0,
0.638,0.234,0.028,0.1,199.0,
0.645,0.23,0.024,0.1,198.0,
0.691,0.196,0.013,0.1,130.0,
0.641,0.244,0.015,0.1,138.0,
0.481,0.356,0.063,0.1,179.0,
0.622,0.237,0.041,0.1,229.0,
0.746,0.143,0.011,0.1,139.0,
0.516,0.319,0.065,0.1,314.0,
0.421,0.383,0.096,0.1,393.0,
0.783,0.113,0.003,0.1,199.0,
0.53,0.315,0.055,0.1,301.0,
0.603,0.261,0.036,0.1,213.0,
0.5,0.345,0.055,0.1,222.0,
0.583,0.294,0.023,0.1,328.0,
0.652,0.214,0.034,0.1,207.0,
0.789,0.1,0.011,0.1,99.0,
0.724,0.176,0.0,0.1,82.0,
0.583,0.261,0.056,0.1,312.0,
0.529,0.332,0.039,0.1,230.0,
0.782,0.114,0.004,0.1,160.0,
0.565,0.335,0.0,0.1,120.0,
0.731,0.153,0.016,0.1,260.0,
0.507,0.33,0.063,0.1,335.0,
0.648,0.248,0.004,0.1,127.0,
0.662,0.226,0.012,0.1,213.0,
0.514,0.321,0.066,0.1,197.0,
0.465,0.351,0.084,0.1,297.0,
0.719,0.174,0.006,0.1,206.0,
0.79,0.105,0.005,0.1,120.0,
0.676,0.224,0.0,0.1,109.0,
0.615,0.253,0.032,0.1,229.0,
0.584,0.277,0.039,0.1,217.0,
0.635,0.262,0.004,0.1,157.0,
0.646,0.215,0.038,0.1,170.0,
0.723,0.153,0.023,0.1,192.0,
0.695,0.205,0.0,0.1,136.0,
0.752,0.123,0.026,0.1,200.0,
0.741,0.141,0.018,0.1,137.0,
0.606,0.294,0.0,0.1,80.0,
0.572,0.278,0.05,0.1,266.0,
0.468,0.348,0.084,0.1,221.0,
0.785,0.115,0.0,0.1,170.0,
0.688,0.192,0.019,0.1,182.0,
0.46,0.44,0.0,0.1,40.0,
0.681,0.219,0.0,0.1,70.0,
0.585,0.262,0.053,0.1,257.0,
0.408,0.44,0.052,0.1,169.0,
0.651,0.216,0.033,0.1,258.0,
0.579,0.256,0.065,0.1,347.0,
0.57,0.279,0.052,0.1,242.0,
0.704,0.17,0.026,0.1,149.0,
0.478,0.37,0.052,0.1,150.0,
0.581,0.257,0.062,0.1,241.0,
0.528,0.324,0.048,0.1,180.0,
0.695,0.184,0.022,0.1,256.0,
0.562,0.297,0.041,0.1,198.0,
0.553,0.297,0.05,0.1,228.0,
0.679,0.203,0.018,0.1,201.0,
0.438,0.454,0.008,0.1,60.0,
0.688,0.192,0.021,0.1,267.0,
0.69,0.2,0.01,0.1,198.0,
0.788,0.109,0.003,0.1,184.0,
0.724,0.176,0.0,0.1,80.0,
0.64,0.247,0.013,0.1,180.0,
0.773,0.108,0.019,0.1,221.0,
0.527,0.341,0.032,0.1,135.0,
0.796,0.104,0.0,0.1,170.0,
0.577,0.323,0.0,0.1,60.0,
0.795,0.1,0.005,0.1,129.0,
0.614,0.243,0.043,0.1,175.0,
0.59,0.295,0.015,0.1,109.0,
0.64,0.215,0.046,0.1,372.0,
0.682,0.197,0.021,0.1,228.0,
0.781,0.119,0.0,0.1,110.0,
0.682,0.2,0.018,0.1,243.0,
0.753,0.147,0.0,0.1,80.0,
0.744,0.144,0.011,0.1,110.0,
0.52,0.302,0.077,0.1,310.0,
0.619,0.231,0.05,0.1,202.0,
0.635,0.232,0.032,0.1,240.0,
0.724,0.148,0.027,0.1,201.0,
0.7,0.2,0.0,0.1,89.0,
0.528,0.298,0.074,0.1,314.0,
0.746,0.143,0.011,0.1,180.0,
0.672,0.208,0.02,0.1,140.0,
0.646,0.224,0.029,0.1,273.0,
0.613,0.287,0.0,0.1,80.0,
0.681,0.208,0.012,0.1,129.0,
0.371,0.434,0.095,0.1,291.0,
0.533,0.306,0.061,0.1,374.0,
0.786,0.114,0.0,0.1,131.0,
0.528,0.361,0.011,0.1,99.0,
0.77,0.13,0.0,0.1,90.0,
0.619,0.222,0.059,0.1,264.0,
0.689,0.182,0.029,0.1,237.0,
0.653,0.241,0.006,0.1,90.0,
0.372,0.411,0.117,0.1,278.0,
0.574,0.289,0.037,0.1,112.0,
0.677,0.177,0.047,0.1,227.0,
0.563,0.267,0.07,0.1,189.0,
0.705,0.189,0.005,0.1,100.0,
0.605,0.249,0.046,0.1,260.0,
0.618,0.25,0.032,0.1,239.0,
0.344,0.504,0.052,0.1,177.0,
0.767,0.127,0.007,0.1,171.0,
0.541,0.329,0.029,0.1,99.0,
0.483,0.335,0.083,0.1,156.0,
0.647,0.22,0.033,0.1,271.0,
0.527,0.308,0.065,0.1,179.0,
0.82,0.08,0.0,0.1,130.0,
0.694,0.183,0.023,0.1,331.0,
0.638,0.21,0.051,0.1,228.0,
0.543,0.289,0.068,0.1,264.0,
0.545,0.29,0.065,0.1,119.0,
0.585,0.27,0.045,0.1,127.0,
0.576,0.286,0.038,0.1,248.0,
0.682,0.212,0.006,0.1,70.0,
0.356,0.456,0.088,0.1,434.0,
0.608,0.272,0.019,0.1,212.0,
0.693,0.186,0.021,0.1,186.0,
0.69,0.19,0.02,0.1,111.0,
0.706,0.194,0.0,0.1,90.0,
0.558,0.275,0.067,0.1,250.0,
0.777,0.117,0.007,0.1,200.0,
0.319,0.463,0.119,0.1,237.0,
0.581,0.259,0.059,0.1,176.0,
0.745,0.147,0.007,0.1,260.0,
0.433,0.403,0.064,0.1,231.0,
0.545,0.335,0.019,0.1,202.0,
0.536,0.308,0.056,0.1,151.0,
0.687,0.213,0.0,0.1,80.0,
0.547,0.306,0.047,0.1,249.0,
0.771,0.124,0.005,0.1,220.0,
0.583,0.263,0.054,0.1,234.0,
0.754,0.138,0.008,0.1,318.0,
0.586,0.286,0.029,0.1,175.0,
0.419,0.405,0.076,0.1,268.0,
0.71,0.176,0.014,0.1,121.0,
0.579,0.307,0.014,0.1,70.0,
0.513,0.335,0.052,0.1,341.0,
0.552,0.29,0.058,0.1,294.0,
0.662,0.188,0.05,0.1,180.0,
0.673,0.208,0.019,0.1,182.0,
0.554,0.346,0.0,0.1,80.0,
0.68,0.22,0.0,0.1,60.0,
0.66,0.207,0.033,0.1,288.0,
0.444,0.359,0.097,0.1,240.0,
0.6,0.3,0.0,0.1,80.0,
0.773,0.113,0.013,0.1,279.0,
0.753,0.138,0.009,0.1,202.0,
0.535,0.326,0.039,0.1,151.0,
0.65,0.25,0.0,0.1,50.0,
0.54,0.308,0.052,0.1,148.0,
0.653,0.206,0.042,0.1,249.0,
0.493,0.352,0.055,0.1,182.0,
0.535,0.319,0.046,0.1,263.0,
0.56,0.297,0.043,0.1,209.0,
0.732,0.168,0.0,0.1,130.0,
0.829,0.068,0.003,0.1,170.0,
0.75,0.142,0.008,0.1,150.0,
0.666,0.193,0.041,0.1,206.0,
0.783,0.117,0.0,0.1,80.0,
0.496,0.343,0.061,0.1,201.0,
0.632,0.229,0.039,0.1,273.0,
0.624,0.232,0.044,0.1,168.0,
0.427,0.391,0.082,0.1,150.0,
0.682,0.206,0.012,0.1,186.0,
0.667,0.203,0.03,0.1,208.0,
0.562,0.276,0.062,0.1,218.0,
0.819,0.081,0.0,0.1,90.0,
0.412,0.409,0.079,0.1,336.0,
0.42,0.41,0.071,0.1,309.0,
0.485,0.356,0.059,0.1,187.0,
0.423,0.38,0.097,0.1,248.0,
0.582,0.3,0.018,0.1,150.0,
0.656,0.202,0.042,0.1,261.0,
0.735,0.165,0.0,0.1,80.0,
0.6,0.257,0.043,0.1,283.0,
0.575,0.325,0.0,0.1,60.0,
0.457,0.378,0.065,0.1,354.0,
0.667,0.191,0.042,0.1,209.0,
0.8,0.094,0.006,0.1,89.0,
0.752,0.141,0.007,0.1,165.0,
0.683,0.19,0.027,0.1,199.0,
0.568,0.304,0.029,0.1,170.0,
0.329,0.449,0.123,0.1,272.0,
0.52,0.329,0.051,0.1,240.0,
0.521,0.324,0.055,0.1,319.0,
0.526,0.335,0.038,0.1,238.0,
0.64,0.26,0.0,0.1,90.0,
0.664,0.232,0.005,0.1,138.0,
0.536,0.294,0.07,0.1,341.0,
0.585,0.251,0.063,0.1,273.0,
0.723,0.174,0.003,0.1,238.0,
0.781,0.119,0.0,0.1,70.0,
0.627,0.247,0.027,0.1,71.0,
0.725,0.153,0.022,0.1,232.0,
0.605,0.282,0.014,0.1,143.0,
0.696,0.189,0.014,0.1,168.0,
0.608,0.228,0.065,0.1,285.0,
0.725,0.144,0.031,0.1,238.0,
0.637,0.216,0.047,0.1,259.0,
0.625,0.267,0.008,0.1,140.0,
0.608,0.251,0.041,0.1,270.0,
0.494,0.353,0.053,0.1,280.0,
0.343,0.457,0.1,0.1,200.0,
0.565,0.291,0.043,0.1,139.0,
0.682,0.2,0.018,0.1,139.0,
0.758,0.142,0.0,0.1,90.0,
0.546,0.294,0.06,0.1,362.0,
0.526,0.34,0.034,0.1,224.0,
0.6,0.272,0.028,0.1,195.0,
0.761,0.139,0.0,0.1,157.0,
0.666,0.21,0.024,0.1,200.0,
0.727,0.146,0.027,0.1,160.0,
0.454,0.387,0.059,0.1,284.0,
0.66,0.202,0.038,0.1,334.0,
0.621,0.251,0.028,0.1,284.0,
0.724,0.176,0.0,0.1,70.0,
0.587,0.309,0.004,0.1,130.0,
0.579,0.253,0.068,0.1,230.0,
0.688,0.184,0.028,0.1,206.0,
0.637,0.237,0.025,0.1,90.0,
0.617,0.283,0.0,0.1,70.0,
0.576,0.305,0.019,0.1,122.0,
0.61,0.232,0.059,0.1,294.0,
0.485,0.335,0.079,0.1,238.0,
0.791,0.106,0.003,0.1,181.0,
0.639,0.226,0.035,0.1,217.0,
0.659,0.2,0.041,0.1,301.0,
0.779,0.117,0.004,0.1,149.0,
0.477,0.415,0.008,0.1,60.0,
0.543,0.357,0.0,0.1,69.0,
0.54,0.307,0.053,0.1,320.0,
0.469,0.386,0.045,0.1,204.0,
0.791,0.103,0.006,0.1,188.0,
0.678,0.217,0.004,0.1,130.0,
0.715,0.185,0.0,0.1,93.0,
0.642,0.221,0.037,0.1,148.0,
0.403,0.405,0.092,0.1,301.0,
0.544,0.328,0.028,0.1,163.0,
0.555,0.29,0.055,0.1,181.0,
0.475,0.356,0.069,0.1,241.0,
0.805,0.086,0.009,0.1,129.0,
0.544,0.339,0.017,0.1,97.0,
0.596,0.264,0.04,0.1,329.0,
0.67,0.207,0.023,0.1,186.0,
0.727,0.141,0.032,0.1,309.0,
0.757,0.143,0.0,0.1,119.0,
0.567,0.26,0.073,0.1,195.0,
0.848,0.048,0.004,0.1,120.0,
0.543,0.324,0.033,0.1,128.0,
0.781,0.104,0.015,0.1,160.0,
0.731,0.154,0.015,0.1,131.0,
0.438,0.373,0.089,0.1,296.0,
0.833,0.067,0.0,0.1,171.0,
0.732,0.139,0.029,0.1,160.0,
0.591,0.27,0.039,0.1,146.0,
0.677,0.223,0.0,0.1,149.0,
0.777,0.108,0.015,0.1,150.0,
0.691,0.174,0.035,0.1,130.0,
0.552,0.3,0.048,0.1,128.0,
0.633,0.237,0.03,0.1,167.0,
0.647,0.2,0.052,0.1,293.0,
0.737,0.133,0.03,0.1,173.0,
0.812,0.088,0.0,0.1,100.0,
0.775,0.109,0.016,0.1,185.0,
0.545,0.317,0.038,0.1,185.0,
0.589,0.257,0.054,0.1,263.0,
0.8,0.1,0.0,0.1,98.0,
0.75,0.131,0.019,0.1,153.0,
0.589,0.294,0.017,0.1,253.0,
0.686,0.179,0.034,0.1,190.0,
0.509,0.335,0.056,0.1,243.0,
0.532,0.336,0.032,0.1,188.0,
0.664,0.216,0.02,0.1,159.0,
0.502,0.339,0.059,0.1,326.0,
0.858,0.042,0.0,0.1,100.0,
0.831,0.069,0.0,0.1,190.0,
0.808,0.084,0.008,0.1,255.0,
0.658,0.204,0.038,0.1,302.0,
0.785,0.11,0.005,0.1,259.0,
0.811,0.084,0.005,0.1,109.0,
0.821,0.075,0.004,0.1,150.0,
0.785,0.096,0.019,0.1,161.0,
0.79,0.09,0.02,0.1,267.0,
0.829,0.058,0.013,0.1,148.0,
0.856,0.044,0.0,0.1,100.0,
0.863,0.037,0.0,0.1,99.0,
0.658,0.214,0.028,0.1,240.0,
0.84,0.052,0.008,0.1,149.0,
0.719,0.158,0.023,0.1,216.0,
0.45,0.374,0.076,0.1,260.0,
0.862,0.038,0.0,0.1,60.0,
0.817,0.07,0.013,0.1,190.0,
0.711,0.161,0.029,0.1,195.0,
0.795,0.076,0.029,0.1,129.0,
0.674,0.18,0.046,0.1,227.0,
0.562,0.285,0.053,0.1,262.0,
0.814,0.076,0.01,0.1,130.0,
0.822,0.072,0.006,0.1,200.0,
0.772,0.1,0.028,0.1,93.0,
0.669,0.213,0.018,0.1,313.0,
0.851,0.044,0.005,0.1,200.0,
0.862,0.038,0.0,0.1,130.0,
0.603,0.247,0.05,0.1,250.0,
0.851,0.049,0.0,0.1,201.0,
0.5,0.338,0.062,0.1,286.0,
0.731,0.144,0.025,0.1,89.0,
0.818,0.064,0.018,0.1,179.0,
0.867,0.033,0.0,0.1,140.0,
0.784,0.1,0.016,0.1,110.0,
0.84,0.06,0.0,0.1,70.0,
0.608,0.246,0.046,0.1,259.0,
0.804,0.085,0.011,0.1,174.0,
0.855,0.045,0.0,0.1,110.0,
0.843,0.057,0.0,0.1,149.0,
0.673,0.191,0.036,0.1,149.0,
0.649,0.228,0.023,0.1,238.0,
0.681,0.188,0.031,0.1,282.0,
0.532,0.312,0.055,0.1,313.0,
0.83,0.059,0.011,0.1,140.0,
0.602,0.268,0.03,0.1,329.0,
0.827,0.068,0.005,0.1,201.0,
0.687,0.165,0.048,0.1,150.0,
0.829,0.071,0.0,0.1,78.0,
0.568,0.273,0.06,0.1,317.0,
0.83,0.062,0.008,0.1,218.0,
0.84,0.06,0.0,0.1,180.0,
0.859,0.037,0.005,0.1,239.0,
0.508,0.331,0.061,0.1,273.0,
0.837,0.063,0.0,0.1,180.0,
0.759,0.117,0.024,0.1,189.0,
0.836,0.064,0.0,0.1,169.0,
0.844,0.056,0.0,0.1,71.0,
0.593,0.246,0.061,0.1,295.0,
0.843,0.046,0.011,0.1,240.0,
0.804,0.077,0.019,0.1,190.0,
0.81,0.073,0.017,0.1,197.0,
0.874,0.026,0.0,0.1,80.0,
0.735,0.143,0.022,0.1,102.0,
0.77,0.13,0.0,0.1,110.0,
0.5,0.337,0.063,0.1,414.0,
0.679,0.193,0.028,0.1,291.0,
0.566,0.266,0.069,0.1,253.0,
0.679,0.179,0.042,0.1,167.0,
0.722,0.164,0.014,0.1,221.0,
0.616,0.241,0.043,0.1,356.0,
0.79,0.087,0.023,0.1,198.0,
0.768,0.107,0.025,0.1,210.0,
0.857,0.038,0.005,0.1,120.0,
0.847,0.053,0.0,0.1,200.0,
0.428,0.398,0.074,0.1,348.0,
0.843,0.057,0.0,0.1,210.0,
0.76,0.125,0.015,0.1,108.0,
0.693,0.207,0.0,0.1,70.0,
0.697,0.174,0.029,0.1,214.0,
0.864,0.036,0.0,0.1,110.0,
0.85,0.05,0.0,0.1,97.0,
0.756,0.128,0.015,0.1,280.0,
0.773,0.109,0.018,0.1,302.0,
0.696,0.165,0.039,0.1,142.0,
0.752,0.141,0.007,0.1,161.0,
0.832,0.068,0.0,0.1,149.0,
0.819,0.069,0.013,0.1,80.0,
0.706,0.175,0.019,0.1,222.0,
0.68,0.192,0.028,0.1,162.0,
0.83,0.048,0.022,0.1,129.0,
0.796,0.074,0.03,0.1,177.0,
0.838,0.062,0.0,0.1,70.0,
0.541,0.312,0.047,0.1,263.0,
0.775,0.125,0.0,0.1,139.0,
0.744,0.139,0.017,0.1,110.0,
0.844,0.047,0.009,0.1,190.0,
0.837,0.053,0.011,0.1,99.0,
0.642,0.224,0.034,0.1,279.0,
0.71,0.161,0.029,0.1,331.0,
0.773,0.103,0.023,0.1,212.0,
0.795,0.086,0.018,0.1,140.0,
0.832,0.068,0.0,0.1,80.0,
0.844,0.041,0.015,0.1,150.0,
0.783,0.097,0.02,0.1,251.0,
0.684,0.188,0.028,0.1,158.0,
0.747,0.116,0.037,0.1,99.0,
0.668,0.189,0.042,0.1,252.0,
0.848,0.052,0.0,0.1,150.0,
0.836,0.052,0.012,0.1,171.0,
0.769,0.114,0.017,0.1,180.0,
0.867,0.033,0.0,0.1,60.0,
0.415,0.405,0.08,0.1,323.0,
0.754,0.118,0.029,0.1,198.0,
0.827,0.059,0.014,0.1,119.0,
0.749,0.128,0.023,0.1,249.0,
0.85,0.05,0.0,0.1,60.0,
0.797,0.093,0.01,0.1,190.0,
0.731,0.131,0.038,0.1,170.0,
0.557,0.297,0.047,0.1,219.0,
0.83,0.07,0.0,0.1,118.0,
0.385,0.43,0.085,0.1,383.0,
0.741,0.141,0.018,0.1,217.0,
0.852,0.048,0.0,0.1,100.0,
0.775,0.104,0.021,0.1,170.0,
0.718,0.158,0.025,0.1,260.0,
0.648,0.206,0.045,0.1,215.0,
0.854,0.046,0.0,0.1,160.0,
0.861,0.036,0.004,0.1,160.0,
0.85,0.035,0.015,0.1,258.0,
0.672,0.197,0.031,0.1,197.0,
0.8,0.084,0.016,0.1,198.0,
0.829,0.054,0.018,0.1,169.0,
0.833,0.067,0.0,0.1,100.0,
0.527,0.311,0.062,0.1,275.0,
0.842,0.053,0.006,0.1,209.0,
0.82,0.067,0.013,0.1,161.0,
0.838,0.062,0.0,0.1,109.0,
0.86,0.035,0.005,0.1,90.0,
0.766,0.109,0.025,0.1,313.0,
0.7,0.169,0.031,0.1,300.0,
0.737,0.158,0.005,0.1,119.0,
0.781,0.1,0.019,0.1,90.0,
0.556,0.29,0.054,0.1,300.0,
0.713,0.147,0.039,0.1,242.0,
0.827,0.073,0.0,0.1,50.0,
0.809,0.078,0.013,0.1,149.0,
0.536,0.309,0.055,0.1,339.0,
0.578,0.269,0.053,0.1,310.0,
0.83,0.07,0.0,0.1,170.0,
0.853,0.047,0.0,0.1,60.0,
0.836,0.064,0.0,0.1,50.0,
0.814,0.078,0.008,0.1,230.0,
0.718,0.158,0.024,0.1,246.0,
0.845,0.055,0.0,0.1,130.0,
0.8,0.1,0.0,0.1,130.0,
0.768,0.114,0.018,0.1,130.0,
0.588,0.25,0.062,0.1,245.0,
0.556,0.303,0.042,0.1,279.0,
0.691,0.2,0.009,0.1,296.0,
0.638,0.231,0.031,0.1,183.0,
0.821,0.067,0.012,0.1,202.0,
0.853,0.047,0.0,0.1,90.0,
0.85,0.05,0.0,0.1,60.0,
0.616,0.233,0.051,0.1,308.0,
0.738,0.15,0.013,0.1,159.0,
0.833,0.055,0.012,0.1,199.0,
0.85,0.05,0.0,0.1,90.0,
0.557,0.245,0.098,0.1,288.0,
0.781,0.094,0.025,0.1,169.0,
0.685,0.181,0.033,0.1,161.0,
0.742,0.132,0.026,0.1,206.0,
0.68,0.22,0.0,0.1,60.0,
0.672,0.192,0.036,0.1,266.0,
0.769,0.11,0.021,0.1,199.0,
0.767,0.11,0.024,0.1,93.0,
0.566,0.287,0.047,0.1,248.0,
0.698,0.172,0.03,0.1,279.0,
0.776,0.117,0.007,0.1,200.0,
0.833,0.067,0.0,0.1,120.0,
0.829,0.071,0.0,0.1,80.0,
0.677,0.191,0.031,0.1,232.0,
0.826,0.061,0.013,0.1,210.0,
0.816,0.071,0.013,0.1,251.0,
0.804,0.077,0.019,0.1,151.0,
0.697,0.195,0.008,0.1,268.0,
0.755,0.131,0.014,0.1,169.0,
0.816,0.068,0.016,0.1,155.0,
0.787,0.096,0.017,0.1,151.0,
0.838,0.062,0.0,0.1,93.0,
0.841,0.052,0.007,0.1,160.0,
0.626,0.223,0.051,0.1,264.0,
0.544,0.294,0.062,0.1,262.0,
0.831,0.06,0.009,0.1,210.0,
0.635,0.226,0.039,0.1,210.0,
0.852,0.048,0.0,0.1,130.0,
0.718,0.169,0.013,0.1,254.0,
0.605,0.24,0.055,0.1,297.0,
0.665,0.192,0.043,0.1,288.0,
0.855,0.045,0.0,0.1,199.0,
0.838,0.057,0.005,0.1,110.0,
0.707,0.158,0.035,0.1,273.0,
0.672,0.204,0.024,0.1,169.0,
0.783,0.097,0.02,0.1,208.0,
0.829,0.071,0.0,0.1,176.0,
0.821,0.069,0.01,0.1,265.0,
0.533,0.304,0.063,0.1,343.0,
0.646,0.2,0.054,0.1,246.0,
0.692,0.176,0.032,0.1,162.0,
0.78,0.112,0.007,0.1,218.0,
0.783,0.107,0.01,0.1,190.0,
0.783,0.111,0.006,0.1,217.0,
0.629,0.254,0.017,0.1,159.0,
0.856,0.044,0.0,0.1,80.0,
0.667,0.209,0.024,0.1,249.0,
0.806,0.089,0.004,0.1,337.0,
0.631,0.242,0.028,0.1,240.0,
0.852,0.041,0.007,0.1,141.0,
0.74,0.14,0.02,0.1,110.0,
0.8,0.095,0.005,0.1,120.0,
0.829,0.066,0.005,0.1,231.0,
0.729,0.152,0.019,0.1,140.0,
0.719,0.156,0.025,0.1,259.0,
0.765,0.119,0.015,0.1,168.0,
0.684,0.204,0.012,0.1,180.0,
0.686,0.172,0.041,0.1,208.0,
0.796,0.094,0.011,0.1,281.0,
0.846,0.05,0.004,0.1,112.0,
0.712,0.156,0.032,0.1,170.0,
0.788,0.093,0.02,0.1,249.0,
0.8,0.079,0.021,0.1,228.0,
0.568,0.287,0.045,0.1,289.0,
0.796,0.078,0.026,0.1,191.0,
0.861,0.039,0.0,0.1,120.0,
0.719,0.152,0.029,0.1,287.0,
0.688,0.193,0.02,0.1,270.0,
0.8,0.085,0.015,0.1,183.0,
0.829,0.071,0.0,0.1,100.0,
0.86,0.04,0.0,0.1,110.0,
0.75,0.132,0.018,0.1,173.0,
0.852,0.044,0.004,0.1,141.0,
0.853,0.047,0.0,0.1,80.0,
0.814,0.073,0.014,0.1,131.0,
0.742,0.158,0.0,0.1,50.0,
0.706,0.174,0.02,0.1,249.0,
0.841,0.053,0.006,0.1,90.0,
0.852,0.039,0.009,0.1,138.0,
0.611,0.242,0.047,0.1,379.0,
0.8,0.1,0.0,0.1,60.0,
0.673,0.185,0.041,0.1,273.0,
0.847,0.053,0.0,0.1,100.0,
0.867,0.033,0.0,0.1,110.0,
0.713,0.172,0.016,0.1,228.0,
0.561,0.29,0.048,0.1,228.0,
0.759,0.121,0.021,0.1,181.0,
0.876,0.024,0.0,0.1,100.0,
0.86,0.04,0.0,0.1,80.0,
0.684,0.194,0.023,0.1,219.0,
0.81,0.09,0.0,0.1,120.0,
0.692,0.162,0.046,0.1,152.0,
0.868,0.028,0.004,0.1,120.0,
0.622,0.23,0.049,0.1,243.0,
0.647,0.222,0.031,0.1,226.0,
0.796,0.1,0.004,0.1,160.0,
0.648,0.222,0.03,0.1,176.0,
0.86,0.04,0.0,0.1,70.0,
0.834,0.049,0.017,0.1,243.0,
0.67,0.203,0.027,0.1,201.0,
0.863,0.033,0.004,0.1,140.0,
0.793,0.086,0.021,0.1,288.0,
0.86,0.04,0.0,0.1,91.0,
0.737,0.13,0.033,0.1,194.0,
0.84,0.06,0.0,0.1,80.0,
0.84,0.06,0.0,0.1,108.0,
0.681,0.178,0.041,0.1,275.0,
0.568,0.28,0.052,0.1,298.0,
0.864,0.036,0.0,0.1,200.0,
0.771,0.098,0.031,0.1,283.0,
0.823,0.069,0.008,0.1,60.0,
0.767,0.111,0.022,0.1,108.0,
0.847,0.05,0.003,0.1,212.0,
0.858,0.042,0.0,0.1,170.0,
0.822,0.078,0.0,0.1,90.0,
0.841,0.059,0.0,0.1,129.0,
0.573,0.273,0.054,0.1,296.0,
0.852,0.048,0.0,0.1,120.0,
0.831,0.069,0.0,0.1,162.0,
0.771,0.123,0.006,0.1,190.0,
0.814,0.081,0.005,0.1,112.0,
0.838,0.062,0.0,0.1,60.0,
0.56,0.283,0.057,0.1,259.0,
0.654,0.222,0.024,0.1,250.0,
0.754,0.125,0.021,0.1,199.0,
0.862,0.038,0.0,0.1,120.0,
0.84,0.047,0.013,0.1,76.0,
0.861,0.039,0.0,0.1,90.0,
0.68,0.208,0.012,0.1,160.0,
0.815,0.077,0.008,0.1,60.0,
0.685,0.183,0.032,0.1,337.0,
0.683,0.185,0.032,0.1,353.0,
0.814,0.064,0.022,0.1,238.0,
0.764,0.12,0.016,0.1,168.0,
0.854,0.042,0.004,0.1,151.0,
0.775,0.111,0.014,0.1,261.0,
0.706,0.168,0.026,0.1,232.0,
0.839,0.061,0.0,0.1,181.0,
0.689,0.176,0.034,0.1,269.0,
0.841,0.055,0.003,0.1,168.0,
0.561,0.288,0.051,0.1,305.0,
0.661,0.213,0.026,0.1,153.0,
0.854,0.046,0.0,0.1,60.0,
0.83,0.063,0.007,0.1,157.0,
0.691,0.191,0.019,0.1,281.0,
0.708,0.164,0.028,0.1,150.0,
0.657,0.194,0.049,0.1,236.0,
0.796,0.086,0.018,0.1,175.0,
0.786,0.1,0.014,0.1,140.0,
0.48,0.349,0.071,0.1,264.0,
0.609,0.241,0.05,0.1,146.0,
0.786,0.114,0.0,0.1,70.0,
0.605,0.252,0.043,0.1,302.0,
0.863,0.037,0.0,0.1,109.0,
0.679,0.177,0.044,0.1,294.0,
0.708,0.181,0.011,0.1,243.0,
0.636,0.221,0.042,0.1,229.0,
0.723,0.155,0.023,0.1,150.0,
0.835,0.065,0.0,0.1,140.0,
0.775,0.106,0.019,0.1,90.0,
0.49,0.359,0.051,0.1,325.0,
0.728,0.128,0.044,0.1,185.0,
0.829,0.061,0.011,0.1,168.0,
0.628,0.266,0.007,0.1,218.0,
0.839,0.043,0.017,0.1,159.0,
0.827,0.063,0.01,0.1,217.0,
0.873,0.027,0.0,0.1,150.0,
0.812,0.07,0.018,0.1,200.0,
0.703,0.158,0.039,0.1,208.0,
0.578,0.263,0.059,0.1,297.0,
0.862,0.038,0.0,0.1,159.0,
0.827,0.073,0.0,0.1,151.0,
0.719,0.139,0.042,0.1,211.0,
0.626,0.241,0.032,0.1,251.0,
0.8,0.078,0.022,0.1,150.0,
0.563,0.293,0.044,0.1,174.0,
0.859,0.041,0.0,0.1,90.0,
0.568,0.29,0.043,0.1,314.0,
0.656,0.208,0.036,0.1,264.0,
0.634,0.232,0.034,0.1,297.0,
0.817,0.071,0.013,0.1,139.0,
0.67,0.191,0.039,0.1,138.0,
0.676,0.196,0.028,0.1,357.0,
0.835,0.065,0.0,0.1,80.0,
0.435,0.388,0.077,0.1,325.0,
0.79,0.098,0.013,0.1,257.0,
0.659,0.216,0.025,0.1,233.0,
0.652,0.215,0.033,0.1,222.0,
0.868,0.032,0.0,0.1,90.0,
0.847,0.042,0.011,0.1,195.0,
0.829,0.071,0.0,0.1,120.0,
0.704,0.174,0.022,0.1,158.0,
0.822,0.078,0.0,0.1,212.0,
0.82,0.069,0.011,0.1,252.0,
0.597,0.245,0.058,0.1,297.0,
0.832,0.068,0.0,0.1,214.0,
0.668,0.218,0.014,0.1,140.0,
0.854,0.046,0.0,0.1,70.0,
0.821,0.069,0.01,0.1,209.0,
0.778,0.111,0.011,0.1,150.0,
0.848,0.052,0.0,0.1,99.0,
0.692,0.173,0.035,0.1,255.0,
0.531,0.303,0.067,0.1,280.0,
0.531,0.297,0.071,0.1,280.0,
0.816,0.084,0.0,0.1,151.0,
0.839,0.048,0.013,0.1,139.0,
0.682,0.17,0.048,0.1,236.0,
0.827,0.064,0.009,0.1,278.0,
0.833,0.061,0.006,0.1,190.0,
0.853,0.047,0.0,0.1,100.0,
0.874,0.026,0.0,0.1,110.0,
0.673,0.175,0.052,0.1,337.0,
0.761,0.12,0.018,0.1,279.0,
0.83,0.063,0.007,0.1,140.0,
0.875,0.025,0.0,0.1,100.0,
0.439,0.392,0.068,0.1,269.0,
0.753,0.134,0.013,0.1,209.0,
0.756,0.133,0.011,0.1,163.0,
0.686,0.195,0.018,0.1,150.0,
0.525,0.342,0.033,0.1,158.0,
0.507,0.31,0.083,0.1,292.0,
0.685,0.205,0.01,0.1,232.0,
0.745,0.145,0.01,0.1,150.0,
0.745,0.155,0.0,0.1,130.0,
0.754,0.146,0.0,0.1,141.0,
0.81,0.09,0.0,0.1,178.0,
0.639,0.232,0.029,0.1,210.0,
0.533,0.317,0.05,0.1,234.0,
0.705,0.195,0.0,0.1,100.0,
0.488,0.351,0.061,0.1,304.0,
0.454,0.362,0.084,0.1,278.0,
0.487,0.388,0.025,0.1,89.0,
0.715,0.17,0.015,0.1,123.0,
0.746,0.134,0.02,0.1,272.0,
0.467,0.377,0.057,0.1,199.0,
0.628,0.215,0.056,0.1,269.0,
0.582,0.318,0.0,0.1,60.0,
0.758,0.142,0.0,0.1,130.0,
0.539,0.277,0.084,0.1,223.0,
0.396,0.414,0.089,0.1,206.0,
0.797,0.088,0.015,0.1,200.0,
0.415,0.389,0.096,0.1,358.0,
0.71,0.19,0.0,0.1,120.0,
0.786,0.1,0.014,0.1,159.0,
0.617,0.257,0.027,0.1,183.0,
0.678,0.2,0.022,0.1,98.0,
0.468,0.362,0.07,0.1,344.0,
0.844,0.05,0.006,0.1,101.0,
0.848,0.048,0.004,0.1,100.0,
0.654,0.195,0.051,0.1,257.0,
0.847,0.053,0.0,0.1,81.0,
0.83,0.07,0.0,0.1,122.0,
0.839,0.056,0.006,0.1,102.0,
0.639,0.211,0.05,0.1,252.0,
0.822,0.064,0.014,0.1,239.0,
0.829,0.063,0.007,0.1,269.0,
0.815,0.069,0.015,0.1,170.0,
0.538,0.3,0.062,0.1,330.0,
0.636,0.229,0.036,0.1,201.0,
0.706,0.155,0.038,0.1,340.0,
0.844,0.037,0.019,0.1,209.0,
0.776,0.105,0.019,0.1,130.0,
0.727,0.152,0.021,0.1,212.0,
0.765,0.115,0.021,0.1,192.0,
0.658,0.235,0.008,0.1,131.0,
0.503,0.336,0.061,0.1,248.0,
0.688,0.212,0.0,0.1,80.0,
0.557,0.271,0.071,0.1,195.0,
0.558,0.272,0.069,0.1,241.0,
0.737,0.163,0.0,0.1,130.0,
0.591,0.264,0.044,0.1,279.0,
0.762,0.126,0.013,0.1,250.0,
0.589,0.264,0.047,0.1,284.0,
0.615,0.24,0.045,0.1,130.0,
0.717,0.179,0.004,0.1,111.0,
0.682,0.218,0.0,0.1,100.0,
0.787,0.103,0.011,0.1,239.0,
0.772,0.124,0.004,0.1,151.0,
0.8,0.1,0.0,0.1,100.0,
0.731,0.138,0.031,0.1,169.0,
0.85,0.05,0.0,0.1,90.0,
0.692,0.183,0.025,0.1,141.0,
0.693,0.166,0.041,0.1,308.0,
0.644,0.215,0.041,0.1,279.0,
0.672,0.197,0.031,0.1,270.0,
0.815,0.085,0.0,0.1,99.0,
0.7,0.171,0.029,0.1,278.0,
0.582,0.273,0.045,0.1,333.0,
0.759,0.126,0.015,0.1,180.0,
0.852,0.048,0.0,0.1,102.0,
0.779,0.116,0.005,0.1,100.0,
0.856,0.044,0.0,0.1,90.0,
0.455,0.369,0.076,0.1,347.0,
0.59,0.256,0.054,0.1,303.0,
0.863,0.037,0.0,0.1,100.0,

0.442,0.381,0.077,0.1,188.0,
0.307,0.491,0.102,0.1,310.0,
0.376,0.446,0.078,0.1,267.0,
0.397,0.443,0.06,0.1,187.0,
0.557,0.324,0.019,0.1,108.0,
0.482,0.411,0.007,0.1,150.0,
0.461,0.381,0.058,0.1,225.0,
0.405,0.405,0.089,0.1,257.0,
0.316,0.504,0.08,0.1,173.0,
0.567,0.33,0.004,0.1,150.0,
0.211,0.52,0.168,0.1,345.0,
0.333,0.474,0.093,0.1,194.0,
0.329,0.482,0.088,0.1,224.0,
0.543,0.348,0.009,0.1,106.0,
0.326,0.503,0.071,0.1,220.0,
0.438,0.417,0.045,0.1,238.0,
0.487,0.368,0.045,0.1,192.0,
0.409,0.432,0.059,0.1,230.0,
0.572,0.328,0.0,0.1,73.0,
0.125,0.617,0.158,0.1,267.0,
0.552,0.328,0.02,0.1,156.0,
0.325,0.506,0.069,0.1,249.0,
0.409,0.465,0.026,0.1,158.0,
0.573,0.327,0.0,0.1,113.0,
0.329,0.509,0.062,0.1,190.0,
0.39,0.443,0.067,0.1,211.0,
0.4,0.493,0.007,0.1,61.0,
0.241,0.578,0.082,0.1,300.0,
0.261,0.534,0.105,0.1,320.0,
0.294,0.509,0.097,0.1,231.0,
0.19,0.573,0.137,0.1,298.0,
0.547,0.353,0.0,0.1,98.0,
0.675,0.225,0.0,0.1,80.0,
0.373,0.464,0.062,0.1,389.0,
0.486,0.414,0.0,0.1,106.0,
0.265,0.548,0.087,0.1,237.0,
0.524,0.362,0.014,0.1,119.0,
0.508,0.392,0.0,0.1,70.0,
0.583,0.3,0.017,0.1,140.0,
0.448,0.39,0.061,0.1,204.0,
0.454,0.396,0.05,0.1,135.0,
0.39,0.443,0.067,0.1,280.0,
0.553,0.347,0.0,0.1,95.0,
0.36,0.48,0.06,0.1,156.0,
0.422,0.428,0.05,0.1,101.0,
0.253,0.545,0.102,0.1,314.0,
0.461,0.387,0.052,0.1,197.0,
0.387,0.513,0.0,0.1,140.0,
0.274,0.587,0.039,0.1,203.0,
0.59,0.305,0.005,0.1,107.0,
0.269,0.505,0.126,0.1,283.0,
0.574,0.297,0.029,0.1,223.0,
0.573,0.294,0.033,0.1,239.0,
0.554,0.323,0.023,0.1,160.0,
0.43,0.433,0.036,0.1,238.0,
0.505,0.346,0.049,0.1,297.0,
0.404,0.45,0.046,0.1,143.0,
0.3,0.471,0.129,0.1,240.0,
0.594,0.306,0.0,0.1,110.0,
0.433,0.406,0.061,0.1,207.0,
0.508,0.392,0.0,0.1,50.0,
0.576,0.305,0.019,0.1,120.0,
0.474,0.403,0.023,0.1,165.0,
0.619,0.281,0.0,0.1,100.0,
0.557,0.339,0.004,0.1,150.0,
0.525,0.375,0.0,0.1,80.0,
0.414,0.407,0.08,0.1,329.0,
0.518,0.339,0.042,0.1,212.0,
0.492,0.329,0.079,0.1,268.0,
0.472,0.428,0.0,0.1,100.0,
0.364,0.462,0.074,0.1,306.0,
0.143,0.581,0.176,0.1,295.0,
0.397,0.461,0.042,0.1,210.0,
0.569,0.331,0.0,0.1,80.0,
0.367,0.433,0.1,0.1,312.0,
0.304,0.504,0.092,0.1,171.0,
0.171,0.603,0.126,0.1,256.0,
0.58,0.315,0.005,0.1,119.0,
0.16,0.605,0.135,0.1,318.0,
0.11,0.622,0.168,0.1,336.0,
0.621,0.27,0.009,0.1,198.0,
0.116,0.643,0.141,0.1,271.0,
0.585,0.31,0.005,0.1,86.0,
0.081,0.61,0.208,0.1,408.0,
0.426,0.402,0.072,0.1,319.0,
0.604,0.296,0.0,0.1,149.0,
0.458,0.384,0.058,0.1,120.0,
0.307,0.567,0.027,0.1,53.0,
0.706,0.194,0.0,0.1,100.0,
0.331,0.5,0.069,0.1,354.0,
0.432,0.411,0.057,0.1,327.0,
0.379,0.475,0.046,0.1,151.0,
0.426,0.465,0.009,0.1,132.0,
0.594,0.294,0.011,0.1,110.0,
0.645,0.255,0.0,0.1,99.0,
0.012,0.716,0.172,0.1,357.0,
0.328,0.46,0.113,0.1,319.0,
0.554,0.325,0.021,0.1,168.0,
0.407,0.493,0.0,0.1,80.0,
0.496,0.354,0.05,0.1,150.0,
0.477,0.373,0.05,0.1,180.0,
0.35,0.486,0.064,0.1,186.0,
0.264,0.514,0.121,0.1,182.0,
0.688,0.212,0.0,0.1,100.0,
0.274,0.54,0.086,0.1,265.0,
0.333,0.477,0.09,0.1,256.0,
0.553,0.321,0.026,0.1,100.0,
0.479,0.37,0.052,0.1,231.0,
0.197,0.597,0.106,0.1,223.0,
0.266,0.556,0.078,0.1,219.0,
0.513,0.383,0.004,0.1,95.0,
0.315,0.53,0.055,0.1,115.0,
0.446,0.431,0.023,0.1,60.0,
0.36,0.463,0.077,0.1,243.0,
0.253,0.52,0.127,0.1,229.0,
0.192,0.612,0.096,0.1,172.0,
0.544,0.348,0.008,0.1,137.0,
0.655,0.23,0.015,0.1,120.0,
0.243,0.568,0.089,0.1,282.0,
0.504,0.336,0.06,0.1,151.0,
0.45,0.4,0.05,0.1,250.0,
0.579,0.288,0.033,0.1,206.0,
0.252,0.536,0.112,0.1,317.0,
0.323,0.494,0.083,0.1,242.0,
0.406,0.421,0.074,0.1,236.0,
0.227,0.618,0.055,0.1,201.0,
0.455,0.407,0.038,0.1,182.0,
0.309,0.487,0.104,0.1,359.0,
0.394,0.444,0.062,0.1,354.0,
0.579,0.285,0.035,0.1,220.0,
0.543,0.333,0.024,0.1,221.0,
0.596,0.279,0.025,0.1,140.0,
0.375,0.525,0.0,0.1,50.0,
0.468,0.405,0.027,0.1,125.0,
0.24,0.616,0.044,0.1,156.0,
0.576,0.324,0.0,0.1,90.0,
0.623,0.277,0.0,0.1,70.0,
0.578,0.284,0.038,0.1,235.0,
0.589,0.284,0.026,0.1,95.0,
0.611,0.289,0.0,0.1,110.0,
0.495,0.386,0.019,0.1,114.0,
0.42,0.44,0.04,0.1,30.0,
0.563,0.31,0.027,0.1,182.0,
0.589,0.281,0.03,0.1,133.0,
0.59,0.31,0.0,0.1,170.0,
0.407,0.407,0.086,0.1,328.0,
0.469,0.369,0.062,0.1,270.0,
0.453,0.4,0.047,0.1,209.0,
0.724,0.156,0.02,0.1,151.0,
0.43,0.415,0.056,0.1,158.0,
0.241,0.595,0.064,0.1,149.0,
0.513,0.357,0.03,0.1,281.0,
0.259,0.5,0.141,0.1,231.0,
0.65,0.25,0.0,0.1,144.0,
0.229,0.529,0.143,0.1,274.0,
0.438,0.421,0.041,0.1,177.0,
0.615,0.259,0.027,0.1,251.0,
0.384,0.435,0.081,0.1,258.0,
0.454,0.421,0.025,0.1,150.0,
0.303,0.494,0.103,0.1,244.0,
0.419,0.45,0.031,0.1,279.0,
0.477,0.383,0.04,0.1,206.0,
0.419,0.481,0.0,0.1,90.0,
0.468,0.4,0.032,0.1,140.0,
0.567,0.333,0.0,0.1,95.0,
0.495,0.321,0.083,0.1,294.0,
0.543,0.35,0.007,0.1,128.0,
0.496,0.383,0.022,0.1,140.0,
0.255,0.496,0.149,0.1,368.0,
0.542,0.346,0.012,0.1,150.0,
0.392,0.467,0.042,0.1,165.0,
0.426,0.468,0.005,0.1,111.0,
0.647,0.253,0.0,0.1,81.0,
0.154,0.595,0.151,0.1,272.0,
0.519,0.378,0.004,0.1,164.0,
0.378,0.478,0.044,0.1,95.0,
0.441,0.447,0.012,0.1,89.0,
0.411,0.414,0.075,0.1,312.0,
0.338,0.466,0.097,0.1,208.0,
0.51,0.342,0.048,0.1,205.0,
0.433,0.447,0.02,0.1,80.0,
0.519,0.369,0.013,0.1,90.0,
0.165,0.637,0.098,0.1,301.0,
0.242,0.531,0.128,0.1,280.0,
0.341,0.536,0.023,0.1,279.0,
0.548,0.333,0.019,0.1,262.0,
0.348,0.507,0.044,0.1,156.0,
0.409,0.473,0.018,0.1,50.0,
0.378,0.522,0.0,0.1,60.0,
0.208,0.603,0.09,0.1,301.0,
0.375,0.525,0.0,0.1,90.0,
0.522,0.344,0.033,0.1,97.0,
0.163,0.6,0.138,0.1,307.0,
0.6,0.3,0.0,0.1,69.0,
0.658,0.221,0.021,0.1,198.0,
0.437,0.427,0.037,0.1,171.0,
0.514,0.346,0.039,0.1,160.0,
0.328,0.459,0.113,0.1,308.0,
0.589,0.286,0.025,0.1,214.0,
0.605,0.286,0.009,0.1,131.0,
0.2,0.583,0.117,0.1,360.0,
0.4,0.494,0.006,0.1,71.0,
0.564,0.303,0.033,0.1,259.0,
0.444,0.444,0.011,0.1,93.0,
0.492,0.4,0.008,0.1,137.0,
0.511,0.372,0.017,0.1,90.0,
0.406,0.417,0.078,0.1,264.0,
0.324,0.476,0.1,0.1,140.0,
0.448,0.448,0.004,0.1,138.0,
0.448,0.412,0.04,0.1,150.0,
0.376,0.436,0.088,0.1,175.0,
0.246,0.5,0.154,0.1,244.0,
0.619,0.246,0.035,0.1,161.0,
0.487,0.354,0.058,0.1,145.0,
0.52,0.35,0.03,0.1,104.0,
0.421,0.389,0.089,0.1,289.0,
0.7,0.2,0.0,0.1,90.0,
0.68,0.22,0.0,0.1,84.0,
0.263,0.516,0.121,0.1,295.0,
0.495,0.39,0.015,0.1,110.0,
0.473,0.427,0.0,0.1,60.0,
0.309,0.506,0.085,0.1,259.0,
0.515,0.37,0.015,0.1,159.0,
0.515,0.337,0.048,0.1,187.0,
0.233,0.556,0.11,0.1,280.0,
0.642,0.242,0.016,0.1,110.0,
0.443,0.448,0.01,0.1,115.0,
0.346,0.495,0.059,0.1,270.0,
0.213,0.57,0.117,0.1,311.0,
0.421,0.418,0.061,0.1,182.0,
0.418,0.42,0.061,0.1,288.0,
0.482,0.373,0.045,0.1,237.0,
0.486,0.35,0.064,0.1,250.0,
0.558,0.335,0.008,0.1,120.0,
0.329,0.486,0.086,0.1,204.0,
0.502,0.372,0.025,0.1,266.0,
0.289,0.57,0.041,0.1,170.0,
0.236,0.582,0.082,0.1,188.0,
0.639,0.227,0.034,0.1,285.0,
0.213,0.577,0.11,0.1,239.0,
0.394,0.438,0.068,0.1,269.0,
0.476,0.418,0.006,0.1,100.0,
0.544,0.356,0.0,0.1,109.0,
0.069,0.651,0.18,0.1,365.0,
0.683,0.209,0.009,0.1,136.0,
0.183,0.603,0.114,0.1,208.0,
0.524,0.365,0.012,0.1,90.0,
0.377,0.45,0.073,0.1,142.0,
0.548,0.33,0.022,0.1,157.0,
0.4,0.477,0.023,0.1,120.0,
0.574,0.316,0.011,0.1,90.0,
0.326,0.504,0.07,0.1,195.0,
0.247,0.537,0.116,0.1,276.0,
0.609,0.291,0.0,0.1,103.0,
0.349,0.456,0.095,0.1,318.0,
0.447,0.374,0.079,0.1,261.0,
0.248,0.531,0.121,0.1,297.0,
0.317,0.533,0.05,0.1,158.0,
0.45,0.436,0.014,0.1,159.0,
0.343,0.471,0.086,0.1,313.0,
0.407,0.397,0.097,0.1,204.0,
0.588,0.279,0.033,0.1,197.0,
0.496,0.374,0.03,0.1,130.0,
0.478,0.352,0.07,0.1,144.0,
0.204,0.567,0.13,0.1,179.0,
0.206,0.625,0.069,0.1,230.0,
0.579,0.296,0.025,0.1,135.0,
0.44,0.365,0.095,0.1,319.0,
0.202,0.55,0.148,0.1,380.0,
0.42,0.437,0.043,0.1,194.0,
0.29,0.55,0.06,0.1,291.0,
0.43,0.409,0.061,0.1,217.0,
0.442,0.381,0.077,0.1,217.0,
0.398,0.419,0.083,0.1,327.0,
0.314,0.51,0.076,0.1,194.0,
0.579,0.305,0.016,0.1,100.0,
0.347,0.553,0.0,0.1,90.0,
0.371,0.444,0.085,0.1,303.0,
0.242,0.548,0.11,0.1,232.0,
0.621,0.279,0.0,0.1,161.0,
0.385,0.49,0.025,0.1,120.0,
0.347,0.491,0.062,0.1,261.0,
0.27,0.54,0.091,0.1,339.0,
0.515,0.378,0.007,0.1,129.0,
0.532,0.35,0.018,0.1,219.0,
0.324,0.483,0.093,0.1,198.0,
0.219,0.532,0.149,0.1,299.0,
0.568,0.294,0.039,0.1,202.0,
0.443,0.41,0.048,0.1,120.0,
0.457,0.433,0.01,0.1,105.0,
0.35,0.485,0.065,0.1,245.0,
0.332,0.481,0.087,0.1,222.0,
0.354,0.485,0.062,0.1,157.0,
0.288,0.531,0.081,0.1,172.0,
0.61,0.267,0.023,0.1,197.0,
0.424,0.476,0.0,0.1,122.0,
0.584,0.268,0.048,0.1,200.0,
0.532,0.35,0.018,0.1,137.0,
0.594,0.3,0.006,0.1,80.0,
0.422,0.392,0.086,0.1,263.0,
0.223,0.542,0.135,0.1,216.0,
0.615,0.267,0.019,0.1,170.0,
0.396,0.481,0.023,0.1,190.0,
0.43,0.46,0.01,0.1,40.0,
0.669,0.231,0.0,0.1,70.0,
0.318,0.494,0.088,0.1,254.0,
0.312,0.556,0.032,0.1,157.0,
0.512,0.326,0.063,0.1,259.0,
0.412,0.415,0.073,0.1,353.0,
0.342,0.461,0.097,0.1,240.0,
0.543,0.33,0.026,0.1,148.0,
0.378,0.47,0.052,0.1,150.0,
0.222,0.584,0.095,0.1,243.0,
0.372,0.483,0.045,0.1,182.0,
0.478,0.37,0.051,0.1,252.0,
0.181,0.606,0.113,0.1,208.0,
0.308,0.553,0.039,0.1,233.0,
0.458,0.379,0.064,0.1,201.0,
0.446,0.446,0.008,0.1,60.0,
0.658,0.215,0.027,0.1,279.0,
0.497,0.374,0.029,0.1,200.0,
0.638,0.25,0.012,0.1,185.0,
0.482,0.418,0.0,0.1,80.0,
0.437,0.423,0.04,0.1,165.0,
0.454,0.414,0.032,0.1,227.0,
0.509,0.373,0.018,0.1,132.0,
0.562,0.338,0.0,0.1,168.0,
0.531,0.362,0.008,0.1,60.0,
0.482,0.418,0.0,0.1,124.0,
0.254,0.543,0.104,0.1,176.0,
0.655,0.235,0.01,0.1,110.0,
0.31,0.502,0.087,0.1,376.0,
0.5,0.376,0.024,0.1,215.0,
0.548,0.352,0.0,0.1,110.0,
0.359,0.467,0.074,0.1,241.0,
0.487,0.413,0.0,0.1,80.0,
0.461,0.411,0.028,0.1,110.0,
0.247,0.515,0.138,0.1,305.0,
0.463,0.403,0.034,0.1,201.0,
0.526,0.341,0.032,0.1,240.0,
0.715,0.158,0.027,0.1,201.0,
0.494,0.406,0.0,0.1,82.0,
0.328,0.493,0.079,0.1,321.0,
0.429,0.414,0.057,0.1,180.0,
0.396,0.46,0.044,0.1,149.0,
0.424,0.415,0.061,0.1,279.0,
0.5,0.381,0.019,0.1,80.0,
0.535,0.346,0.019,0.1,127.0,
0.139,0.608,0.153,0.1,300.0,
0.324,0.488,0.088,0.1,369.0,
0.559,0.314,0.027,0.1,130.0,
0.489,0.394,0.017,0.1,100.0,
0.613,0.283,0.004,0.1,91.0,
0.362,0.473,0.065,0.1,267.0,
0.384,0.468,0.047,0.1,240.0,
0.518,0.371,0.012,0.1,90.0,
0.078,0.656,0.167,0.1,274.0,
0.511,0.363,0.026,0.1,105.0,
0.26,0.533,0.107,0.1,222.0,
0.293,0.504,0.104,0.1,193.0,
0.521,0.374,0.005,0.1,100.0,
0.433,0.387,0.079,0.1,262.0,
0.476,0.368,0.055,0.1,245.0,
0.264,0.544,0.092,0.1,180.0,
0.55,0.337,0.013,0.1,180.0,
0.476,0.388,0.035,0.1,100.0,
0.226,0.561,0.113,0.1,160.0,
0.502,0.372,0.025,0.1,262.0,
0.408,0.427,0.065,0.1,180.0,
0.54,0.352,0.008,0.1,130.0,
0.566,0.298,0.036,0.1,332.0,
0.418,0.408,0.074,0.1,251.0,
0.354,0.465,0.081,0.1,261.0,
0.465,0.4,0.035,0.1,119.0,
0.39,0.47,0.04,0.1,130.0,
0.403,0.443,0.054,0.1,245.0,
0.541,0.353,0.006,0.1,70.0,
0.135,0.619,0.146,0.1,436.0,
0.508,0.361,0.031,0.1,210.0,
0.479,0.393,0.028,0.1,176.0,
0.705,0.175,0.02,0.1,111.0,
0.529,0.371,0.0,0.1,90.0,
0.364,0.447,0.089,0.1,250.0,
0.54,0.34,0.02,0.1,200.0,
0.128,0.616,0.156,0.1,241.0,
0.511,0.344,0.044,0.1,175.0,
0.497,0.37,0.033,0.1,260.0,
0.352,0.479,0.07,0.1,227.0,
0.329,0.523,0.048,0.1,200.0,
0.336,0.476,0.088,0.1,151.0,
0.527,0.373,0.0,0.1,80.0,
0.5,0.347,0.053,0.1,251.0,
0.61,0.281,0.01,0.1,226.0,
0.454,0.374,0.071,0.1,241.0,
0.573,0.29,0.037,0.1,318.0,
0.589,0.304,0.007,0.1,174.0,
0.138,0.643,0.119,0.1,266.0,
0.519,0.357,0.024,0.1,121.0,
0.557,0.329,0.014,0.1,70.0,
0.278,0.507,0.115,0.1,342.0,
0.36,0.448,0.092,0.1,303.0,
0.423,0.408,0.069,0.1,180.0,
0.315,0.504,0.081,0.1,184.0,
0.392,0.508,0.0,0.1,80.0,
0.58,0.32,0.0,0.1,60.0,
0.586,0.286,0.028,0.1,290.0,
0.191,0.585,0.124,0.1,244.0,
0.533,0.367,0.0,0.1,80.0,
0.624,0.247,0.029,0.1,283.0,
0.666,0.225,0.009,0.1,201.0,
0.383,0.465,0.052,0.1,152.0,
0.4,0.5,0.0,0.1,50.0,
0.328,0.536,0.036,0.1,147.0,
0.506,0.353,0.042,0.1,251.0,
0.452,0.376,0.072,0.1,182.0,
0.351,0.473,0.076,0.1,266.0,
0.387,0.453,0.06,0.1,209.0,
0.382,0.509,0.009,0.1,131.0,
0.571,0.326,0.003,0.1,174.0,
0.458,0.408,0.035,0.1,160.0,
0.355,0.476,0.069,0.1,204.0,
0.544,0.35,0.006,0.1,80.0,
0.279,0.525,0.096,0.1,201.0,
0.341,0.483,0.076,0.1,280.0,
0.376,0.448,0.076,0.1,170.0,
0.282,0.486,0.132,0.1,150.0,
0.626,0.262,0.012,0.1,192.0,
0.45,0.397,0.053,0.1,211.0,
0.365,0.447,0.088,0.1,212.0,
0.544,0.356,0.0,0.1,89.0,
0.121,0.658,0.121,0.1,337.0,
0.129,0.598,0.173,0.1,321.0,
0.237,0.578,0.085,0.1,187.0,
0.206,0.611,0.083,0.1,245.0,
0.418,0.432,0.05,0.1,149.0,
0.635,0.23,0.035,0.1,261.0,
0.641,0.259,0.0,0.1,80.0,
0.375,0.47,0.055,0.1,279.0,
0.5,0.4,0.0,0.1,60.0,
0.302,0.507,0.091,0.1,345.0,
0.364,0.445,0.091,0.1,211.0,
0.541,0.359,0.0,0.1,90.0,
0.552,0.334,0.014,0.1,162.0,
0.43,0.39,0.08,0.1,201.0,
0.429,0.425,0.046,0.1,170.0,
0.177,0.574,0.149,0.1,268.0,
0.22,0.546,0.134,0.1,245.0,
0.238,0.557,0.105,0.1,324.0,
0.338,0.462,0.1,0.1,235.0,
0.515,0.385,0.0,0.1,90.0,
0.545,0.35,0.005,0.1,136.0,
0.306,0.494,0.1,0.1,341.0,
0.266,0.534,0.1,0.1,275.0,
0.483,0.411,0.006,0.1,243.0,
0.519,0.375,0.006,0.1,70.0,
0.567,0.307,0.027,0.1,71.0,
0.522,0.319,0.058,0.1,234.0,
0.405,0.477,0.018,0.1,143.0,
0.529,0.339,0.032,0.1,166.0,
0.343,0.47,0.087,0.1,281.0,
0.611,0.242,0.047,0.1,240.0,
0.484,0.361,0.055,0.1,262.0,
0.475,0.404,0.021,0.1,140.0,
0.436,0.421,0.044,0.1,272.0,
0.4,0.411,0.089,0.1,280.0,
0.217,0.567,0.117,0.1,203.0,
0.383,0.483,0.035,0.1,133.0,
0.586,0.295,0.018,0.1,139.0,
0.426,0.474,0.0,0.1,90.0,
0.36,0.45,0.09,0.1,365.0,
0.423,0.409,0.069,0.1,227.0,
0.41,0.434,0.055,0.1,196.0,
0.561,0.339,0.0,0.1,160.0,
0.524,0.328,0.048,0.1,201.0,
0.427,0.446,0.027,0.1,159.0,
0.3,0.531,0.069,0.1,286.0,
0.37,0.449,0.081,0.1,337.0,
0.453,0.388,0.058,0.1,285.0,
0.565,0.329,0.006,0.1,70.0,
0.539,0.357,0.004,0.1,130.0,
0.365,0.441,0.094,0.1,233.0,
0.412,0.438,0.05,0.1,201.0,
0.438,0.438,0.025,0.1,90.0,
0.442,0.458,0.0,0.1,70.0,
0.462,0.405,0.033,0.1,122.0,
0.42,0.398,0.083,0.1,293.0,
0.294,0.497,0.109,0.1,237.0,
0.45,0.412,0.037,0.1,179.0,
0.435,0.406,0.058,0.1,219.0,
0.293,0.523,0.084,0.1,298.0,
0.454,0.425,0.021,0.1,148.0,
0.477,0.415,0.008,0.1,60.0,
0.336,0.55,0.014,0.1,69.0,
0.369,0.456,0.076,0.1,316.0,
0.286,0.528,0.086,0.1,205.0,
0.549,0.314,0.037,0.1,192.0,
0.609,0.291,0.0,0.1,130.0,
0.645,0.255,0.0,0.1,94.0,
0.404,0.425,0.071,0.1,151.0,
0.134,0.639,0.126,0.1,306.0,
0.496,0.372,0.032,0.1,165.0,
0.403,0.435,0.061,0.1,181.0,
0.188,0.637,0.075,0.1,239.0,
0.473,0.391,0.036,0.1,130.0,
0.367,0.489,0.044,0.1,96.0,
0.378,0.453,0.069,0.1,331.0,
0.31,0.507,0.083,0.1,187.0,
0.527,0.352,0.02,0.1,304.0,
0.709,0.191,0.0,0.1,120.0,
0.363,0.443,0.093,0.1,188.0,
0.64,0.24,0.02,0.1,122.0,
0.381,0.5,0.019,0.1,130.0,
0.592,0.265,0.042,0.1,160.0,
0.608,0.292,0.0,0.1,125.0,
0.168,0.578,0.154,0.1,297.0,
0.5,0.37,0.03,0.1,171.0,
0.429,0.411,0.061,0.1,172.0,
0.478,0.383,0.039,0.1,147.0,
0.671,0.229,0.0,0.1,150.0,
0.404,0.45,0.046,0.1,150.0,
0.496,0.352,0.052,0.1,131.0,
0.405,0.481,0.014,0.1,129.0,
0.537,0.337,0.026,0.1,162.0,
0.44,0.395,0.065,0.1,285.0,
0.378,0.47,0.052,0.1,173.0,
0.453,0.447,0.0,0.1,97.0,
0.613,0.244,0.044,0.1,180.0,
0.183,0.614,0.103,0.1,188.0,
0.427,0.419,0.054,0.1,258.0,
0.595,0.285,0.02,0.1,100.0,
0.638,0.258,0.004,0.1,145.0,
0.266,0.546,0.089,0.1,238.0,
0.586,0.276,0.038,0.1,191.0,
0.447,0.388,0.065,0.1,244.0,
0.45,0.393,0.057,0.1,172.0,
0.188,0.68,0.032,0.1,159.0,
0.429,0.39,0.08,0.1,331.0,
0.847,0.053,0.0,0.1,100.0,
0.831,0.066,0.003,0.1,188.0,
0.624,0.234,0.042,0.1,261.0,
0.549,0.296,0.056,0.1,305.0,
0.641,0.232,0.027,0.1,262.0,
0.695,0.189,0.016,0.1,110.0,
0.821,0.071,0.008,0.1,150.0,
0.808,0.092,0.0,0.1,169.0,
0.695,0.175,0.03,0.1,266.0,
0.654,0.233,0.013,0.1,147.0,
0.85,0.05,0.0,0.1,100.0,
0.689,0.211,0.0,0.1,95.0,
0.611,0.256,0.033,0.1,244.0,
0.784,0.088,0.028,0.1,150.0,
0.558,0.281,0.061,0.1,215.0,
0.447,0.344,0.109,0.1,261.0,
0.731,0.169,0.0,0.1,60.0,
0.783,0.1,0.017,0.1,183.0,
0.636,0.221,0.043,0.1,193.0,
0.61,0.248,0.043,0.1,137.0,
0.666,0.209,0.026,0.1,230.0,
0.485,0.338,0.076,0.1,264.0,
0.719,0.167,0.014,0.1,129.0,
0.666,0.203,0.031,0.1,200.0,
0.7,0.156,0.044,0.1,93.0,
0.644,0.227,0.029,0.1,315.0,
0.833,0.06,0.007,0.1,194.0,
0.842,0.058,0.0,0.1,132.0,
0.578,0.253,0.069,0.1,251.0,
0.726,0.149,0.026,0.1,204.0,
0.43,0.384,0.086,0.1,288.0,
0.725,0.169,0.006,0.1,90.0,
0.807,0.068,0.025,0.1,176.0,
0.822,0.078,0.0,0.1,140.0,
0.763,0.121,0.016,0.1,110.0,
0.827,0.073,0.0,0.1,70.0,
0.63,0.227,0.043,0.1,259.0,
0.748,0.119,0.033,0.1,177.0,
0.855,0.045,0.0,0.1,111.0,
0.793,0.096,0.011,0.1,149.0,
0.655,0.205,0.041,0.1,147.0,
0.679,0.174,0.046,0.1,249.0,
0.655,0.21,0.036,0.1,279.0,
0.595,0.268,0.037,0.1,307.0,
0.789,0.1,0.011,0.1,140.0,
0.479,0.374,0.047,0.1,325.0,
0.749,0.143,0.008,0.1,200.0,
0.639,0.217,0.043,0.1,150.0,
0.706,0.194,0.0,0.1,71.0,
0.495,0.328,0.077,0.1,305.0,
0.732,0.135,0.032,0.1,218.0,
0.823,0.073,0.003,0.1,187.0,
0.788,0.098,0.015,0.1,248.0,
0.447,0.375,0.078,0.1,276.0,
0.84,0.06,0.0,0.1,181.0,
0.672,0.19,0.038,0.1,189.0,
0.764,0.125,0.011,0.1,172.0,
0.812,0.081,0.006,0.1,72.0,
0.537,0.293,0.071,0.1,305.0,
0.741,0.149,0.011,0.1,238.0,
0.738,0.131,0.031,0.1,189.0,
0.657,0.21,0.033,0.1,189.0,
0.847,0.053,0.0,0.1,80.0,
0.761,0.113,0.026,0.1,99.0,
0.74,0.14,0.02,0.1,110.0,
0.404,0.412,0.084,0.1,416.0,
0.716,0.151,0.033,0.1,291.0,
0.534,0.303,0.063,0.1,251.0,
0.683,0.179,0.037,0.1,167.0,
0.731,0.139,0.031,0.1,221.0,
0.561,0.3,0.039,0.1,364.0,
0.65,0.21,0.04,0.1,201.0,
0.621,0.225,0.054,0.1,209.0,
0.786,0.1,0.014,0.1,120.0,
0.829,0.068,0.003,0.1,201.0,
0.36,0.46,0.079,0.1,348.0,
0.817,0.077,0.007,0.1,210.0,
0.685,0.19,0.025,0.1,110.0,
0.636,0.264,0.0,0.1,70.0,
0.629,0.226,0.044,0.1,211.0,
0.855,0.045,0.0,0.1,110.0,
0.817,0.083,0.0,0.1,91.0,
0.667,0.208,0.026,0.1,281.0,
0.782,0.107,0.011,0.1,309.0,
0.709,0.157,0.035,0.1,147.0,
0.703,0.169,0.028,0.1,165.0,
0.664,0.205,0.032,0.1,150.0,
0.756,0.131,0.013,0.1,80.0,
0.783,0.1,0.017,0.1,229.0,
0.604,0.248,0.048,0.1,166.0,
0.804,0.096,0.0,0.1,129.0,
0.719,0.137,0.044,0.1,174.0,
0.825,0.075,0.0,0.1,70.0,
0.494,0.362,0.044,0.1,263.0,
0.779,0.121,0.0,0.1,139.0,
0.639,0.239,0.022,0.1,110.0,
0.828,0.059,0.013,0.1,189.0,
0.768,0.126,0.005,0.1,100.0,
0.574,0.287,0.039,0.1,281.0,
0.759,0.122,0.018,0.1,331.0,
0.767,0.113,0.02,0.1,213.0,
0.827,0.068,0.005,0.1,140.0,
0.842,0.058,0.0,0.1,80.0,
0.704,0.159,0.037,0.1,149.0,
0.577,0.269,0.054,0.1,254.0,
0.668,0.208,0.024,0.1,160.0,
0.642,0.205,0.053,0.1,96.0,
0.726,0.137,0.037,0.1,246.0,
0.77,0.111,0.019,0.1,152.0,
0.836,0.064,0.0,0.1,159.0,
0.759,0.131,0.01,0.1,183.0,
0.707,0.193,0.0,0.1,60.0,
0.361,0.446,0.093,0.1,322.0,
0.65,0.207,0.043,0.1,202.0,
0.791,0.091,0.018,0.1,120.0,
0.687,0.164,0.049,0.1,253.0,
0.708,0.192,0.0,0.1,60.0,
0.81,0.077,0.013,0.1,192.0,
0.712,0.162,0.027,0.1,169.0,
0.54,0.29,0.07,0.1,216.0,
0.757,0.13,0.013,0.1,121.0,
0.378,0.398,0.124,0.1,386.0,
0.753,0.129,0.018,0.1,215.0,
0.843,0.057,0.0,0.1,100.0,
0.689,0.168,0.043,0.1,170.0,
0.688,0.188,0.025,0.1,266.0,
0.603,0.242,0.055,0.1,222.0,
0.831,0.069,0.0,0.1,157.0,
0.807,0.093,0.0,0.1,159.0,
0.755,0.113,0.033,0.1,258.0,
0.724,0.145,0.031,0.1,200.0,
0.759,0.106,0.034,0.1,199.0,
0.671,0.196,0.032,0.1,172.0,
0.822,0.078,0.0,0.1,100.0,
0.435,0.373,0.092,0.1,280.0,
0.786,0.097,0.017,0.1,211.0,
0.793,0.093,0.013,0.1,159.0,
0.819,0.081,0.0,0.1,110.0,
0.85,0.05,0.0,0.1,90.0,
0.757,0.111,0.032,0.1,321.0,
0.68,0.191,0.029,0.1,299.0,
0.737,0.153,0.011,0.1,118.0,
0.706,0.175,0.019,0.1,90.0,
0.485,0.337,0.078,0.1,304.0,
0.539,0.303,0.058,0.1,251.0,
0.745,0.155,0.0,0.1,50.0,
0.787,0.096,0.017,0.1,150.0,
0.443,0.382,0.075,0.1,338.0,
0.504,0.324,0.071,0.1,312.0,
0.815,0.081,0.004,0.1,163.0,
0.859,0.041,0.0,0.1,60.0,
0.709,0.191,0.0,0.1,50.0,
0.838,0.059,0.003,0.1,230.0,
0.603,0.258,0.039,0.1,249.0,
0.836,0.064,0.0,0.1,130.0,
0.726,0.174,0.0,0.1,130.0,
0.764,0.127,0.009,0.1,130.0,
0.581,0.244,0.075,0.1,246.0,
0.522,0.319,0.058,0.1,280.0,
0.709,0.179,0.012,0.1,290.0,
0.7,0.162,0.038,0.1,181.0,
0.715,0.158,0.027,0.1,216.0,
0.665,0.235,0.0,0.1,90.0,
0.825,0.075,0.0,0.1,60.0,
0.584,0.267,0.049,0.1,311.0,
0.787,0.1,0.013,0.1,160.0,
0.827,0.07,0.003,0.1,192.0,
0.811,0.089,0.0,0.1,90.0,
0.575,0.258,0.068,0.1,287.0,
0.709,0.156,0.034,0.1,195.0,
0.619,0.226,0.056,0.1,161.0,
0.716,0.161,0.023,0.1,211.0,
0.63,0.27,0.0,0.1,60.0,
0.619,0.236,0.044,0.1,262.0,
0.728,0.148,0.024,0.1,200.0,
0.757,0.129,0.014,0.1,90.0,
0.475,0.366,0.059,0.1,247.0,
0.657,0.207,0.035,0.1,283.0,
0.8,0.097,0.003,0.1,199.0,
0.824,0.076,0.0,0.1,120.0,
0.729,0.171,0.0,0.1,80.0,
0.509,0.334,0.057,0.1,237.0,
0.677,0.187,0.035,0.1,226.0,
0.666,0.195,0.039,0.1,249.0,
0.673,0.2,0.027,0.1,154.0,
0.573,0.278,0.049,0.1,268.0,
0.731,0.155,0.014,0.1,170.0,
0.708,0.172,0.02,0.1,150.0,
0.704,0.165,0.03,0.1,155.0,
0.8,0.1,0.0,0.1,97.0,
0.774,0.107,0.019,0.1,160.0,
0.556,0.267,0.077,0.1,276.0,
0.521,0.306,0.074,0.1,255.0,
0.783,0.1,0.017,0.1,209.0,
0.523,0.3,0.077,0.1,218.0,
0.808,0.092,0.0,0.1,129.0,
0.695,0.167,0.038,0.1,244.0,
0.525,0.305,0.07,0.1,298.0,
0.692,0.176,0.032,0.1,288.0,
0.842,0.055,0.003,0.1,199.0,
0.771,0.124,0.005,0.1,114.0,
0.598,0.272,0.03,0.1,288.0,
0.612,0.236,0.052,0.1,175.0,
0.757,0.117,0.027,0.1,209.0,
0.816,0.081,0.003,0.1,189.0,
0.735,0.129,0.035,0.1,260.0,
0.454,0.396,0.05,0.1,347.0,
0.569,0.286,0.046,0.1,243.0,
0.508,0.328,0.064,0.1,165.0,
0.7,0.183,0.017,0.1,231.0,
0.7,0.176,0.024,0.1,193.0,
0.736,0.142,0.022,0.1,223.0,
0.746,0.142,0.013,0.1,160.0,
0.839,0.061,0.0,0.1,76.0,
0.588,0.285,0.027,0.1,249.0,
0.711,0.155,0.034,0.1,348.0,
0.547,0.292,0.061,0.1,246.0,
0.826,0.074,0.0,0.1,140.0,
0.77,0.115,0.015,0.1,109.0,
0.758,0.126,0.016,0.1,120.0,
0.858,0.039,0.003,0.1,241.0,
0.686,0.186,0.029,0.1,140.0,
0.611,0.25,0.039,0.1,260.0,
0.819,0.081,0.0,0.1,167.0,
0.736,0.144,0.02,0.1,179.0,
0.679,0.179,0.041,0.1,204.0,
0.662,0.215,0.023,0.1,297.0,
0.846,0.05,0.004,0.1,110.0,
0.604,0.24,0.056,0.1,174.0,
0.727,0.149,0.024,0.1,249.0,
0.671,0.206,0.024,0.1,229.0,
0.587,0.258,0.055,0.1,288.0,
0.737,0.141,0.022,0.1,188.0,
0.791,0.109,0.0,0.1,122.0,
0.669,0.195,0.036,0.1,282.0,
0.63,0.25,0.02,0.1,268.0,
0.608,0.269,0.023,0.1,190.0,
0.841,0.059,0.0,0.1,100.0,
0.76,0.13,0.01,0.1,112.0,
0.775,0.107,0.018,0.1,170.0,
0.824,0.076,0.0,0.1,142.0,
0.747,0.153,0.0,0.1,80.0,
0.741,0.136,0.023,0.1,129.0,
0.475,0.425,0.0,0.1,50.0,
0.614,0.243,0.043,0.1,243.0,
0.735,0.165,0.0,0.1,90.0,
0.813,0.078,0.009,0.1,144.0,
0.532,0.292,0.075,0.1,382.0,
0.738,0.162,0.0,0.1,60.0,
0.612,0.244,0.044,0.1,277.0,
0.826,0.074,0.0,0.1,100.0,
0.829,0.071,0.0,0.1,114.0,
0.7,0.188,0.013,0.1,229.0,
0.468,0.371,0.061,0.1,231.0,
0.755,0.121,0.024,0.1,181.0,
0.857,0.043,0.0,0.1,100.0,
0.847,0.053,0.0,0.1,80.0,
0.645,0.229,0.026,0.1,219.0,
0.819,0.081,0.0,0.1,121.0,
0.55,0.273,0.077,0.1,158.0,
0.84,0.056,0.004,0.1,120.0,
0.568,0.273,0.059,0.1,243.0,
0.584,0.263,0.053,0.1,230.0,
0.775,0.118,0.007,0.1,160.0,
0.685,0.189,0.026,0.1,173.0,
0.847,0.053,0.0,0.1,70.0,
0.707,0.173,0.02,0.1,255.0,
0.593,0.257,0.05,0.1,200.0,
0.8,0.093,0.007,0.1,140.0,
0.686,0.19,0.024,0.1,290.0,
0.85,0.05,0.0,0.1,91.0,
0.644,0.215,0.041,0.1,194.0,
0.8,0.1,0.0,0.1,80.0,
0.82,0.08,0.0,0.1,109.0,
0.568,0.265,0.068,0.1,279.0,
0.487,0.333,0.08,0.1,299.0,
0.794,0.097,0.009,0.1,201.0,
0.719,0.148,0.033,0.1,300.0,
0.715,0.177,0.008,0.1,60.0,
0.75,0.133,0.017,0.1,110.0,
0.836,0.061,0.003,0.1,210.0,
0.81,0.084,0.006,0.1,172.0,
0.739,0.15,0.011,0.1,90.0,
0.795,0.105,0.0,0.1,129.0,
0.443,0.384,0.073,0.1,298.0,
0.81,0.09,0.0,0.1,120.0,
0.845,0.055,0.0,0.1,169.0,
0.745,0.139,0.016,0.1,186.0,
0.81,0.086,0.005,0.1,113.0,
0.769,0.115,0.015,0.1,60.0,
0.606,0.246,0.049,0.1,259.0,
0.573,0.292,0.035,0.1,250.0,
0.725,0.154,0.021,0.1,200.0,
0.843,0.057,0.0,0.1,120.0,
0.633,0.233,0.033,0.1,77.0,
0.75,0.144,0.006,0.1,91.0,
0.704,0.184,0.012,0.1,159.0,
0.769,0.123,0.008,0.1,60.0,
0.471,0.351,0.078,0.1,340.0,
0.619,0.232,0.049,0.1,368.0,
0.736,0.139,0.025,0.1,230.0,
0.596,0.26,0.044,0.1,164.0,
0.758,0.127,0.015,0.1,151.0,
0.667,0.208,0.025,0.1,264.0,
0.571,0.288,0.041,0.1,228.0,
0.819,0.074,0.006,0.1,189.0,
0.645,0.216,0.039,0.1,270.0,
0.755,0.131,0.014,0.1,170.0,
0.549,0.293,0.059,0.1,300.0,
0.652,0.213,0.035,0.1,158.0,
0.662,0.238,0.0,0.1,60.0,
0.837,0.059,0.004,0.1,158.0,
0.626,0.244,0.03,0.1,283.0,
0.744,0.132,0.024,0.1,147.0,
0.6,0.254,0.046,0.1,235.0,
0.771,0.104,0.025,0.1,179.0,
0.752,0.114,0.033,0.1,139.0,
0.409,0.411,0.08,0.1,268.0,
0.577,0.268,0.055,0.1,149.0,
0.671,0.229,0.0,0.1,70.0,
0.571,0.269,0.06,0.1,307.0,
0.858,0.042,0.0,0.1,101.0,
0.646,0.205,0.049,0.1,296.0,
0.719,0.158,0.022,0.1,242.0,
0.588,0.252,0.061,0.1,233.0,
0.641,0.236,0.023,0.1,146.0,
0.838,0.058,0.004,0.1,140.0,
0.606,0.25,0.044,0.1,90.0,
0.541,0.298,0.061,0.1,322.0,
0.703,0.156,0.041,0.1,186.0,
0.736,0.136,0.029,0.1,171.0,
0.607,0.266,0.028,0.1,211.0,
0.73,0.143,0.026,0.1,160.0,
0.787,0.1,0.013,0.1,211.0,
0.835,0.065,0.0,0.1,150.0,
0.679,0.203,0.018,0.1,203.0,
0.687,0.174,0.039,0.1,207.0,
0.593,0.271,0.037,0.1,302.0,
0.827,0.065,0.008,0.1,159.0,
0.8,0.1,0.0,0.1,159.0,
0.655,0.2,0.045,0.1,217.0,
0.585,0.265,0.05,0.1,252.0,
0.639,0.23,0.03,0.1,150.0,
0.493,0.341,0.067,0.1,186.0,
0.853,0.047,0.0,0.1,90.0,
0.52,0.323,0.058,0.1,316.0,
0.581,0.256,0.064,0.1,264.0,
0.605,0.263,0.032,0.1,299.0,
0.696,0.192,0.013,0.1,140.0,
0.657,0.213,0.03,0.1,140.0,
0.596,0.262,0.042,0.1,356.0,
0.7,0.194,0.006,0.1,80.0,
0.403,0.41,0.087,0.1,322.0,
0.78,0.113,0.007,0.1,259.0,
0.703,0.175,0.022,0.1,234.0,
0.561,0.297,0.042,0.1,215.0,
0.826,0.074,0.0,0.1,90.0,
0.792,0.097,0.011,0.1,200.0,
0.824,0.071,0.005,0.1,120.0,
0.722,0.167,0.011,0.1,162.0,
0.825,0.067,0.008,0.1,210.0,
0.797,0.097,0.006,0.1,252.0,
0.553,0.287,0.061,0.1,296.0,
0.735,0.141,0.024,0.1,215.0,
0.627,0.25,0.023,0.1,142.0,
0.685,0.215,0.0,0.1,70.0,
0.851,0.044,0.005,0.1,218.0,
0.644,0.23,0.026,0.1,164.0,
0.83,0.07,0.0,0.1,100.0,
0.662,0.192,0.046,0.1,260.0,
0.456,0.356,0.089,0.1,280.0,
0.469,0.354,0.077,0.1,280.0,
0.764,0.12,0.016,0.1,155.0,
0.817,0.065,0.017,0.1,127.0,
0.667,0.197,0.036,0.1,236.0,
0.727,0.149,0.024,0.1,276.0,
0.806,0.085,0.009,0.1,186.0,
0.832,0.068,0.0,0.1,100.0,
0.853,0.047,0.0,0.1,110.0,
0.536,0.293,0.07,0.1,340.0,
0.727,0.159,0.014,0.1,291.0,
0.83,0.067,0.004,0.1,140.0,
0.85,0.045,0.005,0.1,100.0,
0.353,0.463,0.084,0.1,268.0,
0.582,0.3,0.018,0.1,218.0,
0.419,0.444,0.037,0.1,164.0,
0.391,0.495,0.014,0.1,149.0,
0.342,0.517,0.042,0.1,160.0,
0.33,0.497,0.072,0.1,293.0,
0.497,0.374,0.028,0.1,227.0,
0.662,0.224,0.014,0.1,149.0,
0.518,0.336,0.045,0.1,130.0,
0.535,0.354,0.012,0.1,142.0,
0.541,0.359,0.0,0.1,173.0,
0.439,0.39,0.071,0.1,212.0,
0.286,0.514,0.1,0.1,244.0,
0.447,0.447,0.005,0.1,100.0,
0.193,0.576,0.132,0.1,299.0,
0.097,0.651,0.151,0.1,280.0,
0.4,0.481,0.019,0.1,89.0,
0.4,0.47,0.03,0.1,125.0,
0.451,0.385,0.063,0.1,276.0,
0.35,0.463,0.087,0.1,200.0,
0.449,0.415,0.036,0.1,272.0,
0.582,0.318,0.0,0.1,60.0,
0.496,0.396,0.008,0.1,127.0,
0.252,0.545,0.103,0.1,226.0,
0.271,0.518,0.111,0.1,206.0,
0.7,0.185,0.015,0.1,200.0,
0.17,0.609,0.121,0.1,364.0,
0.524,0.376,0.0,0.1,120.0,
0.589,0.296,0.014,0.1,160.0,
0.413,0.427,0.06,0.1,183.0,
0.539,0.35,0.011,0.1,96.0,
0.228,0.54,0.132,0.1,354.0,
0.733,0.139,0.028,0.1,102.0,
0.839,0.057,0.004,0.1,100.0,
0.395,0.457,0.049,0.1,257.0,
0.732,0.126,0.042,0.1,86.0,
0.84,0.06,0.0,0.1,122.0,
0.767,0.133,0.0,0.1,101.0,
0.556,0.283,0.061,0.1,250.0,
0.703,0.169,0.028,0.1,241.0,
0.671,0.212,0.017,0.1,272.0,
0.696,0.177,0.027,0.1,170.0,
0.516,0.302,0.082,0.1,333.0,
0.579,0.264,0.057,0.1,203.0,
0.657,0.206,0.036,0.1,338.0,
0.841,0.05,0.009,0.1,210.0,
0.771,0.11,0.019,0.1,129.0,
0.676,0.197,0.027,0.1,217.0,
0.585,0.288,0.026,0.1,193.0,
0.442,0.435,0.023,0.1,130.0,
0.376,0.436,0.088,0.1,246.0,
0.469,0.419,0.013,0.1,80.0,
0.329,0.482,0.089,0.1,195.0,
0.292,0.528,0.081,0.1,239.0,
0.563,0.326,0.011,0.1,131.0,
0.48,0.369,0.051,0.1,289.0,
0.326,0.536,0.038,0.1,253.0,
0.444,0.392,0.064,0.1,279.0,
0.46,0.4,0.04,0.1,130.0,
0.467,0.421,0.013,0.1,112.0,
0.582,0.318,0.0,0.1,100.0,
0.492,0.353,0.055,0.1,248.0,
0.572,0.324,0.004,0.1,151.0,
0.562,0.338,0.0,0.1,100.0,
0.673,0.181,0.046,0.1,166.0,
0.839,0.061,0.0,0.1,90.0,
0.754,0.121,0.025,0.1,143.0,
0.593,0.245,0.061,0.1,311.0,
0.579,0.272,0.049,0.1,278.0,
0.638,0.231,0.031,0.1,270.0,
0.81,0.085,0.005,0.1,99.0,
0.58,0.269,0.051,0.1,278.0,
0.586,0.255,0.059,0.1,334.0,
0.707,0.159,0.033,0.1,180.0,
0.819,0.081,0.0,0.1,103.0,
0.832,0.068,0.0,0.1,100.0,
0.719,0.175,0.006,0.1,90.0,
0.388,0.405,0.107,0.1,349.0,
0.556,0.256,0.087,0.1,299.0,
0.863,0.037,0.0,0.1,100.0,

0.526,0.365,0.01,0.1,159.0,
0.72,0.167,0.013,0.1,200.0,
0.635,0.249,0.016,0.1,214.0,
0.493,0.393,0.013,0.1,119.0,
0.629,0.267,0.005,0.1,97.0,
0.507,0.382,0.011,0.1,146.0,
0.711,0.178,0.011,0.1,120.0,
0.741,0.149,0.011,0.1,157.0,
0.38,0.48,0.04,0.1,130.0,
0.57,0.326,0.004,0.1,130.0,
0.65,0.232,0.018,0.1,195.0,
0.581,0.293,0.026,0.1,125.0,
0.644,0.238,0.018,0.1,154.0,
0.517,0.378,0.004,0.1,107.0,
0.594,0.288,0.018,0.1,168.0,
0.647,0.247,0.005,0.1,164.0,
0.461,0.435,0.003,0.1,148.0,
0.591,0.303,0.006,0.1,172.0,
0.572,0.328,0.0,0.1,73.0,
0.511,0.358,0.031,0.1,141.0,
0.664,0.232,0.004,0.1,110.0,
0.625,0.272,0.003,0.1,198.0,
0.652,0.235,0.013,0.1,112.0,
0.573,0.327,0.0,0.1,113.0,
0.706,0.191,0.003,0.1,127.0,
0.623,0.257,0.02,0.1,140.0,
0.3,0.6,0.0,0.1,68.0,
0.508,0.378,0.014,0.1,239.0,
0.68,0.207,0.012,0.1,160.0,
0.558,0.33,0.012,0.1,120.0,
0.617,0.251,0.032,0.1,179.0,
0.553,0.347,0.0,0.1,100.0,
0.675,0.225,0.0,0.1,80.0,
0.596,0.286,0.018,0.1,258.0,
0.543,0.357,0.0,0.1,101.0,
0.494,0.39,0.016,0.1,142.0,
0.533,0.348,0.019,0.1,110.0,
0.508,0.392,0.0,0.1,70.0,
0.552,0.343,0.004,0.1,120.0,
0.603,0.281,0.016,0.1,127.0,
0.665,0.235,0.0,0.1,101.0,
0.621,0.262,0.017,0.1,219.0,
0.5,0.395,0.005,0.1,87.0,
0.656,0.24,0.004,0.1,103.0,
0.594,0.306,0.0,0.1,60.0,
0.537,0.325,0.037,0.1,173.0,
0.6,0.294,0.006,0.1,110.0,
0.561,0.335,0.004,0.1,119.0,
0.394,0.497,0.01,0.1,155.0,
0.535,0.355,0.01,0.1,84.0,
0.669,0.205,0.026,0.1,161.0,
0.743,0.154,0.003,0.1,202.0,
0.652,0.236,0.012,0.1,180.0,
0.669,0.231,0.0,0.1,110.0,
0.727,0.158,0.015,0.1,171.0,
0.72,0.173,0.007,0.1,199.0,
0.5,0.4,0.0,0.1,104.0,
0.555,0.329,0.016,0.1,120.0,
0.622,0.278,0.0,0.1,80.0,
0.555,0.336,0.009,0.1,140.0,
0.508,0.392,0.0,0.1,50.0,
0.524,0.371,0.005,0.1,100.0,
0.503,0.39,0.006,0.1,166.0,
0.619,0.281,0.0,0.1,100.0,
0.568,0.329,0.004,0.1,139.0,
0.525,0.375,0.0,0.1,80.0,
0.664,0.209,0.027,0.1,239.0,
0.63,0.255,0.015,0.1,170.0,
0.668,0.216,0.016,0.1,178.0,
0.517,0.383,0.0,0.1,100.0,
0.64,0.245,0.014,0.1,203.0,
0.476,0.386,0.038,0.1,126.0,
0.606,0.288,0.006,0.1,163.0,
0.569,0.331,0.0,0.1,80.0,
0.793,0.102,0.005,0.1,192.0,
0.604,0.272,0.024,0.1,100.0,
0.538,0.344,0.018,0.1,134.0,
0.595,0.3,0.005,0.1,110.0,
0.613,0.27,0.018,0.1,176.0,
0.59,0.29,0.02,0.1,155.0,
0.627,0.273,0.0,0.1,178.0,
0.608,0.278,0.014,0.1,141.0,
0.55,0.35,0.0,0.1,83.0,
0.379,0.467,0.054,0.1,228.0,
0.564,0.323,0.013,0.1,200.0,
0.628,0.272,0.0,0.1,139.0,
0.605,0.295,0.0,0.1,70.0,
0.353,0.547,0.0,0.1,50.0,
0.706,0.194,0.0,0.1,100.0,
0.682,0.21,0.008,0.1,211.0,
0.714,0.18,0.007,0.1,229.0,
0.592,0.308,0.0,0.1,101.0,
0.504,0.387,0.009,0.1,90.0,
0.611,0.278,0.011,0.1,70.0,
0.65,0.25,0.0,0.1,99.0,
0.353,0.509,0.037,0.1,189.0,
0.694,0.191,0.015,0.1,203.0,
0.75,0.15,0.0,0.1,120.0,
0.553,0.347,0.0,0.1,50.0,
0.542,0.35,0.008,0.1,100.0,
0.573,0.315,0.012,0.1,100.0,
0.621,0.279,0.0,0.1,138.0,
0.507,0.386,0.007,0.1,102.0,
0.688,0.212,0.0,0.1,100.0,
0.669,0.226,0.006,0.1,158.0,
0.649,0.246,0.005,0.1,176.0,
0.574,0.316,0.011,0.1,70.0,
0.573,0.303,0.024,0.1,167.0,
0.426,0.448,0.026,0.1,118.0,
0.394,0.447,0.059,0.1,149.0,
0.522,0.374,0.004,0.1,95.0,
0.365,0.525,0.01,0.1,86.0,
0.515,0.377,0.008,0.1,40.0,
0.649,0.223,0.029,0.1,149.0,
0.557,0.32,0.023,0.1,91.0,
0.58,0.308,0.012,0.1,87.0,
0.616,0.284,0.0,0.1,128.0,
0.66,0.235,0.005,0.1,90.0,
0.541,0.327,0.032,0.1,147.0,
0.584,0.308,0.008,0.1,93.0,
0.563,0.321,0.016,0.1,170.0,
0.739,0.158,0.003,0.1,151.0,
0.51,0.348,0.043,0.1,198.0,
0.591,0.283,0.026,0.1,147.0,
0.688,0.206,0.006,0.1,150.0,
0.503,0.379,0.018,0.1,146.0,
0.486,0.41,0.003,0.1,137.0,
0.617,0.26,0.023,0.1,245.0,
0.681,0.213,0.006,0.1,274.0,
0.697,0.197,0.006,0.1,159.0,
0.712,0.181,0.007,0.1,168.0,
0.617,0.279,0.004,0.1,100.0,
0.375,0.525,0.0,0.1,50.0,
0.568,0.332,0.0,0.1,83.0,
0.448,0.448,0.004,0.1,81.0,
0.633,0.267,0.0,0.1,90.0,
0.623,0.277,0.0,0.1,70.0,
0.724,0.173,0.002,0.1,204.0,
0.674,0.226,0.0,0.1,74.0,
0.611,0.289,0.0,0.1,80.0,
0.538,0.352,0.01,0.1,90.0,
0.42,0.44,0.04,0.1,30.0,
0.613,0.277,0.01,0.1,150.0,
0.619,0.27,0.011,0.1,102.0,
0.542,0.358,0.0,0.1,160.0,
0.639,0.243,0.018,0.1,220.0,
0.728,0.167,0.005,0.1,203.0,
0.51,0.38,0.01,0.1,138.0,
0.732,0.164,0.004,0.1,133.0,
0.711,0.174,0.015,0.1,101.0,
0.468,0.414,0.018,0.1,105.0,
0.724,0.174,0.002,0.1,203.0,
0.556,0.3,0.044,0.1,130.0,
0.696,0.204,0.0,0.1,142.0,
0.603,0.26,0.037,0.1,151.0,
0.641,0.248,0.01,0.1,130.0,
0.707,0.183,0.01,0.1,194.0,
0.668,0.219,0.014,0.1,147.0,
0.533,0.358,0.008,0.1,120.0,
0.709,0.188,0.003,0.1,130.0,
0.686,0.205,0.01,0.1,211.0,
0.57,0.33,0.0,0.1,150.0,
0.544,0.35,0.006,0.1,70.0,
0.591,0.309,0.0,0.1,120.0,
0.567,0.333,0.0,0.1,95.0,
0.671,0.212,0.017,0.1,221.0,
0.568,0.329,0.004,0.1,120.0,
0.474,0.413,0.013,0.1,103.0,
0.694,0.185,0.021,0.1,210.0,
0.646,0.246,0.008,0.1,90.0,
0.521,0.375,0.004,0.1,105.0,
0.579,0.316,0.005,0.1,80.0,
0.647,0.253,0.0,0.1,71.0,
0.472,0.397,0.031,0.1,159.0,
0.615,0.281,0.004,0.1,119.0,
0.494,0.394,0.011,0.1,70.0,
0.441,0.447,0.012,0.1,88.0,
0.607,0.268,0.025,0.1,195.0,
0.548,0.331,0.021,0.1,120.0,
0.539,0.335,0.026,0.1,172.0,
0.467,0.433,0.0,0.1,60.0,
0.562,0.325,0.013,0.1,60.0,
0.527,0.333,0.04,0.1,146.0,
0.611,0.272,0.017,0.1,170.0,
0.568,0.323,0.009,0.1,234.0,
0.624,0.267,0.01,0.1,211.0,
0.567,0.322,0.011,0.1,106.0,
0.591,0.3,0.009,0.1,50.0,
0.378,0.522,0.0,0.1,60.0,
0.528,0.336,0.036,0.1,175.0,
0.375,0.525,0.0,0.1,80.0,
0.583,0.3,0.017,0.1,80.0,
0.585,0.297,0.018,0.1,158.0,
0.607,0.293,0.0,0.1,69.0,
0.588,0.309,0.003,0.1,151.0,
0.697,0.2,0.003,0.1,139.0,
0.621,0.261,0.018,0.1,101.0,
0.664,0.215,0.021,0.1,209.0,
0.694,0.203,0.003,0.1,148.0,
0.636,0.264,0.0,0.1,120.0,
0.648,0.225,0.027,0.1,216.0,
0.406,0.494,0.0,0.1,71.0,
0.656,0.231,0.014,0.1,186.0,
0.45,0.439,0.011,0.1,80.0,
0.628,0.268,0.004,0.1,138.0,
0.517,0.378,0.006,0.1,50.0,
0.731,0.161,0.008,0.1,156.0,
0.486,0.4,0.014,0.1,80.0,
0.526,0.374,0.0,0.1,137.0,
0.42,0.476,0.004,0.1,111.0,
0.612,0.28,0.008,0.1,90.0,
0.534,0.343,0.023,0.1,138.0,
0.688,0.212,0.0,0.1,132.0,
0.463,0.438,0.0,0.1,106.0,
0.635,0.265,0.0,0.1,99.0,
0.55,0.329,0.021,0.1,169.0,
0.711,0.189,0.0,0.1,90.0,
0.68,0.22,0.0,0.1,84.0,
0.5,0.361,0.039,0.1,157.0,
0.5,0.4,0.0,0.1,90.0,
0.473,0.427,0.0,0.1,60.0,
0.618,0.261,0.021,0.1,110.0,
0.652,0.23,0.019,0.1,110.0,
0.63,0.27,0.0,0.1,140.0,
0.613,0.277,0.01,0.1,186.0,
0.695,0.205,0.0,0.1,80.0,
0.481,0.419,0.0,0.1,108.0,
0.549,0.336,0.015,0.1,197.0,
0.565,0.304,0.03,0.1,220.0,
0.607,0.279,0.014,0.1,96.0,
0.707,0.184,0.009,0.1,185.0,
0.718,0.17,0.012,0.1,169.0,
0.628,0.261,0.011,0.1,178.0,
0.535,0.365,0.0,0.1,100.0,
0.575,0.318,0.007,0.1,104.0,
0.752,0.138,0.01,0.1,210.0,
0.511,0.381,0.007,0.1,120.0,
0.329,0.55,0.021,0.1,90.0,
0.691,0.202,0.007,0.1,180.0,
0.684,0.206,0.01,0.1,125.0,
0.571,0.321,0.009,0.1,168.0,
0.476,0.412,0.012,0.1,80.0,
0.544,0.356,0.0,0.1,109.0,
0.531,0.342,0.027,0.1,186.0,
0.613,0.287,0.0,0.1,111.0,
0.462,0.403,0.034,0.1,107.0,
0.518,0.382,0.0,0.1,70.0,
0.588,0.296,0.015,0.1,78.0,
0.6,0.3,0.0,0.1,130.0,
0.623,0.268,0.009,0.1,83.0,
0.495,0.4,0.005,0.1,90.0,
0.53,0.367,0.004,0.1,102.0,
0.537,0.337,0.026,0.1,170.0,
0.568,0.332,0.0,0.1,103.0,
0.656,0.223,0.021,0.1,212.0,
0.597,0.297,0.005,0.1,190.0,
0.631,0.24,0.029,0.1,170.0,
0.487,0.396,0.017,0.1,120.0,
0.479,0.396,0.025,0.1,142.0,
0.738,0.152,0.01,0.1,184.0,
0.438,0.441,0.021,0.1,135.0,
0.618,0.282,0.0,0.1,158.0,
0.648,0.252,0.0,0.1,100.0,
0.604,0.289,0.007,0.1,83.0,
0.593,0.304,0.004,0.1,90.0,
0.597,0.269,0.034,0.1,145.0,
0.671,0.225,0.004,0.1,120.0,
0.698,0.181,0.021,0.1,169.0,
0.596,0.275,0.029,0.1,216.0,
0.613,0.287,0.0,0.1,158.0,
0.57,0.312,0.018,0.1,210.0,
0.667,0.224,0.009,0.1,150.0,
0.519,0.352,0.029,0.1,125.0,
0.767,0.127,0.006,0.1,220.0,
0.338,0.548,0.014,0.1,164.0,
0.658,0.237,0.005,0.1,80.0,
0.471,0.424,0.006,0.1,70.0,
0.68,0.202,0.017,0.1,160.0,
0.442,0.426,0.032,0.1,134.0,
0.589,0.307,0.004,0.1,142.0,
0.56,0.33,0.01,0.1,80.0,
0.684,0.204,0.011,0.1,208.0,
0.579,0.288,0.033,0.1,228.0,
0.511,0.385,0.004,0.1,131.0,
0.638,0.262,0.0,0.1,177.0,
0.624,0.262,0.014,0.1,149.0,
0.73,0.168,0.003,0.1,145.0,
0.635,0.255,0.01,0.1,172.0,
0.505,0.381,0.014,0.1,80.0,
0.414,0.486,0.0,0.1,92.0,
0.641,0.253,0.006,0.1,164.0,
0.687,0.203,0.01,0.1,143.0,
0.469,0.415,0.015,0.1,119.0,
0.562,0.315,0.023,0.1,112.0,
0.677,0.213,0.01,0.1,152.0,
0.624,0.267,0.01,0.1,94.0,
0.661,0.235,0.003,0.1,150.0,
0.605,0.295,0.0,0.1,119.0,
0.459,0.441,0.0,0.1,70.0,
0.583,0.286,0.031,0.1,137.0,
0.626,0.252,0.023,0.1,140.0,
0.619,0.281,0.0,0.1,130.0,
0.604,0.296,0.0,0.1,150.0,
0.43,0.46,0.01,0.1,40.0,
0.675,0.225,0.0,0.1,70.0,
0.612,0.271,0.018,0.1,160.0,
0.472,0.408,0.02,0.1,66.0,
0.76,0.128,0.012,0.1,159.0,
0.654,0.225,0.021,0.1,268.0,
0.612,0.276,0.012,0.1,146.0,
0.517,0.37,0.013,0.1,90.0,
0.57,0.322,0.009,0.1,75.0,
0.6,0.284,0.016,0.1,161.0,
0.707,0.183,0.01,0.1,143.0,
0.743,0.154,0.003,0.1,170.0,
0.497,0.366,0.037,0.1,124.0,
0.495,0.371,0.034,0.1,172.0,
0.639,0.248,0.012,0.1,140.0,
0.392,0.492,0.015,0.1,50.0,
0.688,0.204,0.008,0.1,230.0,
0.671,0.223,0.006,0.1,130.0,
0.591,0.303,0.006,0.1,169.0,
0.482,0.418,0.0,0.1,80.0,
0.51,0.38,0.01,0.1,132.0,
0.716,0.178,0.005,0.1,168.0,
0.609,0.291,0.0,0.1,112.0,
0.719,0.173,0.008,0.1,120.0,
0.531,0.362,0.008,0.1,60.0,
0.486,0.414,0.0,0.1,114.0,
0.518,0.371,0.011,0.1,120.0,
0.525,0.37,0.005,0.1,80.0,
0.596,0.287,0.017,0.1,235.0,
0.606,0.279,0.015,0.1,159.0,
0.548,0.352,0.0,0.1,110.0,
0.654,0.228,0.018,0.1,160.0,
0.487,0.413,0.0,0.1,70.0,
0.522,0.378,0.0,0.1,90.0,
0.688,0.203,0.01,0.1,181.0,
0.641,0.25,0.009,0.1,130.0,
0.629,0.256,0.015,0.1,139.0,
0.673,0.221,0.006,0.1,160.0,
0.494,0.406,0.0,0.1,62.0,
0.514,0.353,0.033,0.1,206.0,
0.696,0.204,0.0,0.1,120.0,
0.544,0.344,0.012,0.1,90.0,
0.578,0.295,0.027,0.1,193.0,
0.4,0.494,0.006,0.1,60.0,
0.519,0.377,0.004,0.1,106.0,
0.413,0.437,0.05,0.1,179.0,
0.629,0.243,0.029,0.1,232.0,
0.523,0.364,0.014,0.1,110.0,
0.5,0.394,0.006,0.1,79.0,
0.47,0.43,0.0,0.1,97.0,
0.678,0.208,0.014,0.1,195.0,
0.576,0.311,0.013,0.1,180.0,
0.565,0.335,0.0,0.1,80.0,
0.542,0.328,0.031,0.1,131.0,
0.637,0.258,0.005,0.1,58.0,
0.653,0.223,0.023,0.1,122.0,
0.581,0.311,0.007,0.1,110.0,
0.521,0.374,0.005,0.1,100.0,
0.713,0.177,0.01,0.1,169.0,
0.645,0.255,0.0,0.1,174.0,
0.292,0.58,0.028,0.1,100.0,
0.68,0.207,0.013,0.1,149.0,
0.535,0.365,0.0,0.1,70.0,
0.413,0.478,0.009,0.1,90.0,
0.73,0.16,0.01,0.1,214.0,
0.569,0.315,0.015,0.1,119.0,
0.568,0.332,0.0,0.1,113.0,
0.715,0.177,0.009,0.1,230.0,
0.687,0.203,0.01,0.1,131.0,
0.622,0.262,0.016,0.1,161.0,
0.625,0.255,0.02,0.1,52.0,
0.625,0.275,0.0,0.1,80.0,
0.589,0.295,0.016,0.1,189.0,
0.541,0.353,0.006,0.1,70.0,
0.673,0.202,0.025,0.1,223.0,
0.6,0.297,0.003,0.1,170.0,
0.534,0.359,0.007,0.1,131.0,
0.705,0.175,0.02,0.1,100.0,
0.529,0.371,0.0,0.1,70.0,
0.675,0.208,0.017,0.1,120.0,
0.527,0.37,0.003,0.1,154.0,
0.525,0.347,0.028,0.1,100.0,
0.704,0.193,0.004,0.1,120.0,
0.662,0.237,0.0,0.1,190.0,
0.594,0.294,0.012,0.1,152.0,
0.571,0.329,0.0,0.1,152.0,
0.504,0.38,0.016,0.1,104.0,
0.527,0.373,0.0,0.1,80.0,
0.711,0.181,0.008,0.1,160.0,
0.676,0.221,0.002,0.1,200.0,
0.703,0.194,0.003,0.1,140.0,
0.79,0.108,0.002,0.1,240.0,
0.707,0.186,0.007,0.1,130.0,
0.508,0.37,0.022,0.1,133.0,
0.533,0.362,0.005,0.1,90.0,
0.557,0.329,0.014,0.1,50.0,
0.576,0.3,0.024,0.1,196.0,
0.64,0.245,0.015,0.1,206.0,
0.458,0.423,0.019,0.1,110.0,
0.481,0.388,0.031,0.1,122.0,
0.392,0.508,0.0,0.1,80.0,
0.58,0.32,0.0,0.1,60.0,
0.695,0.191,0.014,0.1,220.0,
0.688,0.2,0.012,0.1,139.0,
0.533,0.367,0.0,0.1,80.0,
0.698,0.198,0.004,0.1,203.0,
0.547,0.338,0.016,0.1,176.0,
0.609,0.283,0.009,0.1,82.0,
0.4,0.5,0.0,0.1,50.0,
0.596,0.296,0.008,0.1,111.0,
0.725,0.167,0.008,0.1,161.0,
0.631,0.248,0.021,0.1,98.0,
0.673,0.214,0.014,0.1,177.0,
0.65,0.247,0.003,0.1,150.0,
0.632,0.259,0.009,0.1,90.0,
0.548,0.352,0.0,0.1,167.0,
0.631,0.265,0.004,0.1,111.0,
0.31,0.555,0.034,0.1,141.0,
0.517,0.383,0.0,0.1,80.0,
0.668,0.218,0.014,0.1,110.0,
0.751,0.141,0.007,0.1,172.0,
0.528,0.368,0.004,0.1,100.0,
0.432,0.455,0.014,0.1,101.0,
0.571,0.326,0.003,0.1,157.0,
0.643,0.253,0.003,0.1,102.0,
0.706,0.185,0.009,0.1,139.0,
0.625,0.275,0.0,0.1,89.0,
0.516,0.351,0.033,0.1,192.0,
0.376,0.485,0.039,0.1,150.0,
0.552,0.337,0.011,0.1,108.0,
0.62,0.266,0.014,0.1,141.0,
0.486,0.409,0.005,0.1,80.0,
0.686,0.2,0.014,0.1,191.0,
0.641,0.259,0.0,0.1,80.0,
0.63,0.257,0.014,0.1,201.0,
0.5,0.4,0.0,0.1,60.0,
0.6,0.293,0.007,0.1,218.0,
0.591,0.303,0.006,0.1,140.0,
0.547,0.353,0.0,0.1,90.0,
0.559,0.341,0.0,0.1,148.0,
0.62,0.273,0.007,0.1,130.0,
0.475,0.396,0.029,0.1,140.0,
0.42,0.417,0.063,0.1,143.0,
0.637,0.251,0.011,0.1,142.0,
0.586,0.3,0.014,0.1,188.0,
0.494,0.388,0.018,0.1,150.0,
0.515,0.385,0.0,0.1,90.0,
0.527,0.368,0.005,0.1,103.0,
0.719,0.164,0.017,0.1,196.0,
0.473,0.378,0.049,0.1,218.0,
0.537,0.349,0.014,0.1,206.0,
0.537,0.356,0.006,0.1,50.0,
0.567,0.307,0.027,0.1,70.0,
0.778,0.117,0.006,0.1,160.0,
0.55,0.327,0.023,0.1,80.0,
0.643,0.236,0.021,0.1,131.0,
0.613,0.278,0.01,0.1,200.0,
0.608,0.272,0.019,0.1,160.0,
0.639,0.253,0.008,0.1,168.0,
0.479,0.412,0.008,0.1,109.0,
0.721,0.172,0.008,0.1,201.0,
0.642,0.247,0.011,0.1,180.0,
0.55,0.35,0.0,0.1,112.0,
0.643,0.243,0.013,0.1,100.0,
0.586,0.309,0.005,0.1,89.0,
0.426,0.474,0.0,0.1,90.0,
0.702,0.165,0.033,0.1,241.0,
0.603,0.274,0.023,0.1,141.0,
0.628,0.269,0.003,0.1,146.0,
0.552,0.348,0.0,0.1,159.0,
0.414,0.452,0.034,0.1,138.0,
0.435,0.442,0.023,0.1,107.0,
0.456,0.41,0.033,0.1,179.0,
0.679,0.211,0.009,0.1,268.0,
0.651,0.24,0.009,0.1,194.0,
0.547,0.353,0.0,0.1,70.0,
0.57,0.322,0.009,0.1,117.0,
0.641,0.25,0.009,0.1,110.0,
0.797,0.097,0.006,0.1,130.0,
0.45,0.444,0.006,0.1,70.0,
0.442,0.458,0.0,0.1,70.0,
0.619,0.281,0.0,0.1,91.0,
0.576,0.298,0.027,0.1,210.0,
0.594,0.271,0.035,0.1,133.0,
0.656,0.237,0.006,0.1,169.0,
0.681,0.216,0.003,0.1,139.0,
0.618,0.261,0.02,0.1,195.0,
0.596,0.292,0.013,0.1,128.0,
0.477,0.415,0.008,0.1,60.0,
0.364,0.536,0.0,0.1,69.0,
0.569,0.324,0.007,0.1,197.0,
0.366,0.5,0.034,0.1,122.0,
0.72,0.177,0.003,0.1,159.0,
0.57,0.326,0.004,0.1,110.0,
0.645,0.255,0.0,0.1,95.0,
0.571,0.317,0.013,0.1,70.0,
0.589,0.279,0.032,0.1,164.0,
0.52,0.372,0.008,0.1,113.0,
0.565,0.316,0.019,0.1,138.0,
0.394,0.475,0.031,0.1,132.0,
0.5,0.377,0.023,0.1,100.0,
0.511,0.389,0.0,0.1,60.0,
0.758,0.138,0.004,0.1,239.0,
0.527,0.357,0.017,0.1,145.0,
0.57,0.325,0.005,0.1,254.0,
0.491,0.387,0.022,0.1,91.0,
0.577,0.287,0.037,0.1,148.0,
0.696,0.196,0.008,0.1,90.0,
0.51,0.39,0.0,0.1,101.0,
0.627,0.265,0.008,0.1,90.0,
0.531,0.369,0.0,0.1,124.0,
0.516,0.349,0.035,0.1,179.0,
0.67,0.23,0.0,0.1,131.0,
0.525,0.368,0.007,0.1,130.0,
0.678,0.209,0.013,0.1,80.0,
0.713,0.187,0.0,0.1,120.0,
0.604,0.292,0.004,0.1,110.0,
0.687,0.204,0.009,0.1,85.0,
0.467,0.429,0.005,0.1,90.0,
0.733,0.163,0.004,0.1,121.0,
0.562,0.312,0.025,0.1,185.0,
0.493,0.396,0.011,0.1,115.0,
0.512,0.388,0.0,0.1,99.0,
0.762,0.128,0.009,0.1,129.0,
0.366,0.528,0.007,0.1,100.0,
0.6,0.292,0.008,0.1,180.0,
0.605,0.28,0.015,0.1,89.0,
0.608,0.292,0.0,0.1,93.0,
0.589,0.294,0.017,0.1,169.0,
0.621,0.272,0.007,0.1,122.0,
0.629,0.256,0.015,0.1,159.0,
0.643,0.243,0.014,0.1,112.0,
0.576,0.308,0.016,0.1,129.0,
0.79,0.102,0.007,0.1,141.0,
0.853,0.047,0.0,0.1,100.0,
0.831,0.066,0.003,0.1,191.0,
0.855,0.042,0.003,0.1,220.0,
0.816,0.078,0.007,0.1,224.0,
0.837,0.063,0.0,0.1,170.0,
0.826,0.074,0.0,0.1,70.0,
0.829,0.062,0.008,0.1,110.0,
0.792,0.108,0.0,0.1,139.0,
0.848,0.048,0.005,0.1,171.0,
0.804,0.096,0.0,0.1,120.0,
0.85,0.05,0.0,0.1,100.0,
0.679,0.221,0.0,0.1,76.0,
0.836,0.064,0.0,0.1,142.0,
0.832,0.064,0.004,0.1,122.0,
0.816,0.077,0.006,0.1,127.0,
0.809,0.082,0.009,0.1,148.0,
0.731,0.169,0.0,0.1,60.0,
0.843,0.057,0.0,0.1,114.0,
0.75,0.132,0.018,0.1,111.0,
0.795,0.095,0.01,0.1,80.0,
0.869,0.031,0.0,0.1,140.0,
0.791,0.1,0.009,0.1,158.0,
0.819,0.081,0.0,0.1,90.0,
0.806,0.091,0.003,0.1,160.0,
0.761,0.139,0.0,0.1,51.0,
0.829,0.067,0.004,0.1,238.0,
0.856,0.042,0.002,0.1,180.0,
0.842,0.058,0.0,0.1,122.0,
0.825,0.069,0.006,0.1,148.0,
0.843,0.057,0.0,0.1,170.0,
0.8,0.092,0.008,0.1,151.0,
0.725,0.169,0.006,0.1,60.0,
0.825,0.057,0.018,0.1,101.0,
0.83,0.07,0.0,0.1,130.0,
0.842,0.058,0.0,0.1,80.0,
0.827,0.073,0.0,0.1,70.0,
0.824,0.07,0.005,0.1,150.0,
0.837,0.063,0.0,0.1,113.0,
0.864,0.036,0.0,0.1,111.0,
0.843,0.057,0.0,0.1,130.0,
0.832,0.068,0.0,0.1,100.0,
0.828,0.069,0.003,0.1,155.0,
0.843,0.055,0.002,0.1,199.0,
0.795,0.087,0.018,0.1,196.0,
0.837,0.056,0.007,0.1,100.0,
0.845,0.051,0.004,0.1,181.0,
0.843,0.057,0.0,0.1,170.0,
0.826,0.07,0.004,0.1,60.0,
0.706,0.194,0.0,0.1,71.0,
0.735,0.147,0.018,0.1,201.0,
0.827,0.068,0.005,0.1,190.0,
0.847,0.05,0.003,0.1,157.0,
0.846,0.054,0.0,0.1,189.0,
0.786,0.106,0.008,0.1,118.0,
0.84,0.06,0.0,0.1,171.0,
0.828,0.072,0.0,0.1,142.0,
0.843,0.057,0.0,0.1,121.0,
0.825,0.069,0.006,0.1,71.0,
0.839,0.059,0.002,0.1,141.0,
0.814,0.078,0.008,0.1,160.0,
0.796,0.104,0.0,0.1,129.0,
0.807,0.087,0.007,0.1,134.0,
0.858,0.042,0.0,0.1,70.0,
0.843,0.048,0.009,0.1,80.0,
0.825,0.075,0.0,0.1,80.0,
0.804,0.084,0.012,0.1,239.0,
0.826,0.074,0.0,0.1,173.0,
0.84,0.057,0.003,0.1,140.0,
0.846,0.05,0.004,0.1,80.0,
0.825,0.072,0.003,0.1,150.0,
0.812,0.086,0.002,0.1,239.0,
0.827,0.063,0.01,0.1,110.0,
0.825,0.068,0.007,0.1,140.0,
0.781,0.119,0.0,0.1,90.0,
0.824,0.076,0.0,0.1,172.0,
0.786,0.102,0.012,0.1,173.0,
0.827,0.067,0.007,0.1,160.0,
0.845,0.055,0.0,0.1,80.0,
0.636,0.264,0.0,0.1,70.0,
0.815,0.079,0.006,0.1,129.0,
0.855,0.045,0.0,0.1,90.0,
0.817,0.083,0.0,0.1,81.0,
0.836,0.062,0.003,0.1,190.0,
0.829,0.071,0.0,0.1,242.0,
0.839,0.061,0.0,0.1,90.0,
0.838,0.062,0.0,0.1,110.0,
0.841,0.059,0.0,0.1,140.0,
0.8,0.094,0.006,0.1,60.0,
0.828,0.067,0.006,0.1,181.0,
0.844,0.052,0.004,0.1,110.0,
0.83,0.061,0.009,0.1,109.0,
0.833,0.063,0.004,0.1,119.0,
0.825,0.075,0.0,0.1,70.0,
0.762,0.124,0.015,0.1,133.0,
0.821,0.067,0.013,0.1,100.0,
0.839,0.056,0.006,0.1,60.0,
0.856,0.044,0.0,0.1,130.0,
0.789,0.105,0.005,0.1,70.0,
0.829,0.068,0.003,0.1,170.0,
0.843,0.053,0.004,0.1,249.0,
0.843,0.05,0.007,0.1,162.0,
0.827,0.068,0.005,0.1,109.0,
0.842,0.058,0.0,0.1,80.0,
0.822,0.074,0.004,0.1,110.0,
0.823,0.074,0.003,0.1,169.0,
0.844,0.052,0.004,0.1,80.0,
0.811,0.089,0.0,0.1,60.0,
0.816,0.074,0.011,0.1,157.0,
0.822,0.078,0.0,0.1,133.0,
0.836,0.064,0.0,0.1,158.0,
0.831,0.069,0.0,0.1,140.0,
0.707,0.193,0.0,0.1,60.0,
0.788,0.098,0.015,0.1,170.0,
0.821,0.075,0.004,0.1,140.0,
0.845,0.055,0.0,0.1,80.0,
0.841,0.059,0.0,0.1,208.0,
0.708,0.192,0.0,0.1,60.0,
0.867,0.03,0.003,0.1,121.0,
0.819,0.077,0.004,0.1,100.0,
0.823,0.077,0.0,0.1,128.0,
0.835,0.061,0.004,0.1,100.0,
0.748,0.135,0.017,0.1,193.0,
0.821,0.076,0.003,0.1,180.0,
0.843,0.057,0.0,0.1,90.0,
0.829,0.068,0.004,0.1,99.0,
0.843,0.055,0.003,0.1,170.0,
0.824,0.073,0.003,0.1,130.0,
0.823,0.073,0.004,0.1,128.0,
0.814,0.086,0.0,0.1,159.0,
0.838,0.06,0.003,0.1,179.0,
0.828,0.072,0.0,0.1,118.0,
0.822,0.069,0.009,0.1,130.0,
0.814,0.079,0.007,0.1,128.0,
0.822,0.078,0.0,0.1,80.0,
0.786,0.108,0.005,0.1,150.0,
0.853,0.044,0.003,0.1,180.0,
0.85,0.047,0.003,0.1,149.0,
0.843,0.057,0.0,0.1,100.0,
0.85,0.05,0.0,0.1,90.0,
0.809,0.077,0.014,0.1,242.0,
0.836,0.058,0.007,0.1,190.0,
0.832,0.068,0.0,0.1,60.0,
0.825,0.075,0.0,0.1,70.0,
0.839,0.051,0.01,0.1,180.0,
0.803,0.087,0.011,0.1,169.0,
0.745,0.155,0.0,0.1,50.0,
0.804,0.091,0.004,0.1,110.0,
0.807,0.08,0.014,0.1,165.0,
0.8,0.091,0.009,0.1,229.0,
0.841,0.059,0.0,0.1,127.0,
0.859,0.041,0.0,0.1,60.0,
0.709,0.191,0.0,0.1,50.0,
0.83,0.07,0.0,0.1,180.0,
0.821,0.073,0.006,0.1,181.0,
0.855,0.045,0.0,0.1,100.0,
0.826,0.074,0.0,0.1,120.0,
0.855,0.045,0.0,0.1,100.0,
0.816,0.075,0.009,0.1,119.0,
0.8,0.094,0.006,0.1,170.0,
0.823,0.074,0.002,0.1,201.0,
0.838,0.048,0.014,0.1,110.0,
0.845,0.055,0.0,0.1,160.0,
0.671,0.229,0.0,0.1,80.0,
0.825,0.075,0.0,0.1,60.0,
0.793,0.093,0.014,0.1,210.0,
0.8,0.096,0.004,0.1,70.0,
0.845,0.055,0.0,0.1,150.0,
0.839,0.061,0.0,0.1,90.0,
0.802,0.09,0.007,0.1,197.0,
0.85,0.044,0.006,0.1,130.0,
0.804,0.093,0.004,0.1,101.0,
0.855,0.045,0.0,0.1,163.0,
0.63,0.27,0.0,0.1,60.0,
0.839,0.056,0.006,0.1,179.0,
0.828,0.062,0.01,0.1,130.0,
0.824,0.067,0.01,0.1,71.0,
0.8,0.087,0.013,0.1,139.0,
0.843,0.055,0.003,0.1,170.0,
0.797,0.097,0.007,0.1,129.0,
0.671,0.229,0.0,0.1,110.0,
0.735,0.165,0.0,0.1,80.0,
0.826,0.063,0.011,0.1,141.0,
0.868,0.032,0.0,0.1,150.0,
0.803,0.095,0.003,0.1,190.0,
0.835,0.065,0.0,0.1,99.0,
0.832,0.062,0.005,0.1,188.0,
0.814,0.083,0.003,0.1,121.0,
0.816,0.084,0.0,0.1,101.0,
0.839,0.061,0.0,0.1,108.0,
0.848,0.052,0.0,0.1,91.0,
0.841,0.059,0.0,0.1,130.0,
0.823,0.062,0.015,0.1,181.0,
0.747,0.138,0.015,0.1,149.0,
0.831,0.066,0.003,0.1,150.0,
0.819,0.068,0.013,0.1,150.0,
0.832,0.068,0.0,0.1,129.0,
0.849,0.046,0.005,0.1,151.0,
0.733,0.145,0.022,0.1,176.0,
0.832,0.057,0.011,0.1,180.0,
0.848,0.052,0.0,0.1,171.0,
0.776,0.124,0.0,0.1,114.0,
0.781,0.105,0.014,0.1,171.0,
0.784,0.096,0.02,0.1,103.0,
0.86,0.04,0.0,0.1,150.0,
0.823,0.074,0.003,0.1,168.0,
0.838,0.062,0.0,0.1,191.0,
0.817,0.083,0.0,0.1,250.0,
0.814,0.077,0.009,0.1,140.0,
0.804,0.088,0.008,0.1,110.0,
0.839,0.059,0.002,0.1,167.0,
0.838,0.062,0.0,0.1,130.0,
0.822,0.075,0.003,0.1,170.0,
0.846,0.05,0.004,0.1,100.0,
0.839,0.061,0.0,0.1,76.0,
0.821,0.076,0.003,0.1,139.0,
0.828,0.07,0.002,0.1,232.0,
0.839,0.061,0.0,0.1,150.0,
0.826,0.074,0.0,0.1,130.0,
0.835,0.065,0.0,0.1,79.0,
0.832,0.068,0.0,0.1,70.0,
0.842,0.055,0.003,0.1,191.0,
0.79,0.11,0.0,0.1,100.0,
0.825,0.069,0.006,0.1,180.0,
0.842,0.058,0.0,0.1,129.0,
0.804,0.096,0.0,0.1,118.0,
0.81,0.072,0.017,0.1,140.0,
0.845,0.049,0.006,0.1,211.0,
0.854,0.042,0.004,0.1,100.0,
0.832,0.068,0.0,0.1,110.0,
0.839,0.056,0.005,0.1,150.0,
0.824,0.074,0.003,0.1,135.0,
0.8,0.087,0.013,0.1,162.0,
0.826,0.063,0.011,0.1,118.0,
0.83,0.07,0.0,0.1,107.0,
0.819,0.069,0.012,0.1,190.0,
0.825,0.068,0.007,0.1,190.0,
0.827,0.065,0.008,0.1,131.0,
0.865,0.035,0.0,0.1,100.0,
0.85,0.05,0.0,0.1,80.0,
0.832,0.068,0.0,0.1,117.0,
0.8,0.1,0.0,0.1,129.0,
0.747,0.153,0.0,0.1,80.0,
0.795,0.1,0.005,0.1,89.0,
0.483,0.417,0.0,0.1,40.0,
0.826,0.066,0.009,0.1,136.0,
0.747,0.153,0.0,0.1,70.0,
0.835,0.057,0.009,0.1,88.0,
0.834,0.064,0.002,0.1,230.0,
0.738,0.162,0.0,0.1,60.0,
0.824,0.071,0.005,0.1,180.0,
0.826,0.074,0.0,0.1,90.0,
0.843,0.057,0.0,0.1,110.0,
0.831,0.069,0.0,0.1,188.0,
0.845,0.042,0.013,0.1,100.0,
0.834,0.066,0.0,0.1,141.0,
0.857,0.043,0.0,0.1,100.0,
0.847,0.053,0.0,0.1,80.0,
0.81,0.084,0.006,0.1,160.0,
0.838,0.062,0.0,0.1,88.0,
0.842,0.054,0.004,0.1,90.0,
0.82,0.076,0.004,0.1,100.0,
0.808,0.086,0.005,0.1,146.0,
0.816,0.084,0.0,0.1,140.0,
0.825,0.071,0.004,0.1,128.0,
0.826,0.067,0.007,0.1,80.0,
0.847,0.053,0.0,0.1,70.0,
0.82,0.078,0.002,0.1,201.0,
0.847,0.05,0.003,0.1,120.0,
0.837,0.063,0.0,0.1,109.0,
0.817,0.074,0.01,0.1,160.0,
0.835,0.065,0.0,0.1,71.0,
0.767,0.13,0.004,0.1,103.0,
0.8,0.1,0.0,0.1,80.0,
0.815,0.085,0.0,0.1,99.0,
0.841,0.054,0.005,0.1,139.0,
0.795,0.09,0.015,0.1,160.0,
0.824,0.076,0.0,0.1,160.0,
0.831,0.06,0.01,0.1,198.0,
0.731,0.162,0.008,0.1,50.0,
0.706,0.194,0.0,0.1,50.0,
0.836,0.058,0.006,0.1,150.0,
0.858,0.039,0.003,0.1,151.0,
0.811,0.089,0.0,0.1,90.0,
0.814,0.086,0.0,0.1,120.0,
0.8,0.081,0.019,0.1,170.0,
0.843,0.057,0.0,0.1,120.0,
0.855,0.045,0.0,0.1,131.0,
0.832,0.061,0.006,0.1,149.0,
0.824,0.076,0.0,0.1,91.0,
0.754,0.146,0.0,0.1,40.0,
0.811,0.083,0.006,0.1,130.0,
0.811,0.084,0.005,0.1,181.0,
0.811,0.075,0.014,0.1,115.0,
0.852,0.048,0.0,0.1,120.0,
0.727,0.173,0.0,0.1,40.0,
0.783,0.117,0.0,0.1,81.0,
0.828,0.068,0.004,0.1,100.0,
0.777,0.123,0.0,0.1,40.0,
0.798,0.093,0.01,0.1,140.0,
0.836,0.06,0.004,0.1,240.0,
0.831,0.067,0.003,0.1,170.0,
0.812,0.08,0.008,0.1,90.0,
0.812,0.085,0.004,0.1,141.0,
0.842,0.05,0.008,0.1,180.0,
0.821,0.074,0.006,0.1,169.0,
0.845,0.052,0.003,0.1,150.0,
0.826,0.063,0.011,0.1,199.0,
0.828,0.069,0.003,0.1,130.0,
0.827,0.061,0.012,0.1,168.0,
0.843,0.052,0.004,0.1,80.0,
0.662,0.238,0.0,0.1,60.0,
0.837,0.063,0.0,0.1,151.0,
0.83,0.063,0.007,0.1,170.0,
0.804,0.092,0.004,0.1,81.0,
0.811,0.077,0.011,0.1,160.0,
0.832,0.061,0.007,0.1,128.0,
0.805,0.086,0.01,0.1,80.0,
0.8,0.094,0.006,0.1,158.0,
0.818,0.082,0.0,0.1,70.0,
0.671,0.229,0.0,0.1,60.0,
0.771,0.107,0.021,0.1,190.0,
0.858,0.042,0.0,0.1,91.0,
0.841,0.054,0.005,0.1,189.0,
0.847,0.053,0.0,0.1,160.0,
0.8,0.088,0.012,0.1,150.0,
0.827,0.073,0.0,0.1,110.0,
0.85,0.05,0.0,0.1,120.0,
0.725,0.175,0.0,0.1,59.0,
0.834,0.059,0.007,0.1,200.0,
0.841,0.059,0.0,0.1,161.0,
0.843,0.057,0.0,0.1,130.0,
0.807,0.086,0.007,0.1,131.0,
0.804,0.083,0.013,0.1,118.0,
0.83,0.07,0.0,0.1,161.0,
0.862,0.038,0.0,0.1,130.0,
0.83,0.064,0.006,0.1,150.0,
0.845,0.052,0.003,0.1,110.0,
0.81,0.083,0.007,0.1,173.0,
0.835,0.065,0.0,0.1,150.0,
0.835,0.065,0.0,0.1,105.0,
0.768,0.132,0.0,0.1,154.0,
0.818,0.079,0.003,0.1,140.0,
0.783,0.113,0.004,0.1,93.0,
0.789,0.085,0.026,0.1,82.0,
0.853,0.047,0.0,0.1,80.0,
0.848,0.052,0.0,0.1,180.0,
0.836,0.056,0.008,0.1,160.0,
0.816,0.079,0.005,0.1,169.0,
0.742,0.158,0.0,0.1,100.0,
0.813,0.078,0.009,0.1,81.0,
0.766,0.126,0.008,0.1,242.0,
0.812,0.088,0.0,0.1,80.0,
0.762,0.12,0.018,0.1,172.0,
0.82,0.075,0.005,0.1,210.0,
0.822,0.075,0.003,0.1,167.0,
0.812,0.085,0.003,0.1,139.0,
0.774,0.126,0.0,0.1,90.0,
0.842,0.053,0.005,0.1,156.0,
0.838,0.062,0.0,0.1,100.0,
0.807,0.093,0.0,0.1,100.0,
0.85,0.047,0.003,0.1,210.0,
0.811,0.077,0.011,0.1,161.0,
0.826,0.063,0.011,0.1,152.0,
0.854,0.046,0.0,0.1,150.0,
0.823,0.077,0.0,0.1,60.0,
0.7,0.2,0.0,0.1,70.0,
0.844,0.051,0.005,0.1,178.0,
0.833,0.067,0.0,0.1,120.0,
0.843,0.057,0.0,0.1,100.0,
0.846,0.051,0.003,0.1,175.0,
0.808,0.081,0.011,0.1,150.0,
0.766,0.114,0.02,0.1,150.0,
0.852,0.048,0.0,0.1,111.0,
0.822,0.074,0.004,0.1,101.0,
0.83,0.061,0.009,0.1,120.0,
0.851,0.044,0.004,0.1,160.0,
0.836,0.061,0.003,0.1,139.0,
0.826,0.074,0.0,0.1,80.0,
0.863,0.037,0.0,0.1,110.0,
0.789,0.102,0.009,0.1,220.0,
0.836,0.061,0.002,0.1,229.0,
0.856,0.044,0.0,0.1,100.0,
0.86,0.04,0.0,0.1,90.0,
0.584,0.292,0.024,0.1,140.0,
0.647,0.25,0.003,0.1,203.0,
0.6,0.293,0.007,0.1,122.0,
0.5,0.386,0.014,0.1,108.0,
0.492,0.4,0.008,0.1,90.0,
0.715,0.175,0.01,0.1,160.0,
0.603,0.287,0.01,0.1,186.0,
0.61,0.29,0.0,0.1,150.0,
0.609,0.291,0.0,0.1,120.0,
0.508,0.392,0.0,0.1,109.0,
0.666,0.234,0.0,0.1,174.0,
0.626,0.261,0.013,0.1,129.0,
0.522,0.347,0.031,0.1,152.0,
0.611,0.284,0.005,0.1,80.0,
0.461,0.398,0.041,0.1,162.0,
0.554,0.322,0.024,0.1,132.0,
0.481,0.412,0.006,0.1,60.0,
0.55,0.35,0.0,0.1,80.0,
0.744,0.149,0.007,0.1,190.0,
0.58,0.303,0.017,0.1,139.0,
0.69,0.195,0.015,0.1,163.0,
0.582,0.318,0.0,0.1,60.0,
0.508,0.388,0.004,0.1,116.0,
0.471,0.394,0.035,0.1,130.0,
0.532,0.354,0.014,0.1,80.0,
0.594,0.3,0.006,0.1,160.0,
0.683,0.202,0.015,0.1,170.0,
0.533,0.367,0.0,0.1,110.0,
0.629,0.271,0.0,0.1,140.0,
0.71,0.18,0.01,0.1,139.0,
0.461,0.439,0.0,0.1,70.0,
0.632,0.248,0.02,0.1,200.0,
0.722,0.178,0.0,0.1,75.0,
0.848,0.052,0.0,0.1,90.0,
0.495,0.378,0.027,0.1,185.0,
0.826,0.068,0.005,0.1,60.0,
0.815,0.07,0.015,0.1,90.0,
0.756,0.139,0.006,0.1,91.0,
0.825,0.072,0.003,0.1,155.0,
0.831,0.069,0.0,0.1,182.0,
0.807,0.093,0.0,0.1,234.0,
0.838,0.062,0.0,0.1,95.0,
0.822,0.073,0.004,0.1,214.0,
0.825,0.068,0.007,0.1,70.0,
0.794,0.1,0.006,0.1,214.0,
0.834,0.059,0.006,0.1,162.0,
0.814,0.076,0.01,0.1,80.0,
0.83,0.067,0.003,0.1,150.0,
0.641,0.247,0.012,0.1,147.0,
0.573,0.304,0.023,0.1,132.0,
0.576,0.285,0.039,0.1,127.0,
0.444,0.45,0.006,0.1,60.0,
0.532,0.35,0.018,0.1,90.0,
0.544,0.342,0.014,0.1,170.0,
0.626,0.27,0.004,0.1,114.0,
0.713,0.176,0.011,0.1,190.0,
0.649,0.249,0.003,0.1,199.0,
0.719,0.178,0.003,0.1,138.0,
0.64,0.255,0.005,0.1,90.0,
0.579,0.321,0.0,0.1,99.0,
0.582,0.318,0.0,0.1,70.0,
0.516,0.363,0.021,0.1,196.0,
0.624,0.272,0.004,0.1,120.0,
0.605,0.295,0.0,0.1,100.0,
0.846,0.054,0.0,0.1,115.0,
0.839,0.061,0.0,0.1,80.0,
0.787,0.104,0.008,0.1,97.0,
0.839,0.052,0.009,0.1,220.0,
0.826,0.069,0.005,0.1,171.0,
0.836,0.064,0.0,0.1,170.0,
0.85,0.05,0.0,0.1,80.0,
0.8,0.091,0.009,0.1,142.0,
0.827,0.066,0.007,0.1,184.0,
0.83,0.067,0.004,0.1,129.0,
0.819,0.081,0.0,0.1,80.0,
0.826,0.074,0.0,0.1,80.0,
0.844,0.05,0.006,0.1,80.0,
0.819,0.069,0.012,0.1,170.0,
0.8,0.087,0.013,0.1,181.0,
0.863,0.037,0.0,0.1,90.0,


