0.0,0.01,0.89,0.1,207.0,
0.002,0.031,0.867,0.1,375.0,
0.0,0.0,0.9,0.1,286.0,
0.0,0.003,0.897,0.1,197.0,
0.0,0.038,0.862,0.1,113.0,
0.0,0.004,0.896,0.1,163.0,
0.008,0.033,0.858,0.1,246.0,
0.003,0.054,0.843,0.1,293.0,
0.0,0.024,0.876,0.1,175.0,
0.0,0.007,0.893,0.1,160.0,
0.0,0.0,0.9,0.1,353.0,
0.0,0.056,0.844,0.1,210.0,
0.0,0.012,0.888,0.1,231.0,
0.0,0.043,0.857,0.1,137.0,
0.0,0.0,0.9,0.1,219.0,
0.0,0.0,0.9,0.1,302.0,
0.003,0.006,0.89,0.1,223.0,
0.0,0.018,0.882,0.1,256.0,
0.0,0.011,0.889,0.1,118.0,
0.0,0.006,0.894,0.1,277.0,
0.0,0.04,0.86,0.1,187.0,
0.0,0.008,0.892,0.1,258.0,
0.0,0.043,0.857,0.1,166.0,
0.005,0.018,0.877,0.1,148.0,
0.0,0.012,0.888,0.1,238.0,
0.003,0.04,0.857,0.1,238.0,
0.0,0.057,0.843,0.1,70.0,
0.0,0.0,0.9,0.1,304.0,
0.0,0.0,0.9,0.1,343.0,
0.0,0.009,0.891,0.1,240.0,
0.0,0.005,0.895,0.1,317.0,
0.006,0.094,0.8,0.1,108.0,
0.025,0.062,0.812,0.1,84.0,
0.0,0.0,0.9,0.1,391.0,
0.043,0.024,0.833,0.1,115.0,
0.0,0.006,0.894,0.1,241.0,
0.0,0.11,0.79,0.1,126.0,
0.0,0.046,0.854,0.1,80.0,
0.009,0.03,0.861,0.1,157.0,
0.0,0.019,0.881,0.1,234.0,
0.0,0.015,0.885,0.1,176.0,
0.0,0.007,0.893,0.1,316.0,
0.005,0.068,0.826,0.1,133.0,
0.0,0.012,0.888,0.1,176.0,
0.0,0.117,0.783,0.1,111.0,
0.0,0.007,0.892,0.1,302.0,
0.0,0.023,0.877,0.1,234.0,
0.026,0.052,0.822,0.1,160.0,
0.0,0.006,0.894,0.1,202.0,
0.0,0.06,0.84,0.1,122.0,
0.0,0.01,0.89,0.1,295.0,
0.0,0.02,0.88,0.1,256.0,
0.0,0.018,0.882,0.1,250.0,
0.0,0.108,0.792,0.1,194.0,
0.006,0.027,0.867,0.1,264.0,
0.002,0.01,0.888,0.1,308.0,
0.0,0.021,0.879,0.1,164.0,
0.0,0.026,0.874,0.1,247.0,
0.006,0.039,0.856,0.1,120.0,
0.0,0.003,0.897,0.1,241.0,
0.0,0.054,0.846,0.1,68.0,
0.0,0.029,0.871,0.1,142.0,
0.006,0.006,0.887,0.1,199.0,
0.0,0.105,0.795,0.1,119.0,
0.0,0.007,0.893,0.1,169.0,
0.0,0.05,0.85,0.1,88.0,
0.0,0.005,0.895,0.1,362.0,
0.0,0.006,0.894,0.1,249.0,
0.0,0.024,0.876,0.1,280.0,
0.122,0.056,0.722,0.1,107.0,
0.0,0.012,0.888,0.1,313.0,
0.0,0.027,0.873,0.1,297.0,
0.0,0.009,0.891,0.1,218.0,
0.05,0.081,0.769,0.1,91.0,
0.0,0.002,0.898,0.1,355.0,
0.0,0.036,0.864,0.1,181.0,
0.0,0.003,0.897,0.1,267.0,
0.0,0.045,0.855,0.1,133.0,
0.0,0.003,0.897,0.1,326.0,
0.0,0.007,0.893,0.1,341.0,
0.006,0.012,0.882,0.1,250.0,
0.003,0.005,0.892,0.1,294.0,
0.035,0.035,0.83,0.1,111.0,
0.0,0.0,0.9,0.1,417.0,
0.004,0.019,0.877,0.1,384.0,
0.0,0.04,0.86,0.1,177.0,
0.0,0.079,0.821,0.1,128.0,
0.0,0.073,0.827,0.1,78.0,
0.006,0.189,0.706,0.1,111.0,
0.0,0.0,0.9,0.1,351.0,
0.002,0.009,0.889,0.1,361.0,
0.0,0.025,0.875,0.1,161.0,
0.0,0.009,0.891,0.1,159.0,
0.006,0.072,0.822,0.1,128.0,
0.0,0.035,0.865,0.1,114.0,
0.0,0.0,0.9,0.1,357.0,
0.0,0.002,0.898,0.1,346.0,
0.004,0.032,0.864,0.1,190.0,
0.0,0.107,0.793,0.1,89.0,
0.004,0.065,0.831,0.1,191.0,
0.0,0.073,0.827,0.1,206.0,
0.0,0.014,0.886,0.1,215.0,
0.0,0.018,0.882,0.1,202.0,
0.006,0.053,0.841,0.1,109.0,
0.0,0.011,0.889,0.1,280.0,
0.0,0.003,0.897,0.1,286.0,
0.005,0.111,0.784,0.1,128.0,
0.0,0.033,0.867,0.1,253.0,
0.0,0.016,0.884,0.1,219.0,
0.0,0.016,0.884,0.1,241.0,
0.0,0.043,0.857,0.1,118.0,
0.0,0.045,0.855,0.1,128.0,
0.0,0.123,0.777,0.1,69.0,
0.0,0.023,0.877,0.1,257.0,
0.0,0.01,0.89,0.1,238.0,
0.0,0.004,0.896,0.1,181.0,
0.004,0.032,0.864,0.1,158.0,
0.0,0.05,0.85,0.1,131.0,
0.0,0.003,0.897,0.1,285.0,
0.0,0.028,0.872,0.1,169.0,
0.0,0.005,0.895,0.1,277.0,
0.003,0.003,0.894,0.1,254.0,
0.0,0.014,0.886,0.1,336.0,
0.0,0.006,0.894,0.1,251.0,
0.0,0.015,0.885,0.1,251.0,
0.0,0.006,0.894,0.1,201.0,
0.0,0.01,0.89,0.1,186.0,
0.0,0.002,0.898,0.1,384.0,
0.0,0.004,0.896,0.1,427.0,
0.0,0.021,0.879,0.1,234.0,
0.0,0.0,0.9,0.1,251.0,
0.0,0.025,0.875,0.1,182.0,
0.017,0.117,0.767,0.1,63.0,
0.005,0.018,0.877,0.1,150.0,
0.0,0.036,0.864,0.1,162.0,
0.0,0.014,0.886,0.1,108.0,
0.008,0.192,0.7,0.1,73.0,
0.002,0.0,0.898,0.1,312.0,
0.0,0.053,0.847,0.1,126.0,
0.0,0.078,0.822,0.1,121.0,
0.0,0.029,0.871,0.1,145.0,
0.03,0.2,0.64,0.13,47.0,
0.0,0.017,0.883,0.1,204.0,
0.004,0.026,0.87,0.1,213.0,
0.01,0.019,0.871,0.1,206.0,
0.0,0.016,0.884,0.1,362.0,
0.003,0.005,0.892,0.1,296.0,
0.0,0.01,0.89,0.1,211.0,
0.004,0.04,0.856,0.1,189.0,
0.0,0.059,0.841,0.1,173.0,
0.0,0.055,0.845,0.1,153.0,
0.0,0.007,0.893,0.1,329.0,
0.0,0.022,0.878,0.1,249.0,
0.011,0.021,0.868,0.1,197.0,
0.0,0.009,0.891,0.1,288.0,
0.007,0.038,0.855,0.1,215.0,
0.0,0.007,0.893,0.1,301.0,
0.0,0.0,0.9,0.1,277.0,
0.0,0.037,0.863,0.1,167.0,
0.0,0.015,0.885,0.1,284.0,
0.002,0.0,0.898,0.1,338.0,
0.0,0.017,0.883,0.1,216.0,
0.0,0.087,0.8,0.113,106.0,
0.0,0.018,0.882,0.1,156.0,
0.053,0.067,0.78,0.1,101.0,
0.0,0.007,0.893,0.1,316.0,
0.0,0.021,0.879,0.1,200.0,
0.013,0.039,0.848,0.1,165.0,
0.0,0.009,0.891,0.1,395.0,
0.008,0.035,0.858,0.1,186.0,
0.0,0.037,0.863,0.1,170.0,
0.0,0.053,0.847,0.1,127.0,
0.063,0.132,0.705,0.1,114.0,
0.0,0.003,0.897,0.1,266.0,
0.0,0.026,0.874,0.1,214.0,
0.0,0.094,0.806,0.1,118.0,
0.006,0.088,0.806,0.1,110.0,
0.0,0.005,0.895,0.1,315.0,
0.0,0.034,0.866,0.1,227.0,
0.0,0.003,0.897,0.1,230.0,
0.0,0.073,0.827,0.1,92.0,
0.0,0.094,0.806,0.1,99.0,
0.0,0.003,0.897,0.1,310.0,
0.0,0.011,0.889,0.1,296.0,
0.0,0.0,0.9,0.1,290.0,
0.0,0.002,0.898,0.1,270.0,
0.0,0.044,0.856,0.1,196.0,
0.009,0.2,0.691,0.1,65.0,
0.033,0.178,0.689,0.1,60.0,
0.0,0.008,0.892,0.1,319.0,
0.013,0.056,0.831,0.1,109.0,
0.006,0.083,0.811,0.1,124.0,
0.0,0.005,0.895,0.1,315.0,
0.02,0.087,0.793,0.1,89.0,
0.003,0.006,0.891,0.1,210.0,
0.0,0.007,0.893,0.1,216.0,
0.0,0.014,0.886,0.1,213.0,
0.0,0.005,0.895,0.1,328.0,
0.0,0.025,0.875,0.1,286.0,
0.0,0.045,0.855,0.1,151.0,
0.0,0.004,0.896,0.1,394.0,
0.006,0.053,0.841,0.1,94.0,
0.003,0.0,0.897,0.1,295.0,
0.0,0.061,0.839,0.1,117.0,
0.0,0.024,0.876,0.1,150.0,
0.0,0.056,0.844,0.1,102.0,
0.003,0.014,0.883,0.1,303.0,
0.0,0.048,0.852,0.1,151.0,
0.0,0.026,0.874,0.1,167.0,
0.0,0.02,0.88,0.1,160.0,
0.0,0.036,0.864,0.1,194.0,
0.0,0.011,0.889,0.1,281.0,
0.0,0.031,0.869,0.1,170.0,
0.004,0.037,0.858,0.1,177.0,
0.0,0.005,0.895,0.1,139.0,
0.0,0.011,0.889,0.1,325.0,
0.0,0.039,0.861,0.1,118.0,
0.0,0.01,0.89,0.1,118.0,
0.0,0.005,0.895,0.1,305.0,
0.0,0.06,0.84,0.1,137.0,
0.1,0.291,0.509,0.1,60.0,
0.0,0.024,0.876,0.1,266.0,
0.0,0.026,0.874,0.1,183.0,
0.0,0.019,0.881,0.1,212.0,
0.0,0.003,0.897,0.1,288.0,
0.0,0.084,0.816,0.1,120.0,
0.0,0.033,0.867,0.1,131.0,
0.0,0.005,0.895,0.1,281.0,
0.0,0.004,0.896,0.1,323.0,
0.0,0.043,0.857,0.1,207.0,
0.0,0.007,0.893,0.1,318.0,
0.0,0.018,0.882,0.1,248.0,
0.006,0.011,0.883,0.1,290.0,
0.0,0.004,0.896,0.1,145.0,
0.0,0.025,0.875,0.1,214.0,
0.003,0.015,0.882,0.1,293.0,
0.0,0.044,0.856,0.1,187.0,
0.004,0.029,0.868,0.1,206.0,
0.0,0.016,0.884,0.1,329.0,
0.0,0.016,0.884,0.1,248.0,
0.0,0.012,0.888,0.1,279.0,
0.0,0.112,0.788,0.1,116.0,
0.028,0.067,0.806,0.1,115.0,
0.0,0.002,0.898,0.1,368.0,
0.0,0.013,0.887,0.1,166.0,
0.0,0.024,0.876,0.1,208.0,
0.0,0.112,0.788,0.1,114.0,
0.0,0.038,0.862,0.1,150.0,
0.004,0.03,0.867,0.1,213.0,
0.0,0.059,0.841,0.1,138.0,
0.021,0.032,0.847,0.1,114.0,
0.0,0.041,0.859,0.1,209.0,
0.0,0.008,0.892,0.1,294.0,
0.0,0.018,0.882,0.1,163.0,
0.002,0.0,0.898,0.1,339.0,
0.003,0.003,0.895,0.1,309.0,
0.0,0.005,0.895,0.1,302.0,
0.0,0.013,0.887,0.1,184.0,
0.0,0.011,0.889,0.1,169.0,
0.002,0.024,0.874,0.1,348.0,
0.0,0.034,0.866,0.1,207.0,
0.003,0.012,0.885,0.1,245.0,
0.0,0.043,0.857,0.1,141.0,
0.0,0.037,0.863,0.1,200.0,
0.0,0.007,0.893,0.1,188.0,
0.0,0.019,0.881,0.1,246.0,
0.004,0.011,0.886,0.1,206.0,
0.0,0.014,0.886,0.1,356.0,
0.0,0.0,0.9,0.1,388.0,
0.0,0.013,0.887,0.1,218.0,
0.0,0.005,0.895,0.1,296.0,
0.0,0.003,0.897,0.1,245.0,
0.0,0.019,0.881,0.1,247.0,
0.002,0.008,0.89,0.1,367.0,
0.0,0.014,0.886,0.1,207.0,
0.0,0.037,0.863,0.1,118.0,
0.0,0.1,0.8,0.1,103.0,
0.0,0.015,0.885,0.1,346.0,
0.0,0.01,0.89,0.1,238.0,
0.0,0.007,0.893,0.1,206.0,
0.005,0.08,0.815,0.1,138.0,
0.0,0.009,0.891,0.1,306.0,
0.0,0.0,0.9,0.1,366.0,
0.007,0.019,0.874,0.1,144.0,
0.0,0.024,0.876,0.1,245.0,
0.0,0.021,0.879,0.1,206.0,
0.003,0.011,0.886,0.1,306.0,
0.0,0.0,0.9,0.1,228.0,
0.005,0.048,0.848,0.1,155.0,
0.0,0.076,0.824,0.1,130.0,
0.0,0.018,0.882,0.1,246.0,
0.0,0.029,0.871,0.1,245.0,
0.0,0.031,0.869,0.1,174.0,
0.0,0.035,0.865,0.1,186.0,
0.0,0.01,0.89,0.1,210.0,
0.0,0.043,0.857,0.1,141.0,
0.003,0.039,0.858,0.1,238.0,
0.005,0.014,0.882,0.1,157.0,
0.006,0.065,0.829,0.1,95.0,
0.0,0.017,0.883,0.1,289.0,
0.0,0.019,0.881,0.1,224.0,
0.0,0.03,0.87,0.1,197.0,
0.0,0.012,0.888,0.1,206.0,
0.12,0.17,0.61,0.1,54.0,
0.013,0.1,0.787,0.1,85.0,
0.0,0.018,0.882,0.1,275.0,
0.0,0.024,0.876,0.1,179.0,
0.002,0.019,0.879,0.1,286.0,
0.0,0.002,0.898,0.1,377.0,
0.0,0.003,0.897,0.1,258.0,
0.0,0.022,0.878,0.1,167.0,
0.0,0.035,0.865,0.1,160.0,
0.0,0.003,0.897,0.1,270.0,
0.0,0.01,0.89,0.1,198.0,
0.0,0.005,0.895,0.1,291.0,
0.0,0.013,0.887,0.1,208.0,
0.0,0.005,0.895,0.1,225.0,
0.0,0.009,0.891,0.1,239.0,
0.023,0.169,0.7,0.108,80.0,
0.006,0.006,0.887,0.1,328.0,
0.0,0.01,0.89,0.1,209.0,
0.009,0.024,0.868,0.1,237.0,
0.0,0.094,0.806,0.1,108.0,
0.0,0.023,0.877,0.1,192.0,
0.003,0.005,0.892,0.1,278.0,
0.005,0.041,0.855,0.1,150.0,
0.004,0.012,0.885,0.1,197.0,
0.0,0.1,0.8,0.1,76.0,
0.0,0.032,0.868,0.1,149.0,
0.004,0.004,0.893,0.1,204.0,
0.01,0.085,0.805,0.1,136.0,
0.0,0.0,0.9,0.1,401.0,
0.003,0.009,0.888,0.1,261.0,
0.005,0.029,0.867,0.1,137.0,
0.0,0.003,0.897,0.1,268.0,
0.0,0.06,0.84,0.1,98.0,
0.0,0.117,0.783,0.1,122.0,
0.0,0.0,0.9,0.1,331.0,
0.0,0.006,0.894,0.1,209.0,
0.0,0.006,0.894,0.1,262.0,
0.0,0.012,0.888,0.1,239.0,
0.0,0.087,0.812,0.1,108.0,
0.0,0.002,0.898,0.1,326.0,
0.0,0.007,0.893,0.1,208.0,
0.004,0.02,0.876,0.1,166.0,
0.002,0.007,0.89,0.1,331.0,
0.0,0.094,0.806,0.1,105.0,
0.0,0.023,0.877,0.1,152.0,
0.0,0.005,0.895,0.1,290.0,
0.0,0.002,0.898,0.1,393.0,
0.0,0.095,0.805,0.1,155.0,
0.0,0.05,0.85,0.1,119.0,
0.0,0.009,0.891,0.1,142.0,
0.0,0.005,0.895,0.1,293.0,
0.0,0.005,0.895,0.1,256.0,
0.0,0.088,0.812,0.1,99.0,
0.0,0.017,0.883,0.1,278.0,
0.011,0.111,0.779,0.1,130.0,
0.0,0.023,0.877,0.1,223.0,
0.0,0.022,0.878,0.1,206.0,
0.0,0.011,0.889,0.1,118.0,
0.0,0.003,0.897,0.1,305.0,
0.0,0.005,0.895,0.1,266.0,
0.0,0.036,0.864,0.1,187.0,
0.0,0.017,0.883,0.1,210.0,
0.0,0.076,0.824,0.1,108.0,
0.0,0.026,0.874,0.1,166.0,
0.0,0.007,0.892,0.1,295.0,
0.0,0.023,0.877,0.1,188.0,
0.004,0.02,0.876,0.1,168.0,
0.0,0.004,0.896,0.1,378.0,
0.0,0.018,0.882,0.1,258.0,
0.005,0.008,0.886,0.1,281.0,
0.0,0.07,0.83,0.1,129.0,
0.0,0.03,0.87,0.1,140.0,
0.003,0.008,0.889,0.1,291.0,
0.018,0.071,0.812,0.1,101.0,
0.0,0.0,0.9,0.1,440.0,
0.0,0.006,0.894,0.1,245.0,
0.0,0.021,0.879,0.1,195.0,
0.005,0.08,0.815,0.1,145.0,
0.0,0.088,0.812,0.1,117.0,
0.0,0.008,0.892,0.1,293.0,
0.0,0.027,0.873,0.1,227.0,
0.0,0.009,0.891,0.1,245.0,
0.0,0.015,0.885,0.1,188.0,
0.003,0.035,0.863,0.1,287.0,
0.0,0.024,0.876,0.1,257.0,
0.0,0.016,0.884,0.1,218.0,
0.0,0.012,0.888,0.1,176.0,
0.007,0.08,0.813,0.1,95.0,
0.0,0.014,0.886,0.1,269.0,
0.0,0.002,0.898,0.1,268.0,
0.0,0.017,0.883,0.1,281.0,
0.0,0.01,0.89,0.1,379.0,
0.0,0.029,0.871,0.1,204.0,
0.0,0.0,0.9,0.1,284.0,
0.0,0.024,0.876,0.1,138.0,
0.0,0.129,0.771,0.1,87.0,
0.004,0.013,0.883,0.1,375.0,
0.003,0.013,0.885,0.1,300.0,
0.004,0.031,0.865,0.1,188.0,
0.0,0.004,0.896,0.1,195.0,
0.046,0.169,0.685,0.1,83.0,
0.02,0.42,0.46,0.1,60.0,
0.0,0.014,0.886,0.1,314.0,
0.0,0.009,0.891,0.1,271.0,
0.0,0.093,0.807,0.1,91.0,
0.004,0.016,0.88,0.1,358.0,
0.003,0.003,0.894,0.1,222.0,
0.0,0.03,0.87,0.1,150.0,
0.1,0.15,0.65,0.1,50.0,
0.0,0.024,0.876,0.1,153.0,
0.0,0.019,0.881,0.1,302.0,
0.0,0.003,0.897,0.1,207.0,
0.0,0.011,0.889,0.1,275.0,
0.0,0.003,0.897,0.1,231.0,
0.0,0.045,0.855,0.1,150.0,
0.003,0.013,0.884,0.1,224.0,
0.0,0.012,0.888,0.1,179.0,
0.003,0.01,0.886,0.1,236.0,
0.0,0.056,0.844,0.1,112.0,
0.004,0.014,0.882,0.1,217.0,
0.0,0.02,0.88,0.1,327.0,
0.0,0.036,0.864,0.1,179.0,
0.0,0.055,0.845,0.1,159.0,
0.006,0.009,0.885,0.1,242.0,
0.0,0.023,0.877,0.1,234.0,
0.0,0.012,0.888,0.1,269.0,
0.006,0.075,0.819,0.1,99.0,
0.0,0.0,0.9,0.1,345.0,
0.0,0.002,0.898,0.1,310.0,
0.0,0.022,0.878,0.1,192.0,
0.0,0.003,0.897,0.1,258.0,
0.0,0.05,0.85,0.1,160.0,
0.002,0.016,0.881,0.1,306.0,
0.006,0.094,0.8,0.1,85.0,
0.0,0.002,0.898,0.1,317.0,
0.0,0.142,0.758,0.1,74.0,
0.0,0.004,0.896,0.1,375.0,
0.0,0.012,0.888,0.1,228.0,
0.006,0.041,0.853,0.1,105.0,
0.0,0.038,0.862,0.1,207.0,
0.0,0.017,0.883,0.1,218.0,
0.0,0.025,0.875,0.1,205.0,
0.0,0.009,0.891,0.1,283.0,
0.0,0.011,0.889,0.1,266.0,
0.0,0.01,0.89,0.1,328.0,
0.0,0.015,0.885,0.1,255.0,
0.005,0.015,0.88,0.1,119.0,
0.0,0.036,0.864,0.1,149.0,
0.002,0.013,0.885,0.1,377.0,
0.0,0.002,0.898,0.1,312.0,
0.0,0.003,0.897,0.1,251.0,
0.0,0.125,0.775,0.1,73.0,
0.087,0.273,0.54,0.1,88.0,
0.0,0.006,0.894,0.1,277.0,
0.0,0.027,0.873,0.1,162.0,
0.004,0.014,0.882,0.1,190.0,
0.0,0.003,0.897,0.1,290.0,
0.006,0.039,0.856,0.1,276.0,
0.0,0.087,0.813,0.1,293.0,
0.0,0.021,0.879,0.1,151.0,
0.0,0.018,0.882,0.1,305.0,
0.0,0.006,0.894,0.1,298.0,
0.0,0.03,0.87,0.1,218.0,
0.0,0.017,0.883,0.1,159.0,
0.0,0.055,0.845,0.1,158.0,
0.0,0.074,0.826,0.1,114.0,
0.0,0.002,0.898,0.1,396.0,
0.0,0.02,0.88,0.1,242.0,
0.0,0.007,0.893,0.1,199.0,
0.091,0.017,0.791,0.1,163.0,
0.0,0.01,0.89,0.1,217.0,
0.004,0.012,0.885,0.1,169.0,
0.0,0.003,0.897,0.1,306.0,
0.0,0.0,0.9,0.1,356.0,
0.0,0.0,0.9,0.1,327.0,
0.0,0.065,0.835,0.1,87.0,
0.0,0.013,0.887,0.1,167.0,
0.006,0.021,0.874,0.1,259.0,
0.0,0.053,0.847,0.1,244.0,
0.0,0.1,0.8,0.1,100.0,
0.067,0.108,0.725,0.1,75.0,
0.0,0.024,0.876,0.1,162.0,
0.002,0.02,0.878,0.1,334.0,
0.0,0.0,0.9,0.1,237.0,
0.0,0.0,0.9,0.1,181.0,
0.003,0.016,0.881,0.1,245.0,
0.0,0.007,0.893,0.1,342.0,
0.0,0.013,0.887,0.1,178.0,
0.046,0.208,0.646,0.1,70.0,
0.021,0.114,0.764,0.1,80.0,
0.0,0.007,0.893,0.1,373.0,
0.0,0.031,0.869,0.1,210.0,
0.0,0.009,0.891,0.1,211.0,
0.0,0.017,0.883,0.1,138.0,
0.0,0.04,0.86,0.1,109.0,
0.0,0.058,0.842,0.1,162.0,
0.0,0.0,0.9,0.1,318.0,
0.0,0.032,0.868,0.1,189.0,
0.0,0.01,0.89,0.1,205.0,
0.0,0.013,0.887,0.1,249.0,
0.009,0.018,0.873,0.1,154.0,
0.006,0.089,0.806,0.1,116.0,
0.004,0.004,0.891,0.1,364.0,
0.0,0.01,0.89,0.1,191.0,
0.002,0.002,0.895,0.1,330.0,
0.0,0.013,0.887,0.1,132.0,
0.0,0.01,0.89,0.1,201.0,
0.004,0.048,0.848,0.1,165.0,
0.0,0.038,0.862,0.1,146.0,
0.004,0.015,0.881,0.1,187.0,
0.0,0.027,0.873,0.1,159.0,
0.0,0.016,0.884,0.1,307.0,
0.0,0.043,0.857,0.1,233.0,
0.0,0.029,0.871,0.1,202.0,
0.0,0.039,0.861,0.1,164.0,
0.003,0.023,0.874,0.1,215.0,
0.004,0.008,0.888,0.1,186.0,
0.009,0.043,0.848,0.1,164.0,
0.0,0.09,0.81,0.1,148.0,
0.0,0.015,0.885,0.1,198.0,
0.003,0.007,0.89,0.1,311.0,
0.0,0.007,0.893,0.1,197.0,
0.006,0.029,0.865,0.1,111.0,
0.0,0.016,0.884,0.1,218.0,
0.0,0.01,0.89,0.1,224.0,
0.0,0.011,0.889,0.1,287.0,
0.005,0.05,0.845,0.1,138.0,
0.0,0.015,0.885,0.1,159.0,
0.0,0.006,0.894,0.1,245.0,
0.003,0.034,0.862,0.1,228.0,
0.0,0.0,0.9,0.1,255.0,
0.0,0.039,0.861,0.1,190.0,
0.0,0.008,0.892,0.1,170.0,
0.0,0.466,0.434,0.1,339.0,
0.021,0.695,0.184,0.1,114.0,
0.025,0.641,0.234,0.1,192.0,
0.003,0.663,0.234,0.1,269.0,
0.0,0.549,0.351,0.1,317.0,
0.0,0.627,0.273,0.1,271.0,
0.0,0.679,0.221,0.1,132.0,
0.096,0.592,0.212,0.1,164.0,
0.019,0.542,0.338,0.1,173.0,
0.0,0.492,0.407,0.1,306.0,
0.075,0.562,0.263,0.1,142.0,
0.128,0.6,0.172,0.1,107.0,
0.0,0.568,0.332,0.1,118.0,
0.0,0.569,0.331,0.1,269.0,
0.008,0.628,0.264,0.1,172.0,
0.0,0.574,0.326,0.1,230.0,
0.0,0.515,0.385,0.1,263.0,
0.062,0.554,0.285,0.1,61.0,
0.007,0.63,0.263,0.1,211.0,
0.0,0.554,0.346,0.1,206.0,
0.0,0.424,0.476,0.1,144.0,
0.009,0.537,0.354,0.1,280.0,
0.0,0.518,0.382,0.1,273.0,
0.005,0.619,0.276,0.1,140.0,
0.003,0.628,0.269,0.1,217.0,
0.0,0.667,0.233,0.1,108.0,
0.007,0.611,0.282,0.1,325.0,
0.0,0.616,0.284,0.1,262.0,
0.015,0.642,0.242,0.1,154.0,
0.0,0.597,0.303,0.1,252.0,
0.037,0.649,0.214,0.1,238.0,
0.0,0.524,0.376,0.1,287.0,
0.006,0.613,0.281,0.1,93.0,
0.004,0.643,0.254,0.1,186.0,
0.0,0.759,0.141,0.1,155.0,
0.0,0.637,0.263,0.1,123.0,
0.06,0.527,0.313,0.1,91.0,
0.0,0.681,0.219,0.1,263.0,
0.004,0.619,0.278,0.1,190.0,
0.059,0.5,0.341,0.1,139.0,
0.05,0.621,0.229,0.1,171.0,
0.0,0.491,0.409,0.1,159.0,
0.005,0.618,0.277,0.1,277.0,
0.002,0.69,0.207,0.1,295.0,
0.0,0.52,0.38,0.1,327.0,
0.048,0.489,0.363,0.1,203.0,
0.0,0.555,0.345,0.1,330.0,
0.041,0.678,0.181,0.1,216.0,
0.0,0.552,0.348,0.1,159.0,
0.029,0.606,0.265,0.1,74.0,
0.0,0.53,0.37,0.1,329.0,
0.0,0.659,0.241,0.1,230.0,
0.003,0.55,0.347,0.1,195.0,
0.037,0.644,0.22,0.1,261.0,
0.0,0.533,0.367,0.1,285.0,
0.01,0.61,0.28,0.1,223.0,
0.0,0.61,0.29,0.1,197.0,
0.018,0.661,0.221,0.1,181.0,
0.0,0.6,0.3,0.1,81.0,
0.0,0.563,0.337,0.1,303.0,
0.0,0.605,0.295,0.1,254.0,
0.0,0.615,0.285,0.1,201.0,
0.0,0.687,0.213,0.1,206.0,
0.016,0.621,0.263,0.1,111.0,
0.0,0.609,0.291,0.1,139.0,
0.0,0.575,0.325,0.1,125.0,
0.0,0.451,0.449,0.1,419.0,
0.002,0.658,0.24,0.1,302.0,
0.0,0.463,0.437,0.1,267.0,
0.0,0.637,0.263,0.1,179.0,
0.0,0.639,0.261,0.1,237.0,
0.0,0.594,0.306,0.1,385.0,
0.003,0.593,0.303,0.1,236.0,
0.0,0.654,0.246,0.1,220.0,
0.0,0.695,0.205,0.1,129.0,
0.024,0.668,0.209,0.1,211.0,
0.0,0.521,0.379,0.1,350.0,
0.007,0.633,0.26,0.1,229.0,
0.005,0.67,0.225,0.1,128.0,
0.029,0.721,0.15,0.1,79.0,
0.0,0.621,0.279,0.1,232.0,
0.041,0.705,0.155,0.1,137.0,
0.0,0.622,0.278,0.1,101.0,
0.003,0.685,0.213,0.1,288.0,
0.009,0.607,0.284,0.1,339.0,
0.0,0.635,0.265,0.1,157.0,
0.0,0.569,0.331,0.1,184.0,
0.0,0.7,0.2,0.1,160.0,
0.087,0.556,0.256,0.1,92.0,
0.0,0.55,0.35,0.1,258.0,
0.008,0.6,0.292,0.1,179.0,
0.0,0.691,0.209,0.1,136.0,
0.0,0.637,0.263,0.1,182.0,
0.062,0.581,0.256,0.1,90.0,
0.0,0.503,0.397,0.1,263.0,
0.004,0.629,0.267,0.1,175.0,
0.0,0.656,0.244,0.1,110.0,
0.047,0.634,0.219,0.1,210.0,
0.0,0.611,0.289,0.1,106.0,
0.0,0.613,0.287,0.1,283.0,
0.024,0.641,0.235,0.1,337.0,
0.0,0.607,0.293,0.1,224.0,
0.0,0.595,0.305,0.1,144.0,
0.074,0.605,0.221,0.1,89.0,
0.019,0.611,0.27,0.1,162.0,
0.0,0.543,0.357,0.1,269.0,
0.0,0.48,0.42,0.1,173.0,
0.0,0.626,0.274,0.1,110.0,
0.0,0.579,0.321,0.1,270.0,
0.007,0.644,0.248,0.1,158.0,
0.003,0.561,0.336,0.1,239.0,
0.0,0.669,0.231,0.1,199.0,
0.04,0.54,0.32,0.1,80.0,
0.0,0.417,0.483,0.1,329.0,
0.0,0.646,0.254,0.1,210.0,
0.0,0.65,0.25,0.1,135.0,
0.008,0.736,0.156,0.1,260.0,
0.15,0.467,0.283,0.1,62.0,
0.0,0.587,0.313,0.1,207.0,
0.0,0.546,0.354,0.1,189.0,
0.0,0.627,0.273,0.1,224.0,
0.0,0.509,0.391,0.1,141.0,
0.0,0.478,0.422,0.1,391.0,
0.012,0.641,0.247,0.1,237.0,
0.1,0.624,0.176,0.1,115.0,
0.0,0.621,0.279,0.1,185.0,
0.0,0.583,0.318,0.1,275.0,
0.0,0.506,0.394,0.1,226.0,
0.008,0.619,0.273,0.1,168.0,
0.011,0.743,0.146,0.1,178.0,
0.003,0.682,0.215,0.1,293.0,
0.0,0.672,0.228,0.1,209.0,
0.003,0.534,0.362,0.1,241.0,
0.0,0.55,0.35,0.1,172.0,
0.039,0.578,0.283,0.1,116.0,
0.0,0.505,0.395,0.1,286.0,
0.008,0.539,0.353,0.1,251.0,
0.027,0.643,0.23,0.1,176.0,
0.114,0.624,0.162,0.1,125.0,
0.0,0.645,0.255,0.1,111.0,
0.0,0.598,0.302,0.1,317.0,
0.0,0.642,0.258,0.1,318.0,
0.0,0.684,0.216,0.1,120.0,
0.0,0.637,0.263,0.1,100.0,
0.0,0.541,0.359,0.1,317.0,
0.0,0.571,0.329,0.1,248.0,
0.136,0.427,0.336,0.1,55.0,
0.004,0.557,0.339,0.1,156.0,
0.0,0.502,0.398,0.1,342.0,
0.0,0.62,0.28,0.1,317.0,
0.007,0.611,0.281,0.1,196.0,
0.059,0.365,0.476,0.1,102.0,
0.073,0.655,0.173,0.1,51.0,
0.016,0.638,0.246,0.1,274.0,
0.0,0.582,0.318,0.1,261.0,
0.0,0.705,0.195,0.1,150.0,
0.052,0.643,0.204,0.1,149.0,
0.009,0.636,0.255,0.1,149.0,
0.0,0.519,0.381,0.1,254.0,
0.0,0.572,0.328,0.1,282.0,
0.023,0.653,0.223,0.1,322.0,
0.0,0.583,0.317,0.1,196.0,
0.0,0.536,0.364,0.1,223.0,
0.0,0.512,0.388,0.1,109.0,
0.167,0.5,0.233,0.1,61.0,
0.0,0.658,0.242,0.1,307.0,
0.0,0.546,0.354,0.1,168.0,
0.006,0.694,0.2,0.1,209.0,
0.033,0.617,0.25,0.1,107.0,
0.0,0.525,0.375,0.1,295.0,
0.006,0.481,0.412,0.1,227.0,
0.0,0.593,0.307,0.1,171.0,
0.0,0.619,0.281,0.1,218.0,
0.1,0.6,0.2,0.1,61.0,
0.0,0.567,0.333,0.1,287.0,
0.0,0.638,0.262,0.1,215.0,
0.019,0.557,0.324,0.1,104.0,
0.0,0.572,0.328,0.1,257.0,
0.0,0.652,0.247,0.1,289.0,
0.0,0.645,0.255,0.1,215.0,
0.0,0.481,0.419,0.1,138.0,
0.171,0.553,0.176,0.1,89.0,
0.0,0.594,0.306,0.1,250.0,
0.0,0.694,0.206,0.1,222.0,
0.0,0.65,0.25,0.1,266.0,
0.0,0.685,0.215,0.1,171.0,
0.0,0.605,0.295,0.1,277.0,
0.0,0.731,0.169,0.1,181.0,
0.0,0.648,0.252,0.1,172.0,
0.0,0.635,0.265,0.1,162.0,
0.057,0.657,0.186,0.1,114.0,
0.0,0.663,0.237,0.1,179.0,
0.0,0.528,0.372,0.1,283.0,
0.0,0.524,0.376,0.1,263.0,
0.003,0.594,0.303,0.1,226.0,
0.0,0.555,0.345,0.1,223.0,
0.016,0.592,0.292,0.1,160.0,
0.0,0.597,0.303,0.1,276.0,
0.005,0.495,0.4,0.1,324.0,
0.0,0.581,0.319,0.1,299.0,
0.061,0.633,0.206,0.1,214.0,
0.119,0.59,0.19,0.1,115.0,
0.002,0.612,0.286,0.1,300.0,
0.0,0.488,0.412,0.1,179.0,
0.003,0.58,0.317,0.1,219.0,
0.013,0.739,0.148,0.1,197.0,
0.008,0.671,0.221,0.1,320.0,
0.0,0.587,0.313,0.1,359.0,
0.003,0.597,0.3,0.1,253.0,
0.0,0.676,0.224,0.1,172.0,
0.005,0.68,0.215,0.1,261.0,
0.003,0.666,0.231,0.1,225.0,
0.0,0.606,0.294,0.1,234.0,
0.0,0.554,0.346,0.1,168.0,
0.0,0.678,0.222,0.1,92.0,
0.0,0.624,0.276,0.1,266.0,
0.0,0.6,0.3,0.1,347.0,
0.0,0.608,0.292,0.1,244.0,
0.059,0.626,0.215,0.1,161.0,
0.0,0.54,0.36,0.1,120.0,
0.0,0.542,0.358,0.1,131.0,
0.005,0.65,0.245,0.1,267.0,
0.0,0.648,0.252,0.1,143.0,
0.0,0.653,0.247,0.1,272.0,
0.0,0.646,0.254,0.1,175.0,
0.0,0.5,0.4,0.1,189.0,
0.0,0.438,0.462,0.1,209.0,
0.002,0.696,0.202,0.1,307.0,
0.062,0.579,0.258,0.1,125.0,
0.0,0.504,0.396,0.1,186.0,
0.0,0.624,0.276,0.1,262.0,
0.006,0.624,0.271,0.1,256.0,
0.0,0.516,0.384,0.1,296.0,
0.0,0.693,0.207,0.1,205.0,
0.0,0.648,0.252,0.1,134.0,
0.002,0.51,0.388,0.1,332.0,
0.0,0.632,0.268,0.1,281.0,
0.0,0.638,0.262,0.1,196.0,
0.029,0.629,0.241,0.1,104.0,
0.0,0.625,0.275,0.1,120.0,
0.004,0.6,0.296,0.1,199.0,
0.0,0.636,0.264,0.1,164.0,
0.033,0.607,0.26,0.1,90.0,
0.005,0.627,0.268,0.1,141.0,
0.083,0.508,0.308,0.1,61.0,
0.0,0.623,0.277,0.1,258.0,
0.065,0.688,0.147,0.1,101.0,
0.004,0.617,0.278,0.1,155.0,
0.0,0.613,0.287,0.1,401.0,
0.008,0.508,0.385,0.1,70.0,
0.0,0.629,0.271,0.1,279.0,
0.032,0.511,0.358,0.1,114.0,
0.0,0.633,0.267,0.1,132.0,
0.0,0.581,0.319,0.1,238.0,
0.003,0.406,0.49,0.1,236.0,
0.0,0.552,0.348,0.1,223.0,
0.048,0.638,0.214,0.1,111.0,
0.06,0.6,0.24,0.1,88.0,
0.0,0.558,0.342,0.1,237.0,
0.01,0.705,0.186,0.1,141.0,
0.0,0.577,0.323,0.1,158.0,
0.02,0.568,0.312,0.1,152.0,
0.0,0.597,0.303,0.1,267.0,
0.003,0.447,0.45,0.1,253.0,
0.032,0.579,0.289,0.1,150.0,
0.0,0.626,0.274,0.1,188.0,
0.033,0.68,0.187,0.1,83.0,
0.017,0.654,0.229,0.1,261.0,
0.0,0.583,0.317,0.1,219.0,
0.052,0.574,0.274,0.1,156.0,
0.005,0.476,0.419,0.1,319.0,
0.015,0.57,0.315,0.1,110.0,
0.0,0.548,0.352,0.1,210.0,
0.04,0.467,0.393,0.1,100.0,
0.005,0.565,0.33,0.1,119.0,
0.003,0.478,0.419,0.1,301.0,
0.0,0.575,0.325,0.1,305.0,
0.024,0.594,0.282,0.1,240.0,
0.021,0.664,0.214,0.1,313.0,
0.0,0.515,0.385,0.1,69.0,
0.0,0.65,0.25,0.1,117.0,
0.056,0.642,0.203,0.1,233.0,
0.0,0.706,0.194,0.1,187.0,
0.05,0.594,0.256,0.1,102.0,
0.014,0.709,0.177,0.1,131.0,
0.0,0.514,0.386,0.1,302.0,
0.01,0.733,0.157,0.1,146.0,
0.0,0.648,0.252,0.1,185.0,
0.016,0.703,0.181,0.1,198.0,
0.0,0.648,0.252,0.1,133.0,
0.008,0.569,0.323,0.1,70.0,
0.0,0.566,0.334,0.1,270.0,
0.0,0.614,0.286,0.1,253.0,
0.004,0.514,0.382,0.1,206.0,
0.052,0.7,0.148,0.1,131.0,
0.0,0.613,0.287,0.1,81.0,
0.0,0.439,0.461,0.1,111.0,
0.008,0.472,0.42,0.1,183.0,
0.0,0.577,0.323,0.1,68.0,
0.0,0.524,0.376,0.1,340.0,
0.0,0.602,0.298,0.1,387.0,
0.0,0.564,0.336,0.1,280.0,
0.0,0.62,0.28,0.1,172.0,
0.004,0.681,0.215,0.1,192.0,
0.003,0.556,0.342,0.1,279.0,
0.0,0.662,0.238,0.1,233.0,
0.0,0.674,0.226,0.1,208.0,
0.0,0.687,0.213,0.1,281.0,
0.003,0.669,0.228,0.1,186.0,
0.0,0.559,0.341,0.1,316.0,
0.0,0.6,0.3,0.1,165.0,
0.015,0.585,0.3,0.1,69.0,
0.004,0.744,0.152,0.1,146.0,
0.0,0.619,0.281,0.1,303.0,
0.0,0.564,0.336,0.1,158.0,
0.0,0.517,0.383,0.1,258.0,
0.0,0.543,0.357,0.1,207.0,
0.0,0.629,0.271,0.1,144.0,
0.0,0.434,0.466,0.1,287.0,
0.0,0.455,0.445,0.1,148.0,
0.007,0.329,0.564,0.1,85.0,
0.0,0.579,0.321,0.1,318.0,
0.0,0.663,0.237,0.1,116.0,
0.0,0.636,0.264,0.1,314.0,
0.011,0.633,0.256,0.1,265.0,
0.0,0.497,0.403,0.1,244.0,
0.0,0.65,0.25,0.1,158.0,
0.035,0.692,0.173,0.1,150.0,
0.0,0.388,0.512,0.1,111.0,
0.0,0.563,0.337,0.1,324.0,
0.0,0.672,0.228,0.1,216.0,
0.0,0.654,0.246,0.1,179.0,
0.0,0.466,0.434,0.1,229.0,
0.004,0.557,0.339,0.1,170.0,
0.0,0.613,0.287,0.1,212.0,
0.019,0.65,0.231,0.1,175.0,
0.0,0.679,0.221,0.1,203.0,
0.0,0.655,0.245,0.1,211.0,
0.002,0.6,0.298,0.1,320.0,
0.077,0.7,0.123,0.1,171.0,
0.0,0.5,0.4,0.1,174.0,
0.0,0.59,0.31,0.1,222.0,
0.0,0.494,0.406,0.1,257.0,
0.004,0.557,0.339,0.1,156.0,
0.0,0.567,0.333,0.1,167.0,
0.018,0.594,0.288,0.1,108.0,
0.0,0.44,0.46,0.1,324.0,
0.0,0.522,0.378,0.1,271.0,
0.005,0.542,0.353,0.1,311.0,
0.013,0.517,0.371,0.1,160.0,
0.0,0.47,0.43,0.1,141.0,
0.0,0.638,0.262,0.1,369.0,
0.071,0.576,0.253,0.1,84.0,
0.0,0.403,0.497,0.1,327.0,
0.0,0.67,0.23,0.1,272.0,
0.0,0.631,0.269,0.1,249.0,
0.0,0.591,0.309,0.1,242.0,
0.042,0.6,0.258,0.1,108.0,
0.005,0.661,0.234,0.1,269.0,
0.005,0.648,0.248,0.1,148.0,
0.0,0.689,0.211,0.1,175.0,
0.031,0.744,0.125,0.1,226.0,
0.0,0.731,0.169,0.1,266.0,
0.0,0.495,0.405,0.1,303.0,
0.003,0.562,0.335,0.1,261.0,
0.0,0.568,0.332,0.1,148.0,
0.054,0.692,0.154,0.1,71.0,
0.11,0.649,0.141,0.1,243.0,
0.0,0.611,0.289,0.1,161.0,
0.126,0.57,0.204,0.1,122.0,
0.0,0.565,0.335,0.1,264.0,
0.0,0.503,0.397,0.1,289.0,
0.0,0.417,0.483,0.1,281.0,
0.004,0.716,0.18,0.1,157.0,
0.009,0.504,0.387,0.1,147.0,
0.0,0.564,0.336,0.1,254.0,
0.007,0.487,0.407,0.1,357.0,
0.0,0.758,0.142,0.1,230.0,
0.011,0.563,0.326,0.1,124.0,
0.016,0.568,0.316,0.1,129.0,
0.0,0.616,0.284,0.1,348.0,
0.023,0.63,0.248,0.1,302.0,
0.03,0.633,0.237,0.1,180.0,
0.075,0.715,0.11,0.1,113.0,
0.0,0.008,0.892,0.1,276.0,
0.0,0.011,0.889,0.1,239.0,
0.0,0.026,0.874,0.1,183.0,
0.0,0.027,0.873,0.1,132.0,
0.004,0.033,0.863,0.1,168.0,
0.005,0.025,0.87,0.1,317.0,
0.0,0.003,0.897,0.1,258.0,
0.007,0.021,0.872,0.1,177.0,
0.0,0.05,0.85,0.1,140.0,
0.0,0.031,0.869,0.1,153.0,
0.003,0.041,0.855,0.1,240.0,
0.0,0.016,0.884,0.1,230.0,
0.0,0.0,0.9,0.1,249.0,
0.0,0.1,0.8,0.1,115.0,
0.0,0.002,0.898,0.1,313.0,
0.0,0.008,0.892,0.1,287.0,
0.0,0.087,0.812,0.1,98.0,
0.0,0.06,0.84,0.1,138.0,
0.002,0.005,0.893,0.1,322.0,
0.0,0.037,0.863,0.1,209.0,
0.0,0.013,0.887,0.1,297.0,
0.118,0.191,0.591,0.1,67.0,
0.0,0.0,0.9,0.1,149.0,
0.0,0.026,0.874,0.1,242.0,
0.0,0.014,0.886,0.1,218.0,
0.0,0.0,0.9,0.1,272.0,
0.0,0.004,0.896,0.1,375.0,
0.0,0.067,0.833,0.1,130.0,
0.007,0.043,0.85,0.1,201.0,
0.003,0.03,0.867,0.1,195.0,
0.0,0.039,0.856,0.106,118.0,
0.0,0.0,0.9,0.1,364.0,
0.011,0.461,0.428,0.1,118.0,
0.035,0.526,0.339,0.1,158.0,
0.0,0.011,0.889,0.1,270.0,
0.0,0.632,0.268,0.1,98.0,
0.005,0.67,0.225,0.1,131.0,
0.011,0.494,0.394,0.1,120.0,
0.0,0.544,0.356,0.1,262.0,
0.003,0.728,0.169,0.1,257.0,
0.022,0.715,0.163,0.1,279.0,
0.0,0.677,0.223,0.1,178.0,
0.0,0.589,0.311,0.1,334.0,
0.0,0.65,0.25,0.1,211.0,
0.002,0.632,0.266,0.1,374.0,
0.006,0.55,0.344,0.1,246.0,
0.0,0.586,0.314,0.1,139.0,
0.0,0.603,0.297,0.1,232.0,
0.0,0.068,0.832,0.1,251.0,
0.004,0.019,0.877,0.1,163.0,
0.0,0.015,0.885,0.1,260.0,
0.0,0.131,0.769,0.1,105.0,
0.0,0.025,0.875,0.1,209.0,
0.0,0.022,0.878,0.1,250.0,
0.0,0.03,0.87,0.1,156.0,
0.0,0.0,0.9,0.1,311.0,
0.0,0.003,0.897,0.1,263.0,
0.0,0.011,0.889,0.1,287.0,
0.0,0.095,0.805,0.1,146.0,
0.0,0.029,0.871,0.1,128.0,
0.0,0.153,0.741,0.106,109.0,
0.0,0.018,0.882,0.1,276.0,
0.004,0.02,0.876,0.1,169.0,
0.0,0.033,0.867,0.1,128.0,
0.008,0.635,0.258,0.1,188.0,
0.022,0.689,0.189,0.1,108.0,
0.046,0.592,0.263,0.1,156.0,
0.0,0.652,0.248,0.1,320.0,
0.0,0.523,0.377,0.1,284.0,
0.003,0.597,0.3,0.1,311.0,
0.045,0.62,0.235,0.1,113.0,
0.0,0.706,0.194,0.1,289.0,
0.0,0.493,0.407,0.1,345.0,
0.0,0.667,0.233,0.1,191.0,
0.005,0.738,0.157,0.1,131.0,
0.032,0.584,0.284,0.1,110.0,
0.006,0.719,0.175,0.1,101.0,
0.0,0.438,0.462,0.1,356.0,
0.0,0.531,0.369,0.1,318.0,
0.011,0.642,0.247,0.1,128.0,

0.003,0.006,0.858,0.132,262.0,
0.002,0.004,0.833,0.16,391.0,
0.005,0.011,0.83,0.154,338.0,
0.0,0.007,0.867,0.127,236.0,
0.0,0.043,0.781,0.176,169.0,
0.0,0.0,0.893,0.107,238.0,
0.011,0.019,0.842,0.128,283.0,
0.005,0.016,0.857,0.122,321.0,
0.0,0.0,0.876,0.124,206.0,
0.0,0.0,0.848,0.152,225.0,
0.0,0.0,0.898,0.102,381.0,
0.004,0.074,0.744,0.178,228.0,
0.003,0.003,0.882,0.112,287.0,
0.004,0.057,0.713,0.226,181.0,
0.0,0.0,0.882,0.118,290.0,
0.0,0.045,0.738,0.217,356.0,
0.0,0.006,0.858,0.135,267.0,
0.0,0.0,0.888,0.112,293.0,
0.0,0.089,0.622,0.289,143.0,
0.0,0.003,0.892,0.106,328.0,
0.0,0.036,0.82,0.144,210.0,
0.0,0.003,0.878,0.119,318.0,
0.0,0.017,0.83,0.152,203.0,
0.005,0.009,0.845,0.141,191.0,
0.0,0.009,0.888,0.103,291.0,
0.003,0.013,0.87,0.113,269.0,
0.0,0.05,0.75,0.2,97.0,
0.0,0.0,0.9,0.1,400.0,
0.0,0.017,0.844,0.139,365.0,
0.0,0.0,0.879,0.121,281.0,
0.0,0.0,0.878,0.122,366.0,
0.0,0.065,0.671,0.265,139.0,
0.006,0.081,0.675,0.237,123.0,
0.0,0.002,0.891,0.107,501.0,
0.005,0.033,0.724,0.238,169.0,
0.0,0.013,0.816,0.171,268.0,
0.014,0.09,0.605,0.29,161.0,
0.0,0.023,0.869,0.108,102.0,
0.0,0.03,0.813,0.157,190.0,
0.0,0.006,0.877,0.116,264.0,
0.0,0.008,0.869,0.123,209.0,
0.002,0.0,0.888,0.11,378.0,
0.0,0.084,0.668,0.247,148.0,
0.0,0.008,0.872,0.12,201.0,
0.0,0.067,0.717,0.217,143.0,
0.0,0.0,0.877,0.122,363.0,
0.0,0.026,0.848,0.126,263.0,
0.004,0.017,0.826,0.152,197.0,
0.0,0.006,0.887,0.106,272.0,
0.0,0.015,0.795,0.19,157.0,
0.0,0.005,0.877,0.118,324.0,
0.0,0.006,0.877,0.117,319.0,
0.0,0.003,0.888,0.109,288.0,
0.0,0.023,0.796,0.181,217.0,
0.006,0.009,0.873,0.112,297.0,
0.0,0.005,0.89,0.105,365.0,
0.0,0.0,0.887,0.113,221.0,
0.0,0.01,0.874,0.116,269.0,
0.006,0.017,0.828,0.15,146.0,
0.0,0.006,0.858,0.136,285.0,
0.0,0.062,0.631,0.308,96.0,
0.005,0.0,0.876,0.119,184.0,
0.003,0.0,0.887,0.11,260.0,
0.005,0.071,0.71,0.214,172.0,
0.0,0.011,0.829,0.161,233.0,
0.0,0.056,0.713,0.231,123.0,
0.0,0.007,0.884,0.109,395.0,
0.0,0.003,0.87,0.127,281.0,
0.003,0.018,0.837,0.142,324.0,
0.017,0.044,0.783,0.156,147.0,
0.005,0.007,0.886,0.102,385.0,
0.003,0.022,0.822,0.154,332.0,
0.0,0.0,0.894,0.106,285.0,
0.006,0.025,0.831,0.138,126.0,
0.0,0.009,0.891,0.1,386.0,
0.0,0.032,0.836,0.132,214.0,
0.0,0.009,0.879,0.112,297.0,
0.005,0.045,0.715,0.235,164.0,
0.0,0.0,0.89,0.11,361.0,
0.0,0.0,0.895,0.105,364.0,
0.006,0.012,0.839,0.142,295.0,
0.003,0.005,0.892,0.1,341.0,
0.0,0.03,0.81,0.16,158.0,
0.0,0.0,0.9,0.1,451.0,
0.002,0.015,0.853,0.13,427.0,
0.0,0.052,0.78,0.168,215.0,
0.011,0.142,0.511,0.337,157.0,
0.0,0.027,0.807,0.167,107.0,
0.006,0.033,0.778,0.183,134.0,
0.0,0.002,0.853,0.145,434.0,
0.002,0.007,0.889,0.102,403.0,
0.004,0.008,0.833,0.154,190.0,
0.0,0.052,0.761,0.187,192.0,
0.0,0.044,0.778,0.178,138.0,
0.0,0.02,0.845,0.135,165.0,
0.0,0.016,0.851,0.133,385.0,
0.0,0.006,0.885,0.109,423.0,
0.0,0.018,0.843,0.139,231.0,
0.0,0.033,0.82,0.147,116.0,
0.0,0.054,0.796,0.15,219.0,
0.0,0.027,0.865,0.108,218.0,
0.0,0.004,0.875,0.121,246.0,
0.0,0.004,0.886,0.111,256.0,
0.0,0.059,0.776,0.165,139.0,
0.0,0.0,0.894,0.106,297.0,
0.0,0.003,0.89,0.108,330.0,
0.005,0.068,0.732,0.195,157.0,
0.0,0.009,0.842,0.148,288.0,
0.0,0.042,0.745,0.213,257.0,
0.0,0.009,0.869,0.122,292.0,
0.0,0.043,0.713,0.243,176.0,
0.0,0.005,0.88,0.115,154.0,
0.0,0.1,0.654,0.246,94.0,
0.0,0.006,0.889,0.106,308.0,
0.0,0.083,0.673,0.243,261.0,
0.0,0.004,0.876,0.12,213.0,
0.004,0.004,0.856,0.136,209.0,
0.0,0.02,0.815,0.165,166.0,
0.0,0.003,0.889,0.108,337.0,
0.0,0.004,0.892,0.104,204.0,
0.003,0.005,0.882,0.111,317.0,
0.0,0.015,0.821,0.164,296.0,
0.0,0.007,0.883,0.11,380.0,
0.003,0.006,0.869,0.123,291.0,
0.003,0.009,0.847,0.141,295.0,
0.0,0.0,0.885,0.115,276.0,
0.0,0.003,0.869,0.128,248.0,
0.002,0.0,0.898,0.1,439.0,
0.0,0.002,0.877,0.121,475.0,
0.0,0.003,0.891,0.106,290.0,
0.0,0.007,0.881,0.112,360.0,
0.0,0.058,0.725,0.217,205.0,
0.0,0.108,0.633,0.258,86.0,
0.0,0.027,0.777,0.195,179.0,
0.0,0.0,0.884,0.116,199.0,
0.0,0.01,0.876,0.114,155.0,
0.008,0.123,0.715,0.154,103.0,
0.002,0.002,0.889,0.107,392.0,
0.005,0.026,0.837,0.132,161.0,
0.006,0.089,0.667,0.239,146.0,
0.0,0.029,0.819,0.152,170.0,
0.02,0.11,0.62,0.25,69.0,
0.0,0.017,0.843,0.14,257.0,
0.0,0.011,0.867,0.122,221.0,
0.0,0.01,0.871,0.119,270.0,
0.0,0.014,0.877,0.109,395.0,
0.003,0.003,0.887,0.108,338.0,
0.0,0.017,0.81,0.173,261.0,
0.0,0.02,0.816,0.164,210.0,
0.0,0.007,0.87,0.122,219.0,
0.0,0.0,0.873,0.127,200.0,
0.002,0.0,0.861,0.137,395.0,
0.0,0.009,0.869,0.122,277.0,
0.007,0.007,0.846,0.139,248.0,
0.006,0.014,0.831,0.149,302.0,
0.007,0.024,0.855,0.114,236.0,
0.002,0.002,0.873,0.122,363.0,
0.0,0.005,0.886,0.108,319.0,
0.0,0.0,0.858,0.142,211.0,
0.0,0.006,0.879,0.115,300.0,
0.002,0.019,0.819,0.16,374.0,
0.0,0.017,0.843,0.14,255.0,
0.006,0.081,0.675,0.237,130.0,
0.005,0.005,0.832,0.159,179.0,
0.0,0.033,0.82,0.147,127.0,
0.0,0.005,0.886,0.11,378.0,
0.0,0.029,0.818,0.154,236.0,
0.004,0.013,0.848,0.135,182.0,
0.0,0.009,0.881,0.111,430.0,
0.019,0.05,0.715,0.215,216.0,
0.0,0.025,0.821,0.154,211.0,
0.0,0.021,0.847,0.132,166.0,
0.0,0.026,0.837,0.137,153.0,
0.0,0.0,0.897,0.103,325.0,
0.0,0.007,0.83,0.163,247.0,
0.0,0.011,0.85,0.139,139.0,
0.006,0.012,0.847,0.135,144.0,
0.0,0.007,0.886,0.107,375.0,
0.0,0.007,0.866,0.128,256.0,
0.0,0.006,0.868,0.126,273.0,
0.0,0.04,0.82,0.14,104.0,
0.006,0.05,0.769,0.175,121.0,
0.0,0.003,0.895,0.102,358.0,
0.0,0.0,0.881,0.119,326.0,
0.0,0.0,0.898,0.102,379.0,
0.0,0.0,0.879,0.121,362.0,
0.004,0.022,0.837,0.137,225.0,
0.0,0.127,0.673,0.2,83.0,
0.033,0.078,0.689,0.2,73.0,
0.003,0.005,0.874,0.118,364.0,
0.019,0.075,0.688,0.219,132.0,
0.006,0.022,0.844,0.128,148.0,
0.0,0.003,0.895,0.102,348.0,
0.007,0.127,0.633,0.233,114.0,
0.006,0.006,0.87,0.118,264.0,
0.0,0.003,0.883,0.113,260.0,
0.007,0.014,0.839,0.139,231.0,
0.0,0.005,0.895,0.1,358.0,
0.008,0.025,0.825,0.142,308.0,
0.005,0.018,0.832,0.145,180.0,
0.002,0.015,0.842,0.142,449.0,
0.006,0.018,0.859,0.118,145.0,
0.0,0.008,0.883,0.108,305.0,
0.0,0.017,0.839,0.144,142.0,
0.0,0.004,0.848,0.148,215.0,
0.017,0.128,0.589,0.267,139.0,
0.003,0.019,0.839,0.139,333.0,
0.0,0.014,0.848,0.138,165.0,
0.004,0.004,0.861,0.13,202.0,
0.0,0.008,0.872,0.12,207.0,
0.0,0.004,0.876,0.12,199.0,
0.003,0.0,0.866,0.131,297.0,
0.004,0.015,0.838,0.142,222.0,
0.004,0.021,0.867,0.108,205.0,
0.0,0.035,0.785,0.18,157.0,
0.003,0.005,0.871,0.121,341.0,
0.0,0.017,0.8,0.183,149.0,
0.01,0.035,0.75,0.205,165.0,
0.0,0.0,0.897,0.103,352.0,
0.005,0.005,0.86,0.13,158.0,
0.036,0.164,0.6,0.2,75.0,
0.0,0.006,0.891,0.103,281.0,
0.0,0.019,0.867,0.115,217.0,
0.004,0.004,0.811,0.181,225.0,
0.0,0.003,0.885,0.113,343.0,
0.0,0.132,0.574,0.295,144.0,
0.0,0.038,0.786,0.176,175.0,
0.0,0.003,0.89,0.108,341.0,
0.0,0.002,0.898,0.1,405.0,
0.004,0.104,0.675,0.218,233.0,
0.0,0.002,0.882,0.116,404.0,
0.003,0.018,0.842,0.136,292.0,
0.006,0.011,0.861,0.122,314.0,
0.0,0.015,0.812,0.173,210.0,
0.0,0.011,0.871,0.118,229.0,
0.003,0.005,0.868,0.125,333.0,
0.0,0.015,0.844,0.141,239.0,
0.0,0.007,0.871,0.121,245.0,
0.0,0.018,0.882,0.1,390.0,
0.0,0.006,0.884,0.11,283.0,
0.0,0.026,0.821,0.153,297.0,
0.0,0.018,0.853,0.129,143.0,
0.0,0.017,0.817,0.167,150.0,
0.0,0.002,0.893,0.104,405.0,
0.004,0.004,0.857,0.135,202.0,
0.0,0.0,0.883,0.117,247.0,
0.012,0.106,0.606,0.276,133.0,
0.0,0.069,0.7,0.231,201.0,
0.0,0.011,0.874,0.115,222.0,
0.0,0.009,0.859,0.132,186.0,
0.005,0.011,0.868,0.116,154.0,
0.0,0.019,0.863,0.119,245.0,
0.0,0.003,0.879,0.118,351.0,
0.005,0.055,0.695,0.245,184.0,
0.002,0.002,0.891,0.105,369.0,
0.0,0.005,0.803,0.192,345.0,
0.0,0.0,0.9,0.1,387.0,
0.004,0.004,0.875,0.117,213.0,
0.0,0.0,0.864,0.136,251.0,
0.002,0.01,0.869,0.119,380.0,
0.0,0.0,0.876,0.124,249.0,
0.003,0.012,0.852,0.133,272.0,
0.0,0.004,0.874,0.122,205.0,
0.004,0.019,0.874,0.104,237.0,
0.0,0.0,0.889,0.111,241.0,
0.0,0.009,0.859,0.131,271.0,
0.004,0.018,0.836,0.143,239.0,
0.0,0.009,0.863,0.128,378.0,
0.0,0.002,0.898,0.1,440.0,
0.0,0.02,0.853,0.127,265.0,
0.0,0.0,0.895,0.105,368.0,
0.0,0.012,0.852,0.136,291.0,
0.0,0.006,0.874,0.119,270.0,
0.002,0.017,0.881,0.1,428.0,
0.0,0.0,0.883,0.117,260.0,
0.0,0.058,0.737,0.205,156.0,
0.012,0.035,0.788,0.165,135.0,
0.0,0.01,0.873,0.117,370.0,
0.0,0.003,0.89,0.106,280.0,
0.0,0.018,0.85,0.132,239.0,
0.005,0.025,0.855,0.115,177.0,
0.0,0.004,0.818,0.178,387.0,
0.0,0.009,0.891,0.1,394.0,
0.0,0.007,0.878,0.115,228.0,
0.006,0.012,0.856,0.126,298.0,
0.0,0.01,0.89,0.1,261.0,
0.003,0.008,0.873,0.116,331.0,
0.0,0.006,0.871,0.123,266.0,
0.01,0.062,0.714,0.214,166.0,
0.0,0.038,0.8,0.162,176.0,
0.0,0.0,0.871,0.129,304.0,
0.0,0.013,0.874,0.113,276.0,
0.0,0.004,0.885,0.112,218.0,
0.0,0.004,0.877,0.119,236.0,
0.0,0.007,0.873,0.12,272.0,
0.0,0.043,0.738,0.219,176.0,
0.003,0.055,0.719,0.223,260.0,
0.005,0.023,0.795,0.177,183.0,
0.0,0.129,0.571,0.3,138.0,
0.0,0.008,0.869,0.122,320.0,
0.003,0.006,0.858,0.132,269.0,
0.0,0.019,0.826,0.156,225.0,
0.0,0.015,0.835,0.15,228.0,
0.0,0.07,0.78,0.15,70.0,
0.006,0.075,0.756,0.163,105.0,
0.0,0.009,0.874,0.118,308.0,
0.0,0.052,0.796,0.152,207.0,
0.0,0.019,0.872,0.109,358.0,
0.0,0.002,0.898,0.1,442.0,
0.0,0.003,0.894,0.103,307.0,
0.0,0.004,0.874,0.122,187.0,
0.0,0.065,0.687,0.248,193.0,
0.0,0.005,0.884,0.111,304.0,
0.0,0.003,0.852,0.145,246.0,
0.0,0.008,0.87,0.122,325.0,
0.0,0.003,0.872,0.125,272.0,
0.0,0.0,0.887,0.113,325.0,
0.0,0.009,0.876,0.115,275.0,
0.0,0.169,0.592,0.238,102.0,
0.0,0.008,0.877,0.115,418.0,
0.003,0.032,0.835,0.129,272.0,
0.009,0.009,0.835,0.147,288.0,
0.0,0.047,0.712,0.241,130.0,
0.007,0.01,0.86,0.123,261.0,
0.003,0.011,0.87,0.116,314.0,
0.005,0.005,0.827,0.164,179.0,
0.004,0.015,0.873,0.108,241.0,
0.015,0.077,0.638,0.269,99.0,
0.0,0.018,0.85,0.132,178.0,
0.0,0.007,0.882,0.111,244.0,
0.0,0.075,0.715,0.21,158.0,
0.002,0.002,0.883,0.113,436.0,
0.003,0.009,0.835,0.153,291.0,
0.005,0.01,0.857,0.129,179.0,
0.003,0.003,0.864,0.131,335.0,
0.0,0.14,0.567,0.293,114.0,
0.0,0.017,0.85,0.133,160.0,
0.0,0.005,0.89,0.105,372.0,
0.0,0.013,0.872,0.116,265.0,
0.0,0.012,0.876,0.112,290.0,
0.003,0.015,0.839,0.142,273.0,
0.0,0.013,0.85,0.138,117.0,
0.0,0.0,0.9,0.1,366.0,
0.0,0.007,0.821,0.171,234.0,
0.0,0.008,0.876,0.116,214.0,
0.005,0.012,0.859,0.124,352.0,
0.0,0.075,0.731,0.194,127.0,
0.0,0.023,0.804,0.173,222.0,
0.0,0.003,0.895,0.103,331.0,
0.0,0.002,0.88,0.118,444.0,
0.0,0.005,0.868,0.127,189.0,
0.0,0.011,0.839,0.15,146.0,
0.0,0.009,0.848,0.143,180.0,
0.0,0.005,0.881,0.114,335.0,
0.0,0.003,0.887,0.111,330.0,
0.0,0.006,0.876,0.118,137.0,
0.0,0.003,0.886,0.111,311.0,
0.005,0.153,0.511,0.332,150.0,
0.003,0.007,0.853,0.137,257.0,
0.004,0.041,0.819,0.137,233.0,
0.0,0.005,0.853,0.142,158.0,
0.005,0.013,0.859,0.123,341.0,
0.0,0.005,0.868,0.126,336.0,
0.0,0.004,0.892,0.104,221.0,
0.0,0.007,0.877,0.117,247.0,
0.0,0.035,0.794,0.171,127.0,
0.0,0.009,0.848,0.143,190.0,
0.0,0.003,0.887,0.11,354.0,
0.0,0.008,0.858,0.135,215.0,
0.004,0.02,0.792,0.184,207.0,
0.0,0.0,0.877,0.123,407.0,
0.0,0.005,0.895,0.1,318.0,
0.0,0.005,0.881,0.114,317.0,
0.0,0.01,0.85,0.14,146.0,
0.0,0.02,0.765,0.215,168.0,
0.005,0.005,0.876,0.114,335.0,
0.006,0.065,0.776,0.153,127.0,
0.0,0.002,0.896,0.102,488.0,
0.003,0.011,0.883,0.103,293.0,
0.003,0.007,0.866,0.124,233.0,
0.015,0.04,0.805,0.14,159.0,
0.0,0.024,0.824,0.153,138.0,
0.0,0.006,0.878,0.117,327.0,
0.0,0.007,0.89,0.103,260.0,
0.0,0.0,0.897,0.103,299.0,
0.0,0.015,0.87,0.115,223.0,
0.005,0.015,0.858,0.122,354.0,
0.0,0.021,0.855,0.124,293.0,
0.0,0.003,0.861,0.135,282.0,
0.004,0.004,0.844,0.148,201.0,
0.007,0.04,0.773,0.18,116.0,
0.0,0.011,0.875,0.114,315.0,
0.0,0.012,0.838,0.15,357.0,
0.003,0.011,0.883,0.103,310.0,
0.0,0.008,0.873,0.119,429.0,
0.004,0.046,0.793,0.157,236.0,
0.0,0.003,0.892,0.105,311.0,
0.005,0.024,0.843,0.129,168.0,
0.007,0.1,0.7,0.193,103.0,
0.004,0.009,0.87,0.117,403.0,
0.003,0.007,0.88,0.11,367.0,
0.0,0.004,0.877,0.119,225.0,
0.0,0.008,0.885,0.108,215.0,
0.015,0.069,0.769,0.146,101.0,
0.01,0.1,0.72,0.17,74.0,
0.005,0.005,0.881,0.109,373.0,
0.0,0.003,0.888,0.109,317.0,
0.0,0.047,0.747,0.207,118.0,
0.0,0.004,0.791,0.204,397.0,
0.003,0.0,0.887,0.109,279.0,
0.0,0.013,0.822,0.165,183.0,
0.01,0.08,0.7,0.21,70.0,
0.0,0.004,0.872,0.124,214.0,
0.003,0.017,0.847,0.133,327.0,
0.003,0.021,0.834,0.141,244.0,
0.0,0.003,0.878,0.119,333.0,
0.0,0.013,0.86,0.127,256.0,
0.005,0.041,0.745,0.209,173.0,
0.006,0.01,0.842,0.142,270.0,
0.0,0.004,0.858,0.138,214.0,
0.003,0.0,0.879,0.117,254.0,
0.0,0.028,0.822,0.15,147.0,
0.004,0.032,0.807,0.157,235.0,
0.002,0.007,0.861,0.129,357.0,
0.0,0.012,0.88,0.108,229.0,
0.005,0.014,0.845,0.136,186.0,
0.0,0.024,0.847,0.129,296.0,
0.003,0.017,0.853,0.127,250.0,
0.003,0.003,0.891,0.103,291.0,
0.006,0.037,0.75,0.206,131.0,
0.0,0.002,0.898,0.1,399.0,
0.0,0.0,0.898,0.102,349.0,
0.0,0.004,0.885,0.111,226.0,
0.0,0.0,0.894,0.106,307.0,
0.005,0.005,0.841,0.15,192.0,
0.0,0.016,0.863,0.121,356.0,
0.006,0.012,0.835,0.147,134.0,
0.002,0.005,0.864,0.13,377.0,
0.0,0.042,0.767,0.192,85.0,
0.002,0.004,0.887,0.107,423.0,
0.0,0.003,0.885,0.112,290.0,
0.006,0.041,0.735,0.218,134.0,
0.0,0.017,0.807,0.176,246.0,
0.0,0.007,0.853,0.14,248.0,
0.0,0.018,0.839,0.143,239.0,
0.0,0.003,0.891,0.106,312.0,
0.003,0.011,0.886,0.1,320.0,
0.0,0.005,0.876,0.119,369.0,
0.0,0.006,0.871,0.124,291.0,
0.005,0.02,0.775,0.2,160.0,
0.0,0.032,0.791,0.177,178.0,
0.0,0.015,0.877,0.109,427.0,
0.002,0.005,0.866,0.127,360.0,
0.0,0.003,0.86,0.137,302.0,
0.0,0.081,0.669,0.25,113.0,
0.013,0.047,0.78,0.16,120.0,
0.0,0.014,0.842,0.144,313.0,
0.0,0.014,0.827,0.159,188.0,
0.0,0.004,0.875,0.121,228.0,
0.0,0.0,0.885,0.115,355.0,
0.006,0.014,0.853,0.128,316.0,
0.005,0.016,0.861,0.118,344.0,
0.0,0.004,0.867,0.129,206.0,
0.003,0.003,0.885,0.11,353.0,
0.0,0.006,0.883,0.111,337.0,
0.0,0.003,0.887,0.11,256.0,
0.0,0.022,0.778,0.2,189.0,
0.0,0.023,0.841,0.136,188.0,
0.0,0.0,0.847,0.153,157.0,
0.0,0.002,0.892,0.106,450.0,
0.0,0.003,0.891,0.106,307.0,
0.0,0.007,0.834,0.159,244.0,
0.004,0.004,0.843,0.148,205.0,
0.0,0.0,0.893,0.107,259.0,
0.004,0.004,0.858,0.135,214.0,
0.0,0.0,0.892,0.108,342.0,
0.0,0.0,0.889,0.111,466.0,
0.0,0.002,0.886,0.112,381.0,
0.006,0.071,0.753,0.171,121.0,
0.004,0.013,0.857,0.126,197.0,
0.003,0.012,0.871,0.115,277.0,
0.003,0.031,0.85,0.116,278.0,
0.0,0.019,0.838,0.144,123.0,
0.017,0.05,0.775,0.158,93.0,
0.0,0.014,0.833,0.152,165.0,
0.002,0.01,0.868,0.12,354.0,
0.0,0.009,0.879,0.112,293.0,
0.0,0.0,0.891,0.109,251.0,
0.006,0.006,0.858,0.129,267.0,
0.002,0.009,0.855,0.134,380.0,
0.004,0.004,0.867,0.125,207.0,
0.015,0.131,0.608,0.246,101.0,
0.007,0.036,0.829,0.129,120.0,
0.002,0.013,0.86,0.124,418.0,
0.0,0.0,0.89,0.11,268.0,
0.0,0.011,0.829,0.16,286.0,
0.0,0.0,0.87,0.13,194.0,
0.0,0.03,0.77,0.2,161.0,
0.004,0.058,0.742,0.196,202.0,
0.0,0.003,0.895,0.103,335.0,
0.0,0.028,0.836,0.136,214.0,
0.006,0.035,0.794,0.165,265.0,
0.0,0.0,0.897,0.103,298.0,
0.009,0.014,0.845,0.132,184.0,
0.0,0.017,0.856,0.128,156.0,
0.002,0.0,0.869,0.129,401.0,
0.003,0.007,0.867,0.123,255.0,
0.0,0.005,0.893,0.102,386.0,
0.0,0.017,0.796,0.187,179.0,
0.0,0.003,0.88,0.117,255.0,
0.004,0.028,0.848,0.12,188.0,
0.0,0.01,0.867,0.124,177.0,
0.0,0.05,0.738,0.212,217.0,
0.0,0.015,0.823,0.162,210.0,
0.003,0.005,0.862,0.13,332.0,
0.01,0.09,0.663,0.237,249.0,
0.0,0.011,0.846,0.143,230.0,
0.004,0.1,0.648,0.248,196.0,
0.003,0.006,0.845,0.145,253.0,
0.0,0.023,0.842,0.135,210.0,
0.004,0.022,0.857,0.117,199.0,
0.005,0.01,0.862,0.124,174.0,
0.0,0.011,0.848,0.141,225.0,
0.003,0.005,0.885,0.107,364.0,
0.0,0.007,0.889,0.104,240.0,
0.006,0.024,0.853,0.118,142.0,
0.003,0.003,0.887,0.106,278.0,
0.0,0.0,0.893,0.107,258.0,
0.0,0.005,0.886,0.108,340.0,
0.005,0.035,0.84,0.12,161.0,
0.0,0.008,0.862,0.131,227.0,
0.0,0.0,0.889,0.111,314.0,
0.0,0.014,0.876,0.11,257.0,
0.0,0.041,0.774,0.185,288.0,
0.0,0.011,0.879,0.111,248.0,
0.0,0.0,0.88,0.12,218.0,
0.0,0.007,0.893,0.1,346.0,
0.005,0.079,0.816,0.1,150.0,
0.003,0.009,0.887,0.1,284.0,
0.0,0.018,0.882,0.1,327.0,
0.0,0.022,0.878,0.1,386.0,
0.0,0.007,0.893,0.1,337.0,
0.0,0.058,0.842,0.1,144.0,
0.0,0.067,0.833,0.1,195.0,
0.0,0.023,0.877,0.1,206.0,
0.003,0.048,0.85,0.1,344.0,
0.004,0.025,0.871,0.1,202.0,
0.0,0.183,0.7,0.117,141.0,
0.0,0.068,0.832,0.1,145.0,
0.006,0.014,0.881,0.1,308.0,
0.004,0.032,0.864,0.1,204.0,
0.0,0.023,0.877,0.1,278.0,
0.0,0.012,0.885,0.103,286.0,
0.015,0.123,0.762,0.1,90.0,
0.003,0.033,0.863,0.1,253.0,
0.0,0.021,0.879,0.1,241.0,
0.01,0.167,0.7,0.124,177.0,
0.011,0.037,0.851,0.1,313.0,
0.0,0.006,0.894,0.1,299.0,
0.014,0.19,0.69,0.105,172.0,
0.0,0.022,0.878,0.1,262.0,
0.006,0.1,0.789,0.106,133.0,
0.0,0.011,0.889,0.1,402.0,
0.002,0.047,0.851,0.1,376.0,
0.004,0.035,0.862,0.1,215.0,
0.0,0.008,0.892,0.1,304.0,
0.009,0.066,0.826,0.1,289.0,
0.0,0.0,0.9,0.1,327.0,
0.0,0.081,0.812,0.106,115.0,
0.004,0.061,0.832,0.104,232.0,
0.0,0.011,0.889,0.1,223.0,
0.0,0.137,0.747,0.116,152.0,
0.04,0.127,0.727,0.107,99.0,
0.0,0.016,0.884,0.1,324.0,
0.004,0.019,0.878,0.1,213.0,
0.005,0.027,0.868,0.1,175.0,
0.0,0.029,0.871,0.1,218.0,
0.0,0.055,0.841,0.105,176.0,
0.005,0.033,0.862,0.1,316.0,
0.005,0.024,0.871,0.1,357.0,
0.0,0.0,0.9,0.1,361.0,
0.022,0.119,0.759,0.1,227.0,
0.0,0.011,0.889,0.1,417.0,
0.003,0.062,0.835,0.1,314.0,
0.0,0.043,0.848,0.109,177.0,
0.0,0.065,0.835,0.1,131.0,
0.0,0.015,0.885,0.1,345.0,
0.0,0.011,0.889,0.1,301.0,
0.003,0.01,0.887,0.1,244.0,
0.0,0.034,0.866,0.1,361.0,
0.0,0.008,0.892,0.1,328.0,
0.0,0.083,0.817,0.1,263.0,
0.003,0.014,0.883,0.1,250.0,
0.004,0.068,0.829,0.1,228.0,
0.0,0.1,0.8,0.1,114.0,
0.002,0.01,0.885,0.102,334.0,
0.003,0.046,0.851,0.1,304.0,
0.0,0.035,0.862,0.104,215.0,
0.0,0.027,0.873,0.1,263.0,
0.016,0.084,0.8,0.1,145.0,
0.0,0.026,0.874,0.1,176.0,
0.0,0.05,0.85,0.1,154.0,
0.0,0.002,0.898,0.1,450.0,
0.0,0.007,0.893,0.1,374.0,
0.0,0.009,0.891,0.1,307.0,
0.0,0.1,0.796,0.104,194.0,
0.008,0.031,0.861,0.1,318.0,
0.006,0.02,0.873,0.1,446.0,
0.01,0.063,0.827,0.1,251.0,
0.0,0.136,0.75,0.114,240.0,
0.0,0.024,0.876,0.1,165.0,
0.0,0.018,0.882,0.1,303.0,
0.0,0.009,0.891,0.1,394.0,
0.003,0.01,0.887,0.1,274.0,
0.0,0.04,0.86,0.1,165.0,
0.0,0.157,0.707,0.136,109.0,
0.006,0.018,0.876,0.1,291.0,
0.014,0.068,0.818,0.1,185.0,
0.0,0.056,0.844,0.1,132.0,
0.0,0.018,0.882,0.1,342.0,
0.007,0.027,0.867,0.1,403.0,
0.0,0.022,0.878,0.1,181.0,
0.003,0.09,0.803,0.103,236.0,
0.0,0.014,0.886,0.1,187.0,
0.0,0.106,0.794,0.1,113.0,
0.0,0.025,0.875,0.1,310.0,
0.008,0.056,0.836,0.1,203.0,
0.0,0.078,0.822,0.1,172.0,
0.004,0.022,0.874,0.1,234.0,
0.006,0.15,0.744,0.1,120.0,
0.0,0.006,0.894,0.1,295.0,
0.0,0.125,0.767,0.108,197.0,
0.0,0.05,0.85,0.1,151.0,
0.0,0.022,0.878,0.1,259.0,
0.0,0.032,0.868,0.1,145.0,
0.003,0.008,0.889,0.1,342.0,
0.0,0.004,0.896,0.1,421.0,
0.003,0.037,0.86,0.1,241.0,
0.005,0.032,0.864,0.1,165.0,
0.011,0.158,0.721,0.111,141.0,
0.004,0.004,0.893,0.1,229.0,
0.0,0.02,0.88,0.1,309.0,
0.0,0.044,0.856,0.1,203.0,
0.0,0.042,0.858,0.1,143.0,
0.0,0.032,0.866,0.103,312.0,
0.0,0.011,0.889,0.1,231.0,
0.006,0.042,0.852,0.1,275.0,
0.0,0.034,0.866,0.1,240.0,
0.007,0.207,0.653,0.133,118.0,
0.0,0.002,0.898,0.1,384.0,
0.0,0.014,0.886,0.1,245.0,
0.0,0.032,0.864,0.105,165.0,
0.003,0.021,0.877,0.1,326.0,
0.075,0.308,0.483,0.133,82.0,
0.0,0.06,0.837,0.103,243.0,
0.004,0.038,0.858,0.1,225.0,
0.0,0.027,0.873,0.1,249.0,
0.0,0.043,0.857,0.1,192.0,
0.0,0.004,0.896,0.1,406.0,
0.0,0.071,0.829,0.1,299.0,
0.005,0.057,0.838,0.1,156.0,
0.0,0.054,0.843,0.104,215.0,
0.003,0.015,0.882,0.1,337.0,
0.003,0.021,0.876,0.1,298.0,
0.008,0.058,0.835,0.1,194.0,
0.0,0.025,0.875,0.1,234.0,
0.005,0.04,0.853,0.102,345.0,
0.0,0.028,0.872,0.1,249.0,
0.009,0.087,0.8,0.103,267.0,
0.0,0.018,0.882,0.1,227.0,
0.006,0.106,0.783,0.106,143.0,
0.0,0.005,0.895,0.1,329.0,
0.006,0.083,0.811,0.1,303.0,
0.0,0.023,0.877,0.1,255.0,
0.01,0.086,0.786,0.119,164.0,
0.005,0.095,0.8,0.1,158.0,
0.0,0.014,0.886,0.1,373.0,
0.0,0.038,0.862,0.1,386.0,
0.0,0.037,0.863,0.1,140.0,
0.013,0.125,0.731,0.131,126.0,
0.005,0.027,0.868,0.1,365.0,
0.0,0.032,0.868,0.1,318.0,
0.0,0.091,0.809,0.1,75.0,
0.013,0.083,0.796,0.109,196.0,
0.0,0.002,0.898,0.1,389.0,
0.0,0.011,0.889,0.1,391.0,
0.0,0.033,0.867,0.1,235.0,
0.018,0.1,0.782,0.1,124.0,
0.0,0.155,0.745,0.1,75.0,
0.005,0.051,0.843,0.1,301.0,
0.003,0.012,0.885,0.1,299.0,
0.0,0.091,0.805,0.105,180.0,
0.009,0.035,0.857,0.1,188.0,
0.005,0.036,0.859,0.1,168.0,
0.0,0.069,0.828,0.103,274.0,
0.0,0.0,0.9,0.1,333.0,
0.002,0.019,0.879,0.1,382.0,
0.0,0.055,0.845,0.1,231.0,
0.0,0.015,0.885,0.1,286.0,
0.0,0.076,0.824,0.1,134.0,
0.008,0.167,0.708,0.117,87.0,
0.0,0.007,0.893,0.1,377.0,
0.0,0.042,0.846,0.113,194.0,
0.009,0.027,0.864,0.1,268.0,
0.006,0.061,0.833,0.1,140.0,
0.0,0.007,0.892,0.1,353.0,
0.006,0.034,0.859,0.1,278.0,
0.004,0.026,0.87,0.1,215.0,
0.003,0.039,0.858,0.1,253.0,
0.03,0.27,0.54,0.16,76.0,
0.006,0.008,0.886,0.1,321.0,
0.003,0.09,0.803,0.103,237.0,
0.0,0.052,0.848,0.1,157.0,
0.0,0.006,0.894,0.1,273.0,
0.0,0.005,0.895,0.1,364.0,
0.0,0.09,0.81,0.1,246.0,
0.005,0.1,0.79,0.105,169.0,
0.012,0.182,0.671,0.135,128.0,
0.003,0.011,0.886,0.1,273.0,
0.003,0.01,0.887,0.1,275.0,
0.0,0.037,0.863,0.1,324.0,
0.0,0.035,0.865,0.1,209.0,
0.0,0.024,0.876,0.1,322.0,
0.0,0.038,0.862,0.1,223.0,
0.0,0.036,0.864,0.1,215.0,
0.0,0.065,0.83,0.104,186.0,
0.005,0.019,0.876,0.1,169.0,
0.0,0.026,0.874,0.1,235.0,
0.0,0.01,0.89,0.1,338.0,
0.0,0.012,0.888,0.1,302.0,
0.009,0.046,0.846,0.1,291.0,
0.0,0.01,0.89,0.1,284.0,
0.008,0.048,0.844,0.1,201.0,
0.003,0.031,0.867,0.1,314.0,
0.003,0.02,0.877,0.1,360.0,
0.005,0.019,0.876,0.1,336.0,
0.003,0.027,0.87,0.1,282.0,
0.0,0.11,0.79,0.1,162.0,
0.0,0.021,0.879,0.1,366.0,
0.0,0.016,0.884,0.1,208.0,
0.003,0.037,0.857,0.103,249.0,
0.006,0.026,0.868,0.1,254.0,
0.006,0.1,0.794,0.1,396.0,
0.0,0.011,0.889,0.1,408.0,
0.0,0.006,0.894,0.1,308.0,
0.0,0.028,0.872,0.1,201.0,
0.005,0.029,0.866,0.1,342.0,
0.007,0.014,0.879,0.1,252.0,
0.0,0.014,0.886,0.1,295.0,
0.0,0.033,0.858,0.108,199.0,
0.0,0.05,0.85,0.1,127.0,
0.003,0.018,0.876,0.103,290.0,
0.0,0.019,0.881,0.1,430.0,
0.0,0.011,0.889,0.1,304.0,
0.007,0.052,0.841,0.1,213.0,
0.0,0.03,0.87,0.1,161.0,
0.0,0.111,0.784,0.105,152.0,
0.005,0.034,0.861,0.1,313.0,
0.0,0.048,0.852,0.1,175.0,
0.0,0.033,0.867,0.1,331.0,
0.0,0.023,0.877,0.1,210.0,
0.0,0.104,0.788,0.108,216.0,
0.0,0.014,0.886,0.1,243.0,
0.002,0.023,0.874,0.1,407.0,
0.0,0.096,0.804,0.1,174.0,
0.0,0.036,0.864,0.1,221.0,
0.0,0.024,0.876,0.1,342.0,
0.009,0.056,0.835,0.1,289.0,
0.0,0.016,0.884,0.1,325.0,
0.0,0.019,0.881,0.1,226.0,
0.0,0.048,0.852,0.1,192.0,
0.0,0.052,0.843,0.105,367.0,
0.003,0.03,0.868,0.1,351.0,
0.004,0.065,0.831,0.1,226.0,
0.0,0.065,0.835,0.1,133.0,
0.0,0.02,0.88,0.1,152.0,
0.0,0.039,0.861,0.1,224.0,
0.004,0.04,0.856,0.1,187.0,
0.013,0.207,0.653,0.127,116.0,
0.005,0.041,0.855,0.1,177.0,
0.008,0.033,0.858,0.1,84.0,
0.006,0.086,0.806,0.103,302.0,
0.0,0.135,0.741,0.124,136.0,
0.009,0.048,0.843,0.1,174.0,
0.002,0.019,0.879,0.1,482.0,
0.0,0.069,0.831,0.1,96.0,
0.0,0.022,0.878,0.1,340.0,
0.005,0.047,0.847,0.1,141.0,
0.0,0.033,0.867,0.1,160.0,
0.0,0.009,0.891,0.1,288.0,
0.003,0.029,0.868,0.1,260.0,
0.003,0.041,0.855,0.1,250.0,
0.005,0.038,0.857,0.1,169.0,
0.007,0.113,0.78,0.1,113.0,
0.006,0.019,0.874,0.1,276.0,
0.005,0.024,0.871,0.1,163.0,
0.0,0.031,0.869,0.1,216.0,
0.012,0.036,0.852,0.1,205.0,
0.0,0.035,0.865,0.1,311.0,
0.0,0.025,0.875,0.1,293.0,
0.0,0.029,0.871,0.1,224.0,
0.004,0.048,0.848,0.1,218.0,
0.0,0.073,0.827,0.1,112.0,
0.0,0.09,0.81,0.1,349.0,
0.003,0.01,0.887,0.1,239.0,
0.007,0.067,0.826,0.1,229.0,
0.002,0.029,0.869,0.1,366.0,
0.015,0.105,0.78,0.1,143.0,
0.004,0.037,0.852,0.107,236.0,
0.007,0.113,0.767,0.113,124.0,
0.005,0.11,0.785,0.1,159.0,
0.0,0.038,0.862,0.1,327.0,
0.0,0.007,0.892,0.1,343.0,
0.009,0.033,0.858,0.1,285.0,
0.0,0.002,0.898,0.1,370.0,
0.0,0.108,0.792,0.1,97.0,
0.0,0.078,0.822,0.1,144.0,
0.006,0.014,0.881,0.1,308.0,
0.0,0.061,0.839,0.1,255.0,
0.0,0.044,0.856,0.1,153.0,
0.0,0.082,0.818,0.1,169.0,
0.0,0.011,0.889,0.1,325.0,
0.005,0.062,0.829,0.105,175.0,
0.003,0.041,0.855,0.1,224.0,
0.0,0.045,0.855,0.1,262.0,
0.0,0.033,0.867,0.1,186.0,
0.0,0.069,0.831,0.1,94.0,
0.0,0.029,0.871,0.1,314.0,
0.0,0.016,0.884,0.1,320.0,
0.004,0.032,0.864,0.1,248.0,
0.014,0.043,0.843,0.1,176.0,
0.007,0.06,0.813,0.12,116.0,
0.0,0.067,0.833,0.1,138.0,
0.004,0.12,0.776,0.1,214.0,
0.0,0.115,0.777,0.108,93.0,
0.0,0.015,0.885,0.1,374.0,
0.0,0.021,0.879,0.1,478.0,
0.006,0.025,0.869,0.1,312.0,
0.0,0.028,0.872,0.1,182.0,
0.004,0.208,0.685,0.104,220.0,
0.003,0.025,0.872,0.1,317.0,
0.0,0.009,0.891,0.1,286.0,
0.0,0.01,0.89,0.1,272.0,
0.0,0.029,0.871,0.1,329.0,
0.0,0.041,0.859,0.1,242.0,
0.0,0.012,0.888,0.1,352.0,
0.0,0.074,0.817,0.109,192.0,
0.008,0.162,0.731,0.1,89.0,
0.0,0.015,0.885,0.1,216.0,
0.005,0.03,0.865,0.1,369.0,
0.0,0.032,0.868,0.1,198.0,
0.0,0.031,0.869,0.1,284.0,
0.0,0.054,0.846,0.1,237.0,
0.0,0.057,0.843,0.1,157.0,
0.0,0.009,0.891,0.1,315.0,
0.0,0.041,0.855,0.105,177.0,
0.0,0.1,0.8,0.1,109.0,
0.002,0.012,0.886,0.1,367.0,
0.0,0.037,0.863,0.1,152.0,
0.0,0.028,0.872,0.1,358.0,
0.008,0.058,0.833,0.1,302.0,
0.003,0.018,0.879,0.1,300.0,
0.005,0.036,0.859,0.1,188.0,
0.0,0.027,0.873,0.1,206.0,
0.013,0.163,0.694,0.131,125.0,
0.002,0.005,0.893,0.1,369.0,
0.0,0.022,0.878,0.1,264.0,
0.0,0.05,0.846,0.104,222.0,
0.0,0.01,0.89,0.1,261.0,
0.0,0.152,0.743,0.104,198.0,
0.003,0.017,0.88,0.1,261.0,
0.008,0.042,0.85,0.1,199.0,
0.0,0.012,0.888,0.1,272.0,
0.003,0.042,0.855,0.1,260.0,
0.005,0.012,0.883,0.1,360.0,
0.015,0.112,0.773,0.1,216.0,
0.0,0.031,0.869,0.1,210.0,
0.0,0.016,0.884,0.1,265.0,
0.0,0.024,0.876,0.1,297.0,
0.0,0.052,0.848,0.1,183.0,
0.0,0.026,0.874,0.1,219.0,
0.0,0.118,0.782,0.1,120.0,
0.0,0.01,0.89,0.1,374.0,
0.0,0.006,0.894,0.1,331.0,
0.005,0.013,0.882,0.1,342.0,
0.004,0.113,0.775,0.108,187.0,
0.0,0.135,0.761,0.104,179.0,
0.0,0.014,0.886,0.1,453.0,
0.006,0.2,0.694,0.1,132.0,
0.0,0.013,0.885,0.102,351.0,
0.003,0.015,0.882,0.1,352.0,
0.003,0.041,0.856,0.1,274.0,
0.0,0.018,0.882,0.1,291.0,
0.005,0.211,0.684,0.1,139.0,
0.013,0.1,0.787,0.1,306.0,
0.0,0.162,0.729,0.11,166.0,
0.0,0.026,0.874,0.1,210.0,
0.003,0.061,0.836,0.1,315.0,
0.0,0.017,0.883,0.1,313.0,
0.0,0.011,0.889,0.1,327.0,
0.008,0.184,0.708,0.1,299.0,
0.0,0.086,0.809,0.105,174.0,
0.008,0.108,0.785,0.1,92.0,
0.01,0.044,0.846,0.1,311.0,
0.0,0.07,0.826,0.104,219.0,
0.0,0.083,0.817,0.1,198.0,
0.005,0.019,0.876,0.1,317.0,
0.0,0.014,0.886,0.1,304.0,
0.0,0.031,0.863,0.106,305.0,
0.0,0.044,0.856,0.1,205.0,
0.004,0.113,0.77,0.113,189.0,
0.0,0.021,0.879,0.1,284.0,
0.011,0.058,0.831,0.1,376.0,
0.003,0.058,0.836,0.103,266.0,
0.0,0.068,0.832,0.1,151.0,
0.026,0.137,0.737,0.1,151.0,
0.002,0.034,0.864,0.1,380.0,
0.0,0.023,0.877,0.1,388.0,
0.015,0.215,0.667,0.104,209.0,
0.0,0.165,0.73,0.105,148.0,
0.0,0.005,0.889,0.105,310.0,
0.0,0.003,0.889,0.108,303.0,
0.0,0.0,0.889,0.111,227.0,
0.0,0.018,0.818,0.164,173.0,
0.0,0.046,0.808,0.146,202.0,
0.003,0.007,0.887,0.102,361.0,
0.003,0.003,0.862,0.133,325.0,
0.0,0.007,0.841,0.152,240.0,
0.0,0.027,0.795,0.177,178.0,
0.004,0.004,0.85,0.142,233.0,
0.007,0.014,0.831,0.148,249.0,
0.0,0.016,0.839,0.145,262.0,
0.0,0.0,0.892,0.108,304.0,
0.005,0.0,0.868,0.126,147.0,
0.0,0.0,0.898,0.102,363.0,
0.0,0.0,0.892,0.108,331.0,
0.0,0.025,0.787,0.188,121.0,
0.0,0.03,0.845,0.125,165.0,
0.005,0.005,0.876,0.115,355.0,
0.0,0.013,0.877,0.11,267.0,
0.0,0.005,0.885,0.11,339.0,
0.036,0.155,0.673,0.136,85.0,
0.0,0.0,0.865,0.135,210.0,
0.0,0.013,0.835,0.152,269.0,
0.0,0.032,0.761,0.207,247.0,
0.003,0.012,0.845,0.139,279.0,
0.0,0.002,0.896,0.102,419.0,
0.0,0.005,0.843,0.152,185.0,
0.004,0.014,0.875,0.107,229.0,
0.003,0.023,0.847,0.127,255.0,
0.0,0.022,0.811,0.167,145.0,
0.0,0.0,0.9,0.1,418.0,
0.006,0.111,0.783,0.1,136.0,
0.022,0.135,0.743,0.1,179.0,
0.0,0.0,0.892,0.108,307.0,
0.0,0.063,0.837,0.1,148.0,
0.0,0.135,0.745,0.12,158.0,
0.011,0.156,0.694,0.139,149.0,
0.0,0.025,0.869,0.106,306.0,
0.0,0.069,0.831,0.1,304.0,
0.002,0.017,0.88,0.1,356.0,
0.0,0.031,0.869,0.1,228.0,
0.0,0.009,0.891,0.1,373.0,
0.0,0.071,0.825,0.104,231.0,
0.002,0.019,0.879,0.1,418.0,
0.006,0.075,0.819,0.1,278.0,
0.0,0.043,0.857,0.1,175.0,
0.0,0.018,0.882,0.1,278.0,
0.003,0.021,0.853,0.124,288.0,
0.008,0.054,0.731,0.208,213.0,
0.0,0.006,0.858,0.136,287.0,
0.0,0.094,0.694,0.212,119.0,
0.004,0.021,0.793,0.182,229.0,
0.003,0.006,0.861,0.131,300.0,
0.0,0.004,0.874,0.122,230.0,
0.0,0.0,0.889,0.111,402.0,
0.0,0.0,0.887,0.113,337.0,
0.006,0.014,0.875,0.106,316.0,
0.0,0.07,0.76,0.17,166.0,
0.0,0.008,0.858,0.133,202.0,
0.0,0.065,0.765,0.171,128.0,
0.0,0.021,0.858,0.121,318.0,
0.0,0.012,0.864,0.124,207.0,
0.005,0.005,0.881,0.11,170.0,
0.008,0.023,0.869,0.1,216.0,
0.017,0.144,0.739,0.1,134.0,
0.008,0.05,0.838,0.104,206.0,
0.002,0.02,0.877,0.1,396.0,
0.0,0.013,0.887,0.1,356.0,
0.003,0.041,0.856,0.1,345.0,
0.01,0.16,0.725,0.105,152.0,
0.003,0.009,0.889,0.1,313.0,
0.002,0.007,0.891,0.1,368.0,
0.0,0.03,0.87,0.1,215.0,
0.0,0.043,0.857,0.1,162.0,
0.0,0.021,0.879,0.1,161.0,
0.0,0.206,0.694,0.1,130.0,
0.002,0.021,0.874,0.102,374.0,
0.0,0.018,0.882,0.1,344.0,
0.0,0.095,0.8,0.105,146.0,

0.003,0.026,0.79,0.181,152.0,
0.002,0.076,0.733,0.189,198.0,
0.003,0.019,0.822,0.157,204.0,
0.003,0.03,0.763,0.203,114.0,
0.0,0.071,0.662,0.267,102.0,
0.0,0.011,0.839,0.15,146.0,
0.031,0.094,0.664,0.211,121.0,
0.022,0.068,0.727,0.184,158.0,
0.004,0.036,0.756,0.204,128.0,
0.0,0.015,0.815,0.17,128.0,
0.0,0.018,0.843,0.139,197.0,
0.022,0.056,0.711,0.211,124.0,
0.0,0.041,0.765,0.194,150.0,
0.0,0.065,0.757,0.178,102.0,
0.0,0.003,0.874,0.124,170.0,
0.013,0.077,0.713,0.198,165.0,
0.01,0.026,0.813,0.152,140.0,
0.009,0.038,0.782,0.171,171.0,
0.022,0.1,0.628,0.25,83.0,
0.0,0.028,0.797,0.175,134.0,
0.016,0.064,0.728,0.192,109.0,
0.003,0.014,0.828,0.156,202.0,
0.004,0.104,0.661,0.23,115.0,
0.014,0.027,0.818,0.141,109.0,
0.009,0.044,0.762,0.185,134.0,
0.017,0.09,0.687,0.207,140.0,
0.0,0.114,0.664,0.221,58.0,
0.0,0.004,0.869,0.127,244.0,
0.005,0.124,0.641,0.229,156.0,
0.006,0.015,0.803,0.176,116.0,
0.002,0.022,0.8,0.176,175.0,
0.006,0.065,0.712,0.218,97.0,
0.006,0.087,0.719,0.188,76.0,
0.004,0.018,0.834,0.145,271.0,
0.005,0.0,0.819,0.176,96.0,
0.0,0.006,0.855,0.139,143.0,
0.019,0.119,0.614,0.248,105.0,
0.0,0.054,0.785,0.162,67.0,
0.039,0.057,0.743,0.161,119.0,
0.003,0.039,0.784,0.174,123.0,
0.008,0.05,0.746,0.196,99.0,
0.005,0.04,0.779,0.176,211.0,
0.005,0.095,0.668,0.232,84.0,
0.016,0.032,0.74,0.212,100.0,
0.017,0.178,0.522,0.283,59.0,
0.003,0.048,0.745,0.205,171.0,
0.006,0.094,0.697,0.203,108.0,
0.004,0.017,0.826,0.152,117.0,
0.0,0.01,0.842,0.148,156.0,
0.01,0.105,0.65,0.235,87.0,
0.005,0.062,0.744,0.19,162.0,
0.003,0.031,0.791,0.174,193.0,
0.009,0.048,0.755,0.188,175.0,
0.012,0.05,0.746,0.192,109.0,
0.018,0.03,0.776,0.176,167.0,
0.005,0.029,0.802,0.163,189.0,
0.004,0.054,0.754,0.188,103.0,
0.01,0.052,0.739,0.2,119.0,
0.006,0.044,0.783,0.167,76.0,
0.006,0.07,0.739,0.185,135.0,
0.015,0.162,0.531,0.292,51.0,
0.005,0.057,0.724,0.214,99.0,
0.006,0.0,0.852,0.142,164.0,
0.01,0.038,0.776,0.176,97.0,
0.0,0.007,0.854,0.139,133.0,
0.0,0.081,0.681,0.237,76.0,
0.005,0.023,0.841,0.132,238.0,
0.012,0.036,0.748,0.203,162.0,
0.005,0.032,0.803,0.161,179.0,
0.011,0.028,0.8,0.161,99.0,
0.012,0.055,0.743,0.19,197.0,
0.003,0.014,0.824,0.159,128.0,
0.0,0.015,0.827,0.158,160.0,
0.006,0.019,0.787,0.188,77.0,
0.021,0.07,0.723,0.186,186.0,
0.016,0.052,0.74,0.192,99.0,
0.0,0.012,0.844,0.144,127.0,
0.02,0.07,0.68,0.23,108.0,
0.003,0.028,0.797,0.172,173.0,
0.007,0.071,0.717,0.205,161.0,
0.006,0.018,0.812,0.164,167.0,
0.016,0.054,0.738,0.192,146.0,
0.0,0.02,0.81,0.17,88.0,
0.002,0.021,0.81,0.167,224.0,
0.006,0.057,0.77,0.166,212.0,
0.004,0.036,0.768,0.192,135.0,
0.016,0.132,0.605,0.247,68.0,
0.0,0.02,0.747,0.233,46.0,
0.006,0.05,0.733,0.211,96.0,
0.004,0.041,0.8,0.155,211.0,
0.023,0.018,0.809,0.15,227.0,
0.0,0.033,0.775,0.192,95.0,
0.0,0.048,0.765,0.187,89.0,
0.022,0.122,0.628,0.228,70.0,
0.0,0.03,0.795,0.175,95.0,
0.0,0.009,0.83,0.16,188.0,
0.009,0.04,0.791,0.16,201.0,
0.0,0.029,0.782,0.189,113.0,
0.013,0.12,0.653,0.213,50.0,
0.015,0.158,0.615,0.212,100.0,
0.015,0.112,0.681,0.192,100.0,
0.004,0.029,0.768,0.2,136.0,
0.007,0.029,0.757,0.207,103.0,
0.0,0.076,0.729,0.194,97.0,
0.006,0.051,0.76,0.183,150.0,
0.008,0.036,0.782,0.174,173.0,
0.005,0.053,0.753,0.189,67.0,
0.012,0.039,0.779,0.17,166.0,
0.0,0.019,0.771,0.21,115.0,
0.003,0.013,0.812,0.172,142.0,
0.009,0.039,0.726,0.226,91.0,
0.0,0.03,0.79,0.18,82.0,
0.0,0.154,0.592,0.254,40.0,
0.009,0.057,0.757,0.177,147.0,
0.0,0.093,0.663,0.243,92.0,
0.02,0.048,0.696,0.236,91.0,
0.008,0.028,0.808,0.156,120.0,
0.025,0.095,0.63,0.25,89.0,
0.0,0.016,0.851,0.132,144.0,
0.004,0.04,0.78,0.176,95.0,
0.005,0.029,0.803,0.163,170.0,
0.003,0.039,0.755,0.203,150.0,
0.005,0.021,0.826,0.148,198.0,
0.003,0.037,0.786,0.174,147.0,
0.009,0.021,0.785,0.185,145.0,
0.0,0.015,0.821,0.164,143.0,
0.0,0.034,0.752,0.214,132.0,
0.0,0.026,0.832,0.143,240.0,
0.004,0.027,0.815,0.154,263.0,
0.009,0.071,0.721,0.2,157.0,
0.002,0.036,0.8,0.162,170.0,
0.017,0.096,0.683,0.204,98.0,
0.017,0.125,0.608,0.25,46.0,
0.014,0.114,0.645,0.227,79.0,
0.02,0.072,0.692,0.216,85.0,
0.0,0.029,0.81,0.162,94.0,
0.015,0.146,0.631,0.208,70.0,
0.002,0.011,0.856,0.131,211.0,
0.011,0.126,0.637,0.226,74.0,
0.011,0.106,0.639,0.244,79.0,
0.005,0.067,0.729,0.2,90.0,
0.01,0.2,0.51,0.28,30.0,
0.0,0.027,0.82,0.153,147.0,
0.004,0.048,0.774,0.174,104.0,
0.0,0.023,0.81,0.168,156.0,
0.007,0.036,0.809,0.148,217.0,
0.008,0.031,0.785,0.177,198.0,
0.003,0.023,0.817,0.157,134.0,
0.008,0.104,0.688,0.2,131.0,
0.0,0.067,0.722,0.211,98.0,
0.014,0.073,0.7,0.214,97.0,
0.002,0.017,0.839,0.141,202.0,
0.0,0.009,0.822,0.169,128.0,
0.007,0.025,0.804,0.164,148.0,
0.006,0.057,0.737,0.2,150.0,
0.014,0.103,0.679,0.203,128.0,
0.007,0.02,0.817,0.156,188.0,
0.0,0.046,0.77,0.184,148.0,
0.0,0.037,0.762,0.2,119.0,
0.026,0.076,0.712,0.185,129.0,
0.005,0.021,0.817,0.157,206.0,
0.0,0.027,0.803,0.17,135.0,
0.025,0.194,0.487,0.294,69.0,
0.005,0.005,0.845,0.145,115.0,
0.0,0.033,0.787,0.18,99.0,
0.002,0.033,0.795,0.169,219.0,
0.004,0.036,0.793,0.168,122.0,
0.013,0.07,0.7,0.217,102.0,
0.009,0.045,0.787,0.16,214.0,
0.023,0.058,0.715,0.204,84.0,
0.008,0.037,0.762,0.192,103.0,
0.021,0.095,0.668,0.216,77.0,
0.011,0.063,0.742,0.184,79.0,
0.003,0.018,0.841,0.138,155.0,
0.007,0.059,0.759,0.174,119.0,
0.0,0.061,0.739,0.2,69.0,
0.012,0.047,0.747,0.194,78.0,
0.005,0.014,0.83,0.152,187.0,
0.01,0.066,0.745,0.179,120.0,
0.003,0.013,0.819,0.165,165.0,
0.007,0.153,0.593,0.247,60.0,
0.006,0.113,0.619,0.263,60.0,
0.0,0.03,0.787,0.182,145.0,
0.006,0.042,0.781,0.172,160.0,
0.002,0.005,0.866,0.127,237.0,
0.0,0.005,0.838,0.157,214.0,
0.011,0.056,0.744,0.189,102.0,
0.0,0.155,0.618,0.227,49.0,
0.033,0.089,0.656,0.222,57.0,
0.005,0.015,0.821,0.159,178.0,
0.013,0.05,0.762,0.175,77.0,
0.006,0.039,0.794,0.161,83.0,
0.003,0.013,0.828,0.158,164.0,
0.013,0.053,0.733,0.2,68.0,
0.009,0.03,0.803,0.158,145.0,
0.003,0.033,0.783,0.18,131.0,
0.011,0.089,0.693,0.207,98.0,
0.005,0.044,0.769,0.182,199.0,
0.014,0.061,0.744,0.181,161.0,
0.005,0.027,0.791,0.177,120.0,
0.006,0.025,0.819,0.15,213.0,
0.012,0.018,0.782,0.188,67.0,
0.006,0.036,0.792,0.167,182.0,
0.0,0.089,0.678,0.233,80.0,
0.004,0.02,0.78,0.196,139.0,
0.017,0.183,0.528,0.272,50.0,
0.011,0.042,0.756,0.192,163.0,
0.005,0.095,0.676,0.224,80.0,
0.013,0.039,0.787,0.161,138.0,
0.004,0.04,0.756,0.2,109.0,
0.008,0.068,0.74,0.184,91.0,
0.003,0.02,0.786,0.191,132.0,
0.015,0.042,0.765,0.177,124.0,
0.013,0.037,0.746,0.204,102.0,
0.0,0.02,0.785,0.195,90.0,
0.005,0.018,0.842,0.134,167.0,
0.011,0.028,0.778,0.183,99.0,
0.005,0.01,0.805,0.18,84.0,
0.0,0.037,0.776,0.187,160.0,
0.0,0.06,0.75,0.19,88.0,
0.045,0.145,0.609,0.2,58.0,
0.015,0.127,0.652,0.206,110.0,
0.007,0.063,0.737,0.193,110.0,
0.0,0.022,0.837,0.141,136.0,
0.003,0.028,0.782,0.187,179.0,
0.047,0.137,0.495,0.321,76.0,
0.0,0.062,0.738,0.2,103.0,
0.01,0.021,0.772,0.197,193.0,
0.002,0.009,0.859,0.13,217.0,
0.018,0.096,0.654,0.232,99.0,
0.007,0.032,0.786,0.175,187.0,
0.003,0.045,0.782,0.17,163.0,
0.008,0.053,0.736,0.203,175.0,
0.0,0.023,0.781,0.196,98.0,
0.018,0.1,0.671,0.211,104.0,
0.005,0.01,0.825,0.16,198.0,
0.0,0.011,0.822,0.167,116.0,
0.011,0.089,0.671,0.229,90.0,
0.011,0.034,0.811,0.143,175.0,
0.016,0.119,0.639,0.226,125.0,
0.006,0.062,0.744,0.188,156.0,
0.0,0.053,0.753,0.194,76.0,
0.0,0.067,0.722,0.211,111.0,
0.002,0.038,0.789,0.171,183.0,
0.013,0.035,0.8,0.152,107.0,
0.007,0.045,0.748,0.2,101.0,
0.024,0.176,0.553,0.247,68.0,
0.0,0.038,0.777,0.185,77.0,
0.004,0.026,0.819,0.152,129.0,
0.005,0.064,0.695,0.236,79.0,
0.005,0.032,0.805,0.158,90.0,
0.03,0.152,0.581,0.237,106.0,
0.003,0.042,0.771,0.184,164.0,
0.009,0.032,0.818,0.141,106.0,
0.007,0.019,0.816,0.158,194.0,
0.003,0.021,0.839,0.137,188.0,
0.0,0.036,0.793,0.171,178.0,
0.013,0.054,0.729,0.204,119.0,
0.0,0.007,0.825,0.168,149.0,
0.01,0.069,0.757,0.164,188.0,
0.0,0.052,0.745,0.203,130.0,
0.003,0.055,0.755,0.188,156.0,
0.004,0.052,0.761,0.183,99.0,
0.004,0.074,0.741,0.181,83.0,
0.004,0.022,0.8,0.174,89.0,
0.013,0.016,0.778,0.194,134.0,
0.007,0.018,0.814,0.161,118.0,
0.0,0.026,0.826,0.149,161.0,
0.008,0.033,0.771,0.188,216.0,
0.0,0.027,0.803,0.17,149.0,
0.0,0.007,0.845,0.147,207.0,
0.0,0.058,0.736,0.206,144.0,
0.003,0.039,0.777,0.181,129.0,
0.006,0.033,0.829,0.131,218.0,
0.0,0.007,0.8,0.193,150.0,
0.016,0.111,0.642,0.232,77.0,
0.018,0.024,0.712,0.247,69.0,
0.002,0.027,0.832,0.139,165.0,
0.0,0.016,0.806,0.177,137.0,
0.0,0.039,0.768,0.193,142.0,
0.0,0.13,0.685,0.185,80.0,
0.002,0.013,0.824,0.16,204.0,
0.007,0.035,0.774,0.184,223.0,
0.004,0.067,0.707,0.222,130.0,
0.024,0.035,0.703,0.238,173.0,
0.007,0.017,0.807,0.169,153.0,
0.014,0.062,0.714,0.211,148.0,
0.01,0.042,0.752,0.197,175.0,
0.014,0.09,0.667,0.229,78.0,
0.005,0.052,0.752,0.19,93.0,
0.003,0.012,0.806,0.179,153.0,
0.0,0.052,0.774,0.174,152.0,
0.004,0.038,0.769,0.188,113.0,
0.0,0.012,0.831,0.158,106.0,
0.007,0.047,0.76,0.187,148.0,
0.0,0.1,0.667,0.233,94.0,
0.01,0.103,0.681,0.206,141.0,
0.005,0.027,0.786,0.182,118.0,
0.0,0.165,0.565,0.271,71.0,
0.003,0.058,0.753,0.186,139.0,
0.01,0.013,0.819,0.158,136.0,
0.007,0.078,0.722,0.193,128.0,
0.0,0.031,0.792,0.177,147.0,
0.01,0.17,0.58,0.24,40.0,
0.006,0.119,0.662,0.212,69.0,
0.009,0.021,0.788,0.182,160.0,
0.008,0.064,0.736,0.192,59.0,
0.002,0.042,0.807,0.149,156.0,
0.002,0.01,0.846,0.142,273.0,
0.003,0.027,0.815,0.155,139.0,
0.017,0.065,0.726,0.191,90.0,
0.026,0.126,0.57,0.278,73.0,
0.0,0.065,0.73,0.205,162.0,
0.0,0.017,0.824,0.159,143.0,
0.008,0.046,0.784,0.162,169.0,
0.003,0.044,0.781,0.172,124.0,
0.0,0.021,0.811,0.168,165.0,
0.009,0.033,0.809,0.148,140.0,
0.0,0.169,0.631,0.2,50.0,
0.0,0.031,0.808,0.16,229.0,
0.006,0.035,0.781,0.177,127.0,
0.012,0.038,0.794,0.156,170.0,
0.018,0.153,0.565,0.265,78.0,
0.007,0.033,0.77,0.19,133.0,
0.005,0.051,0.768,0.176,174.0,
0.005,0.068,0.705,0.223,108.0,
0.008,0.027,0.788,0.177,118.0,
0.008,0.054,0.731,0.208,56.0,
0.0,0.023,0.818,0.159,109.0,
0.004,0.043,0.75,0.204,119.0,
0.01,0.075,0.71,0.205,78.0,
0.01,0.017,0.81,0.163,237.0,
0.006,0.044,0.765,0.185,155.0,
0.014,0.062,0.729,0.195,109.0,
0.005,0.031,0.8,0.164,160.0,
0.007,0.153,0.567,0.273,68.0,
0.0,0.128,0.661,0.211,90.0,
0.005,0.037,0.77,0.188,179.0,
0.003,0.034,0.787,0.175,127.0,
0.009,0.079,0.706,0.206,145.0,
0.0,0.045,0.785,0.17,158.0,
0.006,0.069,0.713,0.212,69.0,
0.0,0.014,0.828,0.158,199.0,
0.004,0.054,0.746,0.196,119.0,
0.004,0.032,0.772,0.192,91.0,
0.007,0.034,0.768,0.19,186.0,
0.019,0.106,0.65,0.225,59.0,
0.0,0.027,0.804,0.169,115.0,
0.0,0.021,0.805,0.174,170.0,
0.012,0.02,0.8,0.167,219.0,
0.0,0.059,0.755,0.186,109.0,
0.0,0.022,0.828,0.15,77.0,
0.004,0.022,0.817,0.157,94.0,
0.011,0.027,0.797,0.165,196.0,
0.0,0.024,0.847,0.129,178.0,
0.018,0.053,0.729,0.2,79.0,
0.003,0.044,0.758,0.194,131.0,
0.011,0.174,0.563,0.253,57.0,
0.023,0.067,0.707,0.203,119.0,
0.011,0.093,0.667,0.23,110.0,
0.0,0.021,0.805,0.174,98.0,
0.008,0.028,0.79,0.174,158.0,
0.003,0.029,0.813,0.155,170.0,
0.0,0.024,0.764,0.212,100.0,
0.0,0.017,0.813,0.17,142.0,
0.018,0.1,0.653,0.229,69.0,
0.009,0.087,0.648,0.257,86.0,
0.003,0.025,0.807,0.165,206.0,
0.015,0.073,0.708,0.204,120.0,
0.024,0.032,0.78,0.164,110.0,
0.006,0.028,0.819,0.147,230.0,
0.013,0.064,0.728,0.195,127.0,
0.008,0.022,0.789,0.181,172.0,
0.005,0.135,0.635,0.225,57.0,
0.025,0.13,0.57,0.275,79.0,
0.016,0.038,0.77,0.176,183.0,
0.012,0.071,0.747,0.171,68.0,
0.0,0.033,0.81,0.158,236.0,
0.003,0.017,0.817,0.164,168.0,
0.003,0.017,0.821,0.159,134.0,
0.01,0.065,0.755,0.17,100.0,
0.006,0.047,0.747,0.2,68.0,
0.011,0.058,0.75,0.181,121.0,
0.0,0.017,0.837,0.147,155.0,
0.003,0.103,0.666,0.228,99.0,
0.011,0.089,0.674,0.226,116.0,
0.02,0.077,0.718,0.185,190.0,
0.003,0.03,0.818,0.148,157.0,
0.003,0.019,0.752,0.226,150.0,
0.004,0.008,0.804,0.184,105.0,
0.007,0.04,0.767,0.187,75.0,
0.011,0.103,0.697,0.189,160.0,
0.005,0.029,0.802,0.164,194.0,
0.006,0.037,0.8,0.157,136.0,
0.006,0.04,0.796,0.158,237.0,
0.007,0.089,0.696,0.207,129.0,
0.0,0.016,0.822,0.162,134.0,
0.019,0.071,0.7,0.21,92.0,
0.014,0.136,0.65,0.2,49.0,
0.007,0.052,0.776,0.165,193.0,
0.013,0.04,0.78,0.168,196.0,
0.019,0.073,0.692,0.215,110.0,
0.0,0.012,0.815,0.173,117.0,
0.015,0.085,0.754,0.146,71.0,
0.01,0.15,0.61,0.23,60.0,
0.007,0.03,0.805,0.158,213.0,
0.006,0.024,0.794,0.176,133.0,
0.007,0.12,0.613,0.26,77.0,
0.011,0.06,0.791,0.138,200.0,
0.003,0.019,0.828,0.15,174.0,
0.013,0.13,0.63,0.226,83.0,
0.01,0.14,0.59,0.26,47.0,
0.004,0.032,0.744,0.22,106.0,
0.011,0.069,0.742,0.178,160.0,
0.01,0.038,0.79,0.162,98.0,
0.005,0.014,0.822,0.159,179.0,
0.007,0.057,0.71,0.227,145.0,
0.009,0.023,0.782,0.186,88.0,
0.006,0.042,0.768,0.184,165.0,
0.012,0.058,0.731,0.2,112.0,
0.003,0.014,0.797,0.186,144.0,
0.006,0.044,0.756,0.194,78.0,
0.011,0.089,0.682,0.218,112.0,
0.015,0.046,0.759,0.18,178.0,
0.004,0.168,0.576,0.252,106.0,
0.005,0.032,0.773,0.191,101.0,
0.006,0.047,0.765,0.182,152.0,
0.02,0.15,0.607,0.223,103.0,
0.018,0.038,0.759,0.185,133.0,
0.013,0.019,0.806,0.163,87.0,
0.002,0.03,0.793,0.174,198.0,
0.002,0.007,0.837,0.154,146.0,
0.004,0.037,0.763,0.196,98.0,
0.003,0.026,0.789,0.183,142.0,
0.009,0.068,0.7,0.223,79.0,
0.007,0.03,0.791,0.172,195.0,
0.006,0.047,0.771,0.176,79.0,
0.005,0.023,0.791,0.182,202.0,
0.0,0.158,0.6,0.242,60.0,
0.004,0.035,0.798,0.163,212.0,
0.0,0.018,0.827,0.155,136.0,
0.0,0.088,0.688,0.224,83.0,
0.003,0.024,0.779,0.193,135.0,
0.01,0.057,0.733,0.2,129.0,
0.014,0.036,0.789,0.161,134.0,
0.0,0.017,0.811,0.171,140.0,
0.006,0.043,0.777,0.174,146.0,
0.005,0.052,0.743,0.2,187.0,
0.003,0.094,0.679,0.224,149.0,
0.005,0.025,0.77,0.2,86.0,
0.005,0.041,0.745,0.209,95.0,
0.019,0.03,0.8,0.151,191.0,
0.0,0.015,0.829,0.156,209.0,
0.0,0.011,0.851,0.137,196.0,
0.006,0.113,0.625,0.256,49.0,
0.013,0.107,0.693,0.187,71.0,
0.006,0.042,0.781,0.172,155.0,
0.005,0.068,0.745,0.182,82.0,
0.007,0.007,0.821,0.164,129.0,
0.005,0.037,0.777,0.18,202.0,
0.019,0.058,0.736,0.186,159.0,
0.018,0.058,0.768,0.155,167.0,
0.004,0.054,0.708,0.233,111.0,
0.005,0.031,0.803,0.162,203.0,
0.0,0.011,0.833,0.156,173.0,
0.0,0.037,0.777,0.187,105.0,
0.004,0.026,0.813,0.157,102.0,
0.0,0.036,0.791,0.173,85.0,
0.005,0.032,0.784,0.179,95.0,
0.004,0.019,0.823,0.154,244.0,
0.003,0.063,0.743,0.191,139.0,
0.0,0.028,0.793,0.179,140.0,
0.0,0.039,0.739,0.222,155.0,
0.0,0.031,0.807,0.162,142.0,
0.004,0.035,0.742,0.219,103.0,
0.0,0.005,0.867,0.128,175.0,
0.006,0.017,0.817,0.16,254.0,
0.007,0.03,0.802,0.16,199.0,
0.006,0.053,0.729,0.212,69.0,
0.009,0.039,0.761,0.191,114.0,
0.021,0.129,0.644,0.206,108.0,
0.013,0.116,0.684,0.188,127.0,
0.013,0.113,0.625,0.25,69.0,
0.017,0.05,0.775,0.158,66.0,
0.005,0.038,0.781,0.176,99.0,
0.007,0.024,0.793,0.176,202.0,
0.0,0.026,0.779,0.194,139.0,
0.0,0.006,0.866,0.128,171.0,
0.023,0.084,0.677,0.216,134.0,
0.007,0.027,0.791,0.175,196.0,
0.008,0.033,0.738,0.221,116.0,
0.008,0.177,0.554,0.262,60.0,
0.007,0.036,0.786,0.171,69.0,
0.0,0.067,0.733,0.2,203.0,
0.003,0.017,0.8,0.179,123.0,
0.014,0.034,0.743,0.209,155.0,
0.0,0.022,0.809,0.17,110.0,
0.0,0.02,0.825,0.155,99.0,
0.025,0.092,0.633,0.25,68.0,
0.003,0.042,0.787,0.168,164.0,
0.004,0.036,0.788,0.172,112.0,
0.01,0.039,0.768,0.184,139.0,
0.0,0.056,0.75,0.194,131.0,
0.009,0.018,0.814,0.159,97.0,
0.006,0.089,0.678,0.228,60.0,
0.004,0.018,0.847,0.131,242.0,
0.003,0.05,0.753,0.193,139.0,
0.005,0.016,0.841,0.139,246.0,
0.004,0.083,0.674,0.239,88.0,
0.0,0.013,0.823,0.163,158.0,
0.008,0.088,0.7,0.204,97.0,
0.0,0.038,0.795,0.167,103.0,
0.019,0.088,0.65,0.242,87.0,
0.0,0.035,0.777,0.188,121.0,
0.003,0.011,0.795,0.192,168.0,
0.02,0.09,0.69,0.2,129.0,
0.0,0.075,0.725,0.2,125.0,
0.013,0.091,0.657,0.239,74.0,
0.003,0.039,0.823,0.135,119.0,
0.004,0.046,0.758,0.192,109.0,
0.009,0.157,0.565,0.27,86.0,
0.029,0.062,0.71,0.2,86.0,
0.011,0.067,0.726,0.196,119.0,
0.005,0.022,0.823,0.15,182.0,
0.0,0.044,0.763,0.193,114.0,
0.006,0.029,0.829,0.135,96.0,
0.003,0.062,0.744,0.191,136.0,
0.003,0.052,0.752,0.193,106.0,
0.008,0.03,0.8,0.162,175.0,
0.015,0.055,0.785,0.145,89.0,
0.019,0.015,0.8,0.165,98.0,
0.0,0.026,0.803,0.171,168.0,
0.003,0.055,0.759,0.183,124.0,
0.018,0.097,0.647,0.238,156.0,
0.011,0.068,0.746,0.175,118.0,
0.0,0.02,0.828,0.152,118.0,
0.002,0.115,0.783,0.1,139.0,
0.016,0.137,0.737,0.111,100.0,
0.003,0.016,0.881,0.1,184.0,
0.005,0.089,0.805,0.1,209.0,
0.011,0.091,0.798,0.1,212.0,
0.01,0.127,0.761,0.102,175.0,
0.016,0.158,0.726,0.1,70.0,
0.033,0.15,0.713,0.104,108.0,
0.004,0.042,0.854,0.1,133.0,
0.01,0.102,0.787,0.1,168.0,
0.004,0.021,0.875,0.1,114.0,
0.028,0.128,0.739,0.106,99.0,
0.0,0.147,0.747,0.105,83.0,
0.006,0.089,0.806,0.1,142.0,
0.004,0.144,0.752,0.1,117.0,
0.006,0.148,0.745,0.1,125.0,
0.0,0.065,0.832,0.103,135.0,
0.023,0.169,0.685,0.123,59.0,
0.017,0.16,0.723,0.1,121.0,
0.007,0.171,0.721,0.1,113.0,
0.01,0.224,0.633,0.133,80.0,
0.026,0.14,0.734,0.1,133.0,
0.0,0.082,0.815,0.103,147.0,
0.019,0.229,0.624,0.129,86.0,
0.0,0.053,0.847,0.1,154.0,
0.022,0.206,0.672,0.1,56.0,
0.009,0.036,0.856,0.1,234.0,
0.0,0.06,0.84,0.1,181.0,
0.008,0.108,0.785,0.1,125.0,
0.0,0.106,0.794,0.1,138.0,
0.011,0.074,0.814,0.1,168.0,
0.0,0.116,0.784,0.1,143.0,
0.019,0.219,0.662,0.1,57.0,
0.025,0.132,0.743,0.1,105.0,
0.004,0.067,0.83,0.1,127.0,
0.011,0.168,0.711,0.111,78.0,
0.04,0.193,0.66,0.107,69.0,
0.003,0.057,0.841,0.1,148.0,
0.007,0.144,0.748,0.1,123.0,
0.009,0.091,0.8,0.1,113.0,
0.007,0.054,0.839,0.1,126.0,
0.009,0.136,0.741,0.114,99.0,
0.018,0.136,0.746,0.1,160.0,
0.01,0.069,0.821,0.1,192.0,
0.003,0.072,0.82,0.105,200.0,
0.026,0.178,0.696,0.1,103.0,
0.004,0.119,0.777,0.1,185.0,
0.005,0.041,0.854,0.1,179.0,
0.048,0.152,0.7,0.1,58.0,
0.012,0.135,0.753,0.1,73.0,
0.0,0.033,0.865,0.102,206.0,
0.0,0.011,0.889,0.1,183.0,
0.003,0.063,0.833,0.1,150.0,
0.005,0.071,0.824,0.1,187.0,
0.017,0.15,0.733,0.1,122.0,
0.007,0.08,0.813,0.1,171.0,
0.01,0.093,0.79,0.107,135.0,
0.018,0.164,0.718,0.1,119.0,
0.013,0.144,0.744,0.1,69.0,
0.012,0.159,0.722,0.107,143.0,
0.011,0.111,0.778,0.1,161.0,
0.0,0.127,0.773,0.1,126.0,
0.013,0.11,0.773,0.103,138.0,
0.011,0.132,0.758,0.1,69.0,
0.004,0.161,0.735,0.1,82.0,
0.0,0.225,0.665,0.11,80.0,
0.004,0.069,0.824,0.104,233.0,
0.002,0.119,0.777,0.102,174.0,
0.009,0.083,0.809,0.1,137.0,
0.004,0.133,0.762,0.1,80.0,
0.011,0.111,0.778,0.1,150.0,
0.012,0.088,0.798,0.102,240.0,
0.03,0.133,0.73,0.107,109.0,
0.004,0.161,0.732,0.104,136.0,
0.0,0.1,0.795,0.105,89.0,
0.006,0.1,0.794,0.1,178.0,
0.007,0.128,0.763,0.102,181.0,
0.003,0.067,0.83,0.1,155.0,
0.01,0.18,0.71,0.1,84.0,
0.021,0.214,0.664,0.1,69.0,
0.021,0.094,0.782,0.103,135.0,
0.014,0.105,0.782,0.1,90.0,
0.006,0.2,0.689,0.106,81.0,
0.015,0.049,0.836,0.1,189.0,
0.009,0.078,0.813,0.1,238.0,
0.004,0.161,0.735,0.1,85.0,
0.017,0.097,0.786,0.1,109.0,
0.0,0.014,0.886,0.1,137.0,
0.0,0.119,0.781,0.1,64.0,
0.008,0.056,0.836,0.1,185.0,
0.012,0.12,0.768,0.1,107.0,
0.004,0.109,0.783,0.104,99.0,
0.011,0.056,0.833,0.1,121.0,
0.019,0.156,0.725,0.1,67.0,
0.0,0.141,0.759,0.1,141.0,
0.0,0.129,0.771,0.1,97.0,
0.006,0.222,0.656,0.117,60.0,
0.016,0.094,0.791,0.1,123.0,
0.011,0.111,0.779,0.1,63.0,
0.005,0.108,0.787,0.1,168.0,
0.002,0.049,0.849,0.1,243.0,
0.01,0.087,0.803,0.1,163.0,
0.018,0.168,0.7,0.114,107.0,
0.005,0.137,0.758,0.1,81.0,
0.007,0.074,0.819,0.1,111.0,
0.011,0.069,0.82,0.1,163.0,
0.012,0.224,0.656,0.108,80.0,
0.0,0.126,0.774,0.1,58.0,
0.011,0.118,0.771,0.1,147.0,
0.011,0.126,0.763,0.1,129.0,
0.006,0.124,0.77,0.1,157.0,
0.007,0.103,0.786,0.103,131.0,
0.007,0.247,0.64,0.107,61.0,
0.0,0.105,0.795,0.1,170.0,
0.0,0.089,0.811,0.1,140.0,
0.0,0.218,0.673,0.109,81.0,
0.005,0.049,0.846,0.1,200.0,
0.075,0.333,0.458,0.133,60.0,
0.007,0.06,0.833,0.1,123.0,
0.012,0.169,0.712,0.108,103.0,
0.01,0.1,0.79,0.1,120.0,
0.004,0.122,0.765,0.109,102.0,
0.0,0.061,0.839,0.1,194.0,
0.006,0.074,0.821,0.1,178.0,
0.01,0.138,0.752,0.1,90.0,
0.007,0.154,0.721,0.118,95.0,
0.01,0.095,0.795,0.1,165.0,
0.006,0.121,0.773,0.1,135.0,
0.008,0.135,0.758,0.1,115.0,
0.004,0.125,0.771,0.1,158.0,
0.015,0.113,0.772,0.1,176.0,
0.01,0.11,0.779,0.1,111.0,
0.028,0.147,0.725,0.1,129.0,
0.0,0.064,0.836,0.1,121.0,
0.022,0.161,0.711,0.106,83.0,
0.003,0.097,0.8,0.1,151.0,
0.028,0.128,0.742,0.103,180.0,
0.003,0.053,0.843,0.1,138.0,
0.014,0.119,0.762,0.105,95.0,
0.015,0.2,0.685,0.1,90.0,
0.0,0.052,0.848,0.1,237.0,
0.016,0.06,0.822,0.102,190.0,
0.0,0.226,0.674,0.1,60.0,
0.025,0.206,0.656,0.113,69.0,
0.017,0.137,0.746,0.1,179.0,
0.005,0.15,0.742,0.103,168.0,
0.009,0.127,0.764,0.1,46.0,
0.035,0.109,0.757,0.1,106.0,
0.005,0.059,0.834,0.102,168.0,
0.0,0.029,0.871,0.1,218.0,
0.004,0.137,0.759,0.1,126.0,
0.029,0.106,0.765,0.1,60.0,
0.0,0.182,0.718,0.1,47.0,
0.019,0.103,0.778,0.1,178.0,
0.006,0.091,0.803,0.1,183.0,
0.005,0.123,0.768,0.105,94.0,
0.004,0.1,0.791,0.104,118.0,
0.005,0.127,0.768,0.1,94.0,
0.003,0.087,0.806,0.103,125.0,
0.0,0.114,0.786,0.1,167.0,
0.009,0.056,0.835,0.1,205.0,
0.0,0.148,0.752,0.1,117.0,
0.003,0.061,0.836,0.1,153.0,
0.0,0.124,0.771,0.106,78.0,
0.008,0.192,0.683,0.117,59.0,
0.005,0.058,0.837,0.1,206.0,
0.037,0.254,0.608,0.1,69.0,
0.012,0.121,0.755,0.112,146.0,
0.011,0.139,0.75,0.1,88.0,
0.005,0.018,0.877,0.1,191.0,
0.009,0.097,0.794,0.1,135.0,
0.022,0.119,0.759,0.1,110.0,
0.003,0.11,0.784,0.103,165.0,
0.06,0.27,0.54,0.13,59.0,
0.006,0.089,0.806,0.1,171.0,
0.0,0.128,0.762,0.11,128.0,
0.014,0.119,0.762,0.105,75.0,
0.0,0.078,0.822,0.1,140.0,
0.03,0.188,0.682,0.1,170.0,
0.003,0.083,0.814,0.1,124.0,
0.005,0.11,0.776,0.11,105.0,
0.012,0.171,0.712,0.106,78.0,
0.006,0.083,0.811,0.1,145.0,
0.006,0.11,0.784,0.1,141.0,
0.003,0.063,0.834,0.1,184.0,
0.008,0.138,0.754,0.1,98.0,
0.014,0.103,0.784,0.1,187.0,
0.014,0.19,0.697,0.1,124.0,
0.004,0.1,0.796,0.1,109.0,
0.0,0.074,0.822,0.104,103.0,
0.005,0.138,0.757,0.1,98.0,
0.0,0.096,0.796,0.107,129.0,
0.0,0.095,0.805,0.1,185.0,
0.003,0.047,0.85,0.1,140.0,
0.011,0.089,0.8,0.1,149.0,
0.006,0.103,0.79,0.1,149.0,
0.008,0.1,0.788,0.104,129.0,
0.018,0.149,0.733,0.1,155.0,
0.003,0.055,0.843,0.1,177.0,
0.016,0.105,0.778,0.1,167.0,
0.006,0.07,0.824,0.1,174.0,
0.005,0.086,0.805,0.105,105.0,
0.012,0.091,0.798,0.1,173.0,
0.008,0.148,0.744,0.1,105.0,
0.027,0.167,0.697,0.11,141.0,
0.013,0.068,0.819,0.1,162.0,
0.015,0.102,0.783,0.1,191.0,
0.0,0.035,0.865,0.1,246.0,
0.009,0.083,0.809,0.1,138.0,
0.004,0.124,0.768,0.104,110.0,
0.015,0.046,0.839,0.1,161.0,
0.021,0.128,0.752,0.1,130.0,
0.0,0.064,0.836,0.1,170.0,
0.025,0.146,0.729,0.1,99.0,
0.006,0.139,0.75,0.106,79.0,
0.021,0.164,0.715,0.1,134.0,
0.004,0.083,0.813,0.1,237.0,
0.019,0.139,0.736,0.106,154.0,
0.007,0.093,0.8,0.1,125.0,
0.015,0.215,0.665,0.105,80.0,
0.011,0.163,0.726,0.1,67.0,
0.021,0.089,0.787,0.103,189.0,
0.014,0.138,0.743,0.105,95.0,
0.014,0.089,0.797,0.1,181.0,
0.0,0.081,0.815,0.104,133.0,
0.0,0.136,0.764,0.1,116.0,
0.01,0.141,0.738,0.11,138.0,
0.006,0.072,0.821,0.1,215.0,
0.004,0.096,0.8,0.1,107.0,
0.0,0.084,0.816,0.1,108.0,
0.01,0.085,0.805,0.1,153.0,
0.021,0.085,0.794,0.1,134.0,
0.0,0.087,0.811,0.103,159.0,
0.004,0.093,0.804,0.1,115.0,
0.004,0.139,0.752,0.104,105.0,
0.021,0.088,0.79,0.1,180.0,
0.015,0.098,0.785,0.102,193.0,
0.004,0.058,0.838,0.1,130.0,
0.018,0.135,0.747,0.1,96.0,
0.02,0.165,0.705,0.11,81.0,
0.025,0.15,0.718,0.107,115.0,
0.024,0.14,0.724,0.112,118.0,
0.0,0.18,0.72,0.1,78.0,
0.014,0.155,0.732,0.1,90.0,
0.017,0.108,0.767,0.108,40.0,
0.009,0.117,0.774,0.1,134.0,
0.018,0.241,0.635,0.106,71.0,
0.026,0.183,0.691,0.1,84.0,
0.004,0.053,0.843,0.1,236.0,
0.0,0.192,0.7,0.108,56.0,
0.007,0.073,0.812,0.107,183.0,
0.005,0.079,0.816,0.1,89.0,
0.005,0.09,0.805,0.1,102.0,
0.006,0.037,0.856,0.1,173.0,
0.016,0.171,0.681,0.132,103.0,
0.007,0.097,0.797,0.1,145.0,
0.005,0.076,0.819,0.1,99.0,
0.027,0.207,0.647,0.12,80.0,
0.006,0.177,0.706,0.11,164.0,
0.019,0.181,0.7,0.1,86.0,
0.023,0.138,0.727,0.112,86.0,
0.016,0.064,0.82,0.1,107.0,
0.011,0.143,0.727,0.119,136.0,
0.006,0.119,0.775,0.1,140.0,
0.004,0.118,0.779,0.1,123.0,
0.026,0.196,0.678,0.1,88.0,
0.0,0.233,0.633,0.133,70.0,
0.017,0.112,0.771,0.1,198.0,
0.013,0.123,0.763,0.1,116.0,
0.015,0.104,0.781,0.1,107.0,
0.014,0.093,0.793,0.1,160.0,
0.02,0.19,0.68,0.11,73.0,
0.007,0.141,0.752,0.1,113.0,
0.02,0.12,0.76,0.1,79.0,
0.0,0.085,0.815,0.1,87.0,
0.008,0.184,0.708,0.1,138.0,
0.0,0.1,0.797,0.102,162.0,
0.0,0.103,0.797,0.1,160.0,
0.012,0.067,0.821,0.1,196.0,
0.008,0.192,0.7,0.1,50.0,
0.006,0.256,0.639,0.1,48.0,
0.008,0.094,0.797,0.1,158.0,
0.01,0.077,0.813,0.1,144.0,
0.022,0.094,0.778,0.106,89.0,
0.005,0.036,0.859,0.1,118.0,
0.005,0.146,0.749,0.1,166.0,
0.014,0.067,0.819,0.1,120.0,
0.01,0.072,0.817,0.1,131.0,
0.013,0.126,0.761,0.1,142.0,
0.01,0.148,0.738,0.105,94.0,
0.0,0.185,0.708,0.108,40.0,
0.011,0.154,0.734,0.1,130.0,
0.008,0.103,0.786,0.103,177.0,
0.021,0.139,0.732,0.107,116.0,
0.029,0.138,0.733,0.1,118.0,
0.007,0.233,0.653,0.107,40.0,
0.0,0.106,0.794,0.1,79.0,
0.02,0.188,0.684,0.108,99.0,
0.0,0.192,0.708,0.1,40.0,
0.005,0.166,0.724,0.105,140.0,
0.009,0.049,0.842,0.1,243.0,
0.017,0.108,0.775,0.1,168.0,
0.004,0.16,0.736,0.1,90.0,
0.019,0.146,0.735,0.1,141.0,
0.022,0.169,0.708,0.1,172.0,
0.003,0.088,0.809,0.1,161.0,
0.003,0.155,0.742,0.1,153.0,
0.0,0.089,0.811,0.1,190.0,
0.01,0.11,0.779,0.1,127.0,
0.005,0.129,0.766,0.1,165.0,
0.004,0.13,0.765,0.1,80.0,
0.008,0.1,0.792,0.1,57.0,
0.007,0.022,0.87,0.1,133.0,
0.016,0.095,0.788,0.1,169.0,
0.012,0.148,0.74,0.1,83.0,
0.0,0.04,0.86,0.1,162.0,
0.0,0.111,0.789,0.1,124.0,
0.005,0.124,0.771,0.1,78.0,
0.0,0.074,0.826,0.1,154.0,
0.005,0.15,0.745,0.1,70.0,
0.0,0.157,0.736,0.107,58.0,
0.005,0.038,0.857,0.1,191.0,
0.005,0.142,0.753,0.1,98.0,
0.023,0.154,0.723,0.1,182.0,
0.017,0.181,0.7,0.103,156.0,
0.003,0.1,0.797,0.1,150.0,
0.018,0.155,0.727,0.1,110.0,
0.008,0.085,0.808,0.1,121.0,
0.019,0.25,0.619,0.113,58.0,
0.012,0.098,0.79,0.1,195.0,
0.003,0.094,0.8,0.103,164.0,
0.014,0.114,0.768,0.104,132.0,
0.01,0.069,0.821,0.1,135.0,
0.0,0.183,0.713,0.104,118.0,
0.007,0.027,0.867,0.1,157.0,
0.012,0.058,0.831,0.1,125.0,
0.0,0.039,0.861,0.1,151.0,
0.023,0.165,0.703,0.11,111.0,
0.012,0.122,0.766,0.1,171.0,
0.031,0.085,0.781,0.104,141.0,
0.004,0.042,0.854,0.1,108.0,
0.003,0.071,0.826,0.1,153.0,
0.009,0.068,0.824,0.1,146.0,
0.013,0.248,0.63,0.109,93.0,
0.004,0.093,0.804,0.1,81.0,
0.024,0.171,0.7,0.106,80.0,
0.01,0.087,0.797,0.105,189.0,
0.008,0.089,0.803,0.1,152.0,
0.011,0.182,0.705,0.103,160.0,
0.013,0.183,0.683,0.121,98.0,
0.013,0.096,0.791,0.1,85.0,
0.006,0.026,0.868,0.1,245.0,
0.012,0.153,0.735,0.1,83.0,
0.003,0.14,0.757,0.1,165.0,
0.003,0.06,0.838,0.1,212.0,
0.006,0.163,0.728,0.103,164.0,
0.006,0.073,0.821,0.1,141.0,
0.011,0.142,0.742,0.105,88.0,
0.016,0.103,0.782,0.1,158.0,
0.033,0.124,0.743,0.1,97.0,
0.004,0.141,0.756,0.1,99.0,
0.006,0.069,0.825,0.1,214.0,
0.011,0.14,0.746,0.103,165.0,
0.005,0.089,0.805,0.1,149.0,
0.011,0.119,0.77,0.1,155.0,
0.018,0.218,0.659,0.105,60.0,
0.008,0.192,0.677,0.123,69.0,
0.013,0.103,0.785,0.1,173.0,
0.0,0.159,0.741,0.1,118.0,
0.013,0.074,0.813,0.1,106.0,
0.014,0.119,0.765,0.103,167.0,
0.0,0.081,0.819,0.1,150.0,
0.0,0.029,0.871,0.1,151.0,
0.004,0.188,0.7,0.108,113.0,
0.013,0.126,0.761,0.1,97.0,
0.021,0.17,0.7,0.109,116.0,
0.013,0.184,0.702,0.1,164.0,
0.006,0.07,0.824,0.1,134.0,
0.011,0.121,0.768,0.1,78.0,
0.026,0.121,0.753,0.1,108.0,
0.002,0.064,0.834,0.1,220.0,
0.002,0.059,0.836,0.102,221.0,
0.019,0.126,0.756,0.1,99.0,
0.03,0.125,0.74,0.105,87.0,
0.003,0.024,0.811,0.163,139.0,
0.005,0.011,0.834,0.15,186.0,
0.007,0.067,0.73,0.196,120.0,
0.0,0.014,0.814,0.173,106.0,
0.008,0.067,0.746,0.179,88.0,
0.007,0.037,0.762,0.193,157.0,
0.003,0.033,0.795,0.169,178.0,
0.0,0.017,0.81,0.172,145.0,
0.005,0.023,0.809,0.164,117.0,
0.019,0.023,0.785,0.173,110.0,
0.007,0.052,0.759,0.183,175.0,
0.006,0.045,0.742,0.206,127.0,
0.0,0.025,0.803,0.172,153.0,
0.016,0.068,0.695,0.221,80.0,
0.002,0.029,0.793,0.176,153.0,
0.0,0.046,0.778,0.176,133.0,
0.037,0.087,0.644,0.231,58.0,
0.015,0.07,0.72,0.195,80.0,
0.01,0.039,0.773,0.178,188.0,
0.007,0.063,0.743,0.187,136.0,
0.003,0.013,0.838,0.146,167.0,
0.045,0.127,0.664,0.164,60.0,
0.004,0.027,0.746,0.223,117.0,
0.006,0.01,0.813,0.171,126.0,
0.032,0.125,0.568,0.275,78.0,
0.0,0.073,0.709,0.218,158.0,
0.013,0.091,0.681,0.215,170.0,
0.005,0.0,0.848,0.148,106.0,
0.011,0.075,0.721,0.193,135.0,
0.013,0.077,0.733,0.177,130.0,
0.0,0.056,0.75,0.194,67.0,
0.01,0.024,0.796,0.17,202.0,
0.011,0.094,0.789,0.106,75.0,
0.017,0.1,0.778,0.104,89.0,
0.005,0.035,0.759,0.2,176.0,
0.0,0.079,0.821,0.1,60.0,
0.005,0.2,0.675,0.12,88.0,
0.011,0.189,0.672,0.128,96.0,
0.0,0.081,0.817,0.103,152.0,
0.003,0.042,0.856,0.1,184.0,
0.007,0.044,0.849,0.1,251.0,
0.027,0.227,0.646,0.1,90.0,
0.0,0.024,0.876,0.1,213.0,
0.004,0.193,0.7,0.104,69.0,
0.009,0.057,0.834,0.1,218.0,
0.022,0.091,0.787,0.1,170.0,
0.014,0.133,0.743,0.11,80.0,
0.009,0.1,0.791,0.1,150.0,
0.003,0.082,0.744,0.171,143.0,
0.004,0.027,0.815,0.154,126.0,
0.003,0.045,0.752,0.2,121.0,
0.019,0.1,0.7,0.181,58.0,
0.036,0.093,0.629,0.243,88.0,
0.0,0.036,0.783,0.181,172.0,
0.0,0.022,0.789,0.189,111.0,
0.002,0.009,0.853,0.136,187.0,
0.0,0.018,0.795,0.187,199.0,
0.017,0.064,0.708,0.211,142.0,
0.0,0.055,0.755,0.19,84.0,
0.0,0.033,0.796,0.171,102.0,
0.006,0.118,0.635,0.241,70.0,
0.005,0.024,0.85,0.121,188.0,
0.016,0.072,0.712,0.2,119.0,
0.014,0.024,0.757,0.205,99.0,
0.008,0.115,0.777,0.1,114.0,
0.006,0.206,0.683,0.106,80.0,
0.021,0.108,0.771,0.1,104.0,
0.014,0.1,0.784,0.102,213.0,
0.01,0.131,0.759,0.1,175.0,
0.008,0.085,0.808,0.1,172.0,
0.015,0.08,0.805,0.1,77.0,
0.011,0.149,0.74,0.1,139.0,
0.009,0.12,0.77,0.1,188.0,
0.007,0.178,0.707,0.107,119.0,
0.014,0.167,0.71,0.11,81.0,
0.005,0.121,0.747,0.126,79.0,
0.019,0.281,0.6,0.1,76.0,
0.002,0.117,0.779,0.102,166.0,
0.003,0.103,0.795,0.1,177.0,
0.016,0.121,0.763,0.1,92.0,


