0.006,0.813,0.081,0.1,195.0,
0.0,0.791,0.109,0.1,310.0,
0.005,0.859,0.035,0.1,263.0,
0.063,0.71,0.127,0.1,184.0,
0.029,0.819,0.052,0.1,111.0,
0.168,0.7,0.032,0.1,151.0,
0.003,0.767,0.131,0.1,227.0,
0.062,0.695,0.143,0.1,253.0,
0.0,0.792,0.108,0.1,173.0,
0.115,0.737,0.048,0.1,150.0,
0.0,0.8,0.1,0.1,343.0,
0.0,0.726,0.174,0.1,205.0,
0.026,0.753,0.121,0.1,220.0,
0.23,0.657,0.013,0.1,101.0,
0.0,0.847,0.053,0.1,216.0,
0.138,0.733,0.03,0.1,234.0,
0.152,0.671,0.077,0.1,191.0,
0.118,0.709,0.074,0.1,230.0,
0.222,0.656,0.022,0.1,90.0,
0.0,0.644,0.256,0.1,267.0,
0.192,0.64,0.068,0.1,154.0,
0.0,0.831,0.069,0.1,248.0,
0.0,0.8,0.1,0.1,158.0,
0.15,0.727,0.023,0.1,109.0,
0.079,0.724,0.097,0.1,182.0,
0.003,0.773,0.123,0.1,212.0,
0.093,0.786,0.021,0.1,64.0,
0.004,0.829,0.067,0.1,304.0,
0.0,0.778,0.122,0.1,317.0,
0.003,0.755,0.142,0.1,230.0,
0.005,0.776,0.12,0.1,291.0,
0.394,0.488,0.018,0.1,97.0,
0.25,0.644,0.006,0.1,80.0,
0.023,0.773,0.104,0.1,386.0,
0.262,0.6,0.038,0.1,91.0,
0.003,0.819,0.077,0.1,235.0,
0.229,0.595,0.076,0.1,119.0,
0.192,0.692,0.015,0.1,70.0,
0.152,0.691,0.057,0.1,144.0,
0.081,0.645,0.174,0.1,206.0,
0.158,0.704,0.038,0.1,135.0,
0.06,0.729,0.112,0.1,289.0,
0.263,0.579,0.058,0.1,93.0,
0.068,0.72,0.112,0.1,155.0,
0.006,0.811,0.083,0.1,102.0,
0.0,0.688,0.212,0.1,304.0,
0.058,0.732,0.11,0.1,202.0,
0.174,0.674,0.052,0.1,139.0,
0.032,0.81,0.058,0.1,200.0,
0.135,0.715,0.05,0.1,102.0,
0.018,0.744,0.138,0.1,279.0,
0.18,0.683,0.037,0.1,229.0,
0.109,0.715,0.076,0.1,240.0,
0.192,0.642,0.065,0.1,161.0,
0.091,0.718,0.091,0.1,238.0,
0.039,0.741,0.12,0.1,297.0,
0.05,0.742,0.108,0.1,143.0,
0.0,0.729,0.171,0.1,237.0,
0.133,0.672,0.094,0.1,112.0,
0.173,0.667,0.061,0.1,206.0,
0.254,0.631,0.015,0.1,50.0,
0.124,0.676,0.1,0.1,120.0,
0.271,0.629,0.0,0.1,165.0,
0.276,0.567,0.057,0.1,103.0,
0.15,0.689,0.061,0.1,140.0,
0.131,0.75,0.019,0.1,77.0,
0.032,0.723,0.145,0.1,323.0,
0.097,0.748,0.055,0.1,217.0,
0.079,0.676,0.145,0.1,261.0,
0.156,0.717,0.028,0.1,100.0,
0.012,0.769,0.119,0.1,300.0,
0.0,0.622,0.278,0.1,294.0,
0.015,0.797,0.088,0.1,207.0,
0.113,0.744,0.044,0.1,80.0,
0.026,0.774,0.1,0.1,311.0,
0.092,0.636,0.172,0.1,176.0,
0.006,0.706,0.188,0.1,253.0,
0.285,0.595,0.02,0.1,112.0,
0.0,0.715,0.185,0.1,314.0,
0.0,0.683,0.217,0.1,330.0,
0.252,0.636,0.012,0.1,199.0,
0.0,0.684,0.216,0.1,274.0,
0.09,0.79,0.02,0.1,92.0,
0.0,0.733,0.167,0.1,405.0,
0.096,0.687,0.117,0.1,313.0,
0.392,0.472,0.036,0.1,150.0,
0.0,0.668,0.232,0.1,119.0,
0.0,0.873,0.027,0.1,61.0,
0.356,0.517,0.028,0.1,100.0,
0.055,0.778,0.067,0.1,338.0,
0.114,0.652,0.134,0.1,325.0,
0.0,0.796,0.104,0.1,150.0,
0.096,0.757,0.048,0.1,130.0,
0.233,0.55,0.117,0.1,112.0,
0.26,0.625,0.015,0.1,100.0,
0.0,0.663,0.237,0.1,357.0,
0.106,0.662,0.132,0.1,305.0,
0.118,0.725,0.057,0.1,177.0,
0.153,0.607,0.14,0.1,81.0,
0.0,0.727,0.173,0.1,178.0,
0.092,0.665,0.142,0.1,189.0,
0.021,0.743,0.136,0.1,183.0,
0.011,0.771,0.118,0.1,182.0,
0.282,0.588,0.029,0.1,100.0,
0.023,0.683,0.194,0.1,265.0,
0.0,0.779,0.121,0.1,259.0,
0.089,0.789,0.021,0.1,101.0,
0.118,0.715,0.067,0.1,230.0,
0.0,0.719,0.181,0.1,213.0,
0.006,0.8,0.094,0.1,218.0,
0.243,0.652,0.004,0.1,88.0,
0.16,0.655,0.085,0.1,112.0,
0.154,0.669,0.077,0.1,60.0,
0.04,0.689,0.171,0.1,238.0,
0.0,0.687,0.213,0.1,228.0,
0.0,0.788,0.112,0.1,170.0,
0.216,0.664,0.02,0.1,126.0,
0.24,0.59,0.07,0.1,121.0,
0.027,0.754,0.119,0.1,277.0,
0.188,0.62,0.092,0.1,153.0,
0.111,0.676,0.113,0.1,249.0,
0.079,0.724,0.097,0.1,212.0,
0.0,0.64,0.26,0.1,323.0,
0.009,0.797,0.094,0.1,235.0,
0.035,0.765,0.1,0.1,236.0,
0.009,0.836,0.055,0.1,190.0,
0.01,0.783,0.107,0.1,182.0,
0.004,0.728,0.168,0.1,365.0,
0.052,0.796,0.052,0.1,349.0,
0.156,0.662,0.082,0.1,214.0,
0.074,0.762,0.064,0.1,220.0,
0.179,0.65,0.071,0.1,140.0,
0.192,0.658,0.05,0.1,53.0,
0.209,0.605,0.086,0.1,125.0,
0.0,0.756,0.144,0.1,152.0,
0.224,0.652,0.024,0.1,92.0,
0.223,0.654,0.023,0.1,70.0,
0.14,0.684,0.076,0.1,253.0,
0.053,0.795,0.053,0.1,92.0,
0.289,0.578,0.033,0.1,111.0,
0.176,0.6,0.124,0.1,111.0,
0.31,0.53,0.06,0.1,31.0,
0.333,0.48,0.087,0.1,173.0,
0.319,0.511,0.07,0.1,134.0,
0.181,0.671,0.048,0.1,170.0,
0.098,0.645,0.157,0.1,327.0,
0.09,0.71,0.1,0.1,268.0,
0.123,0.7,0.077,0.1,203.0,
0.256,0.608,0.036,0.1,150.0,
0.085,0.667,0.148,0.1,160.0,
0.032,0.723,0.145,0.1,149.0,
0.059,0.757,0.085,0.1,289.0,
0.0,0.662,0.237,0.1,247.0,
0.207,0.679,0.014,0.1,140.0,
0.0,0.777,0.123,0.1,280.0,
0.069,0.741,0.09,0.1,180.0,
0.0,0.861,0.039,0.1,267.0,
0.049,0.705,0.146,0.1,253.0,
0.0,0.838,0.062,0.1,154.0,
0.024,0.721,0.156,0.1,244.0,
0.174,0.664,0.062,0.1,281.0,
0.067,0.723,0.11,0.1,206.0,
0.019,0.863,0.019,0.1,91.0,
0.0,0.873,0.027,0.1,144.0,
0.233,0.653,0.013,0.1,100.0,
0.071,0.69,0.138,0.1,290.0,
0.261,0.554,0.086,0.1,122.0,
0.235,0.57,0.096,0.1,143.0,
0.028,0.664,0.209,0.1,370.0,
0.242,0.577,0.081,0.1,151.0,
0.158,0.675,0.067,0.1,164.0,
0.179,0.658,0.063,0.1,111.0,
0.289,0.574,0.037,0.1,82.0,
0.0,0.769,0.131,0.1,264.0,
0.211,0.633,0.056,0.1,172.0,
0.278,0.5,0.122,0.1,94.0,
0.188,0.682,0.029,0.1,89.0,
0.039,0.764,0.098,0.1,288.0,
0.003,0.741,0.155,0.1,209.0,
0.01,0.819,0.071,0.1,219.0,
0.0,0.773,0.127,0.1,85.0,
0.169,0.656,0.075,0.1,91.0,
0.0,0.713,0.188,0.1,292.0,
0.014,0.703,0.183,0.1,274.0,
0.139,0.727,0.034,0.1,281.0,
0.1,0.762,0.038,0.1,261.0,
0.111,0.637,0.152,0.1,165.0,
0.191,0.627,0.082,0.1,50.0,
0.133,0.722,0.044,0.1,60.0,
0.038,0.718,0.144,0.1,304.0,
0.325,0.544,0.031,0.1,91.0,
0.217,0.622,0.061,0.1,101.0,
0.0,0.728,0.172,0.1,309.0,
0.3,0.593,0.007,0.1,71.0,
0.118,0.709,0.073,0.1,195.0,
0.2,0.607,0.093,0.1,172.0,
0.05,0.775,0.075,0.1,159.0,
0.0,0.723,0.177,0.1,311.0,
0.211,0.628,0.061,0.1,211.0,
0.232,0.591,0.077,0.1,131.0,
0.021,0.746,0.133,0.1,351.0,
0.182,0.706,0.012,0.1,72.0,
0.131,0.7,0.069,0.1,259.0,
0.128,0.739,0.033,0.1,91.0,
0.272,0.616,0.012,0.1,138.0,
0.206,0.578,0.117,0.1,90.0,
0.106,0.636,0.158,0.1,260.0,
0.0,0.695,0.205,0.1,140.0,
0.296,0.578,0.026,0.1,140.0,
0.04,0.772,0.088,0.1,151.0,
0.004,0.78,0.116,0.1,171.0,
0.071,0.623,0.206,0.1,240.0,
0.246,0.577,0.077,0.1,161.0,
0.062,0.75,0.087,0.1,143.0,
0.155,0.725,0.02,0.1,105.0,
0.095,0.671,0.134,0.1,289.0,
0.278,0.617,0.006,0.1,92.0,
0.205,0.66,0.035,0.1,91.0,
0.0,0.787,0.113,0.1,295.0,
0.11,0.695,0.095,0.1,112.0,
0.291,0.582,0.027,0.1,60.0,
0.0,0.767,0.133,0.1,259.0,
0.13,0.7,0.07,0.1,155.0,
0.159,0.656,0.085,0.1,187.0,
0.0,0.823,0.077,0.1,275.0,
0.0,0.816,0.084,0.1,110.0,
0.29,0.571,0.038,0.1,116.0,
0.023,0.713,0.164,0.1,266.0,
0.011,0.787,0.102,0.1,300.0,
0.093,0.664,0.143,0.1,182.0,
0.043,0.766,0.091,0.1,284.0,
0.097,0.697,0.106,0.1,246.0,
0.186,0.614,0.1,0.1,248.0,
0.123,0.746,0.031,0.1,121.0,
0.0,0.7,0.2,0.1,208.0,
0.22,0.613,0.068,0.1,268.0,
0.022,0.793,0.085,0.1,169.0,
0.0,0.821,0.079,0.1,186.0,
0.22,0.582,0.098,0.1,287.0,
0.0,0.716,0.184,0.1,238.0,
0.003,0.768,0.129,0.1,270.0,
0.106,0.724,0.071,0.1,100.0,
0.25,0.628,0.022,0.1,112.0,
0.0,0.684,0.216,0.1,363.0,
0.283,0.574,0.043,0.1,130.0,
0.0,0.679,0.221,0.1,202.0,
0.1,0.753,0.047,0.1,91.0,
0.008,0.719,0.173,0.1,133.0,
0.222,0.637,0.041,0.1,153.0,
0.059,0.759,0.082,0.1,117.0,
0.168,0.674,0.058,0.1,94.0,
0.004,0.719,0.178,0.1,200.0,
0.021,0.718,0.161,0.1,275.0,
0.218,0.591,0.091,0.1,110.0,
0.023,0.733,0.144,0.1,319.0,
0.134,0.668,0.097,0.1,259.0,
0.0,0.812,0.088,0.1,289.0,
0.046,0.729,0.125,0.1,160.0,
0.032,0.764,0.104,0.1,160.0,
0.012,0.779,0.11,0.1,311.0,
0.0,0.734,0.166,0.1,200.0,
0.152,0.667,0.082,0.1,198.0,
0.248,0.617,0.035,0.1,131.0,
0.204,0.644,0.052,0.1,131.0,
0.033,0.707,0.159,0.1,174.0,
0.022,0.778,0.1,0.1,228.0,
0.157,0.707,0.036,0.1,139.0,
0.037,0.702,0.16,0.1,316.0,
0.0,0.731,0.169,0.1,377.0,
0.127,0.647,0.127,0.1,194.0,
0.0,0.79,0.11,0.1,298.0,
0.079,0.7,0.121,0.1,207.0,
0.152,0.606,0.142,0.1,219.0,
0.075,0.673,0.152,0.1,324.0,
0.0,0.807,0.093,0.1,210.0,
0.2,0.605,0.095,0.1,101.0,
0.2,0.618,0.082,0.1,88.0,
0.056,0.639,0.205,0.1,308.0,
0.003,0.739,0.158,0.1,229.0,
0.246,0.607,0.046,0.1,157.0,
0.0,0.88,0.02,0.1,120.0,
0.138,0.727,0.036,0.1,245.0,
0.0,0.76,0.14,0.1,338.0,
0.259,0.615,0.026,0.1,126.0,
0.074,0.756,0.071,0.1,220.0,
0.079,0.693,0.128,0.1,194.0,
0.0,0.703,0.197,0.1,300.0,
0.09,0.723,0.087,0.1,203.0,
0.233,0.576,0.09,0.1,123.0,
0.281,0.59,0.029,0.1,103.0,
0.032,0.788,0.079,0.1,236.0,
0.042,0.687,0.171,0.1,216.0,
0.146,0.623,0.131,0.1,156.0,
0.054,0.746,0.1,0.1,172.0,
0.113,0.687,0.1,0.1,202.0,
0.0,0.848,0.052,0.1,133.0,
0.135,0.671,0.094,0.1,201.0,
0.268,0.6,0.032,0.1,131.0,
0.182,0.647,0.071,0.1,88.0,
0.056,0.675,0.169,0.1,257.0,
0.058,0.713,0.129,0.1,220.0,
0.207,0.637,0.056,0.1,171.0,
0.108,0.735,0.058,0.1,188.0,
0.45,0.39,0.06,0.1,40.0,
0.3,0.569,0.031,0.1,72.0,
0.0,0.762,0.138,0.1,256.0,
0.0,0.7,0.2,0.1,156.0,
0.219,0.588,0.093,0.1,253.0,
0.021,0.742,0.138,0.1,359.0,
0.045,0.782,0.073,0.1,241.0,
0.178,0.626,0.096,0.1,150.0,
0.0,0.722,0.178,0.1,150.0,
0.0,0.797,0.103,0.1,234.0,
0.155,0.641,0.103,0.1,181.0,
0.046,0.77,0.084,0.1,252.0,
0.0,0.769,0.131,0.1,204.0,
0.013,0.797,0.089,0.1,224.0,
0.139,0.648,0.112,0.1,203.0,
0.285,0.546,0.069,0.1,63.0,
0.217,0.631,0.052,0.1,282.0,
0.113,0.706,0.081,0.1,199.0,
0.309,0.568,0.024,0.1,187.0,
0.276,0.565,0.059,0.1,82.0,
0.047,0.777,0.077,0.1,175.0,
0.146,0.635,0.119,0.1,220.0,
0.214,0.632,0.055,0.1,136.0,
0.077,0.781,0.042,0.1,171.0,
0.277,0.6,0.023,0.1,60.0,
0.273,0.6,0.027,0.1,131.0,
0.064,0.707,0.129,0.1,184.0,
0.3,0.565,0.035,0.1,112.0,
0.002,0.804,0.094,0.1,369.0,
0.1,0.718,0.082,0.1,228.0,
0.295,0.576,0.029,0.1,111.0,
0.038,0.749,0.113,0.1,243.0,
0.28,0.593,0.027,0.1,81.0,
0.133,0.678,0.089,0.1,112.0,
0.0,0.688,0.212,0.1,317.0,
0.113,0.734,0.053,0.1,200.0,
0.085,0.697,0.118,0.1,240.0,
0.136,0.706,0.058,0.1,201.0,
0.15,0.731,0.019,0.1,90.0,
0.0,0.844,0.056,0.1,307.0,
0.111,0.661,0.129,0.1,180.0,
0.0,0.784,0.116,0.1,148.0,
0.095,0.671,0.134,0.1,275.0,
0.256,0.594,0.05,0.1,81.0,
0.196,0.662,0.042,0.1,128.0,
0.0,0.787,0.113,0.1,292.0,
0.0,0.739,0.161,0.1,375.0,
0.205,0.686,0.009,0.1,130.0,
0.4,0.472,0.028,0.1,99.0,
0.326,0.557,0.017,0.1,90.0,
0.0,0.819,0.081,0.1,270.0,
0.168,0.676,0.055,0.1,238.0,
0.182,0.653,0.065,0.1,91.0,
0.0,0.686,0.214,0.1,276.0,
0.184,0.595,0.121,0.1,118.0,
0.0,0.68,0.22,0.1,219.0,
0.0,0.722,0.178,0.1,190.0,
0.132,0.695,0.074,0.1,101.0,
0.051,0.731,0.118,0.1,258.0,
0.074,0.766,0.061,0.1,244.0,
0.0,0.78,0.12,0.1,179.0,
0.18,0.677,0.043,0.1,176.0,
0.0,0.782,0.118,0.1,100.0,
0.0,0.778,0.122,0.1,157.0,
0.11,0.757,0.033,0.1,259.0,
0.0,0.792,0.108,0.1,178.0,
0.24,0.62,0.04,0.1,135.0,
0.153,0.666,0.081,0.1,328.0,
0.049,0.756,0.095,0.1,231.0,
0.011,0.789,0.1,0.1,275.0,
0.0,0.745,0.155,0.1,119.0,
0.065,0.68,0.155,0.1,130.0,
0.046,0.768,0.086,0.1,242.0,
0.318,0.565,0.018,0.1,72.0,
0.0,0.712,0.188,0.1,430.0,
0.175,0.65,0.075,0.1,209.0,
0.221,0.628,0.052,0.1,182.0,
0.445,0.43,0.025,0.1,119.0,
0.218,0.635,0.047,0.1,92.0,
0.003,0.797,0.1,0.1,250.0,
0.057,0.757,0.087,0.1,202.0,
0.0,0.666,0.234,0.1,238.0,
0.007,0.767,0.126,0.1,171.0,
0.207,0.625,0.068,0.1,263.0,
0.052,0.648,0.2,0.1,231.0,
0.1,0.726,0.074,0.1,197.0,
0.0,0.852,0.048,0.1,142.0,
0.313,0.553,0.033,0.1,81.0,
0.081,0.7,0.119,0.1,251.0,
0.1,0.76,0.04,0.1,222.0,
0.089,0.674,0.137,0.1,234.0,
0.142,0.644,0.115,0.1,319.0,
0.104,0.7,0.096,0.1,173.0,
0.0,0.792,0.108,0.1,270.0,
0.052,0.786,0.062,0.1,126.0,
0.321,0.55,0.029,0.1,73.0,
0.0,0.704,0.196,0.1,346.0,
0.07,0.688,0.142,0.1,305.0,
0.0,0.75,0.15,0.1,183.0,
0.027,0.731,0.142,0.1,185.0,
0.238,0.638,0.023,0.1,75.0,
0.47,0.41,0.02,0.1,60.0,
0.084,0.721,0.095,0.1,287.0,
0.0,0.721,0.179,0.1,242.0,
0.273,0.593,0.033,0.1,81.0,
0.216,0.582,0.102,0.1,282.0,
0.144,0.719,0.037,0.1,207.0,
0.0,0.809,0.091,0.1,149.0,
0.15,0.74,0.01,0.1,50.0,
0.092,0.688,0.12,0.1,158.0,
0.133,0.639,0.128,0.1,251.0,
0.121,0.624,0.155,0.1,187.0,
0.022,0.781,0.097,0.1,252.0,
0.123,0.66,0.117,0.1,209.0,
0.005,0.773,0.123,0.1,135.0,
0.261,0.619,0.019,0.1,173.0,
0.135,0.712,0.054,0.1,154.0,
0.007,0.803,0.09,0.1,205.0,
0.233,0.644,0.022,0.1,83.0,
0.0,0.761,0.139,0.1,199.0,
0.08,0.656,0.163,0.1,269.0,
0.0,0.824,0.076,0.1,169.0,
0.064,0.718,0.118,0.1,151.0,
0.224,0.653,0.024,0.1,188.0,
0.0,0.74,0.16,0.1,209.0,
0.135,0.644,0.121,0.1,220.0,
0.3,0.594,0.006,0.1,90.0,
0.0,0.747,0.153,0.1,334.0,
0.0,0.761,0.139,0.1,311.0,
0.078,0.7,0.122,0.1,185.0,
0.0,0.729,0.171,0.1,247.0,
0.0,0.705,0.195,0.1,150.0,
0.121,0.716,0.063,0.1,253.0,
0.324,0.565,0.012,0.1,80.0,
0.043,0.716,0.141,0.1,282.0,
0.258,0.575,0.067,0.1,60.0,
0.022,0.728,0.15,0.1,345.0,
0.0,0.815,0.085,0.1,211.0,
0.265,0.618,0.018,0.1,84.0,
0.272,0.586,0.041,0.1,164.0,
0.107,0.703,0.09,0.1,200.0,
0.311,0.507,0.082,0.1,171.0,
0.0,0.614,0.286,0.1,271.0,
0.1,0.674,0.126,0.1,242.0,
0.0,0.852,0.048,0.1,320.0,
0.0,0.75,0.15,0.1,234.0,
0.17,0.71,0.02,0.1,90.0,
0.2,0.664,0.036,0.1,128.0,
0.032,0.702,0.166,0.1,341.0,
0.0,0.724,0.176,0.1,283.0,
0.103,0.757,0.04,0.1,246.0,
0.169,0.719,0.013,0.1,70.0,
0.267,0.6,0.033,0.1,82.0,
0.139,0.658,0.103,0.1,231.0,
0.173,0.664,0.064,0.1,141.0,
0.154,0.661,0.086,0.1,168.0,
0.025,0.743,0.133,0.1,288.0,
0.103,0.711,0.086,0.1,240.0,
0.142,0.618,0.139,0.1,256.0,
0.117,0.729,0.054,0.1,140.0,
0.049,0.728,0.123,0.1,269.0,
0.025,0.725,0.15,0.1,280.0,
0.07,0.66,0.17,0.1,198.0,
0.065,0.722,0.113,0.1,139.0,
0.105,0.695,0.1,0.1,139.0,
0.132,0.758,0.011,0.1,90.0,
0.085,0.635,0.179,0.1,366.0,
0.126,0.62,0.154,0.1,224.0,
0.186,0.634,0.079,0.1,198.0,
0.309,0.583,0.009,0.1,160.0,
0.028,0.793,0.079,0.1,197.0,
0.0,0.792,0.108,0.1,167.0,
0.003,0.728,0.169,0.1,288.0,
0.083,0.719,0.098,0.1,337.0,
0.114,0.693,0.093,0.1,288.0,
0.382,0.506,0.012,0.1,70.0,
0.196,0.609,0.096,0.1,131.0,
0.003,0.779,0.118,0.1,230.0,
0.181,0.597,0.122,0.1,206.0,
0.037,0.7,0.163,0.1,91.0,
0.3,0.567,0.033,0.1,70.0,
0.338,0.514,0.048,0.1,120.0,
0.054,0.644,0.202,0.1,294.0,
0.012,0.697,0.191,0.1,242.0,
0.003,0.875,0.022,0.1,180.0,
0.181,0.616,0.103,0.1,215.0,
0.005,0.739,0.157,0.1,299.0,
0.121,0.733,0.046,0.1,147.0,
0.308,0.546,0.046,0.1,60.0,
0.214,0.614,0.071,0.1,71.0,
0.06,0.689,0.151,0.1,325.0,
0.0,0.772,0.128,0.1,210.0,
0.06,0.8,0.04,0.1,189.0,
0.148,0.683,0.07,0.1,125.0,
0.195,0.705,0.0,0.1,99.0,
0.0,0.742,0.158,0.1,149.0,
0.0,0.716,0.184,0.1,308.0,
0.148,0.648,0.104,0.1,176.0,
0.042,0.748,0.11,0.1,179.0,
0.0,0.784,0.116,0.1,242.0,
0.155,0.695,0.05,0.1,131.0,
0.072,0.728,0.1,0.1,95.0,
0.111,0.664,0.124,0.1,329.0,
0.023,0.76,0.117,0.1,185.0,
0.164,0.677,0.059,0.1,313.0,
0.143,0.739,0.017,0.1,120.0,
0.007,0.837,0.057,0.1,211.0,
0.3,0.556,0.044,0.1,124.0,
0.1,0.695,0.105,0.1,125.0,
0.158,0.635,0.108,0.1,161.0,
0.331,0.527,0.042,0.1,138.0,
0.0,0.67,0.23,0.1,297.0,
0.253,0.62,0.027,0.1,173.0,
0.114,0.664,0.121,0.1,164.0,
0.126,0.665,0.109,0.1,151.0,
0.323,0.552,0.026,0.1,153.0,
0.154,0.669,0.077,0.1,150.0,
0.065,0.761,0.074,0.1,130.0,
0.143,0.638,0.119,0.1,128.0,
0.144,0.681,0.074,0.1,164.0,
0.08,0.675,0.145,0.1,296.0,
0.074,0.659,0.167,0.1,177.0,
0.271,0.624,0.006,0.1,100.0,
0.087,0.7,0.113,0.1,190.0,
0.0,0.762,0.138,0.1,189.0,
0.157,0.622,0.122,0.1,253.0,
0.22,0.615,0.065,0.1,110.0,
0.012,0.831,0.058,0.1,145.0,
0.0,0.826,0.074,0.1,251.0,
0.107,0.69,0.103,0.1,193.0,
0.0,0.794,0.106,0.1,244.0,
0.193,0.593,0.114,0.1,170.0,
0.188,0.64,0.072,0.1,158.0,
0.166,0.593,0.141,0.1,329.0,
0.537,0.337,0.026,0.1,101.0,
0.616,0.278,0.006,0.1,194.0,
0.263,0.547,0.089,0.1,261.0,
0.322,0.516,0.062,0.1,305.0,
0.268,0.563,0.068,0.1,262.0,
0.379,0.479,0.042,0.1,116.0,
0.45,0.396,0.054,0.1,151.0,
0.235,0.577,0.088,0.1,161.0,
0.393,0.417,0.09,0.1,273.0,
0.358,0.533,0.008,0.1,141.0,
0.489,0.406,0.006,0.1,100.0,
0.305,0.568,0.026,0.1,99.0,
0.225,0.553,0.122,0.1,245.0,
0.516,0.368,0.016,0.1,153.0,
0.21,0.558,0.132,0.1,218.0,
0.141,0.621,0.138,0.1,264.0,
0.5,0.4,0.0,0.1,60.0,
0.337,0.507,0.057,0.1,184.0,
0.186,0.604,0.111,0.1,190.0,
0.31,0.5,0.09,0.1,132.0,
0.314,0.511,0.074,0.1,228.0,
0.132,0.582,0.185,0.1,263.0,
0.352,0.529,0.019,0.1,131.0,
0.328,0.491,0.081,0.1,204.0,
0.372,0.472,0.056,0.1,90.0,
0.282,0.542,0.076,0.1,314.0,
0.5,0.391,0.009,0.1,189.0,
0.515,0.362,0.023,0.1,140.0,
0.197,0.558,0.144,0.1,258.0,
0.451,0.42,0.029,0.1,218.0,
0.103,0.641,0.157,0.1,285.0,
0.506,0.369,0.025,0.1,82.0,
0.432,0.414,0.054,0.1,173.0,
0.507,0.378,0.015,0.1,141.0,
0.432,0.426,0.042,0.1,110.0,
0.467,0.407,0.027,0.1,73.0,
0.103,0.686,0.111,0.1,262.0,
0.422,0.456,0.022,0.1,166.0,
0.518,0.373,0.009,0.1,111.0,
0.414,0.464,0.021,0.1,150.0,
0.4,0.436,0.064,0.1,147.0,
0.295,0.523,0.082,0.1,258.0,
0.364,0.483,0.052,0.1,284.0,
0.15,0.623,0.128,0.1,315.0,
0.33,0.511,0.059,0.1,141.0,
0.211,0.604,0.085,0.1,329.0,
0.454,0.416,0.03,0.1,204.0,
0.226,0.574,0.1,0.1,151.0,
0.453,0.441,0.006,0.1,70.0,
0.205,0.583,0.113,0.1,316.0,
0.484,0.389,0.027,0.1,221.0,
0.36,0.503,0.037,0.1,189.0,
0.561,0.315,0.024,0.1,237.0,
0.108,0.672,0.119,0.1,270.0,
0.5,0.37,0.03,0.1,182.0,
0.328,0.493,0.079,0.1,186.0,
0.364,0.493,0.043,0.1,170.0,
0.444,0.444,0.013,0.1,79.0,
0.129,0.598,0.173,0.1,298.0,
0.327,0.527,0.046,0.1,241.0,
0.369,0.477,0.054,0.1,190.0,
0.403,0.417,0.08,0.1,194.0,
0.511,0.374,0.016,0.1,82.0,
0.37,0.483,0.048,0.1,101.0,
0.32,0.545,0.035,0.1,111.0,
0.12,0.578,0.202,0.1,417.0,
0.367,0.474,0.058,0.1,288.0,
0.057,0.709,0.134,0.1,253.0,
0.254,0.542,0.104,0.1,165.0,
0.431,0.444,0.025,0.1,225.0,
0.318,0.506,0.076,0.1,357.0,
0.31,0.49,0.1,0.1,201.0,
0.3,0.525,0.075,0.1,209.0,
0.348,0.51,0.043,0.1,121.0,
0.315,0.553,0.032,0.1,199.0,
0.033,0.73,0.137,0.1,339.0,
0.38,0.483,0.037,0.1,211.0,
0.37,0.5,0.03,0.1,109.0,
0.443,0.436,0.021,0.1,71.0,
0.259,0.547,0.094,0.1,228.0,
0.486,0.386,0.027,0.1,112.0,
0.439,0.439,0.022,0.1,91.0,
0.344,0.456,0.1,0.1,283.0,
0.413,0.46,0.027,0.1,302.0,
0.226,0.626,0.048,0.1,149.0,
0.531,0.328,0.041,0.1,166.0,
0.391,0.505,0.005,0.1,148.0,
0.4,0.431,0.069,0.1,80.0,
0.303,0.547,0.05,0.1,244.0,
0.352,0.484,0.064,0.1,168.0,
0.383,0.426,0.091,0.1,129.0,
0.478,0.381,0.041,0.1,166.0,
0.456,0.425,0.019,0.1,71.0,
0.047,0.729,0.124,0.1,267.0,
0.492,0.375,0.033,0.1,141.0,
0.178,0.667,0.056,0.1,110.0,
0.3,0.534,0.066,0.1,191.0,
0.389,0.468,0.042,0.1,101.0,
0.25,0.539,0.111,0.1,281.0,
0.329,0.514,0.057,0.1,322.0,
0.367,0.46,0.073,0.1,218.0,
0.391,0.491,0.018,0.1,138.0,
0.526,0.368,0.005,0.1,80.0,
0.422,0.452,0.026,0.1,150.0,
0.174,0.586,0.14,0.1,257.0,
0.292,0.536,0.072,0.1,158.0,
0.337,0.521,0.042,0.1,93.0,
0.305,0.537,0.058,0.1,255.0,
0.2,0.667,0.033,0.1,156.0,
0.421,0.479,0.0,0.1,166.0,
0.541,0.334,0.024,0.1,181.0,
0.593,0.3,0.007,0.1,60.0,
0.0,0.702,0.198,0.1,329.0,
0.314,0.536,0.05,0.1,192.0,
0.382,0.477,0.041,0.1,120.0,
0.354,0.5,0.046,0.1,254.0,
0.417,0.483,0.0,0.1,60.0,
0.373,0.473,0.053,0.1,195.0,
0.346,0.462,0.092,0.1,171.0,
0.197,0.573,0.13,0.1,216.0,
0.478,0.4,0.022,0.1,121.0,
0.03,0.693,0.176,0.1,386.0,
0.321,0.541,0.038,0.1,218.0,
0.433,0.448,0.019,0.1,102.0,
0.443,0.425,0.032,0.1,170.0,
0.475,0.375,0.05,0.1,271.0,
0.124,0.655,0.121,0.1,216.0,
0.446,0.423,0.031,0.1,156.0,
0.596,0.293,0.011,0.1,161.0,
0.545,0.315,0.04,0.1,259.0,
0.328,0.483,0.09,0.1,199.0,
0.375,0.453,0.072,0.1,198.0,
0.325,0.529,0.046,0.1,168.0,
0.406,0.433,0.061,0.1,100.0,
0.084,0.635,0.181,0.1,280.0,
0.525,0.339,0.036,0.1,213.0,
0.433,0.43,0.037,0.1,164.0,
0.371,0.5,0.029,0.1,109.0,
0.485,0.415,0.0,0.1,91.0,
0.298,0.53,0.073,0.1,314.0,
0.378,0.447,0.076,0.1,294.0,
0.242,0.637,0.021,0.1,113.0,
0.306,0.531,0.062,0.1,90.0,
0.188,0.598,0.115,0.1,302.0,
0.147,0.679,0.074,0.1,239.0,
0.391,0.509,0.0,0.1,50.0,
0.448,0.426,0.026,0.1,149.0,
0.127,0.6,0.173,0.1,341.0,
0.22,0.567,0.113,0.1,324.0,
0.385,0.456,0.059,0.1,175.0,
0.488,0.4,0.012,0.1,65.0,
0.436,0.464,0.0,0.1,50.0,
0.422,0.462,0.016,0.1,225.0,
0.267,0.527,0.106,0.1,249.0,
0.441,0.423,0.036,0.1,139.0,
0.343,0.535,0.022,0.1,130.0,
0.536,0.341,0.023,0.1,130.0,
0.053,0.7,0.147,0.1,249.0,
0.078,0.714,0.108,0.1,283.0,
0.437,0.398,0.065,0.1,304.0,
0.221,0.576,0.103,0.1,184.0,
0.288,0.57,0.042,0.1,206.0,
0.406,0.476,0.018,0.1,91.0,
0.217,0.675,0.008,0.1,60.0,
0.253,0.537,0.109,0.1,310.0,
0.35,0.471,0.079,0.1,161.0,
0.424,0.47,0.006,0.1,189.0,
0.511,0.378,0.011,0.1,91.0,
0.14,0.637,0.122,0.1,288.0,
0.434,0.4,0.066,0.1,196.0,
0.385,0.467,0.048,0.1,161.0,
0.213,0.642,0.045,0.1,211.0,
0.35,0.54,0.01,0.1,60.0,
0.314,0.503,0.083,0.1,267.0,
0.376,0.466,0.059,0.1,192.0,
0.405,0.438,0.057,0.1,95.0,
0.225,0.581,0.094,0.1,248.0,
0.278,0.557,0.065,0.1,279.0,
0.407,0.479,0.014,0.1,189.0,
0.614,0.286,0.0,0.1,120.0,
0.582,0.318,0.0,0.1,80.0,
0.191,0.574,0.134,0.1,239.0,
0.319,0.516,0.065,0.1,226.0,
0.234,0.603,0.063,0.1,251.0,
0.362,0.446,0.092,0.1,161.0,
0.378,0.457,0.065,0.1,269.0,
0.5,0.366,0.034,0.1,170.0,
0.356,0.488,0.056,0.1,154.0,
0.23,0.63,0.039,0.1,158.0,
0.476,0.424,0.0,0.1,93.0,
0.474,0.389,0.037,0.1,161.0,
0.238,0.551,0.11,0.1,268.0,
0.103,0.685,0.112,0.1,263.0,
0.469,0.369,0.063,0.1,210.0,
0.174,0.645,0.081,0.1,215.0,
0.44,0.444,0.016,0.1,132.0,
0.372,0.474,0.054,0.1,248.0,
0.233,0.52,0.147,0.1,298.0,
0.322,0.505,0.073,0.1,290.0,
0.373,0.494,0.033,0.1,195.0,
0.486,0.405,0.01,0.1,110.0,
0.302,0.542,0.056,0.1,284.0,
0.084,0.696,0.12,0.1,173.0,
0.377,0.453,0.07,0.1,210.0,
0.506,0.377,0.016,0.1,181.0,
0.396,0.454,0.05,0.1,273.0,
0.252,0.559,0.089,0.1,347.0,
0.197,0.62,0.083,0.1,250.0,
0.296,0.512,0.092,0.1,162.0,
0.476,0.385,0.039,0.1,232.0,
0.314,0.531,0.055,0.1,194.0,
0.344,0.497,0.058,0.1,222.0,
0.183,0.633,0.083,0.1,160.0,
0.583,0.3,0.017,0.1,81.0,
0.418,0.427,0.055,0.1,245.0,
0.283,0.534,0.083,0.1,331.0,
0.217,0.592,0.092,0.1,246.0,
0.511,0.348,0.041,0.1,144.0,
0.155,0.69,0.055,0.1,109.0,
0.342,0.468,0.089,0.1,121.0,
0.534,0.342,0.024,0.1,241.0,
0.29,0.562,0.048,0.1,140.0,
0.281,0.525,0.094,0.1,260.0,
0.292,0.577,0.031,0.1,162.0,
0.4,0.416,0.084,0.1,180.0,
0.124,0.662,0.114,0.1,203.0,
0.402,0.451,0.047,0.1,288.0,
0.463,0.421,0.017,0.1,116.0,
0.192,0.604,0.104,0.1,178.0,
0.332,0.498,0.071,0.1,244.0,
0.347,0.491,0.062,0.1,229.0,
0.2,0.6,0.1,0.1,288.0,
0.23,0.6,0.07,0.1,192.0,
0.461,0.417,0.022,0.1,121.0,
0.345,0.474,0.081,0.1,284.0,
0.188,0.64,0.072,0.1,271.0,
0.265,0.569,0.065,0.1,187.0,
0.476,0.418,0.006,0.1,96.0,
0.4,0.445,0.055,0.1,111.0,
0.379,0.461,0.061,0.1,175.0,
0.472,0.392,0.036,0.1,142.0,
0.473,0.4,0.027,0.1,81.0,
0.4,0.468,0.032,0.1,129.0,
0.342,0.55,0.008,0.1,50.0,
0.306,0.529,0.066,0.1,234.0,
0.412,0.476,0.012,0.1,90.0,
0.404,0.47,0.026,0.1,141.0,
0.321,0.477,0.102,0.1,383.0,
0.485,0.385,0.031,0.1,61.0,
0.195,0.612,0.093,0.1,273.0,
0.3,0.574,0.026,0.1,102.0,
0.367,0.529,0.005,0.1,114.0,
0.391,0.475,0.034,0.1,231.0,
0.284,0.49,0.126,0.1,224.0,
0.434,0.403,0.062,0.1,182.0,
0.457,0.433,0.01,0.1,101.0,
0.56,0.34,0.0,0.1,81.0,
0.303,0.542,0.055,0.1,220.0,
0.324,0.557,0.019,0.1,120.0,
0.273,0.527,0.1,0.1,155.0,
0.388,0.464,0.048,0.1,123.0,
0.281,0.511,0.108,0.1,239.0,
0.269,0.544,0.087,0.1,226.0,
0.321,0.557,0.021,0.1,158.0,
0.233,0.589,0.078,0.1,173.0,
0.333,0.553,0.013,0.1,71.0,
0.568,0.305,0.027,0.1,243.0,
0.19,0.627,0.083,0.1,197.0,
0.37,0.504,0.026,0.1,141.0,
0.379,0.402,0.119,0.1,287.0,
0.445,0.435,0.02,0.1,95.0,
0.207,0.6,0.093,0.1,195.0,
0.393,0.5,0.007,0.1,81.0,
0.455,0.415,0.03,0.1,107.0,
0.278,0.503,0.119,0.1,277.0,
0.115,0.623,0.163,0.1,299.0,
0.494,0.394,0.012,0.1,202.0,
0.455,0.388,0.057,0.1,289.0,
0.338,0.531,0.031,0.1,61.0,
0.339,0.506,0.056,0.1,110.0,
0.531,0.339,0.031,0.1,218.0,
0.506,0.377,0.016,0.1,172.0,
0.4,0.489,0.011,0.1,91.0,
0.414,0.486,0.0,0.1,123.0,
0.154,0.595,0.151,0.1,298.0,
0.471,0.405,0.024,0.1,123.0,
0.469,0.431,0.0,0.1,161.0,
0.303,0.555,0.042,0.1,189.0,
0.39,0.462,0.048,0.1,122.0,
0.485,0.385,0.031,0.1,61.0,
0.157,0.634,0.109,0.1,260.0,
0.081,0.749,0.07,0.1,248.0,
0.332,0.479,0.089,0.1,200.0,
0.552,0.343,0.005,0.1,120.0,
0.493,0.387,0.02,0.1,78.0,
0.422,0.444,0.033,0.1,92.0,
0.352,0.476,0.072,0.1,161.0,
0.392,0.438,0.069,0.1,61.0,
0.0,0.802,0.098,0.1,335.0,
0.358,0.492,0.049,0.1,345.0,
0.35,0.489,0.061,0.1,231.0,
0.172,0.636,0.092,0.1,169.0,
0.423,0.396,0.081,0.1,159.0,
0.261,0.533,0.106,0.1,268.0,
0.238,0.615,0.047,0.1,223.0,
0.377,0.49,0.032,0.1,189.0,
0.311,0.513,0.076,0.1,270.0,
0.379,0.459,0.062,0.1,170.0,
0.168,0.627,0.105,0.1,304.0,
0.296,0.539,0.065,0.1,157.0,
0.323,0.554,0.023,0.1,61.0,
0.433,0.452,0.015,0.1,169.0,
0.347,0.479,0.074,0.1,292.0,
0.328,0.496,0.076,0.1,148.0,
0.197,0.603,0.1,0.1,245.0,
0.396,0.457,0.046,0.1,175.0,
0.348,0.524,0.029,0.1,138.0,
0.12,0.646,0.134,0.1,278.0,
0.277,0.55,0.073,0.1,138.0,
0.3,0.55,0.05,0.1,71.0,
0.262,0.531,0.107,0.1,290.0,
0.484,0.416,0.0,0.1,106.0,
0.287,0.523,0.09,0.1,295.0,
0.431,0.417,0.053,0.1,236.0,
0.242,0.539,0.118,0.1,231.0,
0.286,0.582,0.032,0.1,149.0,
0.462,0.435,0.004,0.1,140.0,
0.438,0.419,0.044,0.1,91.0,
0.227,0.585,0.088,0.1,318.0,
0.269,0.559,0.072,0.1,188.0,
0.393,0.479,0.029,0.1,166.0,
0.203,0.593,0.103,0.1,217.0,
0.383,0.47,0.048,0.1,159.0,
0.347,0.483,0.07,0.1,211.0,
0.546,0.331,0.023,0.1,149.0,
0.361,0.479,0.061,0.1,207.0,
0.326,0.497,0.077,0.1,206.0,
0.276,0.527,0.098,0.1,296.0,
0.515,0.362,0.023,0.1,159.0,
0.496,0.388,0.015,0.1,157.0,
0.297,0.503,0.1,0.1,214.0,
0.291,0.524,0.085,0.1,250.0,
0.383,0.483,0.035,0.1,150.0,
0.248,0.556,0.096,0.1,179.0,
0.459,0.418,0.024,0.1,91.0,
0.2,0.598,0.102,0.1,317.0,
0.222,0.575,0.103,0.1,261.0,
0.239,0.542,0.118,0.1,298.0,
0.383,0.463,0.054,0.1,141.0,
0.483,0.391,0.026,0.1,145.0,
0.15,0.658,0.092,0.1,359.0,
0.376,0.512,0.012,0.1,81.0,
0.035,0.67,0.195,0.1,325.0,
0.393,0.48,0.028,0.1,262.0,
0.378,0.441,0.081,0.1,231.0,
0.303,0.512,0.085,0.1,228.0,
0.526,0.358,0.016,0.1,90.0,
0.347,0.5,0.053,0.1,208.0,
0.514,0.352,0.033,0.1,121.0,
0.337,0.478,0.085,0.1,166.0,
0.517,0.381,0.003,0.1,210.0,
0.343,0.5,0.057,0.1,250.0,
0.074,0.642,0.184,0.1,296.0,
0.322,0.516,0.062,0.1,213.0,
0.255,0.545,0.1,0.1,140.0,
0.415,0.477,0.008,0.1,70.0,
0.474,0.39,0.036,0.1,213.0,
0.437,0.441,0.022,0.1,162.0,
0.522,0.37,0.009,0.1,100.0,
0.322,0.486,0.092,0.1,254.0,
0.108,0.608,0.183,0.1,278.0,
0.094,0.669,0.137,0.1,280.0,
0.456,0.416,0.028,0.1,154.0,
0.422,0.457,0.022,0.1,134.0,
0.176,0.591,0.133,0.1,237.0,
0.422,0.413,0.064,0.1,279.0,
0.455,0.4,0.045,0.1,189.0,
0.379,0.516,0.005,0.1,100.0,
0.521,0.358,0.021,0.1,112.0,
0.286,0.514,0.1,0.1,332.0,
0.323,0.543,0.034,0.1,283.0,
0.456,0.404,0.041,0.1,143.0,
0.57,0.29,0.04,0.1,101.0,
0.0,0.808,0.092,0.1,270.0,
0.079,0.768,0.053,0.1,210.0,
0.137,0.693,0.07,0.1,159.0,
0.0,0.859,0.041,0.1,150.0,
0.004,0.762,0.133,0.1,159.0,
0.018,0.735,0.147,0.1,291.0,
0.1,0.769,0.031,0.1,226.0,
0.303,0.586,0.01,0.1,150.0,
0.191,0.65,0.059,0.1,130.0,
0.054,0.735,0.112,0.1,140.0,
0.283,0.614,0.003,0.1,178.0,
0.003,0.794,0.103,0.1,209.0,
0.0,0.786,0.114,0.1,230.0,
0.174,0.626,0.1,0.1,101.0,
0.0,0.776,0.124,0.1,313.0,
0.0,0.643,0.257,0.1,277.0,
0.3,0.531,0.069,0.1,90.0,
0.27,0.545,0.085,0.1,122.0,
0.083,0.698,0.12,0.1,277.0,
0.107,0.647,0.147,0.1,200.0,
0.079,0.682,0.138,0.1,267.0,
0.291,0.536,0.073,0.1,60.0,
0.135,0.742,0.023,0.1,138.0,
0.0,0.694,0.206,0.1,221.0,
0.0,0.671,0.229,0.1,207.0,
0.185,0.658,0.058,0.1,201.0,
0.0,0.666,0.234,0.1,364.0,
0.219,0.629,0.052,0.1,120.0,
0.25,0.629,0.021,0.1,162.0,
0.103,0.68,0.117,0.1,183.0,
0.067,0.761,0.072,0.1,103.0,
0.0,0.792,0.108,0.1,349.0,
0.367,0.494,0.039,0.1,102.0,
0.496,0.383,0.022,0.1,101.0,
0.0,0.859,0.041,0.1,250.0,
0.363,0.511,0.026,0.1,86.0,
0.525,0.35,0.025,0.1,122.0,
0.583,0.294,0.022,0.1,108.0,
0.222,0.583,0.094,0.1,243.0,
0.472,0.389,0.039,0.1,241.0,
0.38,0.5,0.02,0.1,272.0,
0.296,0.573,0.031,0.1,170.0,
0.009,0.833,0.058,0.1,335.0,
0.229,0.561,0.111,0.1,203.0,
0.287,0.504,0.109,0.1,337.0,
0.556,0.3,0.044,0.1,211.0,
0.238,0.581,0.081,0.1,128.0,
0.379,0.445,0.076,0.1,222.0,
0.244,0.535,0.121,0.1,191.0,
0.188,0.677,0.035,0.1,133.0,
0.045,0.636,0.218,0.1,248.0,
0.275,0.55,0.075,0.1,89.0,
0.0,0.818,0.082,0.1,199.0,
0.017,0.708,0.175,0.1,249.0,
0.304,0.559,0.037,0.1,131.0,
0.131,0.698,0.071,0.1,281.0,
0.036,0.823,0.041,0.1,251.0,
0.0,0.739,0.161,0.1,288.0,
0.2,0.65,0.05,0.1,135.0,
0.188,0.662,0.05,0.1,113.0,
0.235,0.612,0.053,0.1,100.0,
0.139,0.721,0.039,0.1,238.0,
0.22,0.644,0.036,0.1,151.0,
0.2,0.686,0.014,0.1,101.0,
0.3,0.527,0.073,0.1,176.0,
0.328,0.533,0.039,0.1,93.0,
0.537,0.362,0.0,0.1,133.0,
0.25,0.582,0.068,0.1,308.0,
0.133,0.656,0.11,0.1,278.0,
0.377,0.479,0.044,0.1,264.0,
0.38,0.485,0.035,0.1,98.0,
0.214,0.6,0.086,0.1,275.0,
0.22,0.577,0.102,0.1,333.0,
0.411,0.419,0.07,0.1,178.0,
0.371,0.51,0.019,0.1,113.0,
0.316,0.563,0.021,0.1,101.0,
0.475,0.4,0.025,0.1,91.0,
0.157,0.581,0.162,0.1,348.0,
0.144,0.597,0.159,0.1,314.0,
0.432,0.447,0.021,0.1,102.0,

0.0,0.242,0.658,0.1,196.0,
0.0,0.089,0.811,0.1,352.0,
0.0,0.178,0.722,0.1,270.0,
0.003,0.113,0.783,0.1,197.0,
0.0,0.319,0.581,0.1,113.0,
0.079,0.418,0.404,0.1,154.0,
0.011,0.083,0.806,0.1,269.0,
0.0,0.108,0.792,0.1,282.0,
0.0,0.192,0.708,0.1,173.0,
0.056,0.533,0.311,0.1,157.0,
0.0,0.086,0.814,0.1,341.0,
0.0,0.319,0.581,0.1,204.0,
0.0,0.218,0.682,0.1,229.0,
0.091,0.404,0.404,0.1,108.0,
0.0,0.159,0.741,0.1,214.0,
0.028,0.258,0.615,0.1,238.0,
0.074,0.258,0.568,0.1,197.0,
0.0,0.124,0.776,0.1,239.0,
0.139,0.422,0.339,0.1,88.0,
0.0,0.083,0.817,0.1,264.0,
0.0,0.328,0.572,0.1,184.0,
0.011,0.344,0.544,0.1,248.0,
0.0,0.326,0.574,0.1,159.0,
0.132,0.423,0.345,0.1,115.0,
0.009,0.165,0.726,0.1,199.0,
0.0,0.18,0.72,0.1,228.0,
0.0,0.293,0.607,0.1,60.0,
0.0,0.045,0.855,0.1,314.0,
0.0,0.034,0.866,0.1,328.0,
0.0,0.097,0.803,0.1,231.0,
0.0,0.166,0.734,0.1,302.0,
0.235,0.447,0.218,0.1,94.0,
0.062,0.394,0.444,0.1,80.0,
0.0,0.098,0.802,0.1,398.0,
0.162,0.4,0.338,0.1,101.0,
0.0,0.239,0.661,0.1,232.0,
0.052,0.395,0.452,0.1,113.0,
0.162,0.6,0.138,0.1,70.0,
0.052,0.396,0.452,0.1,149.0,
0.003,0.129,0.768,0.1,222.0,
0.0,0.277,0.623,0.1,150.0,
0.0,0.14,0.76,0.1,297.0,
0.047,0.368,0.484,0.1,105.0,
0.0,0.24,0.66,0.1,165.0,
0.0,0.256,0.644,0.1,103.0,
0.0,0.113,0.787,0.1,306.0,
0.006,0.232,0.661,0.1,229.0,
0.07,0.183,0.648,0.1,147.0,
0.0,0.197,0.703,0.1,198.0,
0.0,0.28,0.62,0.1,110.0,
0.0,0.1,0.8,0.1,285.0,
0.0,0.269,0.631,0.1,228.0,
0.0,0.112,0.788,0.1,249.0,
0.0,0.2,0.7,0.1,171.0,
0.003,0.118,0.779,0.1,249.0,
0.0,0.195,0.705,0.1,307.0,
0.0,0.2,0.7,0.1,154.0,
0.0,0.223,0.677,0.1,239.0,
0.0,0.244,0.656,0.1,114.0,
0.0,0.167,0.733,0.1,217.0,
0.115,0.423,0.362,0.1,57.0,
0.014,0.286,0.6,0.1,126.0,
0.135,0.532,0.232,0.1,165.0,
0.152,0.51,0.238,0.1,113.0,
0.007,0.214,0.679,0.1,165.0,
0.013,0.25,0.637,0.1,81.0,
0.002,0.225,0.673,0.1,339.0,
0.012,0.282,0.606,0.1,229.0,
0.0,0.113,0.787,0.1,284.0,
0.111,0.328,0.461,0.1,100.0,
0.0,0.152,0.748,0.1,302.0,
0.0,0.208,0.692,0.1,293.0,
0.0,0.094,0.806,0.1,211.0,
0.094,0.312,0.494,0.1,80.0,
0.0,0.091,0.809,0.1,321.0,
0.0,0.168,0.732,0.1,180.0,
0.0,0.206,0.694,0.1,253.0,
0.05,0.21,0.64,0.1,125.0,
0.0,0.17,0.73,0.1,320.0,
0.0,0.063,0.837,0.1,337.0,
0.045,0.215,0.639,0.1,208.0,
0.0,0.089,0.811,0.1,272.0,
0.09,0.295,0.515,0.1,96.0,
0.0,0.054,0.846,0.1,410.0,
0.0,0.16,0.74,0.1,351.0,
0.192,0.288,0.42,0.1,161.0,
0.0,0.253,0.647,0.1,122.0,
0.0,0.307,0.593,0.1,61.0,
0.211,0.633,0.056,0.1,100.0,
0.0,0.09,0.81,0.1,344.0,
0.0,0.041,0.859,0.1,339.0,
0.0,0.317,0.583,0.1,153.0,
0.004,0.309,0.587,0.1,134.0,
0.0,0.194,0.706,0.1,126.0,
0.01,0.26,0.63,0.1,100.0,
0.0,0.072,0.828,0.1,360.0,
0.0,0.079,0.821,0.1,316.0,
0.011,0.161,0.729,0.1,180.0,
0.0,0.367,0.533,0.1,88.0,
0.0,0.204,0.696,0.1,168.0,
0.0,0.231,0.669,0.1,198.0,
0.0,0.2,0.7,0.1,195.0,
0.0,0.121,0.779,0.1,192.0,
0.141,0.441,0.318,0.1,100.0,
0.0,0.263,0.637,0.1,261.0,
0.0,0.072,0.828,0.1,262.0,
0.011,0.353,0.537,0.1,109.0,
0.0,0.236,0.664,0.1,240.0,
0.0,0.123,0.777,0.1,223.0,
0.0,0.203,0.697,0.1,226.0,
0.03,0.343,0.526,0.1,97.0,
0.005,0.35,0.545,0.1,120.0,
0.0,0.254,0.646,0.1,68.0,
0.0,0.08,0.82,0.1,249.0,
0.0,0.107,0.793,0.1,230.0,
0.0,0.18,0.72,0.1,172.0,
0.136,0.332,0.432,0.1,138.0,
0.0,0.205,0.695,0.1,129.0,
0.0,0.111,0.789,0.1,289.0,
0.0,0.256,0.644,0.1,167.0,
0.0,0.129,0.771,0.1,255.0,
0.0,0.088,0.812,0.1,215.0,
0.0,0.179,0.721,0.1,335.0,
0.0,0.077,0.823,0.1,247.0,
0.0,0.159,0.741,0.1,241.0,
0.003,0.23,0.667,0.1,196.0,
0.003,0.203,0.693,0.1,180.0,
0.0,0.138,0.762,0.1,365.0,
0.0,0.033,0.867,0.1,360.0,
0.0,0.262,0.638,0.1,227.0,
0.0,0.205,0.695,0.1,228.0,
0.0,0.175,0.725,0.1,154.0,
0.117,0.325,0.458,0.1,59.0,
0.0,0.391,0.509,0.1,134.0,
0.0,0.212,0.688,0.1,158.0,
0.105,0.433,0.362,0.1,104.0,
0.177,0.385,0.338,0.1,70.0,
0.013,0.104,0.782,0.1,260.0,
0.0,0.205,0.695,0.1,112.0,
0.011,0.344,0.544,0.1,119.0,
0.005,0.3,0.595,0.1,119.0,
0.06,0.34,0.5,0.1,38.0,
0.003,0.447,0.45,0.1,197.0,
0.052,0.489,0.359,0.1,146.0,
0.045,0.352,0.503,0.1,181.0,
0.0,0.057,0.843,0.1,353.0,
0.0,0.138,0.762,0.1,278.0,
0.0,0.173,0.727,0.1,215.0,
0.024,0.236,0.64,0.1,183.0,
0.0,0.211,0.689,0.1,170.0,
0.0,0.395,0.505,0.1,148.0,
0.0,0.154,0.746,0.1,284.0,
0.0,0.209,0.691,0.1,243.0,
0.061,0.579,0.261,0.1,145.0,
0.0,0.157,0.743,0.1,285.0,
0.0,0.176,0.724,0.1,209.0,
0.0,0.098,0.802,0.1,263.0,
0.0,0.059,0.841,0.1,264.0,
0.0,0.233,0.667,0.1,152.0,
0.0,0.121,0.779,0.1,255.0,
0.017,0.205,0.679,0.1,285.0,
0.0,0.193,0.707,0.1,212.0,
0.0,0.388,0.512,0.1,95.0,
0.0,0.291,0.609,0.1,141.0,
0.107,0.52,0.273,0.1,99.0,
0.0,0.114,0.786,0.1,304.0,
0.071,0.543,0.286,0.1,133.0,
0.004,0.165,0.73,0.1,161.0,
0.0,0.098,0.802,0.1,387.0,
0.008,0.154,0.738,0.1,172.0,
0.0,0.233,0.667,0.1,174.0,
0.0,0.232,0.668,0.1,118.0,
0.168,0.405,0.326,0.1,94.0,
0.0,0.126,0.774,0.1,265.0,
0.007,0.233,0.659,0.1,199.0,
0.0,0.261,0.639,0.1,108.0,
0.176,0.488,0.235,0.1,92.0,
0.0,0.089,0.811,0.1,308.0,
0.0,0.231,0.669,0.1,219.0,
0.0,0.11,0.79,0.1,218.0,
0.0,0.373,0.527,0.1,89.0,
0.0,0.25,0.65,0.1,99.0,
0.0,0.18,0.72,0.1,300.0,
0.0,0.253,0.647,0.1,279.0,
0.005,0.175,0.72,0.1,282.0,
0.024,0.29,0.586,0.1,262.0,
0.0,0.207,0.693,0.1,172.0,
0.182,0.218,0.5,0.1,51.0,
0.111,0.367,0.422,0.1,60.0,
0.0,0.331,0.569,0.1,305.0,
0.175,0.375,0.35,0.1,100.0,
0.033,0.472,0.394,0.1,104.0,
0.0,0.203,0.698,0.1,313.0,
0.14,0.373,0.387,0.1,76.0,
0.024,0.37,0.506,0.1,198.0,
0.023,0.36,0.517,0.1,182.0,
0.0,0.214,0.686,0.1,168.0,
0.0,0.097,0.803,0.1,319.0,
0.153,0.672,0.075,0.1,213.0,
0.091,0.364,0.445,0.1,137.0,
0.0,0.065,0.835,0.1,357.0,
0.053,0.435,0.412,0.1,80.0,
0.0,0.281,0.619,0.1,259.0,
0.006,0.3,0.594,0.1,104.0,
0.104,0.48,0.316,0.1,146.0,
0.0,0.261,0.639,0.1,99.0,
0.0,0.072,0.828,0.1,274.0,
0.0,0.143,0.757,0.1,149.0,
0.17,0.535,0.196,0.1,139.0,
0.0,0.16,0.74,0.1,159.0,
0.0,0.34,0.56,0.1,180.0,
0.0,0.14,0.76,0.1,253.0,
0.004,0.115,0.781,0.1,171.0,
0.0,0.412,0.487,0.1,159.0,
0.01,0.215,0.675,0.1,112.0,
0.003,0.168,0.729,0.1,313.0,
0.172,0.289,0.439,0.1,93.0,
0.17,0.295,0.435,0.1,95.0,
0.0,0.066,0.834,0.1,294.0,
0.005,0.35,0.545,0.1,127.0,
0.264,0.491,0.145,0.1,60.0,
0.0,0.121,0.779,0.1,269.0,
0.0,0.096,0.804,0.1,179.0,
0.0,0.193,0.707,0.1,201.0,
0.0,0.085,0.815,0.1,281.0,
0.0,0.511,0.389,0.1,110.0,
0.176,0.338,0.386,0.1,127.0,
0.0,0.077,0.823,0.1,269.0,
0.0,0.08,0.82,0.1,304.0,
0.0,0.107,0.793,0.1,199.0,
0.007,0.184,0.709,0.1,289.0,
0.0,0.139,0.761,0.1,249.0,
0.008,0.15,0.742,0.1,278.0,
0.008,0.235,0.658,0.1,133.0,
0.0,0.139,0.761,0.1,211.0,
0.003,0.138,0.76,0.1,270.0,
0.0,0.181,0.719,0.1,178.0,
0.0,0.129,0.771,0.1,186.0,
0.068,0.691,0.141,0.1,295.0,
0.0,0.132,0.768,0.1,240.0,
0.0,0.121,0.779,0.1,278.0,
0.076,0.265,0.559,0.1,107.0,
0.139,0.589,0.172,0.1,112.0,
0.0,0.053,0.847,0.1,372.0,
0.087,0.491,0.322,0.1,140.0,
0.0,0.217,0.683,0.1,203.0,
0.0,0.482,0.418,0.1,99.0,
0.0,0.519,0.381,0.1,122.0,
0.0,0.17,0.73,0.1,206.0,
0.0,0.209,0.691,0.1,119.0,
0.121,0.305,0.474,0.1,108.0,
0.0,0.267,0.633,0.1,205.0,
0.0,0.284,0.616,0.1,282.0,
0.109,0.382,0.409,0.1,119.0,
0.0,0.098,0.802,0.1,333.0,
0.039,0.421,0.439,0.1,270.0,
0.0,0.167,0.733,0.1,309.0,
0.0,0.221,0.679,0.1,167.0,
0.0,0.171,0.729,0.1,164.0,
0.0,0.102,0.798,0.1,327.0,
0.0,0.21,0.69,0.1,201.0,
0.003,0.106,0.791,0.1,230.0,
0.004,0.23,0.665,0.1,149.0,
0.011,0.248,0.641,0.1,150.0,
0.0,0.163,0.737,0.1,184.0,
0.0,0.197,0.703,0.1,229.0,
0.029,0.257,0.614,0.1,145.0,
0.0,0.223,0.677,0.1,326.0,
0.0,0.098,0.802,0.1,379.0,
0.003,0.113,0.783,0.1,212.0,
0.0,0.22,0.68,0.1,300.0,
0.003,0.164,0.733,0.1,214.0,
0.0,0.242,0.658,0.1,223.0,
0.006,0.283,0.61,0.1,340.0,
0.0,0.19,0.71,0.1,204.0,
0.026,0.447,0.426,0.1,108.0,
0.024,0.353,0.524,0.1,92.0,
0.0,0.063,0.837,0.1,336.0,
0.0,0.152,0.748,0.1,229.0,
0.104,0.664,0.132,0.1,167.0,
0.0,0.22,0.68,0.1,134.0,
0.002,0.2,0.698,0.1,262.0,
0.0,0.109,0.791,0.1,344.0,
0.048,0.326,0.526,0.1,126.0,
0.026,0.371,0.503,0.1,221.0,
0.0,0.272,0.628,0.1,208.0,
0.0,0.159,0.741,0.1,308.0,
0.0,0.135,0.765,0.1,212.0,
0.024,0.243,0.633,0.1,142.0,
0.038,0.243,0.619,0.1,107.0,
0.0,0.103,0.797,0.1,243.0,
0.0,0.248,0.652,0.1,228.0,
0.004,0.196,0.7,0.1,173.0,
0.0,0.238,0.662,0.1,178.0,
0.0,0.087,0.813,0.1,207.0,
0.0,0.233,0.667,0.1,134.0,
0.0,0.203,0.697,0.1,216.0,
0.041,0.264,0.595,0.1,141.0,
0.035,0.471,0.394,0.1,90.0,
0.0,0.183,0.717,0.1,280.0,
0.0,0.129,0.771,0.1,226.0,
0.0,0.459,0.441,0.1,183.0,
0.019,0.146,0.735,0.1,194.0,
0.09,0.4,0.41,0.1,43.0,
0.044,0.388,0.469,0.1,81.0,
0.0,0.182,0.718,0.1,269.0,
0.0,0.208,0.692,0.1,171.0,
0.0,0.077,0.823,0.1,272.0,
0.004,0.14,0.756,0.1,353.0,
0.0,0.236,0.664,0.1,247.0,
0.0,0.265,0.635,0.1,160.0,
0.0,0.235,0.665,0.1,151.0,
0.0,0.195,0.705,0.1,246.0,
0.003,0.303,0.593,0.1,188.0,
0.0,0.146,0.754,0.1,262.0,
0.0,0.166,0.734,0.1,223.0,
0.0,0.176,0.724,0.1,226.0,
0.109,0.667,0.124,0.1,205.0,
0.115,0.177,0.608,0.1,69.0,
0.029,0.362,0.508,0.1,291.0,
0.035,0.484,0.381,0.1,200.0,
0.097,0.35,0.453,0.1,229.0,
0.118,0.294,0.488,0.1,94.0,
0.0,0.14,0.76,0.1,180.0,
0.005,0.138,0.757,0.1,238.0,
0.005,0.255,0.641,0.1,147.0,
0.0,0.15,0.75,0.1,186.0,
0.323,0.515,0.062,0.1,60.0,
0.123,0.65,0.127,0.1,127.0,
0.0,0.175,0.725,0.1,193.0,
0.05,0.33,0.52,0.1,129.0,
0.0,0.044,0.856,0.1,380.0,
0.0,0.162,0.738,0.1,245.0,
0.152,0.371,0.376,0.1,116.0,
0.0,0.182,0.718,0.1,246.0,
0.027,0.24,0.633,0.1,87.0,
0.0,0.261,0.639,0.1,119.0,
0.0,0.095,0.805,0.1,323.0,
0.0,0.331,0.569,0.1,210.0,
0.0,0.138,0.762,0.1,248.0,
0.0,0.215,0.685,0.1,204.0,
0.037,0.412,0.45,0.1,93.0,
0.0,0.163,0.737,0.1,307.0,
0.0,0.489,0.411,0.1,189.0,
0.0,0.236,0.664,0.1,154.0,
0.0,0.185,0.715,0.1,278.0,
0.0,0.381,0.519,0.1,89.0,
0.223,0.246,0.431,0.1,138.0,
0.0,0.134,0.766,0.1,295.0,
0.0,0.108,0.792,0.1,369.0,
0.0,0.241,0.659,0.1,139.0,
0.139,0.289,0.472,0.1,108.0,
0.135,0.3,0.465,0.1,107.0,
0.0,0.089,0.811,0.1,279.0,
0.005,0.184,0.711,0.1,251.0,
0.029,0.253,0.618,0.1,102.0,
0.0,0.097,0.803,0.1,282.0,
0.0,0.332,0.568,0.1,114.0,
0.0,0.117,0.783,0.1,226.0,
0.0,0.204,0.696,0.1,198.0,
0.005,0.226,0.668,0.1,110.0,
0.005,0.192,0.703,0.1,264.0,
0.0,0.134,0.766,0.1,251.0,
0.0,0.164,0.736,0.1,180.0,
0.03,0.267,0.603,0.1,192.0,
0.0,0.188,0.712,0.1,109.0,
0.0,0.183,0.717,0.1,161.0,
0.0,0.138,0.762,0.1,265.0,
0.0,0.188,0.712,0.1,182.0,
0.06,0.312,0.528,0.1,149.0,
0.0,0.072,0.828,0.1,338.0,
0.0,0.097,0.803,0.1,242.0,
0.0,0.13,0.77,0.1,272.0,
0.0,0.2,0.7,0.1,119.0,
0.0,0.29,0.61,0.1,139.0,
0.0,0.108,0.792,0.1,255.0,
0.194,0.518,0.188,0.1,77.0,
0.0,0.058,0.842,0.1,438.0,
0.069,0.253,0.578,0.1,210.0,
0.0,0.407,0.493,0.1,183.0,
0.125,0.495,0.28,0.1,122.0,
0.029,0.206,0.665,0.1,108.0,
0.0,0.147,0.753,0.1,259.0,
0.017,0.203,0.68,0.1,208.0,
0.0,0.113,0.787,0.1,239.0,
0.0,0.233,0.667,0.1,182.0,
0.0,0.14,0.76,0.1,312.0,
0.0,0.094,0.806,0.1,252.0,
0.0,0.161,0.739,0.1,210.0,
0.0,0.328,0.572,0.1,154.0,
0.06,0.34,0.5,0.1,82.0,
0.0,0.092,0.808,0.1,266.0,
0.021,0.195,0.683,0.1,225.0,
0.0,0.226,0.674,0.1,249.0,
0.006,0.027,0.867,0.1,354.0,
0.039,0.379,0.482,0.1,184.0,
0.0,0.103,0.797,0.1,264.0,
0.0,0.3,0.6,0.1,130.0,
0.0,0.15,0.75,0.1,79.0,
0.0,0.08,0.82,0.1,348.0,
0.005,0.122,0.772,0.1,305.0,
0.0,0.185,0.715,0.1,193.0,
0.0,0.192,0.708,0.1,191.0,
0.192,0.469,0.238,0.1,75.0,
0.3,0.57,0.03,0.1,60.0,
0.0,0.156,0.744,0.1,302.0,
0.0,0.053,0.847,0.1,254.0,
0.087,0.507,0.307,0.1,86.0,
0.053,0.696,0.151,0.1,288.0,
0.006,0.303,0.591,0.1,209.0,
0.0,0.213,0.687,0.1,153.0,
0.16,0.4,0.34,0.1,50.0,
0.0,0.14,0.76,0.1,163.0,
0.003,0.1,0.797,0.1,276.0,
0.0,0.262,0.638,0.1,196.0,
0.0,0.138,0.762,0.1,263.0,
0.0,0.297,0.603,0.1,220.0,
0.023,0.277,0.6,0.1,135.0,
0.055,0.455,0.39,0.1,183.0,
0.0,0.185,0.715,0.1,159.0,
0.0,0.134,0.766,0.1,211.0,
0.15,0.372,0.378,0.1,90.0,
0.0,0.268,0.632,0.1,209.0,
0.0,0.061,0.839,0.1,313.0,
0.0,0.276,0.624,0.1,178.0,
0.0,0.123,0.777,0.1,159.0,
0.065,0.344,0.491,0.1,197.0,
0.0,0.12,0.78,0.1,221.0,
0.0,0.194,0.706,0.1,242.0,
0.2,0.637,0.062,0.1,90.0,
0.0,0.07,0.83,0.1,330.0,
0.0,0.049,0.851,0.1,310.0,
0.0,0.293,0.607,0.1,192.0,
0.0,0.154,0.746,0.1,243.0,
0.0,0.259,0.641,0.1,150.0,
0.0,0.072,0.828,0.1,282.0,
0.2,0.688,0.012,0.1,80.0,
0.009,0.086,0.805,0.1,279.0,
0.083,0.258,0.558,0.1,61.0,
0.0,0.109,0.791,0.1,363.0,
0.0,0.267,0.633,0.1,221.0,
0.035,0.365,0.5,0.1,86.0,
0.1,0.503,0.297,0.1,180.0,
0.0,0.2,0.7,0.1,209.0,
0.136,0.568,0.196,0.1,176.0,
0.0,0.277,0.623,0.1,270.0,
0.0,0.171,0.729,0.1,255.0,
0.0,0.129,0.771,0.1,321.0,
0.0,0.135,0.765,0.1,244.0,
0.13,0.35,0.42,0.1,94.0,
0.0,0.368,0.532,0.1,140.0,
0.0,0.083,0.817,0.1,365.0,
0.0,0.134,0.766,0.1,280.0,
0.017,0.234,0.649,0.1,238.0,
0.125,0.394,0.381,0.1,70.0,
0.187,0.3,0.413,0.1,90.0,
0.008,0.083,0.808,0.1,260.0,
0.005,0.177,0.718,0.1,158.0,
0.036,0.296,0.568,0.1,175.0,
0.0,0.117,0.782,0.1,292.0,
0.0,0.3,0.6,0.1,276.0,
0.003,0.066,0.832,0.1,291.0,
0.0,0.287,0.613,0.1,145.0,
0.01,0.146,0.744,0.1,288.0,
0.0,0.236,0.664,0.1,289.0,
0.0,0.103,0.797,0.1,208.0,
0.0,0.235,0.665,0.1,134.0,
0.009,0.309,0.582,0.1,151.0,
0.137,0.505,0.258,0.1,98.0,
0.0,0.113,0.787,0.1,373.0,
0.0,0.246,0.654,0.1,240.0,
0.0,0.39,0.51,0.1,205.0,
0.178,0.474,0.248,0.1,160.0,
0.0,0.259,0.641,0.1,196.0,
0.0,0.388,0.512,0.1,159.0,
0.0,0.169,0.731,0.1,292.0,
0.0,0.142,0.758,0.1,334.0,
0.0,0.053,0.847,0.1,291.0,
0.182,0.582,0.135,0.1,70.0,
0.113,0.265,0.522,0.1,135.0,
0.003,0.168,0.729,0.1,255.0,
0.006,0.297,0.597,0.1,242.0,
0.0,0.169,0.731,0.1,99.0,
0.225,0.542,0.133,0.1,70.0,
0.257,0.552,0.09,0.1,120.0,
0.0,0.151,0.749,0.1,299.0,
0.0,0.15,0.75,0.1,244.0,
0.031,0.384,0.484,0.1,173.0,
0.003,0.087,0.81,0.1,227.0,
0.0,0.123,0.777,0.1,297.0,
0.042,0.333,0.525,0.1,151.0,
0.208,0.238,0.454,0.1,62.0,
0.107,0.286,0.507,0.1,72.0,
0.0,0.109,0.791,0.1,336.0,
0.0,0.159,0.741,0.1,206.0,
0.0,0.06,0.84,0.1,198.0,
0.039,0.37,0.491,0.1,130.0,
0.08,0.335,0.485,0.1,94.0,
0.0,0.308,0.592,0.1,150.0,
0.0,0.063,0.837,0.1,319.0,
0.0,0.476,0.424,0.1,187.0,
0.0,0.206,0.694,0.1,188.0,
0.0,0.216,0.684,0.1,241.0,
0.068,0.305,0.527,0.1,140.0,
0.0,0.233,0.667,0.1,109.0,
0.011,0.142,0.747,0.1,342.0,
0.0,0.313,0.587,0.1,188.0,
0.023,0.266,0.611,0.1,319.0,
0.026,0.443,0.43,0.1,128.0,
0.0,0.27,0.63,0.1,186.0,
0.008,0.292,0.6,0.1,157.0,
0.0,0.252,0.648,0.1,140.0,
0.004,0.188,0.708,0.1,170.0,
0.1,0.296,0.504,0.1,127.0,
0.0,0.208,0.692,0.1,299.0,
0.003,0.243,0.653,0.1,199.0,
0.004,0.246,0.65,0.1,184.0,
0.0,0.191,0.709,0.1,159.0,
0.081,0.677,0.142,0.1,161.0,
0.085,0.288,0.527,0.1,150.0,
0.013,0.243,0.643,0.1,143.0,
0.005,0.438,0.457,0.1,135.0,
0.0,0.178,0.722,0.1,180.0,
0.003,0.11,0.787,0.1,310.0,
0.0,0.274,0.626,0.1,178.0,
0.094,0.306,0.5,0.1,96.0,
0.0,0.131,0.769,0.1,207.0,
0.0,0.128,0.772,0.1,191.0,
0.003,0.316,0.581,0.1,271.0,
0.15,0.45,0.3,0.1,116.0,
0.0,0.119,0.781,0.1,157.0,
0.0,0.083,0.817,0.1,255.0,
0.0,0.266,0.634,0.1,208.0,
0.0,0.332,0.568,0.1,245.0,
0.0,0.529,0.371,0.1,181.0,
0.024,0.2,0.676,0.1,167.0,
0.0,0.678,0.222,0.1,329.0,
0.216,0.658,0.026,0.1,103.0,
0.406,0.484,0.009,0.1,183.0,
0.171,0.639,0.089,0.1,263.0,
0.062,0.636,0.202,0.1,307.0,
0.024,0.766,0.11,0.1,266.0,
0.226,0.647,0.026,0.1,114.0,
0.358,0.487,0.054,0.1,151.0,
0.215,0.646,0.038,0.1,165.0,
0.203,0.578,0.12,0.1,265.0,
0.083,0.8,0.017,0.1,141.0,
0.428,0.467,0.006,0.1,100.0,
0.184,0.637,0.079,0.1,110.0,
0.003,0.733,0.164,0.1,259.0,
0.236,0.636,0.028,0.1,144.0,
0.065,0.694,0.142,0.1,218.0,
0.0,0.738,0.162,0.1,262.0,
0.446,0.454,0.0,0.1,60.0,
0.18,0.6,0.12,0.1,186.0,
0.057,0.675,0.168,0.1,187.0,
0.171,0.605,0.124,0.1,133.0,
0.2,0.574,0.126,0.1,230.0,
0.0,0.7,0.2,0.1,269.0,
0.367,0.49,0.043,0.1,131.0,
0.116,0.7,0.084,0.1,206.0,
0.144,0.711,0.044,0.1,90.0,
0.113,0.662,0.124,0.1,306.0,
0.349,0.523,0.028,0.1,197.0,
0.277,0.596,0.027,0.1,137.0,
0.011,0.758,0.131,0.1,248.0,
0.294,0.586,0.02,0.1,208.0,
0.0,0.684,0.216,0.1,291.0,
0.275,0.562,0.062,0.1,84.0,
0.271,0.586,0.043,0.1,173.0,
0.178,0.707,0.015,0.1,141.0,
0.305,0.542,0.053,0.1,111.0,
0.433,0.467,0.0,0.1,73.0,
0.005,0.816,0.078,0.1,259.0,
0.167,0.626,0.107,0.1,177.0,
0.323,0.559,0.018,0.1,114.0,
0.229,0.632,0.039,0.1,154.0,
0.209,0.65,0.041,0.1,132.0,
0.128,0.674,0.097,0.1,249.0,
0.086,0.69,0.124,0.1,288.0,
0.003,0.693,0.205,0.1,310.0,
0.23,0.607,0.063,0.1,144.0,
0.021,0.779,0.1,0.1,324.0,
0.076,0.816,0.008,0.1,199.0,
0.083,0.713,0.104,0.1,150.0,
0.371,0.524,0.006,0.1,79.0,
0.0,0.665,0.235,0.1,323.0,
0.43,0.457,0.014,0.1,210.0,
0.16,0.677,0.063,0.1,186.0,
0.244,0.612,0.044,0.1,247.0,
0.003,0.644,0.253,0.1,276.0,
0.353,0.537,0.01,0.1,188.0,
0.11,0.693,0.097,0.1,183.0,
0.186,0.65,0.064,0.1,169.0,
0.119,0.762,0.019,0.1,79.0,
0.0,0.666,0.234,0.1,303.0,
0.141,0.673,0.086,0.1,241.0,
0.204,0.615,0.081,0.1,188.0,
0.177,0.63,0.093,0.1,193.0,
0.416,0.453,0.032,0.1,90.0,
0.104,0.7,0.096,0.1,106.0,
0.25,0.605,0.045,0.1,113.0,
0.0,0.696,0.204,0.1,419.0,
0.063,0.695,0.142,0.1,293.0,
0.014,0.706,0.18,0.1,245.0,
0.0,0.812,0.087,0.1,170.0,
0.119,0.686,0.094,0.1,226.0,
0.057,0.727,0.116,0.1,363.0,
0.207,0.54,0.153,0.1,204.0,
0.204,0.604,0.093,0.1,211.0,
0.31,0.552,0.038,0.1,121.0,
0.138,0.724,0.038,0.1,199.0,
0.0,0.77,0.13,0.1,340.0,
0.227,0.627,0.047,0.1,211.0,
0.185,0.66,0.055,0.1,112.0,
0.3,0.579,0.021,0.1,72.0,
0.088,0.685,0.126,0.1,220.0,
0.323,0.559,0.018,0.1,113.0,
0.3,0.578,0.022,0.1,91.0,
0.105,0.662,0.133,0.1,283.0,
0.196,0.653,0.051,0.1,306.0,
0.057,0.752,0.091,0.1,149.0,
0.3,0.538,0.062,0.1,163.0,
0.186,0.686,0.027,0.1,150.0,
0.263,0.544,0.094,0.1,83.0,
0.208,0.633,0.058,0.1,225.0,
0.24,0.612,0.048,0.1,162.0,
0.27,0.578,0.052,0.1,131.0,
0.085,0.741,0.074,0.1,170.0,
0.3,0.556,0.044,0.1,71.0,
0.0,0.729,0.171,0.1,262.0,
0.375,0.504,0.021,0.1,141.0,
0.0,0.889,0.011,0.1,110.0,
0.153,0.681,0.066,0.1,191.0,
0.179,0.679,0.042,0.1,86.0,
0.021,0.737,0.142,0.1,281.0,
0.165,0.667,0.067,0.1,323.0,
0.083,0.7,0.117,0.1,218.0,
0.191,0.659,0.05,0.1,140.0,
0.368,0.521,0.011,0.1,80.0,
0.17,0.696,0.033,0.1,150.0,
0.043,0.686,0.171,0.1,247.0,
0.064,0.7,0.136,0.1,161.0,
0.121,0.668,0.111,0.1,97.0,
0.1,0.618,0.182,0.1,256.0,
0.089,0.781,0.03,0.1,155.0,
0.364,0.527,0.009,0.1,153.0,
0.238,0.597,0.066,0.1,187.0,
0.34,0.553,0.007,0.1,60.0,
0.0,0.585,0.315,0.1,328.0,
0.175,0.632,0.093,0.1,191.0,
0.305,0.541,0.055,0.1,121.0,
0.038,0.779,0.082,0.1,254.0,
0.242,0.658,0.0,0.1,60.0,
0.137,0.697,0.067,0.1,194.0,
0.231,0.554,0.115,0.1,171.0,
0.063,0.647,0.19,0.1,225.0,
0.261,0.613,0.026,0.1,122.0,
0.0,0.624,0.276,0.1,387.0,
0.247,0.609,0.044,0.1,208.0,
0.281,0.595,0.024,0.1,108.0,
0.179,0.629,0.093,0.1,169.0,
0.098,0.693,0.11,0.1,275.0,
0.027,0.697,0.176,0.1,221.0,
0.281,0.577,0.042,0.1,152.0,
0.368,0.518,0.014,0.1,161.0,
0.237,0.557,0.105,0.1,257.0,
0.238,0.586,0.076,0.1,200.0,
0.35,0.481,0.069,0.1,200.0,
0.039,0.757,0.104,0.1,169.0,
0.211,0.622,0.067,0.1,100.0,
0.003,0.659,0.238,0.1,285.0,
0.267,0.564,0.069,0.1,215.0,
0.097,0.773,0.03,0.1,158.0,
0.352,0.533,0.014,0.1,100.0,
0.31,0.59,0.0,0.1,91.0,
0.036,0.741,0.123,0.1,312.0,
0.169,0.627,0.104,0.1,297.0,
0.0,0.9,0.0,0.1,119.0,
0.181,0.637,0.081,0.1,90.0,
0.0,0.7,0.2,0.1,308.0,
0.011,0.787,0.103,0.1,244.0,
0.445,0.445,0.009,0.1,50.0,
0.209,0.596,0.096,0.1,150.0,
0.011,0.659,0.23,0.1,343.0,
0.02,0.66,0.22,0.1,324.0,
0.27,0.574,0.056,0.1,170.0,
0.241,0.606,0.053,0.1,75.0,
0.282,0.6,0.018,0.1,50.0,
0.319,0.551,0.03,0.1,231.0,
0.048,0.706,0.145,0.1,255.0,
0.177,0.659,0.064,0.1,141.0,
0.33,0.522,0.048,0.1,131.0,
0.277,0.591,0.032,0.1,126.0,
0.0,0.716,0.184,0.1,249.0,
0.0,0.736,0.164,0.1,284.0,
0.342,0.488,0.07,0.1,293.0,
0.059,0.731,0.11,0.1,189.0,
0.136,0.709,0.055,0.1,207.0,
0.235,0.641,0.024,0.1,96.0,
0.192,0.692,0.017,0.1,60.0,
0.012,0.749,0.14,0.1,309.0,
0.092,0.629,0.179,0.1,161.0,
0.164,0.682,0.055,0.1,195.0,
0.3,0.583,0.017,0.1,91.0,
0.0,0.685,0.215,0.1,293.0,
0.141,0.669,0.091,0.1,175.0,
0.17,0.644,0.085,0.1,160.0,
0.165,0.681,0.055,0.1,205.0,
0.21,0.64,0.05,0.1,60.0,
0.169,0.558,0.172,0.1,260.0,
0.255,0.614,0.031,0.1,182.0,
0.138,0.681,0.081,0.1,94.0,
0.0,0.716,0.184,0.1,247.0,
0.005,0.78,0.115,0.1,280.0,
0.107,0.703,0.09,0.1,195.0,
0.271,0.624,0.005,0.1,119.0,
0.412,0.482,0.006,0.1,80.0,
0.094,0.666,0.14,0.1,235.0,
0.123,0.69,0.087,0.1,211.0,
0.158,0.671,0.071,0.1,248.0,
0.219,0.615,0.065,0.1,157.0,
0.203,0.616,0.081,0.1,270.0,
0.169,0.669,0.062,0.1,170.0,
0.292,0.552,0.056,0.1,151.0,
0.113,0.704,0.083,0.1,158.0,
0.243,0.648,0.01,0.1,97.0,
0.211,0.663,0.026,0.1,165.0,
0.162,0.551,0.187,0.1,258.0,
0.024,0.697,0.179,0.1,261.0,
0.14,0.68,0.08,0.1,218.0,
0.039,0.713,0.148,0.1,215.0,
0.324,0.572,0.004,0.1,131.0,
0.151,0.595,0.154,0.1,247.0,
0.058,0.652,0.19,0.1,300.0,
0.114,0.678,0.108,0.1,290.0,
0.306,0.594,0.0,0.1,200.0,
0.271,0.6,0.029,0.1,111.0,
0.1,0.656,0.144,0.1,287.0,
0.0,0.776,0.124,0.1,176.0,
0.227,0.6,0.073,0.1,211.0,
0.29,0.581,0.029,0.1,175.0,
0.248,0.575,0.077,0.1,260.0,
0.046,0.624,0.23,0.1,347.0,
0.04,0.714,0.146,0.1,247.0,
0.08,0.648,0.172,0.1,167.0,
0.202,0.641,0.056,0.1,227.0,
0.228,0.597,0.076,0.1,191.0,
0.05,0.814,0.036,0.1,220.0,
0.075,0.713,0.113,0.1,160.0,
0.244,0.639,0.017,0.1,81.0,
0.197,0.615,0.088,0.1,250.0,
0.16,0.621,0.119,0.1,341.0,
0.058,0.731,0.111,0.1,244.0,
0.281,0.589,0.03,0.1,142.0,
0.155,0.69,0.055,0.1,109.0,
0.2,0.6,0.1,0.1,121.0,
0.337,0.526,0.037,0.1,244.0,
0.033,0.795,0.071,0.1,140.0,
0.053,0.689,0.158,0.1,259.0,
0.158,0.688,0.054,0.1,166.0,
0.132,0.716,0.052,0.1,179.0,
0.028,0.703,0.169,0.1,204.0,
0.179,0.643,0.079,0.1,293.0,
0.338,0.529,0.033,0.1,114.0,
0.064,0.648,0.188,0.1,175.0,
0.241,0.568,0.09,0.1,251.0,
0.162,0.621,0.118,0.1,229.0,
0.0,0.734,0.166,0.1,291.0,
0.07,0.719,0.111,0.1,192.0,
0.261,0.578,0.061,0.1,125.0,
0.064,0.724,0.112,0.1,288.0,
0.037,0.725,0.138,0.1,270.0,
0.188,0.592,0.119,0.1,188.0,
0.259,0.624,0.018,0.1,100.0,
0.275,0.575,0.05,0.1,113.0,
0.271,0.579,0.05,0.1,176.0,
0.332,0.552,0.016,0.1,142.0,
0.36,0.5,0.04,0.1,89.0,
0.214,0.636,0.05,0.1,132.0,
0.233,0.6,0.067,0.1,51.0,
0.08,0.677,0.143,0.1,247.0,
0.282,0.612,0.006,0.1,90.0,
0.2,0.591,0.109,0.1,148.0,
0.149,0.579,0.172,0.1,377.0,
0.2,0.662,0.038,0.1,61.0,
0.061,0.698,0.141,0.1,273.0,
0.221,0.653,0.026,0.1,101.0,
0.152,0.69,0.057,0.1,120.0,
0.084,0.747,0.069,0.1,230.0,
0.061,0.619,0.219,0.1,232.0,
0.338,0.479,0.083,0.1,182.0,
0.29,0.6,0.01,0.1,101.0,
0.287,0.573,0.04,0.1,81.0,
0.148,0.616,0.135,0.1,222.0,
0.143,0.729,0.029,0.1,120.0,
0.215,0.577,0.108,0.1,153.0,
0.236,0.608,0.056,0.1,135.0,
0.108,0.603,0.189,0.1,242.0,
0.119,0.625,0.156,0.1,230.0,
0.107,0.779,0.014,0.1,161.0,
0.004,0.8,0.096,0.1,172.0,
0.267,0.607,0.027,0.1,70.0,
0.124,0.702,0.073,0.1,251.0,
0.037,0.703,0.16,0.1,210.0,
0.281,0.581,0.037,0.1,141.0,
0.188,0.571,0.14,0.1,289.0,
0.41,0.46,0.03,0.1,92.0,
0.085,0.685,0.13,0.1,191.0,
0.44,0.447,0.013,0.1,81.0,
0.285,0.56,0.055,0.1,108.0,
0.135,0.584,0.181,0.1,281.0,
0.0,0.685,0.215,0.1,298.0,
0.227,0.603,0.07,0.1,203.0,
0.264,0.567,0.069,0.1,301.0,
0.362,0.5,0.038,0.1,62.0,
0.128,0.678,0.094,0.1,112.0,
0.217,0.594,0.089,0.1,220.0,
0.406,0.481,0.013,0.1,172.0,
0.3,0.6,0.0,0.1,91.0,
0.209,0.691,0.0,0.1,126.0,
0.0,0.686,0.214,0.1,299.0,
0.29,0.59,0.019,0.1,124.0,
0.321,0.545,0.034,0.1,161.0,
0.219,0.635,0.045,0.1,182.0,
0.11,0.738,0.052,0.1,124.0,
0.254,0.577,0.069,0.1,62.0,
0.0,0.711,0.189,0.1,259.0,
0.054,0.686,0.159,0.1,254.0,
0.168,0.6,0.132,0.1,201.0,
0.248,0.648,0.005,0.1,120.0,
0.033,0.813,0.053,0.1,79.0,
0.206,0.667,0.028,0.1,98.0,
0.272,0.556,0.072,0.1,162.0,
0.231,0.585,0.085,0.1,61.0,
0.0,0.707,0.193,0.1,336.0,
0.194,0.657,0.049,0.1,342.0,
0.256,0.575,0.069,0.1,236.0,
0.0,0.832,0.068,0.1,170.0,
0.285,0.558,0.058,0.1,161.0,
0.1,0.669,0.131,0.1,262.0,
0.076,0.726,0.097,0.1,226.0,
0.248,0.581,0.071,0.1,188.0,
0.084,0.655,0.161,0.1,270.0,
0.141,0.666,0.093,0.1,171.0,
0.056,0.659,0.185,0.1,307.0,
0.209,0.652,0.039,0.1,156.0,
0.177,0.654,0.069,0.1,66.0,
0.356,0.533,0.011,0.1,145.0,
0.179,0.593,0.128,0.1,285.0,
0.148,0.636,0.116,0.1,146.0,
0.066,0.7,0.134,0.1,237.0,
0.229,0.582,0.089,0.1,179.0,
0.0,0.814,0.086,0.1,135.0,
0.02,0.617,0.263,0.1,279.0,
0.082,0.673,0.145,0.1,146.0,
0.329,0.521,0.05,0.1,73.0,
0.031,0.69,0.179,0.1,309.0,
0.242,0.647,0.011,0.1,108.0,
0.123,0.608,0.169,0.1,296.0,
0.217,0.597,0.086,0.1,245.0,
0.015,0.739,0.145,0.1,237.0,
0.145,0.695,0.059,0.1,151.0,
0.181,0.696,0.023,0.1,144.0,
0.25,0.569,0.081,0.1,94.0,
0.041,0.707,0.151,0.1,326.0,
0.144,0.684,0.072,0.1,186.0,
0.164,0.675,0.061,0.1,166.0,
0.128,0.666,0.107,0.1,220.0,
0.313,0.522,0.065,0.1,162.0,
0.097,0.703,0.1,0.1,211.0,
0.388,0.462,0.05,0.1,155.0,
0.079,0.733,0.088,0.1,207.0,
0.168,0.629,0.103,0.1,205.0,
0.076,0.654,0.171,0.1,296.0,
0.342,0.512,0.046,0.1,158.0,
0.415,0.454,0.031,0.1,157.0,
0.194,0.597,0.11,0.1,211.0,
0.024,0.741,0.135,0.1,251.0,
0.161,0.691,0.048,0.1,147.0,
0.026,0.73,0.144,0.1,164.0,
0.288,0.553,0.059,0.1,93.0,
0.005,0.693,0.203,0.1,319.0,
0.022,0.764,0.114,0.1,261.0,
0.095,0.65,0.155,0.1,300.0,
0.258,0.575,0.067,0.1,150.0,
0.104,0.704,0.091,0.1,142.0,
0.004,0.818,0.078,0.1,365.0,
0.394,0.482,0.024,0.1,81.0,
0.0,0.55,0.35,0.1,328.0,
0.037,0.81,0.052,0.1,261.0,
0.159,0.616,0.125,0.1,238.0,
0.106,0.642,0.152,0.1,225.0,
0.216,0.647,0.037,0.1,90.0,
0.147,0.666,0.087,0.1,203.0,
0.352,0.529,0.019,0.1,121.0,
0.0,0.863,0.037,0.1,159.0,
0.281,0.603,0.017,0.1,215.0,
0.229,0.614,0.057,0.1,257.0,
0.0,0.792,0.108,0.1,300.0,
0.265,0.538,0.097,0.1,217.0,
0.0,0.768,0.132,0.1,141.0,
0.3,0.592,0.008,0.1,70.0,
0.41,0.441,0.049,0.1,217.0,
0.196,0.689,0.015,0.1,141.0,
0.404,0.483,0.013,0.1,101.0,
0.078,0.678,0.143,0.1,254.0,
0.003,0.714,0.183,0.1,281.0,
0.0,0.631,0.269,0.1,280.0,
0.244,0.616,0.04,0.1,154.0,
0.265,0.561,0.074,0.1,136.0,
0.0,0.697,0.203,0.1,240.0,
0.22,0.584,0.096,0.1,283.0,
0.267,0.561,0.073,0.1,194.0,
0.121,0.737,0.042,0.1,101.0,
0.353,0.526,0.021,0.1,116.0,
0.055,0.686,0.159,0.1,331.0,
0.184,0.655,0.061,0.1,289.0,
0.378,0.474,0.048,0.1,150.0,
0.35,0.495,0.055,0.1,104.0,
0.0,0.142,0.758,0.1,270.0,
0.013,0.163,0.724,0.1,221.0,
0.0,0.263,0.637,0.1,174.0,
0.0,0.345,0.555,0.1,150.0,
0.0,0.163,0.738,0.1,169.0,
0.0,0.125,0.775,0.1,307.0,
0.062,0.405,0.433,0.1,229.0,
0.224,0.438,0.238,0.1,158.0,
0.018,0.364,0.518,0.1,126.0,
0.042,0.265,0.592,0.1,142.0,
0.1,0.555,0.245,0.1,179.0,
0.0,0.203,0.697,0.1,214.0,
0.0,0.067,0.833,0.1,241.0,
0.095,0.374,0.432,0.1,106.0,
0.0,0.093,0.807,0.1,309.0,
0.0,0.146,0.754,0.1,280.0,
0.0,0.512,0.388,0.1,98.0,
0.0,0.325,0.575,0.1,135.0,
0.0,0.161,0.739,0.1,280.0,
0.003,0.197,0.7,0.1,211.0,
0.0,0.154,0.746,0.1,284.0,
0.2,0.309,0.391,0.1,61.0,
0.031,0.327,0.542,0.1,138.0,
0.0,0.21,0.69,0.1,229.0,
0.0,0.193,0.707,0.1,209.0,
0.0,0.203,0.697,0.1,209.0,
0.0,0.036,0.864,0.1,370.0,
0.029,0.267,0.605,0.1,125.0,
0.107,0.664,0.129,0.1,170.0,
0.003,0.163,0.733,0.1,188.0,
0.0,0.206,0.694,0.1,117.0,
0.0,0.058,0.842,0.1,343.0,
0.344,0.511,0.044,0.1,102.0,
0.243,0.639,0.017,0.1,101.0,
0.0,0.159,0.741,0.1,258.0,
0.121,0.705,0.074,0.1,80.0,
0.265,0.59,0.045,0.1,128.0,
0.461,0.411,0.028,0.1,103.0,
0.003,0.806,0.092,0.1,260.0,
0.264,0.594,0.042,0.1,238.0,
0.266,0.612,0.022,0.1,267.0,
0.0,0.854,0.046,0.1,170.0,
0.0,0.702,0.198,0.1,330.0,
0.0,0.696,0.204,0.1,202.0,
0.096,0.611,0.194,0.1,341.0,
0.219,0.619,0.062,0.1,217.0,
0.071,0.714,0.114,0.1,130.0,
0.206,0.597,0.097,0.1,219.0,
0.021,0.156,0.724,0.1,247.0,
0.012,0.238,0.65,0.1,140.0,
0.0,0.179,0.721,0.1,254.0,
0.025,0.419,0.456,0.1,93.0,
0.0,0.146,0.754,0.1,193.0,
0.0,0.189,0.711,0.1,243.0,
0.07,0.33,0.5,0.1,139.0,
0.0,0.144,0.756,0.1,297.0,
0.064,0.369,0.467,0.1,250.0,
0.0,0.161,0.739,0.1,293.0,
0.0,0.495,0.405,0.1,139.0,
0.062,0.275,0.562,0.1,124.0,
0.118,0.441,0.341,0.1,100.0,
0.005,0.192,0.703,0.1,257.0,
0.004,0.212,0.684,0.1,168.0,
0.071,0.362,0.467,0.1,113.0,
0.212,0.565,0.123,0.1,173.0,
0.233,0.617,0.05,0.1,102.0,
0.346,0.537,0.017,0.1,142.0,
0.059,0.714,0.127,0.1,310.0,
0.108,0.687,0.105,0.1,280.0,
0.215,0.569,0.115,0.1,272.0,
0.205,0.64,0.055,0.1,99.0,
0.0,0.889,0.011,0.1,280.0,
0.011,0.723,0.166,0.1,332.0,
0.144,0.648,0.107,0.1,176.0,
0.257,0.624,0.019,0.1,115.0,
0.221,0.653,0.026,0.1,102.0,
0.287,0.588,0.025,0.1,91.0,
0.0,0.657,0.243,0.1,349.0,
0.0,0.777,0.123,0.1,314.0,
0.174,0.684,0.042,0.1,104.0,

0.0,0.3,0.6,0.1,158.0,
0.011,0.258,0.631,0.1,200.0,
0.0,0.124,0.776,0.1,210.0,
0.013,0.253,0.633,0.1,116.0,
0.005,0.224,0.671,0.1,102.0,
0.075,0.496,0.329,0.1,147.0,
0.053,0.464,0.383,0.1,119.0,
0.019,0.443,0.438,0.1,156.0,
0.0,0.22,0.68,0.1,130.0,
0.07,0.419,0.411,0.1,129.0,
0.002,0.23,0.668,0.1,199.0,
0.026,0.344,0.53,0.1,124.0,
0.021,0.362,0.518,0.1,154.0,
0.057,0.383,0.461,0.1,104.0,
0.0,0.121,0.779,0.1,171.0,
0.065,0.258,0.578,0.1,170.0,
0.084,0.313,0.503,0.1,139.0,
0.032,0.397,0.471,0.1,173.0,
0.178,0.55,0.172,0.1,85.0,
0.0,0.308,0.592,0.1,137.0,
0.048,0.372,0.48,0.1,110.0,
0.008,0.144,0.747,0.1,202.0,
0.022,0.409,0.47,0.1,116.0,
0.209,0.605,0.086,0.1,110.0,
0.065,0.506,0.329,0.1,135.0,
0.02,0.287,0.593,0.1,140.0,
0.0,0.293,0.607,0.1,60.0,
0.002,0.09,0.808,0.1,247.0,
0.049,0.588,0.263,0.1,157.0,
0.024,0.379,0.497,0.1,120.0,
0.02,0.48,0.4,0.1,183.0,
0.235,0.447,0.218,0.1,94.0,
0.062,0.394,0.444,0.1,80.0,
0.009,0.257,0.634,0.1,272.0,
0.162,0.4,0.338,0.1,98.0,
0.0,0.21,0.69,0.1,141.0,
0.038,0.367,0.495,0.1,110.0,
0.162,0.6,0.138,0.1,70.0,
0.039,0.304,0.557,0.1,120.0,
0.019,0.287,0.594,0.1,125.0,
0.065,0.615,0.219,0.1,102.0,
0.026,0.219,0.655,0.1,219.0,
0.058,0.368,0.474,0.1,82.0,
0.04,0.22,0.64,0.1,106.0,
0.022,0.533,0.344,0.1,60.0,
0.007,0.245,0.647,0.1,176.0,
0.035,0.626,0.239,0.1,109.0,
0.057,0.213,0.63,0.1,119.0,
0.0,0.081,0.819,0.1,160.0,
0.09,0.43,0.38,0.1,85.0,
0.041,0.659,0.2,0.1,160.0,
0.017,0.28,0.603,0.1,195.0,
0.052,0.436,0.412,0.1,180.0,
0.058,0.565,0.277,0.1,110.0,
0.024,0.27,0.606,0.1,172.0,
0.044,0.678,0.178,0.1,197.0,
0.013,0.242,0.646,0.1,106.0,
0.006,0.371,0.523,0.1,120.0,
0.0,0.3,0.6,0.1,80.0,
0.176,0.555,0.17,0.1,142.0,
0.115,0.415,0.369,0.1,50.0,
0.071,0.643,0.186,0.1,100.0,
0.132,0.51,0.258,0.1,161.0,
0.129,0.548,0.224,0.1,102.0,
0.007,0.211,0.682,0.1,134.0,
0.013,0.263,0.625,0.1,80.0,
0.014,0.191,0.695,0.1,250.0,
0.167,0.648,0.085,0.1,168.0,
0.034,0.308,0.558,0.1,176.0,
0.111,0.317,0.472,0.1,100.0,
0.019,0.307,0.574,0.1,200.0,
0.008,0.181,0.711,0.1,131.0,
0.003,0.324,0.573,0.1,164.0,
0.094,0.312,0.494,0.1,80.0,
0.098,0.716,0.086,0.1,187.0,
0.028,0.344,0.528,0.1,100.0,
0.015,0.365,0.521,0.1,130.0,
0.055,0.465,0.38,0.1,109.0,
0.02,0.345,0.535,0.1,174.0,
0.012,0.339,0.549,0.1,159.0,
0.039,0.321,0.539,0.1,176.0,
0.016,0.365,0.519,0.1,146.0,
0.09,0.31,0.5,0.1,87.0,
0.0,0.235,0.665,0.1,228.0,
0.0,0.219,0.681,0.1,209.0,
0.1,0.42,0.38,0.1,139.0,
0.0,0.611,0.289,0.1,70.0,
0.027,0.387,0.487,0.1,50.0,
0.211,0.633,0.056,0.1,100.0,
0.008,0.208,0.684,0.1,212.0,
0.036,0.293,0.57,0.1,231.0,
0.008,0.175,0.717,0.1,100.0,
0.065,0.387,0.448,0.1,91.0,
0.028,0.344,0.528,0.1,70.0,
0.01,0.265,0.625,0.1,99.0,
0.0,0.205,0.695,0.1,192.0,
0.017,0.204,0.679,0.1,202.0,
0.007,0.246,0.646,0.1,117.0,
0.013,0.393,0.493,0.1,50.0,
0.054,0.358,0.488,0.1,100.0,
0.054,0.315,0.531,0.1,100.0,
0.029,0.307,0.564,0.1,132.0,
0.029,0.314,0.557,0.1,104.0,
0.141,0.441,0.318,0.1,100.0,
0.034,0.337,0.529,0.1,149.0,
0.021,0.205,0.674,0.1,171.0,
0.021,0.305,0.574,0.1,70.0,
0.052,0.533,0.315,0.1,167.0,
0.003,0.31,0.587,0.1,118.0,
0.0,0.188,0.713,0.1,144.0,
0.043,0.317,0.539,0.1,93.0,
0.015,0.225,0.66,0.1,82.0,
0.2,0.531,0.169,0.1,40.0,
0.026,0.371,0.503,0.1,147.0,
0.03,0.413,0.457,0.1,94.0,
0.1,0.376,0.424,0.1,94.0,
0.148,0.672,0.08,0.1,123.0,
0.085,0.325,0.49,0.1,89.0,
0.005,0.205,0.689,0.1,148.0,
0.016,0.356,0.528,0.1,97.0,
0.034,0.563,0.303,0.1,170.0,
0.039,0.458,0.403,0.1,151.0,
0.005,0.274,0.621,0.1,196.0,
0.031,0.437,0.431,0.1,142.0,
0.018,0.238,0.644,0.1,150.0,
0.018,0.176,0.706,0.1,148.0,
0.007,0.297,0.597,0.1,138.0,
0.011,0.211,0.679,0.1,246.0,
0.002,0.096,0.802,0.1,274.0,
0.032,0.368,0.5,0.1,159.0,
0.005,0.124,0.771,0.1,173.0,
0.042,0.242,0.617,0.1,100.0,
0.075,0.308,0.517,0.1,50.0,
0.023,0.318,0.559,0.1,79.0,
0.032,0.496,0.372,0.1,86.0,
0.11,0.571,0.219,0.1,95.0,
0.177,0.385,0.338,0.1,70.0,
0.067,0.289,0.544,0.1,208.0,
0.026,0.479,0.395,0.1,72.0,
0.028,0.383,0.489,0.1,80.0,
0.01,0.386,0.505,0.1,90.0,
0.06,0.33,0.51,0.1,30.0,
0.013,0.217,0.67,0.1,150.0,
0.096,0.596,0.207,0.1,106.0,
0.032,0.29,0.577,0.1,160.0,
0.025,0.591,0.284,0.1,220.0,
0.013,0.262,0.626,0.1,202.0,
0.027,0.21,0.663,0.1,136.0,
0.064,0.252,0.584,0.1,132.0,
0.015,0.344,0.541,0.1,99.0,
0.0,0.405,0.495,0.1,100.0,
0.046,0.759,0.096,0.1,205.0,
0.013,0.212,0.675,0.1,130.0,
0.189,0.657,0.054,0.1,142.0,
0.011,0.289,0.6,0.1,151.0,
0.048,0.376,0.476,0.1,130.0,
0.01,0.132,0.759,0.1,193.0,
0.041,0.392,0.468,0.1,152.0,
0.0,0.271,0.629,0.1,120.0,
0.047,0.247,0.606,0.1,130.0,
0.06,0.238,0.602,0.1,209.0,
0.01,0.22,0.67,0.1,143.0,
0.037,0.294,0.569,0.1,70.0,
0.0,0.177,0.723,0.1,117.0,
0.087,0.48,0.333,0.1,98.0,
0.002,0.243,0.655,0.1,223.0,
0.086,0.468,0.346,0.1,120.0,
0.07,0.339,0.491,0.1,104.0,
0.036,0.494,0.37,0.1,214.0,
0.027,0.365,0.508,0.1,90.0,
0.067,0.287,0.546,0.1,105.0,
0.079,0.316,0.505,0.1,79.0,
0.211,0.326,0.363,0.1,77.0,
0.008,0.218,0.674,0.1,155.0,
0.052,0.274,0.574,0.1,120.0,
0.017,0.372,0.511,0.1,70.0,
0.141,0.5,0.259,0.1,83.0,
0.002,0.105,0.793,0.1,188.0,
0.024,0.331,0.545,0.1,120.0,
0.0,0.242,0.658,0.1,170.0,
0.0,0.5,0.4,0.1,60.0,
0.025,0.65,0.225,0.1,60.0,
0.01,0.362,0.527,0.1,142.0,
0.042,0.347,0.511,0.1,167.0,
0.011,0.114,0.775,0.1,236.0,
0.031,0.16,0.71,0.1,214.0,
0.052,0.619,0.23,0.1,102.0,
0.182,0.218,0.5,0.1,50.0,
0.111,0.356,0.433,0.1,60.0,
0.005,0.2,0.695,0.1,177.0,
0.212,0.431,0.256,0.1,80.0,
0.011,0.511,0.378,0.1,80.0,
0.003,0.292,0.605,0.1,163.0,
0.147,0.46,0.293,0.1,70.0,
0.052,0.282,0.567,0.1,149.0,
0.047,0.287,0.567,0.1,131.0,
0.036,0.464,0.4,0.1,101.0,
0.015,0.39,0.495,0.1,203.0,
0.158,0.656,0.086,0.1,157.0,
0.032,0.314,0.555,0.1,120.0,
0.002,0.283,0.615,0.1,210.0,
0.065,0.518,0.318,0.1,73.0,
0.028,0.258,0.614,0.1,184.0,
0.017,0.35,0.533,0.1,80.0,
0.036,0.188,0.676,0.1,140.0,
0.028,0.383,0.489,0.1,51.0,
0.025,0.289,0.586,0.1,163.0,
0.01,0.333,0.557,0.1,80.0,
0.165,0.539,0.196,0.1,139.0,
0.016,0.352,0.532,0.1,112.0,
0.012,0.34,0.548,0.1,93.0,
0.014,0.24,0.646,0.1,136.0,
0.088,0.5,0.312,0.1,130.0,
0.008,0.292,0.6,0.1,106.0,
0.01,0.25,0.64,0.1,99.0,
0.013,0.297,0.589,0.1,167.0,
0.194,0.294,0.411,0.1,93.0,
0.11,0.405,0.385,0.1,88.0,
0.011,0.334,0.555,0.1,161.0,
0.03,0.4,0.47,0.1,90.0,
0.264,0.545,0.091,0.1,60.0,
0.042,0.409,0.448,0.1,107.0,
0.022,0.263,0.615,0.1,110.0,
0.044,0.189,0.667,0.1,139.0,
0.018,0.397,0.485,0.1,189.0,
0.011,0.4,0.489,0.1,80.0,
0.11,0.281,0.51,0.1,108.0,
0.008,0.203,0.69,0.1,192.0,
0.0,0.191,0.709,0.1,213.0,
0.032,0.361,0.507,0.1,100.0,
0.068,0.657,0.175,0.1,187.0,
0.03,0.239,0.63,0.1,166.0,
0.017,0.281,0.603,0.1,178.0,
0.004,0.219,0.677,0.1,100.0,
0.061,0.379,0.461,0.1,102.0,
0.022,0.258,0.62,0.1,206.0,
0.0,0.33,0.57,0.1,120.0,
0.029,0.361,0.511,0.1,90.0,
0.091,0.757,0.052,0.1,175.0,
0.042,0.371,0.487,0.1,125.0,
0.006,0.256,0.638,0.1,161.0,
0.188,0.547,0.165,0.1,80.0,
0.139,0.589,0.172,0.1,112.0,
0.007,0.331,0.562,0.1,186.0,
0.313,0.487,0.1,0.1,111.0,
0.034,0.376,0.49,0.1,107.0,
0.035,0.453,0.412,0.1,70.0,
0.008,0.346,0.546,0.1,80.0,
0.0,0.159,0.741,0.1,130.0,
0.027,0.368,0.505,0.1,81.0,
0.053,0.521,0.326,0.1,90.0,
0.037,0.411,0.452,0.1,106.0,
0.011,0.218,0.671,0.1,169.0,
0.173,0.677,0.05,0.1,107.0,
0.009,0.235,0.656,0.1,199.0,
0.05,0.316,0.534,0.1,190.0,
0.002,0.252,0.645,0.1,184.0,
0.037,0.375,0.487,0.1,120.0,
0.004,0.175,0.721,0.1,140.0,
0.021,0.35,0.529,0.1,190.0,
0.003,0.286,0.61,0.1,131.0,
0.009,0.309,0.582,0.1,155.0,
0.013,0.278,0.609,0.1,100.0,
0.074,0.393,0.433,0.1,83.0,
0.011,0.285,0.604,0.1,90.0,
0.006,0.291,0.603,0.1,146.0,
0.082,0.271,0.546,0.1,120.0,
0.014,0.186,0.7,0.1,168.0,
0.002,0.256,0.642,0.1,211.0,
0.007,0.227,0.667,0.1,152.0,
0.003,0.24,0.657,0.1,214.0,
0.018,0.245,0.636,0.1,149.0,
0.016,0.252,0.632,0.1,131.0,
0.023,0.367,0.51,0.1,218.0,
0.0,0.179,0.721,0.1,156.0,
0.058,0.326,0.516,0.1,80.0,
0.053,0.341,0.506,0.1,75.0,
0.022,0.463,0.415,0.1,164.0,
0.003,0.297,0.6,0.1,140.0,
0.143,0.543,0.214,0.1,146.0,
0.02,0.395,0.485,0.1,80.0,
0.007,0.16,0.733,0.1,204.0,
0.002,0.27,0.628,0.1,228.0,
0.074,0.385,0.441,0.1,128.0,
0.044,0.309,0.547,0.1,174.0,
0.003,0.252,0.645,0.1,153.0,
0.032,0.254,0.614,0.1,147.0,
0.006,0.239,0.655,0.1,174.0,
0.052,0.362,0.486,0.1,80.0,
0.029,0.29,0.581,0.1,98.0,
0.003,0.203,0.694,0.1,154.0,
0.013,0.265,0.623,0.1,147.0,
0.015,0.308,0.577,0.1,112.0,
0.0,0.2,0.7,0.1,114.0,
0.023,0.353,0.523,0.1,150.0,
0.0,0.248,0.652,0.1,95.0,
0.023,0.316,0.561,0.1,145.0,
0.1,0.55,0.25,0.1,120.0,
0.035,0.441,0.424,0.1,75.0,
0.008,0.353,0.539,0.1,139.0,
0.019,0.213,0.668,0.1,137.0,
0.041,0.348,0.511,0.1,130.0,
0.015,0.231,0.654,0.1,150.0,
0.09,0.4,0.41,0.1,40.0,
0.056,0.4,0.444,0.1,70.0,
0.0,0.182,0.718,0.1,160.0,
0.032,0.376,0.492,0.1,67.0,
0.067,0.737,0.095,0.1,162.0,
0.004,0.14,0.756,0.1,270.0,
0.018,0.309,0.573,0.1,144.0,
0.013,0.365,0.522,0.1,90.0,
0.043,0.474,0.383,0.1,75.0,
0.027,0.419,0.454,0.1,162.0,
0.007,0.176,0.717,0.1,146.0,
0.022,0.532,0.346,0.1,172.0,
0.006,0.166,0.728,0.1,125.0,
0.0,0.189,0.711,0.1,169.0,
0.2,0.652,0.048,0.1,140.0,
0.185,0.331,0.385,0.1,50.0,
0.01,0.188,0.702,0.1,233.0,
0.048,0.374,0.477,0.1,130.0,
0.179,0.582,0.138,0.1,170.0,
0.094,0.341,0.465,0.1,80.0,
0.0,0.22,0.68,0.1,140.0,
0.008,0.249,0.643,0.1,170.0,
0.014,0.314,0.573,0.1,113.0,
0.019,0.242,0.638,0.1,120.0,
0.315,0.523,0.062,0.1,60.0,
0.095,0.386,0.418,0.1,114.0,
0.025,0.6,0.275,0.1,120.0,
0.075,0.29,0.535,0.1,80.0,
0.0,0.179,0.721,0.1,240.0,
0.024,0.279,0.597,0.1,157.0,
0.114,0.414,0.371,0.1,110.0,
0.015,0.251,0.633,0.1,161.0,
0.153,0.613,0.133,0.1,70.0,
0.033,0.606,0.261,0.1,90.0,
0.003,0.258,0.64,0.1,180.0,
0.031,0.588,0.281,0.1,130.0,
0.044,0.35,0.506,0.1,144.0,
0.018,0.458,0.424,0.1,159.0,
0.05,0.613,0.237,0.1,68.0,
0.002,0.144,0.753,0.1,201.0,
0.029,0.471,0.4,0.1,119.0,
0.008,0.292,0.6,0.1,91.0,
0.005,0.232,0.663,0.1,190.0,
0.062,0.362,0.475,0.1,60.0,
0.162,0.323,0.415,0.1,109.0,
0.003,0.218,0.679,0.1,177.0,
0.004,0.186,0.71,0.1,219.0,
0.014,0.459,0.427,0.1,110.0,
0.278,0.261,0.361,0.1,80.0,
0.1,0.235,0.565,0.1,92.0,
0.005,0.276,0.619,0.1,197.0,
0.018,0.234,0.647,0.1,180.0,
0.012,0.276,0.612,0.1,80.0,
0.017,0.319,0.564,0.1,136.0,
0.032,0.437,0.432,0.1,56.0,
0.04,0.333,0.527,0.1,123.0,
0.067,0.507,0.326,0.1,110.0,
0.016,0.142,0.742,0.1,100.0,
0.041,0.351,0.508,0.1,170.0,
0.016,0.253,0.632,0.1,174.0,
0.02,0.26,0.62,0.1,100.0,
0.05,0.26,0.59,0.1,141.0,
0.018,0.429,0.453,0.1,70.0,
0.043,0.396,0.461,0.1,90.0,
0.01,0.185,0.705,0.1,208.0,
0.023,0.473,0.404,0.1,118.0,
0.192,0.552,0.156,0.1,111.0,
0.07,0.76,0.07,0.1,231.0,
0.033,0.641,0.226,0.1,136.0,
0.019,0.286,0.595,0.1,177.0,
0.02,0.37,0.51,0.1,56.0,
0.045,0.325,0.53,0.1,80.0,
0.054,0.559,0.286,0.1,183.0,
0.188,0.465,0.247,0.1,70.0,
0.004,0.225,0.671,0.1,235.0,
0.042,0.475,0.383,0.1,175.0,
0.024,0.438,0.438,0.1,128.0,
0.19,0.51,0.2,0.1,98.0,
0.1,0.247,0.553,0.1,70.0,
0.022,0.306,0.572,0.1,120.0,
0.01,0.17,0.72,0.1,157.0,
0.006,0.362,0.531,0.1,99.0,
0.044,0.337,0.519,0.1,116.0,
0.033,0.415,0.453,0.1,190.0,
0.0,0.215,0.685,0.1,157.0,
0.003,0.229,0.668,0.1,149.0,
0.0,0.3,0.6,0.1,102.0,
0.067,0.413,0.42,0.1,80.0,
0.044,0.667,0.189,0.1,164.0,
0.045,0.224,0.631,0.1,195.0,
0.029,0.32,0.551,0.1,140.0,
0.065,0.742,0.094,0.1,240.0,
0.057,0.364,0.479,0.1,133.0,
0.003,0.219,0.678,0.1,136.0,
0.005,0.343,0.552,0.1,97.0,
0.093,0.279,0.529,0.1,50.0,
0.007,0.317,0.576,0.1,197.0,
0.015,0.26,0.625,0.1,195.0,
0.058,0.488,0.354,0.1,110.0,
0.012,0.215,0.673,0.1,125.0,
0.192,0.469,0.238,0.1,76.0,
0.3,0.57,0.03,0.1,60.0,
0.014,0.337,0.549,0.1,215.0,
0.018,0.303,0.579,0.1,134.0,
0.08,0.42,0.4,0.1,77.0,
0.144,0.662,0.093,0.1,205.0,
0.016,0.203,0.681,0.1,167.0,
0.043,0.417,0.439,0.1,83.0,
0.16,0.4,0.34,0.1,50.0,
0.008,0.392,0.5,0.1,113.0,
0.044,0.375,0.481,0.1,161.0,
0.024,0.438,0.438,0.1,104.0,
0.03,0.249,0.622,0.1,186.0,
0.02,0.253,0.627,0.1,151.0,
0.018,0.291,0.591,0.1,90.0,
0.177,0.465,0.258,0.1,161.0,
0.015,0.281,0.604,0.1,120.0,
0.0,0.231,0.669,0.1,139.0,
0.122,0.389,0.389,0.1,80.0,
0.054,0.489,0.357,0.1,112.0,
0.007,0.305,0.588,0.1,180.0,
0.048,0.456,0.396,0.1,105.0,
0.0,0.223,0.677,0.1,104.0,
0.091,0.744,0.065,0.1,150.0,
0.037,0.653,0.21,0.1,106.0,
0.035,0.4,0.465,0.1,136.0,
0.2,0.637,0.062,0.1,90.0,
0.0,0.216,0.684,0.1,197.0,
0.0,0.224,0.676,0.1,151.0,
0.052,0.359,0.489,0.1,103.0,
0.011,0.286,0.603,0.1,142.0,
0.005,0.273,0.623,0.1,80.0,
0.005,0.144,0.751,0.1,193.0,
0.2,0.688,0.012,0.1,80.0,
0.057,0.236,0.607,0.1,204.0,
0.158,0.367,0.375,0.1,60.0,
0.009,0.228,0.663,0.1,216.0,
0.006,0.573,0.321,0.1,138.0,
0.035,0.365,0.5,0.1,86.0,
0.186,0.614,0.1,0.1,142.0,
0.043,0.443,0.413,0.1,130.0,
0.111,0.275,0.514,0.1,140.0,
0.003,0.277,0.62,0.1,141.0,
0.02,0.14,0.74,0.1,144.0,
0.024,0.25,0.626,0.1,191.0,
0.041,0.335,0.524,0.1,149.0,
0.09,0.485,0.325,0.1,90.0,
0.1,0.568,0.232,0.1,97.0,
0.032,0.64,0.228,0.1,195.0,
0.01,0.2,0.69,0.1,208.0,
0.037,0.22,0.643,0.1,202.0,
0.106,0.394,0.4,0.1,50.0,
0.087,0.487,0.327,0.1,75.0,
0.014,0.281,0.606,0.1,158.0,
0.055,0.318,0.527,0.1,83.0,
0.036,0.225,0.639,0.1,134.0,
0.01,0.265,0.625,0.1,204.0,
0.017,0.225,0.658,0.1,160.0,
0.105,0.6,0.195,0.1,166.0,
0.042,0.408,0.45,0.1,112.0,
0.028,0.705,0.167,0.1,208.0,
0.006,0.239,0.656,0.1,178.0,
0.013,0.33,0.557,0.1,109.0,
0.004,0.196,0.7,0.1,104.0,
0.073,0.464,0.364,0.1,84.0,
0.111,0.647,0.142,0.1,90.0,
0.019,0.523,0.358,0.1,248.0,
0.026,0.36,0.514,0.1,140.0,
0.034,0.303,0.562,0.1,145.0,
0.178,0.478,0.243,0.1,160.0,
0.003,0.272,0.624,0.1,137.0,
0.027,0.438,0.435,0.1,111.0,
0.0,0.154,0.746,0.1,177.0,
0.0,0.083,0.817,0.1,265.0,
0.009,0.158,0.733,0.1,194.0,
0.165,0.4,0.335,0.1,70.0,
0.048,0.209,0.643,0.1,112.0,
0.05,0.579,0.271,0.1,110.0,
0.041,0.425,0.434,0.1,123.0,
0.025,0.225,0.65,0.1,70.0,
0.225,0.542,0.133,0.1,70.0,
0.224,0.395,0.281,0.1,90.0,
0.012,0.302,0.585,0.1,206.0,
0.024,0.418,0.459,0.1,137.0,
0.022,0.234,0.644,0.1,170.0,
0.032,0.248,0.619,0.1,134.0,
0.02,0.277,0.602,0.1,194.0,
0.037,0.333,0.529,0.1,126.0,
0.208,0.238,0.454,0.1,60.0,
0.093,0.371,0.436,0.1,69.0,
0.02,0.669,0.211,0.1,204.0,
0.003,0.341,0.555,0.1,126.0,
0.0,0.186,0.714,0.1,157.0,
0.03,0.309,0.561,0.1,110.0,
0.08,0.335,0.485,0.1,94.0,
0.05,0.354,0.496,0.1,70.0,
0.018,0.392,0.489,0.1,164.0,
0.012,0.392,0.496,0.1,114.0,
0.0,0.171,0.729,0.1,140.0,
0.028,0.316,0.556,0.1,128.0,
0.068,0.455,0.377,0.1,100.0,
0.039,0.45,0.411,0.1,60.0,
0.044,0.284,0.571,0.1,244.0,
0.033,0.313,0.553,0.1,137.0,
0.061,0.789,0.05,0.1,248.0,
0.039,0.396,0.465,0.1,90.0,
0.0,0.273,0.627,0.1,153.0,
0.032,0.392,0.476,0.1,91.0,
0.0,0.2,0.7,0.1,102.0,
0.058,0.35,0.492,0.1,90.0,
0.092,0.35,0.458,0.1,120.0,
0.0,0.395,0.505,0.1,175.0,
0.047,0.32,0.533,0.1,130.0,
0.014,0.254,0.632,0.1,130.0,
0.004,0.452,0.443,0.1,79.0,
0.142,0.513,0.245,0.1,122.0,
0.038,0.292,0.569,0.1,110.0,
0.03,0.365,0.504,0.1,85.0,
0.029,0.257,0.614,0.1,84.0,
0.033,0.326,0.541,0.1,121.0,
0.022,0.297,0.58,0.1,187.0,
0.019,0.348,0.533,0.1,120.0,
0.094,0.418,0.388,0.1,95.0,
0.028,0.25,0.622,0.1,138.0,
0.017,0.359,0.524,0.1,105.0,
0.03,0.192,0.678,0.1,181.0,
0.085,0.385,0.43,0.1,88.0,
0.0,0.223,0.677,0.1,93.0,
0.006,0.189,0.706,0.1,176.0,
0.024,0.493,0.383,0.1,121.0,
0.032,0.482,0.385,0.1,155.0,
0.054,0.418,0.429,0.1,108.0,
0.028,0.368,0.504,0.1,123.0,
0.02,0.81,0.071,0.1,148.0,
0.216,0.658,0.026,0.1,100.0,
0.406,0.484,0.009,0.1,183.0,
0.258,0.587,0.055,0.1,211.0,
0.213,0.649,0.038,0.1,214.0,
0.144,0.737,0.02,0.1,170.0,
0.284,0.553,0.063,0.1,76.0,
0.342,0.55,0.008,0.1,110.0,
0.358,0.535,0.008,0.1,134.0,
0.352,0.502,0.045,0.1,175.0,
0.217,0.675,0.008,0.1,120.0,
0.428,0.467,0.006,0.1,100.0,
0.295,0.547,0.058,0.1,72.0,
0.089,0.775,0.036,0.1,143.0,
0.296,0.592,0.012,0.1,120.0,
0.197,0.674,0.029,0.1,124.0,
0.0,0.853,0.047,0.1,143.0,
0.446,0.454,0.0,0.1,60.0,
0.413,0.443,0.043,0.1,120.0,
0.279,0.579,0.043,0.1,112.0,
0.29,0.571,0.038,0.1,80.0,
0.249,0.629,0.023,0.1,132.0,
0.006,0.841,0.053,0.1,149.0,
0.333,0.543,0.024,0.1,90.0,
0.188,0.669,0.044,0.1,163.0,
0.2,0.65,0.05,0.1,52.0,
0.309,0.576,0.016,0.1,232.0,
0.286,0.595,0.019,0.1,181.0,
0.319,0.554,0.027,0.1,132.0,
0.106,0.756,0.039,0.1,142.0,
0.3,0.586,0.014,0.1,172.0,
0.03,0.792,0.078,0.1,150.0,
0.325,0.55,0.025,0.1,60.0,
0.311,0.543,0.046,0.1,100.0,
0.174,0.726,0.0,0.1,130.0,
0.337,0.558,0.005,0.1,80.0,
0.433,0.467,0.0,0.1,70.0,
0.005,0.878,0.016,0.1,150.0,
0.322,0.556,0.022,0.1,121.0,
0.359,0.527,0.014,0.1,111.0,
0.332,0.557,0.011,0.1,130.0,
0.255,0.614,0.032,0.1,102.0,
0.367,0.5,0.033,0.1,155.0,
0.305,0.581,0.014,0.1,197.0,
0.068,0.767,0.065,0.1,198.0,
0.422,0.474,0.004,0.1,105.0,
0.106,0.77,0.023,0.1,185.0,
0.159,0.722,0.019,0.1,170.0,
0.248,0.6,0.052,0.1,60.0,
0.371,0.524,0.006,0.1,79.0,
0.028,0.802,0.07,0.1,202.0,
0.251,0.619,0.03,0.1,182.0,
0.217,0.67,0.013,0.1,158.0,
0.363,0.534,0.002,0.1,191.0,
0.164,0.706,0.031,0.1,126.0,
0.31,0.56,0.03,0.1,173.0,
0.124,0.741,0.034,0.1,140.0,
0.282,0.607,0.011,0.1,121.0,
0.119,0.762,0.019,0.1,78.0,
0.107,0.729,0.063,0.1,144.0,
0.346,0.538,0.016,0.1,160.0,
0.262,0.608,0.031,0.1,129.0,
0.33,0.553,0.017,0.1,126.0,
0.389,0.479,0.032,0.1,70.0,
0.33,0.548,0.022,0.1,80.0,
0.335,0.56,0.005,0.1,80.0,
0.067,0.749,0.084,0.1,231.0,
0.219,0.637,0.044,0.1,175.0,
0.08,0.806,0.014,0.1,140.0,
0.233,0.642,0.025,0.1,81.0,
0.211,0.658,0.031,0.1,150.0,
0.208,0.657,0.035,0.1,242.0,
0.177,0.693,0.03,0.1,110.0,
0.339,0.504,0.057,0.1,140.0,
0.095,0.762,0.043,0.1,91.0,
0.238,0.653,0.009,0.1,169.0,
0.026,0.807,0.067,0.1,173.0,
0.38,0.493,0.027,0.1,160.0,
0.275,0.595,0.03,0.1,81.0,
0.3,0.579,0.021,0.1,70.0,
0.159,0.709,0.032,0.1,133.0,
0.35,0.532,0.018,0.1,91.0,
0.3,0.589,0.011,0.1,80.0,
0.328,0.544,0.028,0.1,190.0,
0.209,0.667,0.024,0.1,240.0,
0.109,0.757,0.035,0.1,85.0,
0.193,0.679,0.028,0.1,110.0,
0.159,0.682,0.059,0.1,140.0,
0.475,0.412,0.013,0.1,60.0,
0.258,0.614,0.028,0.1,182.0,
0.344,0.5,0.056,0.1,111.0,
0.339,0.535,0.026,0.1,106.0,
0.219,0.644,0.037,0.1,120.0,
0.35,0.519,0.031,0.1,70.0,
0.024,0.797,0.079,0.1,136.0,
0.254,0.571,0.075,0.1,100.0,
0.011,0.878,0.011,0.1,60.0,
0.284,0.581,0.034,0.1,129.0,
0.279,0.605,0.016,0.1,69.0,
0.184,0.711,0.005,0.1,169.0,
0.182,0.696,0.022,0.1,240.0,
0.067,0.73,0.103,0.1,165.0,
0.177,0.686,0.036,0.1,108.0,
0.368,0.521,0.011,0.1,80.0,
0.237,0.63,0.033,0.1,111.0,
0.137,0.749,0.014,0.1,158.0,
0.28,0.588,0.032,0.1,80.0,
0.232,0.642,0.026,0.1,60.0,
0.063,0.787,0.05,0.1,147.0,
0.178,0.719,0.004,0.1,133.0,
0.27,0.618,0.012,0.1,161.0,
0.217,0.659,0.024,0.1,130.0,
0.34,0.56,0.0,0.1,60.0,
0.022,0.824,0.054,0.1,170.0,
0.346,0.554,0.0,0.1,141.0,
0.205,0.691,0.005,0.1,81.0,
0.218,0.659,0.023,0.1,200.0,
0.242,0.658,0.0,0.1,60.0,
0.247,0.643,0.01,0.1,122.0,
0.231,0.604,0.065,0.1,100.0,
0.153,0.703,0.043,0.1,122.0,
0.304,0.57,0.026,0.1,100.0,
0.03,0.774,0.096,0.1,191.0,
0.276,0.609,0.015,0.1,180.0,
0.352,0.533,0.014,0.1,90.0,
0.204,0.661,0.036,0.1,95.0,
0.215,0.645,0.04,0.1,165.0,
0.076,0.773,0.052,0.1,136.0,
0.4,0.469,0.031,0.1,129.0,
0.493,0.4,0.007,0.1,158.0,
0.448,0.443,0.01,0.1,173.0,
0.348,0.531,0.021,0.1,119.0,
0.331,0.547,0.022,0.1,130.0,
0.1,0.764,0.036,0.1,126.0,
0.278,0.606,0.017,0.1,80.0,
0.041,0.83,0.03,0.1,150.0,
0.344,0.544,0.011,0.1,180.0,
0.207,0.683,0.01,0.1,148.0,
0.333,0.552,0.014,0.1,98.0,
0.31,0.59,0.0,0.1,90.0,
0.057,0.8,0.043,0.1,243.0,
0.462,0.418,0.02,0.1,198.0,
0.095,0.8,0.005,0.1,60.0,
0.231,0.656,0.013,0.1,70.0,
0.105,0.741,0.054,0.1,179.0,
0.068,0.787,0.045,0.1,168.0,
0.445,0.445,0.009,0.1,50.0,
0.378,0.5,0.022,0.1,110.0,
0.034,0.827,0.039,0.1,165.0,
0.093,0.769,0.038,0.1,226.0,
0.3,0.563,0.037,0.1,123.0,
0.282,0.382,0.235,0.1,60.0,
0.282,0.6,0.018,0.1,50.0,
0.346,0.546,0.008,0.1,180.0,
0.203,0.658,0.039,0.1,190.0,
0.35,0.541,0.009,0.1,100.0,
0.357,0.513,0.03,0.1,120.0,
0.277,0.609,0.014,0.1,99.0,
0.009,0.85,0.041,0.1,120.0,
0.011,0.828,0.061,0.1,169.0,
0.267,0.621,0.012,0.1,207.0,
0.114,0.697,0.09,0.1,114.0,
0.182,0.685,0.033,0.1,152.0,
0.247,0.612,0.041,0.1,80.0,
0.192,0.692,0.017,0.1,60.0,
0.047,0.8,0.053,0.1,206.0,
0.35,0.525,0.025,0.1,70.0,
0.309,0.564,0.027,0.1,145.0,
0.35,0.539,0.011,0.1,90.0,
0.007,0.875,0.018,0.1,188.0,
0.284,0.603,0.013,0.1,130.0,
0.17,0.715,0.015,0.1,103.0,
0.252,0.639,0.01,0.1,172.0,
0.21,0.64,0.05,0.1,60.0,
0.411,0.461,0.028,0.1,179.0,
0.352,0.531,0.017,0.1,130.0,
0.238,0.643,0.019,0.1,76.0,
0.019,0.797,0.084,0.1,140.0,
0.13,0.748,0.022,0.1,170.0,
0.197,0.659,0.045,0.1,129.0,
0.157,0.733,0.01,0.1,110.0,
0.412,0.482,0.006,0.1,80.0,
0.151,0.731,0.017,0.1,146.0,
0.129,0.716,0.055,0.1,148.0,
0.05,0.803,0.047,0.1,189.0,
0.292,0.581,0.027,0.1,95.0,
0.243,0.638,0.019,0.1,190.0,
0.134,0.748,0.017,0.1,122.0,
0.36,0.492,0.048,0.1,107.0,
0.222,0.635,0.043,0.1,107.0,
0.243,0.648,0.01,0.1,87.0,
0.244,0.63,0.026,0.1,130.0,
0.179,0.649,0.072,0.1,185.0,
0.024,0.803,0.074,0.1,146.0,
0.14,0.737,0.023,0.1,153.0,
0.052,0.819,0.029,0.1,150.0,
0.36,0.536,0.004,0.1,126.0,
0.282,0.613,0.005,0.1,159.0,
0.172,0.665,0.062,0.1,178.0,
0.265,0.581,0.054,0.1,178.0,
0.306,0.594,0.0,0.1,180.0,
0.381,0.5,0.019,0.1,110.0,
0.24,0.591,0.07,0.1,173.0,
0.068,0.78,0.052,0.1,105.0,
0.333,0.54,0.027,0.1,150.0,
0.397,0.5,0.003,0.1,179.0,
0.319,0.565,0.017,0.1,189.0,
0.165,0.696,0.039,0.1,253.0,
0.157,0.731,0.011,0.1,144.0,
0.168,0.708,0.024,0.1,110.0,
0.38,0.512,0.007,0.1,167.0,
0.214,0.666,0.021,0.1,130.0,
0.05,0.831,0.019,0.1,170.0,
0.283,0.579,0.037,0.1,100.0,
0.278,0.606,0.017,0.1,80.0,
0.382,0.503,0.015,0.1,135.0,
0.185,0.685,0.03,0.1,232.0,
0.125,0.756,0.019,0.1,149.0,
0.37,0.515,0.015,0.1,128.0,
0.145,0.745,0.01,0.1,81.0,
0.295,0.6,0.005,0.1,70.0,
0.392,0.497,0.011,0.1,192.0,
0.105,0.752,0.043,0.1,100.0,
0.161,0.692,0.047,0.1,179.0,
0.188,0.692,0.019,0.1,123.0,
0.212,0.648,0.04,0.1,113.0,
0.097,0.752,0.052,0.1,140.0,
0.251,0.621,0.028,0.1,219.0,
0.362,0.525,0.013,0.1,100.0,
0.168,0.704,0.028,0.1,110.0,
0.427,0.461,0.012,0.1,147.0,
0.371,0.515,0.015,0.1,139.0,
0.018,0.805,0.076,0.1,163.0,
0.078,0.767,0.056,0.1,117.0,
0.422,0.47,0.009,0.1,106.0,
0.1,0.76,0.04,0.1,189.0,
0.055,0.812,0.033,0.1,193.0,
0.208,0.638,0.054,0.1,134.0,
0.259,0.624,0.018,0.1,100.0,
0.26,0.58,0.06,0.1,80.0,
0.386,0.489,0.025,0.1,114.0,
0.336,0.552,0.012,0.1,112.0,
0.373,0.5,0.027,0.1,80.0,
0.227,0.641,0.032,0.1,93.0,
0.25,0.617,0.033,0.1,40.0,
0.254,0.606,0.04,0.1,136.0,
0.282,0.612,0.006,0.1,70.0,
0.317,0.565,0.017,0.1,86.0,
0.289,0.575,0.036,0.1,233.0,
0.2,0.662,0.038,0.1,60.0,
0.205,0.68,0.015,0.1,178.0,
0.158,0.716,0.026,0.1,90.0,
0.286,0.595,0.019,0.1,110.0,
0.084,0.766,0.05,0.1,180.0,
0.187,0.661,0.052,0.1,103.0,
0.355,0.493,0.052,0.1,141.0,
0.329,0.571,0.0,0.1,100.0,
0.287,0.587,0.027,0.1,80.0,
0.171,0.706,0.023,0.1,164.0,
0.1,0.762,0.038,0.1,82.0,
0.254,0.627,0.019,0.1,85.0,
0.276,0.592,0.032,0.1,102.0,
0.259,0.595,0.046,0.1,139.0,
0.172,0.697,0.031,0.1,140.0,
0.182,0.7,0.018,0.1,127.0,
0.259,0.626,0.015,0.1,86.0,
0.167,0.727,0.007,0.1,70.0,
0.407,0.48,0.012,0.1,197.0,
0.117,0.763,0.02,0.1,116.0,
0.27,0.619,0.011,0.1,108.0,
0.381,0.476,0.043,0.1,160.0,
0.39,0.475,0.035,0.1,71.0,
0.122,0.73,0.048,0.1,107.0,
0.38,0.513,0.007,0.1,80.0,
0.3,0.58,0.02,0.1,93.0,
0.357,0.522,0.022,0.1,140.0,
0.005,0.815,0.08,0.1,164.0,
0.27,0.603,0.027,0.1,163.0,
0.321,0.562,0.017,0.1,196.0,
0.346,0.538,0.015,0.1,50.0,
0.294,0.583,0.022,0.1,50.0,
0.306,0.567,0.028,0.1,167.0,
0.206,0.684,0.01,0.1,148.0,
0.3,0.6,0.0,0.1,90.0,
0.209,0.691,0.0,0.1,120.0,
0.07,0.735,0.095,0.1,170.0,
0.348,0.538,0.014,0.1,123.0,
0.393,0.493,0.014,0.1,137.0,
0.31,0.581,0.01,0.1,145.0,
0.119,0.752,0.029,0.1,98.0,
0.338,0.523,0.038,0.1,40.0,
0.129,0.726,0.046,0.1,130.0,
0.078,0.743,0.078,0.1,180.0,
0.232,0.625,0.043,0.1,116.0,
0.248,0.648,0.005,0.1,120.0,
0.287,0.553,0.06,0.1,40.0,
0.256,0.606,0.039,0.1,80.0,
0.36,0.512,0.028,0.1,100.0,
0.246,0.623,0.031,0.1,40.0,
0.051,0.785,0.063,0.1,140.0,
0.272,0.623,0.006,0.1,232.0,
0.364,0.497,0.039,0.1,170.0,
0.072,0.784,0.044,0.1,92.0,
0.308,0.581,0.012,0.1,143.0,
0.278,0.578,0.044,0.1,176.0,
0.074,0.782,0.044,0.1,165.0,
0.384,0.497,0.019,0.1,150.0,
0.205,0.634,0.061,0.1,196.0,
0.334,0.545,0.021,0.1,130.0,
0.366,0.507,0.027,0.1,170.0,
0.404,0.483,0.013,0.1,80.0,
0.208,0.669,0.023,0.1,60.0,
0.289,0.6,0.011,0.1,129.0,
0.349,0.523,0.028,0.1,175.0,
0.316,0.552,0.032,0.1,82.0,
0.171,0.66,0.069,0.1,163.0,
0.289,0.579,0.032,0.1,127.0,
0.024,0.838,0.038,0.1,79.0,
0.143,0.72,0.037,0.1,160.0,
0.164,0.718,0.018,0.1,70.0,
0.293,0.564,0.043,0.1,60.0,
0.074,0.726,0.1,0.1,187.0,
0.132,0.768,0.0,0.1,98.0,
0.321,0.551,0.028,0.1,188.0,
0.325,0.561,0.014,0.1,159.0,
0.027,0.815,0.058,0.1,150.0,
0.173,0.705,0.023,0.1,110.0,
0.169,0.712,0.019,0.1,128.0,
0.356,0.5,0.044,0.1,60.0,
0.141,0.732,0.027,0.1,199.0,
0.181,0.691,0.028,0.1,154.0,
0.271,0.625,0.004,0.1,138.0,
0.255,0.6,0.045,0.1,133.0,
0.483,0.365,0.052,0.1,120.0,
0.127,0.737,0.037,0.1,164.0,
0.431,0.454,0.015,0.1,130.0,
0.064,0.812,0.024,0.1,151.0,
0.3,0.59,0.01,0.1,110.0,
0.222,0.624,0.054,0.1,168.0,
0.569,0.331,0.0,0.1,150.0,
0.273,0.588,0.038,0.1,105.0,
0.277,0.587,0.035,0.1,155.0,
0.018,0.824,0.059,0.1,140.0,
0.209,0.648,0.043,0.1,92.0,
0.056,0.815,0.03,0.1,82.0,
0.276,0.571,0.053,0.1,80.0,
0.05,0.767,0.083,0.1,184.0,
0.142,0.672,0.086,0.1,156.0,
0.155,0.695,0.05,0.1,162.0,
0.45,0.438,0.013,0.1,100.0,
0.204,0.661,0.035,0.1,86.0,
0.028,0.802,0.07,0.1,243.0,
0.418,0.476,0.006,0.1,80.0,
0.043,0.757,0.1,0.1,168.0,
0.072,0.802,0.025,0.1,211.0,
0.278,0.588,0.034,0.1,161.0,
0.33,0.548,0.021,0.1,138.0,
0.216,0.647,0.037,0.1,89.0,
0.205,0.647,0.047,0.1,156.0,
0.381,0.51,0.01,0.1,100.0,
0.03,0.848,0.022,0.1,99.0,
0.328,0.567,0.006,0.1,210.0,
0.369,0.494,0.037,0.1,165.0,
0.026,0.797,0.076,0.1,149.0,
0.4,0.486,0.014,0.1,153.0,
0.264,0.618,0.018,0.1,60.0,
0.315,0.577,0.008,0.1,70.0,
0.449,0.431,0.021,0.1,172.0,
0.359,0.541,0.0,0.1,113.0,
0.404,0.483,0.013,0.1,100.0,
0.381,0.5,0.019,0.1,170.0,
0.019,0.778,0.103,0.1,153.0,
0.0,0.851,0.049,0.1,150.0,
0.2,0.664,0.036,0.1,110.0,
0.287,0.574,0.039,0.1,104.0,
0.158,0.715,0.027,0.1,117.0,
0.427,0.456,0.018,0.1,161.0,
0.336,0.555,0.009,0.1,134.0,
0.242,0.632,0.026,0.1,80.0,
0.358,0.526,0.016,0.1,110.0,
0.098,0.723,0.08,0.1,220.0,
0.243,0.636,0.02,0.1,226.0,
0.422,0.448,0.03,0.1,101.0,
0.325,0.51,0.065,0.1,90.0,
0.0,0.205,0.695,0.1,140.0,
0.016,0.203,0.682,0.1,196.0,
0.03,0.311,0.559,0.1,122.0,
0.0,0.295,0.605,0.1,110.0,
0.029,0.383,0.487,0.1,90.0,
0.028,0.287,0.585,0.1,158.0,
0.026,0.51,0.364,0.1,183.0,
0.224,0.438,0.238,0.1,150.0,
0.036,0.391,0.473,0.1,117.0,
0.069,0.262,0.569,0.1,110.0,
0.124,0.634,0.141,0.1,177.0,
0.01,0.245,0.645,0.1,129.0,
0.0,0.303,0.597,0.1,152.0,
0.095,0.289,0.516,0.1,80.0,
0.0,0.249,0.651,0.1,157.0,
0.005,0.227,0.668,0.1,134.0,
0.025,0.425,0.45,0.1,60.0,
0.025,0.435,0.44,0.1,80.0,
0.017,0.244,0.639,0.1,194.0,
0.033,0.253,0.613,0.1,137.0,
0.021,0.236,0.644,0.1,179.0,
0.2,0.318,0.382,0.1,60.0,
0.073,0.331,0.496,0.1,122.0,
0.0,0.271,0.629,0.1,131.0,
0.061,0.382,0.457,0.1,80.0,
0.009,0.085,0.806,0.1,160.0,
0.026,0.564,0.311,0.1,172.0,
0.052,0.371,0.476,0.1,110.0,
0.096,0.461,0.343,0.1,137.0,
0.027,0.47,0.403,0.1,135.0,
0.017,0.339,0.544,0.1,70.0,
0.002,0.148,0.75,0.1,212.0,
0.344,0.55,0.006,0.1,71.0,
0.243,0.648,0.009,0.1,90.0,
0.016,0.203,0.681,0.1,184.0,
0.153,0.742,0.005,0.1,60.0,
0.21,0.65,0.04,0.1,90.0,
0.461,0.411,0.028,0.1,92.0,
0.033,0.825,0.042,0.1,157.0,
0.169,0.703,0.028,0.1,190.0,
0.202,0.683,0.015,0.1,246.0,
0.285,0.577,0.038,0.1,94.0,
0.004,0.873,0.022,0.1,214.0,
0.086,0.739,0.075,0.1,70.0,
0.157,0.685,0.057,0.1,221.0,
0.316,0.541,0.044,0.1,168.0,
0.148,0.695,0.057,0.1,80.0,
0.406,0.47,0.024,0.1,150.0,
0.021,0.256,0.624,0.1,149.0,
0.038,0.338,0.523,0.1,130.0,
0.021,0.358,0.521,0.1,125.0,
0.113,0.356,0.431,0.1,60.0,
0.029,0.411,0.461,0.1,90.0,
0.0,0.253,0.647,0.1,170.0,
0.1,0.452,0.348,0.1,110.0,
0.024,0.318,0.558,0.1,190.0,
0.046,0.169,0.685,0.1,200.0,
0.042,0.653,0.206,0.1,141.0,
0.025,0.51,0.365,0.1,90.0,
0.046,0.125,0.729,0.1,94.0,
0.059,0.394,0.447,0.1,70.0,
0.008,0.195,0.697,0.1,192.0,
0.14,0.684,0.076,0.1,121.0,
0.071,0.381,0.448,0.1,100.0,
0.242,0.642,0.015,0.1,115.0,
0.372,0.517,0.011,0.1,80.0,
0.463,0.433,0.004,0.1,102.0,
0.12,0.748,0.032,0.1,218.0,
0.1,0.777,0.023,0.1,174.0,
0.308,0.574,0.018,0.1,170.0,
0.32,0.57,0.01,0.1,80.0,
0.109,0.757,0.034,0.1,140.0,
0.159,0.695,0.045,0.1,189.0,
0.159,0.689,0.052,0.1,130.0,
0.3,0.586,0.014,0.1,88.0,
0.253,0.626,0.021,0.1,80.0,
0.356,0.525,0.019,0.1,80.0,
0.031,0.776,0.093,0.1,172.0,
0.038,0.797,0.064,0.1,182.0,
0.258,0.616,0.026,0.1,90.0,


