0.0,0.061,0.839,0.1,190.0,
0.002,0.036,0.862,0.1,372.0,
0.0,0.027,0.873,0.1,273.0,
0.0,0.07,0.83,0.1,197.0,
0.0,0.19,0.71,0.1,112.0,
0.068,0.079,0.754,0.1,159.0,
0.011,0.089,0.8,0.1,263.0,
0.003,0.043,0.854,0.1,280.0,
0.0,0.168,0.732,0.1,176.0,
0.096,0.163,0.641,0.1,157.0,
0.0,0.02,0.88,0.1,341.0,
0.0,0.278,0.622,0.1,203.0,
0.0,0.082,0.818,0.1,223.0,
0.013,0.135,0.752,0.1,117.0,
0.0,0.041,0.859,0.1,215.0,
0.0,0.04,0.86,0.1,246.0,
0.048,0.171,0.681,0.1,202.0,
0.0,0.041,0.859,0.1,239.0,
0.106,0.211,0.583,0.1,98.0,
0.0,0.053,0.847,0.1,270.0,
0.004,0.156,0.74,0.1,187.0,
0.0,0.044,0.856,0.1,249.0,
0.0,0.148,0.752,0.1,158.0,
0.05,0.118,0.732,0.1,131.0,
0.0,0.097,0.803,0.1,204.0,
0.0,0.163,0.737,0.1,230.0,
0.0,0.214,0.686,0.1,65.0,
0.0,0.002,0.898,0.1,303.0,
0.0,0.017,0.883,0.1,326.0,
0.0,0.082,0.818,0.1,230.0,
0.0,0.027,0.873,0.1,305.0,
0.076,0.259,0.565,0.1,99.0,
0.019,0.194,0.688,0.1,81.0,
0.0,0.016,0.884,0.1,405.0,
0.095,0.162,0.643,0.1,102.0,
0.0,0.061,0.839,0.1,236.0,
0.0,0.133,0.767,0.1,119.0,
0.0,0.169,0.731,0.1,72.0,
0.043,0.178,0.678,0.1,149.0,
0.0,0.177,0.723,0.1,226.0,
0.0,0.085,0.815,0.1,161.0,
0.0,0.031,0.869,0.1,299.0,
0.0,0.221,0.679,0.1,124.0,
0.0,0.096,0.804,0.1,164.0,
0.0,0.167,0.733,0.1,104.0,
0.0,0.043,0.858,0.1,301.0,
0.003,0.119,0.777,0.1,233.0,
0.052,0.157,0.691,0.1,149.0,
0.0,0.035,0.865,0.1,201.0,
0.0,0.185,0.715,0.1,110.0,
0.0,0.062,0.838,0.1,288.0,
0.0,0.04,0.86,0.1,233.0,
0.0,0.055,0.845,0.1,249.0,
0.0,0.115,0.785,0.1,179.0,
0.003,0.121,0.776,0.1,259.0,
0.0,0.022,0.878,0.1,308.0,
0.0,0.092,0.808,0.1,159.0,
0.0,0.084,0.816,0.1,242.0,
0.0,0.167,0.733,0.1,115.0,
0.0,0.039,0.861,0.1,218.0,
0.023,0.246,0.631,0.1,59.0,
0.0,0.214,0.686,0.1,129.0,
0.148,0.042,0.71,0.1,170.0,
0.019,0.243,0.638,0.1,111.0,
0.0,0.132,0.768,0.1,162.0,
0.006,0.169,0.725,0.1,85.0,
0.0,0.007,0.893,0.1,347.0,
0.003,0.103,0.794,0.1,237.0,
0.0,0.134,0.766,0.1,287.0,
0.072,0.222,0.606,0.1,100.0,
0.0,0.067,0.833,0.1,308.0,
0.0,0.108,0.792,0.1,292.0,
0.0,0.021,0.879,0.1,205.0,
0.075,0.188,0.637,0.1,81.0,
0.0,0.03,0.87,0.1,324.0,
0.0,0.156,0.744,0.1,178.0,
0.0,0.059,0.841,0.1,266.0,
0.015,0.2,0.685,0.1,128.0,
0.0,0.055,0.845,0.1,316.0,
0.0,0.032,0.868,0.1,332.0,
0.009,0.094,0.797,0.1,211.0,
0.0,0.03,0.87,0.1,300.0,
0.075,0.21,0.615,0.1,94.0,
0.0,0.015,0.885,0.1,407.0,
0.0,0.011,0.889,0.1,384.0,
0.0,0.156,0.744,0.1,167.0,
0.0,0.274,0.626,0.1,126.0,
0.0,0.127,0.773,0.1,69.0,
0.011,0.306,0.583,0.1,107.0,
0.0,0.02,0.88,0.1,339.0,
0.0,0.07,0.83,0.1,351.0,
0.0,0.212,0.688,0.1,151.0,
0.0,0.078,0.822,0.1,139.0,
0.0,0.194,0.706,0.1,128.0,
0.0,0.165,0.735,0.1,104.0,
0.0,0.021,0.879,0.1,358.0,
0.0,0.03,0.87,0.1,322.0,
0.004,0.064,0.832,0.1,186.0,
0.0,0.26,0.64,0.1,89.0,
0.004,0.215,0.681,0.1,165.0,
0.0,0.219,0.681,0.1,205.0,
0.0,0.104,0.796,0.1,206.0,
0.0,0.107,0.793,0.1,192.0,
0.059,0.229,0.612,0.1,105.0,
0.0,0.083,0.817,0.1,277.0,
0.0,0.015,0.885,0.1,266.0,
0.0,0.179,0.721,0.1,116.0,
0.0,0.239,0.661,0.1,237.0,
0.0,0.058,0.842,0.1,216.0,
0.0,0.056,0.844,0.1,227.0,
0.009,0.109,0.783,0.1,107.0,
0.0,0.075,0.825,0.1,130.0,
0.0,0.208,0.692,0.1,69.0,
0.0,0.06,0.84,0.1,256.0,
0.0,0.08,0.82,0.1,229.0,
0.0,0.08,0.82,0.1,177.0,
0.004,0.08,0.816,0.1,165.0,
0.0,0.315,0.585,0.1,129.0,
0.0,0.051,0.849,0.1,294.0,
0.0,0.204,0.696,0.1,169.0,
0.0,0.058,0.842,0.1,261.0,
0.0,0.097,0.803,0.1,220.0,
0.0,0.043,0.857,0.1,331.0,
0.0,0.02,0.88,0.1,248.0,
0.0,0.115,0.785,0.1,240.0,
0.0,0.058,0.842,0.1,198.0,
0.0,0.079,0.821,0.1,187.0,
0.0,0.045,0.855,0.1,370.0,
0.0,0.008,0.892,0.1,355.0,
0.0,0.226,0.674,0.1,231.0,
0.0,0.057,0.843,0.1,230.0,
0.0,0.071,0.829,0.1,158.0,
0.092,0.267,0.542,0.1,59.0,
0.0,0.141,0.759,0.1,135.0,
0.0,0.084,0.816,0.1,154.0,
0.01,0.243,0.648,0.1,102.0,
0.054,0.346,0.5,0.1,70.0,
0.042,0.109,0.749,0.1,274.0,
0.011,0.121,0.768,0.1,116.0,
0.0,0.156,0.744,0.1,119.0,
0.005,0.224,0.671,0.1,119.0,
0.1,0.3,0.5,0.1,39.0,
0.003,0.16,0.737,0.1,200.0,
0.004,0.063,0.833,0.1,170.0,
0.039,0.174,0.687,0.1,180.0,
0.002,0.052,0.845,0.1,353.0,
0.0,0.036,0.864,0.1,280.0,
0.0,0.107,0.793,0.1,215.0,
0.004,0.132,0.764,0.1,186.0,
0.0,0.093,0.807,0.1,171.0,
0.0,0.132,0.768,0.1,149.0,
0.0,0.046,0.854,0.1,291.0,
0.0,0.097,0.803,0.1,253.0,
0.093,0.218,0.589,0.1,162.0,
0.0,0.046,0.854,0.1,289.0,
0.014,0.072,0.814,0.1,207.0,
0.0,0.059,0.841,0.1,274.0,
0.0,0.024,0.876,0.1,264.0,
0.0,0.192,0.708,0.1,154.0,
0.0,0.047,0.853,0.1,259.0,
0.0,0.05,0.85,0.1,292.0,
0.0,0.157,0.743,0.1,209.0,
0.0,0.35,0.55,0.1,99.0,
0.0,0.041,0.859,0.1,153.0,
0.047,0.307,0.547,0.1,100.0,
0.0,0.04,0.86,0.1,312.0,
0.011,0.118,0.771,0.1,156.0,
0.0,0.13,0.77,0.1,160.0,
0.002,0.04,0.857,0.1,385.0,
0.012,0.219,0.669,0.1,183.0,
0.0,0.154,0.746,0.1,170.0,
0.0,0.121,0.779,0.1,123.0,
0.174,0.258,0.468,0.1,102.0,
0.0,0.067,0.833,0.1,257.0,
0.0,0.089,0.811,0.1,206.0,
0.0,0.156,0.744,0.1,111.0,
0.059,0.329,0.512,0.1,93.0,
0.0,0.036,0.864,0.1,295.0,
0.0,0.097,0.803,0.1,218.0,
0.0,0.081,0.819,0.1,218.0,
0.0,0.233,0.667,0.1,89.0,
0.0,0.206,0.694,0.1,99.0,
0.0,0.062,0.838,0.1,298.0,
0.0,0.042,0.858,0.1,283.0,
0.007,0.02,0.873,0.1,282.0,
0.038,0.067,0.795,0.1,264.0,
0.0,0.13,0.77,0.1,178.0,
0.1,0.418,0.382,0.1,53.0,
0.044,0.322,0.533,0.1,60.0,
0.0,0.159,0.741,0.1,317.0,
0.156,0.219,0.525,0.1,108.0,
0.0,0.178,0.722,0.1,111.0,
0.0,0.075,0.825,0.1,318.0,
0.147,0.267,0.487,0.1,80.0,
0.024,0.103,0.773,0.1,201.0,
0.0,0.163,0.737,0.1,190.0,
0.0,0.068,0.832,0.1,172.0,
0.0,0.031,0.869,0.1,320.0,
0.006,0.053,0.842,0.1,263.0,
0.0,0.173,0.727,0.1,144.0,
0.0,0.035,0.865,0.1,368.0,
0.006,0.141,0.753,0.1,85.0,
0.0,0.058,0.842,0.1,261.0,
0.0,0.178,0.722,0.1,103.0,
0.076,0.288,0.536,0.1,149.0,
0.0,0.172,0.728,0.1,98.0,
0.0,0.108,0.792,0.1,286.0,
0.0,0.181,0.719,0.1,148.0,
0.083,0.222,0.596,0.1,143.0,
0.0,0.064,0.836,0.1,159.0,
0.0,0.252,0.648,0.1,181.0,
0.0,0.08,0.82,0.1,257.0,
0.0,0.158,0.742,0.1,170.0,
0.0,0.096,0.804,0.1,161.0,
0.0,0.29,0.61,0.1,121.0,
0.0,0.055,0.845,0.1,323.0,
0.006,0.117,0.778,0.1,93.0,
0.055,0.17,0.675,0.1,97.0,
0.0,0.05,0.85,0.1,295.0,
0.0,0.3,0.6,0.1,128.0,
0.155,0.282,0.464,0.1,60.0,
0.0,0.042,0.858,0.1,267.0,
0.0,0.126,0.774,0.1,177.0,
0.0,0.041,0.859,0.1,205.0,
0.0,0.079,0.821,0.1,276.0,
0.0,0.184,0.716,0.1,111.0,
0.052,0.167,0.681,0.1,129.0,
0.0,0.072,0.828,0.1,270.0,
0.0,0.043,0.857,0.1,324.0,
0.0,0.089,0.811,0.1,201.0,
0.0,0.105,0.795,0.1,292.0,
0.0,0.236,0.664,0.1,252.0,
0.0,0.119,0.781,0.1,272.0,
0.0,0.081,0.819,0.1,134.0,
0.0,0.061,0.839,0.1,213.0,
0.0,0.065,0.835,0.1,275.0,
0.0,0.093,0.807,0.1,181.0,
0.0,0.1,0.8,0.1,184.0,
0.0,0.061,0.839,0.1,329.0,
0.0,0.032,0.868,0.1,247.0,
0.003,0.094,0.803,0.1,277.0,
0.047,0.229,0.624,0.1,109.0,
0.083,0.217,0.6,0.1,116.0,
0.0,0.027,0.873,0.1,363.0,
0.022,0.104,0.774,0.1,157.0,
0.0,0.134,0.766,0.1,203.0,
0.0,0.224,0.676,0.1,101.0,
0.0,0.115,0.785,0.1,139.0,
0.004,0.093,0.804,0.1,213.0,
0.0,0.168,0.732,0.1,121.0,
0.005,0.142,0.753,0.1,109.0,
0.0,0.089,0.811,0.1,209.0,
0.0,0.192,0.708,0.1,285.0,
0.014,0.209,0.677,0.1,139.0,
0.0,0.019,0.881,0.1,338.0,
0.003,0.016,0.882,0.1,292.0,
0.0,0.117,0.783,0.1,292.0,
0.0,0.113,0.787,0.1,168.0,
0.0,0.061,0.839,0.1,166.0,
0.0,0.024,0.876,0.1,338.0,
0.0,0.055,0.845,0.1,209.0,
0.0,0.061,0.839,0.1,231.0,
0.004,0.148,0.748,0.1,143.0,
0.007,0.189,0.704,0.1,161.0,
0.0,0.089,0.811,0.1,187.0,
0.0,0.087,0.812,0.1,231.0,
0.0,0.046,0.854,0.1,178.0,
0.0,0.037,0.863,0.1,340.0,
0.0,0.013,0.887,0.1,380.0,
0.0,0.067,0.833,0.1,209.0,
0.0,0.048,0.853,0.1,300.0,
0.0,0.045,0.855,0.1,212.0,
0.0,0.039,0.861,0.1,237.0,
0.0,0.035,0.865,0.1,357.0,
0.0,0.107,0.793,0.1,206.0,
0.0,0.216,0.684,0.1,110.0,
0.0,0.235,0.665,0.1,93.0,
0.0,0.046,0.854,0.1,346.0,
0.0,0.068,0.832,0.1,231.0,
0.0,0.046,0.854,0.1,173.0,
0.005,0.17,0.725,0.1,138.0,
0.018,0.058,0.824,0.1,274.0,
0.0,0.019,0.881,0.1,348.0,
0.074,0.189,0.637,0.1,124.0,
0.0,0.062,0.838,0.1,235.0,
0.0,0.069,0.831,0.1,205.0,
0.0,0.1,0.8,0.1,308.0,
0.0,0.058,0.842,0.1,216.0,
0.005,0.11,0.786,0.1,146.0,
0.0,0.357,0.543,0.1,110.0,
0.0,0.032,0.868,0.1,248.0,
0.0,0.081,0.819,0.1,236.0,
0.0,0.096,0.804,0.1,172.0,
0.0,0.119,0.781,0.1,176.0,
0.0,0.223,0.677,0.1,207.0,
0.0,0.071,0.829,0.1,138.0,
0.0,0.077,0.823,0.1,220.0,
0.018,0.136,0.745,0.1,148.0,
0.0,0.218,0.682,0.1,91.0,
0.0,0.1,0.8,0.1,261.0,
0.003,0.165,0.732,0.1,229.0,
0.0,0.078,0.822,0.1,192.0,
0.0,0.112,0.788,0.1,200.0,
0.13,0.33,0.44,0.1,42.0,
0.019,0.344,0.537,0.1,77.0,
0.0,0.053,0.847,0.1,265.0,
0.0,0.208,0.692,0.1,170.0,
0.005,0.014,0.881,0.1,277.0,
0.0,0.008,0.892,0.1,365.0,
0.0,0.03,0.87,0.1,252.0,
0.0,0.165,0.735,0.1,162.0,
0.0,0.061,0.839,0.1,159.0,
0.0,0.027,0.873,0.1,258.0,
0.0,0.114,0.786,0.1,190.0,
0.003,0.068,0.83,0.1,269.0,
0.0,0.037,0.863,0.1,214.0,
0.0,0.026,0.874,0.1,221.0,
0.0,0.127,0.773,0.1,229.0,
0.062,0.131,0.708,0.1,70.0,
0.002,0.013,0.885,0.1,316.0,
0.0,0.219,0.681,0.1,201.0,
0.021,0.1,0.779,0.1,243.0,
0.035,0.182,0.682,0.1,99.0,
0.0,0.093,0.807,0.1,181.0,
0.0,0.078,0.822,0.1,239.0,
0.0,0.114,0.786,0.1,149.0,
0.004,0.138,0.758,0.1,188.0,
0.062,0.231,0.608,0.1,65.0,
0.0,0.232,0.668,0.1,145.0,
0.0,0.079,0.821,0.1,195.0,
0.02,0.245,0.635,0.1,134.0,
0.0,0.015,0.885,0.1,386.0,
0.0,0.129,0.771,0.1,249.0,
0.0,0.1,0.8,0.1,128.0,
0.0,0.079,0.821,0.1,241.0,
0.0,0.22,0.68,0.1,89.0,
0.0,0.2,0.7,0.1,119.0,
0.0,0.033,0.868,0.1,326.0,
0.0,0.125,0.775,0.1,210.0,
0.0,0.091,0.809,0.1,249.0,
0.0,0.167,0.733,0.1,213.0,
0.0,0.319,0.581,0.1,100.0,
0.0,0.014,0.886,0.1,325.0,
0.0,0.118,0.782,0.1,195.0,
0.0,0.144,0.756,0.1,151.0,
0.0,0.027,0.873,0.1,290.0,
0.0,0.244,0.656,0.1,91.0,
0.004,0.146,0.75,0.1,138.0,
0.0,0.047,0.853,0.1,285.0,
0.0,0.047,0.853,0.1,372.0,
0.0,0.145,0.755,0.1,140.0,
0.0,0.217,0.683,0.1,111.0,
0.03,0.126,0.743,0.1,111.0,
0.0,0.035,0.865,0.1,273.0,
0.0,0.021,0.879,0.1,249.0,
0.0,0.182,0.718,0.1,99.0,
0.0,0.036,0.864,0.1,284.0,
0.0,0.232,0.668,0.1,112.0,
0.0,0.1,0.8,0.1,223.0,
0.0,0.067,0.833,0.1,201.0,
0.0,0.111,0.789,0.1,109.0,
0.0,0.021,0.879,0.1,275.0,
0.0,0.026,0.874,0.1,259.0,
0.0,0.08,0.82,0.1,179.0,
0.0,0.36,0.54,0.1,197.0,
0.0,0.182,0.718,0.1,108.0,
0.0,0.239,0.661,0.1,162.0,
0.0,0.05,0.85,0.1,264.0,
0.0,0.177,0.723,0.1,182.0,
0.072,0.18,0.648,0.1,149.0,
0.0,0.03,0.87,0.1,366.0,
0.0,0.041,0.859,0.1,244.0,
0.0,0.043,0.857,0.1,267.0,
0.0,0.12,0.78,0.1,120.0,
0.0,0.13,0.77,0.1,138.0,
0.0,0.03,0.87,0.1,267.0,
0.035,0.188,0.676,0.1,93.0,
0.0,0.021,0.879,0.1,443.0,
0.0,0.042,0.858,0.1,220.0,
0.0,0.124,0.776,0.1,191.0,
0.015,0.135,0.75,0.1,144.0,
0.024,0.171,0.706,0.1,117.0,
0.0,0.036,0.864,0.1,258.0,
0.0,0.087,0.813,0.1,214.0,
0.0,0.059,0.841,0.1,238.0,
0.0,0.063,0.837,0.1,188.0,
0.003,0.087,0.81,0.1,309.0,
0.0,0.061,0.839,0.1,255.0,
0.0,0.1,0.8,0.1,212.0,
0.0,0.08,0.82,0.1,169.0,
0.013,0.233,0.653,0.1,88.0,
0.0,0.097,0.803,0.1,265.0,
0.04,0.093,0.767,0.1,226.0,
0.0,0.077,0.823,0.1,268.0,
0.002,0.031,0.867,0.1,362.0,
0.011,0.179,0.711,0.1,192.0,
0.0,0.03,0.87,0.1,275.0,
0.0,0.148,0.752,0.1,135.0,
0.0,0.357,0.543,0.1,80.0,
0.0,0.028,0.872,0.1,350.0,
0.003,0.083,0.815,0.1,298.0,
0.0,0.069,0.831,0.1,189.0,
0.0,0.081,0.819,0.1,190.0,
0.092,0.269,0.538,0.1,79.0,
0.11,0.26,0.53,0.1,60.0,
0.002,0.03,0.867,0.1,301.0,
0.0,0.121,0.779,0.1,245.0,
0.0,0.167,0.733,0.1,89.0,
0.0,0.022,0.878,0.1,352.0,
0.003,0.166,0.731,0.1,212.0,
0.0,0.143,0.757,0.1,150.0,
0.1,0.19,0.61,0.1,50.0,
0.0,0.128,0.772,0.1,154.0,
0.003,0.083,0.814,0.1,276.0,
0.0,0.186,0.714,0.1,192.0,
0.0,0.027,0.873,0.1,255.0,
0.0,0.047,0.853,0.1,224.0,
0.0,0.132,0.768,0.1,141.0,
0.077,0.139,0.684,0.1,196.0,
0.0,0.158,0.742,0.1,162.0,
0.003,0.083,0.814,0.1,214.0,
0.017,0.144,0.739,0.1,98.0,
0.0,0.061,0.839,0.1,208.0,
0.0,0.027,0.873,0.1,323.0,
0.0,0.072,0.828,0.1,178.0,
0.005,0.114,0.782,0.1,159.0,
0.003,0.103,0.794,0.1,234.0,
0.0,0.05,0.85,0.1,228.0,
0.0,0.053,0.847,0.1,242.0,
0.087,0.206,0.606,0.1,95.0,
0.0,0.019,0.881,0.1,337.0,
0.0,0.017,0.883,0.1,309.0,
0.0,0.056,0.844,0.1,197.0,
0.0,0.069,0.831,0.1,245.0,
0.0,0.177,0.723,0.1,152.0,
0.0,0.042,0.858,0.1,305.0,
0.053,0.253,0.594,0.1,80.0,
0.0,0.025,0.875,0.1,287.0,
0.083,0.383,0.433,0.1,62.0,
0.0,0.041,0.859,0.1,375.0,
0.0,0.039,0.861,0.1,218.0,
0.047,0.218,0.635,0.1,90.0,
0.1,0.203,0.597,0.1,186.0,
0.0,0.15,0.75,0.1,210.0,
0.007,0.054,0.839,0.1,190.0,
0.0,0.08,0.82,0.1,263.0,
0.0,0.089,0.811,0.1,249.0,
0.0,0.055,0.845,0.1,319.0,
0.0,0.05,0.85,0.1,244.0,
0.02,0.15,0.73,0.1,110.0,
0.0,0.159,0.741,0.1,148.0,
0.0,0.017,0.883,0.1,373.0,
0.0,0.073,0.827,0.1,285.0,
0.04,0.146,0.714,0.1,239.0,
0.056,0.237,0.606,0.1,71.0,
0.147,0.3,0.453,0.1,86.0,
0.0,0.081,0.819,0.1,248.0,
0.005,0.077,0.818,0.1,159.0,
0.004,0.075,0.821,0.1,177.0,
0.0,0.08,0.82,0.1,300.0,
0.003,0.047,0.85,0.1,276.0,
0.003,0.037,0.861,0.1,290.0,
0.0,0.092,0.808,0.1,149.0,
0.003,0.072,0.826,0.1,289.0,
0.0,0.089,0.811,0.1,289.0,
0.0,0.123,0.777,0.1,202.0,
0.0,0.161,0.739,0.1,139.0,
0.0,0.168,0.732,0.1,150.0,
0.032,0.174,0.695,0.1,108.0,
0.0,0.002,0.898,0.1,375.0,
0.0,0.063,0.837,0.1,238.0,
0.0,0.131,0.769,0.1,204.0,
0.096,0.243,0.561,0.1,160.0,
0.0,0.169,0.731,0.1,212.0,
0.0,0.181,0.719,0.1,163.0,
0.0,0.026,0.874,0.1,308.0,
0.0,0.036,0.864,0.1,340.0,
0.0,0.033,0.867,0.1,301.0,
0.129,0.176,0.594,0.1,71.0,
0.004,0.135,0.761,0.1,149.0,
0.0,0.059,0.841,0.1,256.0,
0.003,0.116,0.781,0.1,233.0,
0.0,0.237,0.662,0.1,99.0,
0.033,0.408,0.458,0.1,70.0,
0.01,0.133,0.757,0.1,134.0,
0.0,0.012,0.888,0.1,308.0,
0.0,0.079,0.821,0.1,240.0,
0.003,0.028,0.869,0.1,181.0,
0.003,0.132,0.765,0.1,228.0,
0.0,0.032,0.868,0.1,301.0,
0.004,0.146,0.75,0.1,159.0,
0.031,0.262,0.608,0.1,70.0,
0.064,0.329,0.507,0.1,72.0,
0.002,0.024,0.873,0.1,345.0,
0.0,0.072,0.828,0.1,208.0,
0.0,0.031,0.869,0.1,198.0,
0.004,0.143,0.752,0.1,130.0,
0.055,0.24,0.605,0.1,97.0,
0.0,0.117,0.783,0.1,150.0,
0.0,0.047,0.853,0.1,317.0,
0.0,0.092,0.808,0.1,188.0,
0.0,0.045,0.855,0.1,180.0,
0.0,0.044,0.856,0.1,240.0,
0.005,0.091,0.805,0.1,145.0,
0.0,0.172,0.728,0.1,109.0,
0.0,0.06,0.84,0.1,350.0,
0.0,0.057,0.843,0.1,195.0,
0.039,0.03,0.832,0.1,324.0,
0.0,0.239,0.661,0.1,129.0,
0.0,0.107,0.793,0.1,197.0,
0.004,0.292,0.604,0.1,166.0,
0.0,0.133,0.767,0.1,143.0,
0.0,0.088,0.812,0.1,176.0,
0.027,0.162,0.712,0.1,145.0,
0.0,0.086,0.814,0.1,299.0,
0.003,0.197,0.7,0.1,219.0,
0.0,0.089,0.811,0.1,197.0,
0.0,0.148,0.752,0.1,158.0,
0.094,0.216,0.59,0.1,173.0,
0.0,0.188,0.712,0.1,152.0,
0.009,0.109,0.783,0.1,147.0,
0.0,0.162,0.738,0.1,140.0,
0.0,0.126,0.774,0.1,186.0,
0.0,0.062,0.838,0.1,308.0,
0.0,0.067,0.833,0.1,179.0,
0.006,0.094,0.8,0.1,109.0,
0.0,0.081,0.819,0.1,210.0,
0.0,0.097,0.803,0.1,192.0,
0.0,0.178,0.722,0.1,274.0,
0.08,0.245,0.575,0.1,119.0,
0.0,0.123,0.777,0.1,152.0,
0.0,0.043,0.857,0.1,249.0,
0.0,0.09,0.81,0.1,232.0,
0.0,0.112,0.788,0.1,245.0,
0.0,0.111,0.789,0.1,194.0,
0.0,0.144,0.756,0.1,167.0,
0.0,0.71,0.19,0.1,329.0,
0.105,0.684,0.111,0.1,104.0,
0.231,0.613,0.056,0.1,199.0,
0.024,0.784,0.092,0.1,269.0,
0.02,0.66,0.22,0.1,310.0,
0.022,0.79,0.088,0.1,264.0,
0.026,0.705,0.168,0.1,120.0,
0.167,0.625,0.108,0.1,160.0,
0.077,0.696,0.127,0.1,165.0,
0.0,0.755,0.145,0.1,285.0,
0.087,0.746,0.067,0.1,142.0,
0.206,0.678,0.017,0.1,102.0,
0.016,0.716,0.168,0.1,115.0,
0.0,0.711,0.189,0.1,243.0,
0.156,0.692,0.052,0.1,146.0,
0.003,0.719,0.177,0.1,227.0,
0.0,0.768,0.132,0.1,261.0,
0.238,0.592,0.069,0.1,60.0,
0.057,0.657,0.187,0.1,191.0,
0.0,0.743,0.157,0.1,201.0,
0.005,0.69,0.205,0.1,137.0,
0.0,0.726,0.174,0.1,242.0,
0.0,0.679,0.221,0.1,270.0,
0.071,0.695,0.133,0.1,137.0,
0.047,0.769,0.084,0.1,207.0,
0.033,0.7,0.167,0.1,95.0,
0.06,0.702,0.138,0.1,313.0,
0.219,0.633,0.049,0.1,205.0,
0.108,0.7,0.092,0.1,154.0,
0.0,0.833,0.067,0.1,243.0,
0.123,0.671,0.106,0.1,223.0,
0.0,0.722,0.178,0.1,289.0,
0.0,0.812,0.087,0.1,90.0,
0.007,0.7,0.193,0.1,185.0,
0.119,0.756,0.026,0.1,143.0,
0.026,0.768,0.105,0.1,113.0,
0.273,0.473,0.153,0.1,76.0,
0.0,0.743,0.157,0.1,260.0,
0.044,0.726,0.13,0.1,177.0,
0.277,0.586,0.036,0.1,122.0,
0.182,0.654,0.064,0.1,157.0,
0.0,0.836,0.064,0.1,147.0,
0.003,0.641,0.256,0.1,274.0,
0.076,0.724,0.1,0.1,291.0,
0.0,0.68,0.22,0.1,316.0,
0.222,0.537,0.141,0.1,160.0,
0.011,0.749,0.14,0.1,322.0,
0.086,0.743,0.07,0.1,204.0,
0.004,0.7,0.196,0.1,151.0,
0.159,0.682,0.059,0.1,71.0,
0.0,0.708,0.193,0.1,325.0,
0.0,0.838,0.062,0.1,215.0,
0.05,0.757,0.093,0.1,189.0,
0.146,0.668,0.085,0.1,242.0,
0.0,0.706,0.194,0.1,272.0,
0.007,0.81,0.083,0.1,204.0,
0.072,0.707,0.121,0.1,194.0,
0.071,0.718,0.111,0.1,173.0,
0.031,0.787,0.081,0.1,78.0,
0.0,0.72,0.18,0.1,297.0,
0.097,0.716,0.086,0.1,248.0,
0.0,0.792,0.108,0.1,193.0,
0.027,0.743,0.13,0.1,201.0,
0.2,0.642,0.058,0.1,94.0,
0.078,0.713,0.109,0.1,108.0,
0.0,0.815,0.085,0.1,120.0,
0.0,0.694,0.206,0.1,419.0,
0.007,0.76,0.133,0.1,300.0,
0.0,0.689,0.211,0.1,251.0,
0.0,0.654,0.246,0.1,170.0,
0.025,0.811,0.064,0.1,222.0,
0.016,0.718,0.165,0.1,367.0,
0.063,0.673,0.163,0.1,218.0,
0.0,0.729,0.171,0.1,212.0,
0.062,0.771,0.067,0.1,129.0,
0.076,0.771,0.053,0.1,199.0,
0.0,0.726,0.174,0.1,346.0,
0.067,0.737,0.097,0.1,220.0,
0.0,0.805,0.095,0.1,120.0,
0.157,0.686,0.057,0.1,79.0,
0.024,0.729,0.147,0.1,223.0,
0.141,0.718,0.041,0.1,125.0,
0.128,0.711,0.061,0.1,99.0,
0.033,0.71,0.156,0.1,291.0,
0.071,0.758,0.071,0.1,303.0,
0.0,0.826,0.074,0.1,149.0,
0.114,0.693,0.093,0.1,167.0,
0.077,0.759,0.064,0.1,151.0,
0.144,0.688,0.069,0.1,82.0,
0.025,0.728,0.147,0.1,253.0,
0.032,0.768,0.1,0.1,171.0,
0.009,0.743,0.148,0.1,135.0,
0.048,0.741,0.111,0.1,170.0,
0.138,0.725,0.037,0.1,77.0,
0.0,0.676,0.224,0.1,267.0,
0.183,0.617,0.1,0.1,153.0,
0.0,0.756,0.144,0.1,110.0,
0.116,0.637,0.147,0.1,204.0,
0.047,0.705,0.147,0.1,110.0,
0.0,0.813,0.087,0.1,280.0,
0.037,0.735,0.129,0.1,326.0,
0.003,0.753,0.143,0.1,222.0,
0.0,0.805,0.095,0.1,141.0,
0.111,0.732,0.058,0.1,83.0,
0.107,0.619,0.174,0.1,154.0,
0.0,0.731,0.169,0.1,264.0,
0.0,0.756,0.144,0.1,168.0,
0.016,0.763,0.121,0.1,104.0,
0.003,0.718,0.179,0.1,258.0,
0.044,0.822,0.033,0.1,152.0,
0.191,0.664,0.045,0.1,181.0,
0.097,0.686,0.117,0.1,189.0,
0.253,0.607,0.04,0.1,65.0,
0.0,0.646,0.254,0.1,330.0,
0.132,0.654,0.114,0.1,195.0,
0.145,0.65,0.105,0.1,123.0,
0.041,0.756,0.103,0.1,255.0,
0.192,0.667,0.042,0.1,60.0,
0.05,0.74,0.11,0.1,196.0,
0.0,0.746,0.154,0.1,184.0,
0.0,0.693,0.207,0.1,233.0,
0.026,0.704,0.17,0.1,131.0,
0.0,0.628,0.272,0.1,386.0,
0.047,0.776,0.076,0.1,221.0,
0.081,0.776,0.043,0.1,112.0,
0.007,0.832,0.061,0.1,172.0,
0.025,0.73,0.145,0.1,267.0,
0.0,0.77,0.13,0.1,219.0,
0.1,0.727,0.073,0.1,159.0,
0.175,0.675,0.05,0.1,167.0,
0.095,0.675,0.13,0.1,270.0,
0.131,0.614,0.155,0.1,203.0,
0.072,0.703,0.125,0.1,206.0,
0.018,0.796,0.086,0.1,167.0,
0.144,0.644,0.111,0.1,104.0,
0.0,0.7,0.2,0.1,280.0,
0.003,0.794,0.103,0.1,240.0,
0.11,0.737,0.053,0.1,164.0,
0.3,0.519,0.081,0.1,113.0,
0.18,0.68,0.04,0.1,96.0,
0.005,0.768,0.127,0.1,317.0,
0.067,0.731,0.102,0.1,303.0,
0.0,0.832,0.068,0.1,118.0,
0.188,0.656,0.056,0.1,93.0,
0.0,0.668,0.232,0.1,306.0,
0.003,0.737,0.161,0.1,250.0,
0.282,0.518,0.1,0.1,51.0,
0.161,0.67,0.07,0.1,151.0,
0.0,0.7,0.2,0.1,341.0,
0.0,0.764,0.136,0.1,312.0,
0.111,0.678,0.111,0.1,182.0,
0.235,0.641,0.024,0.1,81.0,
0.136,0.645,0.118,0.1,50.0,
0.159,0.646,0.095,0.1,240.0,
0.0,0.803,0.097,0.1,251.0,
0.027,0.736,0.136,0.1,149.0,
0.135,0.626,0.139,0.1,136.0,
0.1,0.677,0.123,0.1,134.0,
0.0,0.747,0.153,0.1,250.0,
0.0,0.711,0.189,0.1,280.0,
0.149,0.616,0.135,0.1,304.0,
0.007,0.69,0.203,0.1,189.0,
0.045,0.755,0.1,0.1,205.0,
0.0,0.753,0.147,0.1,107.0,
0.2,0.642,0.058,0.1,60.0,
0.0,0.76,0.14,0.1,308.0,
0.0,0.713,0.188,0.1,165.0,
0.118,0.688,0.094,0.1,196.0,
0.189,0.639,0.072,0.1,95.0,
0.0,0.708,0.193,0.1,290.0,
0.072,0.703,0.125,0.1,202.0,
0.004,0.759,0.137,0.1,160.0,
0.1,0.729,0.071,0.1,201.0,
0.24,0.53,0.13,0.1,61.0,
0.047,0.689,0.164,0.1,281.0,
0.086,0.721,0.093,0.1,187.0,
0.019,0.819,0.062,0.1,97.0,
0.0,0.769,0.131,0.1,250.0,
0.003,0.82,0.077,0.1,279.0,
0.0,0.834,0.066,0.1,207.0,
0.01,0.843,0.048,0.1,125.0,
0.171,0.659,0.071,0.1,84.0,
0.031,0.711,0.157,0.1,237.0,
0.016,0.768,0.116,0.1,221.0,
0.013,0.739,0.147,0.1,253.0,
0.027,0.773,0.1,0.1,162.0,
0.014,0.743,0.143,0.1,271.0,
0.048,0.772,0.079,0.1,172.0,
0.108,0.62,0.172,0.1,169.0,
0.004,0.783,0.113,0.1,152.0,
0.048,0.81,0.043,0.1,102.0,
0.1,0.711,0.089,0.1,172.0,
0.015,0.659,0.226,0.1,270.0,
0.0,0.724,0.176,0.1,256.0,
0.083,0.737,0.08,0.1,215.0,
0.0,0.713,0.187,0.1,212.0,
0.144,0.704,0.052,0.1,152.0,
0.036,0.723,0.141,0.1,249.0,
0.0,0.657,0.242,0.1,309.0,
0.03,0.719,0.151,0.1,290.0,
0.155,0.721,0.024,0.1,202.0,
0.21,0.652,0.038,0.1,113.0,
0.079,0.684,0.137,0.1,282.0,
0.0,0.712,0.188,0.1,176.0,
0.007,0.843,0.05,0.1,217.0,
0.194,0.658,0.048,0.1,191.0,
0.2,0.598,0.102,0.1,276.0,
0.0,0.715,0.185,0.1,349.0,
0.029,0.666,0.206,0.1,250.0,
0.0,0.728,0.172,0.1,171.0,
0.054,0.732,0.115,0.1,239.0,
0.086,0.676,0.138,0.1,197.0,
0.0,0.856,0.044,0.1,218.0,
0.004,0.787,0.108,0.1,163.0,
0.083,0.756,0.061,0.1,91.0,
0.088,0.655,0.158,0.1,253.0,
0.0,0.836,0.064,0.1,338.0,
0.006,0.825,0.069,0.1,241.0,
0.081,0.73,0.089,0.1,159.0,
0.02,0.765,0.115,0.1,111.0,
0.0,0.789,0.111,0.1,130.0,
0.153,0.679,0.068,0.1,253.0,
0.0,0.795,0.105,0.1,140.0,
0.003,0.761,0.136,0.1,269.0,
0.012,0.796,0.092,0.1,170.0,
0.004,0.696,0.2,0.1,189.0,
0.0,0.738,0.162,0.1,207.0,
0.109,0.7,0.091,0.1,289.0,
0.092,0.754,0.054,0.1,127.0,
0.012,0.696,0.192,0.1,177.0,
0.0,0.771,0.129,0.1,257.0,
0.038,0.697,0.165,0.1,240.0,
0.0,0.729,0.171,0.1,290.0,
0.0,0.789,0.111,0.1,193.0,
0.135,0.722,0.043,0.1,135.0,
0.002,0.743,0.155,0.1,293.0,
0.0,0.782,0.117,0.1,272.0,
0.054,0.696,0.15,0.1,192.0,
0.059,0.759,0.082,0.1,100.0,
0.105,0.695,0.1,0.1,119.0,
0.104,0.668,0.129,0.1,184.0,
0.16,0.664,0.076,0.1,160.0,
0.18,0.673,0.047,0.1,90.0,
0.014,0.795,0.091,0.1,140.0,
0.183,0.492,0.225,0.1,53.0,
0.0,0.751,0.149,0.1,251.0,
0.124,0.7,0.076,0.1,93.0,
0.004,0.748,0.148,0.1,157.0,
0.038,0.668,0.194,0.1,383.0,
0.085,0.715,0.1,0.1,66.0,
0.002,0.785,0.112,0.1,270.0,
0.153,0.668,0.079,0.1,105.0,
0.171,0.638,0.09,0.1,113.0,
0.041,0.778,0.081,0.1,229.0,
0.0,0.774,0.126,0.1,229.0,
0.066,0.731,0.103,0.1,205.0,
0.167,0.7,0.033,0.1,108.0,
0.207,0.593,0.1,0.1,89.0,
0.042,0.732,0.126,0.1,225.0,
0.071,0.681,0.148,0.1,125.0,
0.015,0.738,0.146,0.1,156.0,
0.112,0.728,0.06,0.1,141.0,
0.016,0.741,0.143,0.1,252.0,
0.075,0.613,0.212,0.1,230.0,
0.061,0.764,0.075,0.1,159.0,
0.0,0.8,0.1,0.1,179.0,
0.06,0.8,0.04,0.1,79.0,
0.061,0.741,0.098,0.1,249.0,
0.013,0.73,0.157,0.1,207.0,
0.196,0.619,0.085,0.1,145.0,
0.06,0.712,0.129,0.1,299.0,
0.03,0.785,0.085,0.1,104.0,
0.004,0.793,0.104,0.1,201.0,
0.24,0.613,0.047,0.1,83.0,
0.19,0.615,0.095,0.1,118.0,
0.0,0.686,0.214,0.1,296.0,
0.0,0.68,0.22,0.1,301.0,
0.121,0.721,0.058,0.1,208.0,
0.131,0.671,0.098,0.1,302.0,
0.1,0.7,0.1,0.1,69.0,
0.0,0.711,0.189,0.1,117.0,
0.097,0.683,0.119,0.1,239.0,
0.084,0.787,0.029,0.1,175.0,
0.228,0.594,0.078,0.1,98.0,
0.077,0.795,0.027,0.1,130.0,
0.0,0.581,0.319,0.1,299.0,
0.095,0.724,0.081,0.1,132.0,
0.2,0.679,0.021,0.1,165.0,
0.097,0.745,0.058,0.1,194.0,
0.043,0.824,0.033,0.1,120.0,
0.054,0.638,0.208,0.1,68.0,
0.0,0.657,0.243,0.1,261.0,
0.0,0.73,0.17,0.1,250.0,
0.004,0.711,0.186,0.1,196.0,
0.21,0.681,0.01,0.1,122.0,
0.0,0.727,0.173,0.1,77.0,
0.0,0.778,0.122,0.1,113.0,
0.04,0.7,0.16,0.1,177.0,
0.038,0.692,0.169,0.1,69.0,
0.0,0.727,0.173,0.1,339.0,
0.057,0.73,0.113,0.1,365.0,
0.086,0.658,0.156,0.1,249.0,
0.0,0.784,0.116,0.1,170.0,
0.115,0.658,0.127,0.1,169.0,
0.003,0.803,0.094,0.1,275.0,
0.006,0.815,0.079,0.1,234.0,
0.206,0.645,0.048,0.1,192.0,
0.021,0.75,0.129,0.1,281.0,
0.059,0.652,0.19,0.1,179.0,
0.002,0.702,0.195,0.1,309.0,
0.013,0.783,0.104,0.1,164.0,
0.008,0.846,0.046,0.1,69.0,
0.13,0.711,0.059,0.1,159.0,
0.044,0.709,0.147,0.1,285.0,
0.0,0.804,0.096,0.1,160.0,
0.0,0.763,0.137,0.1,245.0,
0.086,0.7,0.114,0.1,189.0,
0.0,0.762,0.138,0.1,140.0,
0.003,0.663,0.234,0.1,275.0,
0.0,0.709,0.191,0.1,148.0,
0.114,0.7,0.086,0.1,79.0,
0.0,0.748,0.152,0.1,310.0,
0.074,0.774,0.053,0.1,109.0,
0.005,0.749,0.146,0.1,302.0,
0.056,0.717,0.128,0.1,262.0,
0.0,0.742,0.158,0.1,239.0,
0.023,0.736,0.141,0.1,153.0,
0.058,0.704,0.138,0.1,146.0,
0.106,0.675,0.119,0.1,98.0,
0.0,0.727,0.173,0.1,319.0,
0.047,0.759,0.094,0.1,191.0,
0.018,0.825,0.057,0.1,168.0,
0.003,0.683,0.214,0.1,227.0,
0.117,0.661,0.122,0.1,169.0,
0.03,0.72,0.15,0.1,211.0,
0.162,0.627,0.112,0.1,161.0,
0.0,0.806,0.094,0.1,202.0,
0.048,0.658,0.194,0.1,210.0,
0.002,0.754,0.144,0.1,299.0,
0.3,0.542,0.058,0.1,172.0,
0.108,0.665,0.127,0.1,169.0,
0.029,0.7,0.171,0.1,220.0,
0.0,0.774,0.126,0.1,251.0,
0.0,0.757,0.143,0.1,152.0,
0.0,0.748,0.152,0.1,163.0,
0.153,0.647,0.1,0.1,101.0,
0.0,0.743,0.158,0.1,323.0,
0.0,0.783,0.117,0.1,259.0,
0.0,0.753,0.147,0.1,307.0,
0.096,0.613,0.192,0.1,154.0,
0.0,0.774,0.126,0.1,139.0,
0.01,0.752,0.138,0.1,357.0,
0.241,0.641,0.018,0.1,81.0,
0.0,0.613,0.287,0.1,327.0,
0.007,0.805,0.087,0.1,259.0,
0.009,0.775,0.116,0.1,242.0,
0.03,0.697,0.173,0.1,225.0,
0.121,0.663,0.116,0.1,94.0,
0.011,0.761,0.129,0.1,227.0,
0.038,0.781,0.081,0.1,131.0,
0.0,0.789,0.111,0.1,160.0,
0.233,0.653,0.014,0.1,215.0,
0.089,0.717,0.094,0.1,255.0,
0.0,0.716,0.184,0.1,299.0,
0.078,0.697,0.124,0.1,229.0,
0.0,0.65,0.25,0.1,143.0,
0.069,0.792,0.038,0.1,71.0,
0.128,0.677,0.095,0.1,240.0,
0.148,0.7,0.052,0.1,150.0,
0.296,0.583,0.022,0.1,112.0,
0.0,0.727,0.173,0.1,267.0,
0.0,0.631,0.269,0.1,284.0,
0.0,0.657,0.243,0.1,280.0,
0.024,0.768,0.108,0.1,151.0,
0.265,0.583,0.052,0.1,132.0,
0.0,0.77,0.13,0.1,246.0,
0.06,0.738,0.102,0.1,304.0,
0.155,0.658,0.088,0.1,204.0,
0.116,0.726,0.058,0.1,106.0,
0.137,0.716,0.047,0.1,121.0,
0.002,0.709,0.189,0.1,346.0,
0.118,0.693,0.089,0.1,290.0,
0.096,0.633,0.17,0.1,166.0,
0.25,0.545,0.105,0.1,115.0,
0.0,0.066,0.834,0.1,267.0,
0.039,0.089,0.771,0.1,219.0,
0.0,0.107,0.793,0.1,178.0,
0.0,0.327,0.573,0.1,148.0,
0.0,0.121,0.779,0.1,167.0,
0.0,0.043,0.858,0.1,308.0,
0.0,0.028,0.872,0.1,229.0,
0.128,0.203,0.569,0.1,159.0,
0.014,0.264,0.623,0.1,131.0,
0.008,0.127,0.765,0.1,148.0,
0.0,0.069,0.831,0.1,203.0,
0.0,0.052,0.848,0.1,219.0,
0.0,0.042,0.858,0.1,246.0,
0.005,0.247,0.647,0.1,110.0,
0.0,0.022,0.878,0.1,308.0,
0.0,0.022,0.878,0.1,279.0,
0.0,0.244,0.656,0.1,98.0,
0.0,0.195,0.705,0.1,138.0,
0.0,0.022,0.878,0.1,299.0,
0.0,0.077,0.823,0.1,208.0,
0.0,0.069,0.831,0.1,286.0,
0.182,0.309,0.409,0.1,61.0,
0.035,0.196,0.669,0.1,142.0,
0.0,0.087,0.813,0.1,233.0,
0.0,0.057,0.843,0.1,210.0,
0.0,0.048,0.852,0.1,210.0,
0.0,0.015,0.885,0.1,363.0,
0.029,0.181,0.69,0.1,127.0,
0.014,0.118,0.768,0.1,194.0,
0.0,0.103,0.797,0.1,187.0,
0.0,0.256,0.644,0.1,118.0,
0.0,0.006,0.894,0.1,339.0,
0.133,0.622,0.144,0.1,118.0,
0.113,0.7,0.087,0.1,112.0,
0.0,0.076,0.824,0.1,258.0,
0.068,0.753,0.079,0.1,85.0,
0.005,0.815,0.08,0.1,130.0,
0.2,0.6,0.1,0.1,113.0,
0.0,0.719,0.181,0.1,253.0,
0.05,0.8,0.05,0.1,240.0,
0.071,0.773,0.056,0.1,269.0,
0.0,0.8,0.1,0.1,171.0,
0.0,0.724,0.176,0.1,335.0,
0.0,0.721,0.179,0.1,208.0,
0.009,0.762,0.13,0.1,348.0,
0.025,0.772,0.103,0.1,227.0,
0.0,0.8,0.1,0.1,131.0,
0.082,0.706,0.112,0.1,227.0,
0.006,0.124,0.771,0.1,253.0,
0.0,0.119,0.781,0.1,151.0,
0.0,0.07,0.83,0.1,254.0,
0.013,0.25,0.637,0.1,97.0,
0.0,0.064,0.836,0.1,198.0,
0.0,0.106,0.794,0.1,246.0,
0.0,0.137,0.763,0.1,140.0,
0.0,0.051,0.849,0.1,289.0,
0.0,0.031,0.869,0.1,259.0,
0.0,0.039,0.861,0.1,281.0,
0.0,0.175,0.725,0.1,140.0,
0.004,0.075,0.821,0.1,120.0,
0.0,0.382,0.518,0.1,105.0,
0.003,0.053,0.845,0.1,275.0,
0.004,0.16,0.736,0.1,169.0,
0.005,0.271,0.624,0.1,117.0,
0.004,0.738,0.158,0.1,180.0,
0.072,0.55,0.278,0.1,113.0,
0.117,0.729,0.054,0.1,151.0,
0.0,0.764,0.136,0.1,307.0,
0.0,0.705,0.195,0.1,280.0,
0.123,0.638,0.138,0.1,277.0,
0.065,0.775,0.06,0.1,104.0,
0.0,0.789,0.111,0.1,281.0,
0.0,0.748,0.152,0.1,335.0,
0.0,0.826,0.074,0.1,189.0,
0.176,0.648,0.076,0.1,123.0,
0.063,0.732,0.105,0.1,109.0,
0.194,0.637,0.069,0.1,98.0,
0.0,0.667,0.233,0.1,350.0,
0.0,0.721,0.179,0.1,314.0,
0.095,0.726,0.079,0.1,120.0,

0.003,0.006,0.89,0.1,221.0,
0.0,0.02,0.878,0.102,379.0,
0.003,0.011,0.886,0.1,314.0,
0.0,0.003,0.897,0.1,221.0,
0.0,0.019,0.876,0.105,151.0,
0.0,0.0,0.9,0.1,216.0,
0.011,0.022,0.867,0.1,272.0,
0.0,0.019,0.878,0.103,311.0,
0.0,0.008,0.892,0.1,199.0,
0.0,0.0,0.9,0.1,184.0,
0.0,0.0,0.9,0.1,368.0,
0.0,0.026,0.874,0.1,223.0,
0.0,0.006,0.894,0.1,262.0,
0.009,0.048,0.813,0.13,159.0,
0.0,0.006,0.894,0.1,253.0,
0.0,0.04,0.86,0.1,323.0,
0.0,0.006,0.894,0.1,243.0,
0.0,0.006,0.894,0.1,275.0,
0.006,0.011,0.883,0.1,123.0,
0.0,0.003,0.897,0.1,289.0,
0.0,0.032,0.868,0.1,196.0,
0.0,0.0,0.9,0.1,302.0,
0.0,0.022,0.874,0.104,177.0,
0.014,0.032,0.841,0.114,162.0,
0.0,0.012,0.888,0.1,265.0,
0.0,0.017,0.883,0.1,252.0,
0.0,0.057,0.8,0.143,84.0,
0.0,0.0,0.9,0.1,364.0,
0.0,0.005,0.895,0.1,346.0,
0.0,0.0,0.9,0.1,268.0,
0.0,0.0,0.9,0.1,336.0,
0.041,0.065,0.729,0.165,124.0,
0.0,0.025,0.856,0.119,101.0,
0.0,0.002,0.898,0.1,459.0,
0.005,0.019,0.876,0.1,143.0,
0.0,0.0,0.9,0.1,252.0,
0.0,0.114,0.733,0.152,156.0,
0.0,0.062,0.838,0.1,89.0,
0.004,0.017,0.878,0.1,181.0,
0.0,0.019,0.881,0.1,246.0,
0.0,0.015,0.885,0.1,198.0,
0.0,0.002,0.898,0.1,351.0,
0.0,0.074,0.795,0.132,141.0,
0.0,0.012,0.888,0.1,189.0,
0.0,0.083,0.767,0.15,135.0,
0.0,0.003,0.897,0.1,330.0,
0.0,0.019,0.881,0.1,250.0,
0.004,0.022,0.874,0.1,186.0,
0.0,0.0,0.9,0.1,247.0,
0.0,0.025,0.86,0.115,147.0,
0.0,0.013,0.887,0.1,310.0,
0.0,0.009,0.891,0.1,274.0,
0.0,0.009,0.891,0.1,275.0,
0.0,0.027,0.838,0.135,205.0,
0.003,0.015,0.879,0.103,285.0,
0.002,0.002,0.895,0.1,328.0,
0.0,0.004,0.896,0.1,187.0,
0.0,0.006,0.894,0.1,256.0,
0.006,0.056,0.828,0.111,126.0,
0.003,0.003,0.894,0.1,260.0,
0.0,0.146,0.708,0.146,82.0,
0.005,0.01,0.886,0.1,155.0,
0.003,0.003,0.894,0.1,223.0,
0.005,0.01,0.886,0.1,148.0,
0.0,0.011,0.889,0.1,203.0,
0.0,0.075,0.775,0.15,112.0,
0.0,0.009,0.891,0.1,379.0,
0.0,0.006,0.894,0.1,263.0,
0.0,0.021,0.879,0.1,306.0,
0.017,0.05,0.828,0.106,130.0,
0.0,0.012,0.888,0.1,355.0,
0.0,0.005,0.895,0.1,317.0,
0.0,0.0,0.9,0.1,264.0,
0.0,0.006,0.894,0.1,118.0,
0.0,0.009,0.891,0.1,378.0,
0.004,0.012,0.884,0.1,199.0,
0.0,0.006,0.894,0.1,283.0,
0.0,0.045,0.825,0.13,148.0,
0.0,0.0,0.9,0.1,346.0,
0.0,0.0,0.9,0.1,356.0,
0.003,0.003,0.894,0.1,269.0,
0.0,0.014,0.886,0.1,311.0,
0.005,0.005,0.89,0.1,140.0,
0.0,0.0,0.9,0.1,428.0,
0.004,0.026,0.87,0.1,395.0,
0.0,0.024,0.876,0.1,204.0,
0.0,0.042,0.821,0.137,150.0,
0.0,0.053,0.82,0.127,89.0,
0.006,0.039,0.85,0.106,123.0,
0.0,0.008,0.89,0.102,412.0,
0.0,0.018,0.882,0.1,386.0,
0.0,0.017,0.883,0.1,178.0,
0.0,0.004,0.896,0.1,174.0,
0.0,0.044,0.844,0.111,133.0,
0.0,0.015,0.87,0.115,139.0,
0.0,0.0,0.9,0.1,359.0,
0.002,0.006,0.891,0.1,382.0,
0.0,0.007,0.893,0.1,208.0,
0.0,0.047,0.827,0.127,96.0,
0.0,0.077,0.815,0.108,199.0,
0.0,0.038,0.862,0.1,215.0,
0.0,0.007,0.893,0.1,224.0,
0.0,0.007,0.893,0.1,221.0,
0.0,0.018,0.882,0.1,132.0,
0.0,0.003,0.897,0.1,286.0,
0.0,0.0,0.9,0.1,307.0,
0.0,0.047,0.847,0.105,140.0,
0.0,0.009,0.891,0.1,274.0,
0.0,0.01,0.89,0.1,243.0,
0.0,0.013,0.887,0.1,266.0,
0.004,0.043,0.839,0.113,163.0,
0.0,0.02,0.875,0.105,141.0,
0.0,0.062,0.815,0.123,77.0,
0.0,0.003,0.897,0.1,277.0,
0.0,0.007,0.893,0.1,239.0,
0.0,0.004,0.896,0.1,197.0,
0.004,0.008,0.888,0.1,195.0,
0.0,0.02,0.88,0.1,146.0,
0.0,0.003,0.897,0.1,311.0,
0.0,0.008,0.892,0.1,188.0,
0.0,0.003,0.897,0.1,306.0,
0.0,0.006,0.894,0.1,265.0,
0.0,0.005,0.895,0.1,352.0,
0.0,0.003,0.897,0.1,280.0,
0.003,0.003,0.894,0.1,265.0,
0.0,0.0,0.9,0.1,238.0,
0.0,0.0,0.9,0.1,221.0,
0.0,0.004,0.896,0.1,409.0,
0.002,0.025,0.873,0.1,446.0,
0.0,0.006,0.894,0.1,260.0,
0.0,0.002,0.898,0.1,310.0,
0.0,0.058,0.829,0.113,189.0,
0.008,0.075,0.775,0.142,80.0,
0.0,0.009,0.891,0.1,141.0,
0.0,0.004,0.896,0.1,194.0,
0.0,0.019,0.881,0.1,151.0,
0.015,0.062,0.815,0.108,92.0,
0.002,0.007,0.891,0.1,343.0,
0.005,0.063,0.811,0.121,130.0,
0.006,0.039,0.833,0.122,132.0,
0.0,0.048,0.843,0.11,153.0,
0.01,0.13,0.67,0.19,65.0,
0.0,0.013,0.887,0.1,227.0,
0.004,0.007,0.889,0.1,215.0,
0.003,0.006,0.89,0.1,241.0,
0.0,0.014,0.886,0.1,363.0,
0.0,0.005,0.895,0.1,319.0,
0.0,0.017,0.883,0.1,240.0,
0.004,0.048,0.832,0.116,196.0,
0.0,0.022,0.878,0.1,197.0,
0.0,0.009,0.886,0.105,180.0,
0.0,0.004,0.896,0.1,368.0,
0.0,0.009,0.891,0.1,262.0,
0.007,0.007,0.886,0.1,226.0,
0.0,0.009,0.891,0.1,287.0,
0.003,0.038,0.859,0.1,230.0,
0.0,0.005,0.895,0.1,314.0,
0.0,0.003,0.897,0.1,291.0,
0.0,0.008,0.883,0.108,180.0,
0.0,0.003,0.897,0.1,292.0,
0.0,0.024,0.876,0.1,353.0,
0.0,0.01,0.89,0.1,229.0,
0.013,0.044,0.781,0.163,127.0,
0.0,0.009,0.891,0.1,159.0,
0.0,0.013,0.887,0.1,122.0,
0.0,0.005,0.895,0.1,342.0,
0.004,0.036,0.854,0.107,208.0,
0.004,0.013,0.878,0.104,177.0,
0.0,0.011,0.889,0.1,412.0,
0.015,0.038,0.808,0.138,205.0,
0.0,0.013,0.887,0.1,196.0,
0.0,0.032,0.868,0.1,144.0,
0.005,0.011,0.884,0.1,133.0,
0.0,0.0,0.9,0.1,293.0,
0.0,0.03,0.859,0.111,222.0,
0.0,0.022,0.872,0.106,132.0,
0.006,0.018,0.876,0.1,121.0,
0.0,0.002,0.898,0.1,345.0,
0.0,0.007,0.893,0.1,240.0,
0.0,0.0,0.9,0.1,251.0,
0.0,0.06,0.827,0.113,101.0,
0.006,0.044,0.838,0.113,107.0,
0.0,0.003,0.897,0.1,337.0,
0.0,0.0,0.9,0.1,306.0,
0.0,0.0,0.9,0.1,343.0,
0.002,0.002,0.895,0.1,341.0,
0.007,0.015,0.874,0.104,210.0,
0.0,0.073,0.818,0.109,71.0,
0.022,0.089,0.756,0.133,63.0,
0.003,0.005,0.892,0.1,348.0,
0.013,0.031,0.856,0.1,124.0,
0.0,0.044,0.85,0.106,135.0,
0.0,0.005,0.895,0.1,337.0,
0.007,0.14,0.693,0.16,99.0,
0.003,0.018,0.879,0.1,242.0,
0.0,0.007,0.893,0.1,222.0,
0.0,0.018,0.882,0.1,216.0,
0.0,0.003,0.897,0.1,336.0,
0.008,0.017,0.875,0.1,287.0,
0.005,0.018,0.877,0.1,166.0,
0.002,0.0,0.898,0.1,415.0,
0.006,0.018,0.876,0.1,110.0,
0.0,0.008,0.892,0.1,301.0,
0.0,0.033,0.861,0.106,130.0,
0.0,0.004,0.896,0.1,191.0,
0.0,0.056,0.806,0.139,126.0,
0.0,0.022,0.878,0.1,315.0,
0.0,0.019,0.876,0.105,163.0,
0.004,0.017,0.874,0.104,181.0,
0.0,0.012,0.888,0.1,185.0,
0.0,0.008,0.892,0.1,193.0,
0.0,0.009,0.891,0.1,278.0,
0.0,0.012,0.888,0.1,195.0,
0.004,0.0,0.896,0.1,197.0,
0.005,0.03,0.865,0.1,147.0,
0.003,0.016,0.882,0.1,332.0,
0.006,0.028,0.85,0.117,135.0,
0.0,0.035,0.865,0.1,147.0,
0.0,0.0,0.9,0.1,301.0,
0.0,0.02,0.88,0.1,151.0,
0.064,0.164,0.618,0.155,68.0,
0.0,0.009,0.891,0.1,268.0,
0.0,0.022,0.878,0.1,204.0,
0.004,0.011,0.885,0.1,215.0,
0.0,0.003,0.897,0.1,317.0,
0.0,0.084,0.747,0.168,136.0,
0.0,0.0,0.9,0.1,159.0,
0.0,0.003,0.897,0.1,316.0,
0.0,0.002,0.898,0.1,349.0,
0.0,0.025,0.861,0.114,224.0,
0.0,0.005,0.895,0.1,373.0,
0.0,0.012,0.888,0.1,282.0,
0.006,0.011,0.883,0.1,300.0,
0.0,0.023,0.877,0.1,193.0,
0.0,0.011,0.889,0.1,218.0,
0.005,0.01,0.885,0.1,310.0,
0.0,0.022,0.878,0.1,208.0,
0.004,0.011,0.886,0.1,229.0,
0.002,0.011,0.886,0.1,366.0,
0.0,0.006,0.894,0.1,257.0,
0.0,0.015,0.885,0.1,279.0,
0.0,0.024,0.876,0.1,134.0,
0.006,0.022,0.872,0.1,136.0,
0.0,0.002,0.898,0.1,386.0,
0.0,0.022,0.878,0.1,176.0,
0.0,0.007,0.893,0.1,242.0,
0.0,0.112,0.718,0.171,126.0,
0.0,0.019,0.869,0.112,175.0,
0.0,0.022,0.874,0.104,220.0,
0.0,0.014,0.882,0.105,169.0,
0.005,0.016,0.879,0.1,129.0,
0.0,0.022,0.874,0.104,224.0,
0.0,0.0,0.9,0.1,312.0,
0.0,0.1,0.75,0.15,173.0,
0.0,0.007,0.893,0.1,355.0,
0.0,0.029,0.871,0.1,323.0,
0.0,0.002,0.898,0.1,338.0,
0.004,0.017,0.879,0.1,205.0,
0.0,0.004,0.893,0.104,218.0,
0.0,0.014,0.886,0.1,359.0,
0.0,0.007,0.893,0.1,230.0,
0.003,0.015,0.882,0.1,258.0,
0.0,0.03,0.865,0.104,177.0,
0.0,0.019,0.881,0.1,218.0,
0.0,0.0,0.9,0.1,196.0,
0.0,0.006,0.894,0.1,260.0,
0.004,0.004,0.893,0.1,226.0,
0.0,0.007,0.893,0.1,363.0,
0.0,0.002,0.898,0.1,398.0,
0.0,0.007,0.893,0.1,245.0,
0.0,0.0,0.9,0.1,324.0,
0.0,0.006,0.894,0.1,254.0,
0.0,0.003,0.897,0.1,255.0,
0.002,0.015,0.883,0.1,396.0,
0.0,0.0,0.9,0.1,225.0,
0.0,0.005,0.895,0.1,140.0,
0.006,0.012,0.876,0.106,127.0,
0.0,0.015,0.885,0.1,345.0,
0.0,0.0,0.9,0.1,247.0,
0.0,0.004,0.896,0.1,226.0,
0.005,0.025,0.855,0.115,154.0,
0.0,0.0,0.9,0.1,338.0,
0.0,0.007,0.893,0.1,375.0,
0.004,0.0,0.896,0.1,183.0,
0.006,0.006,0.888,0.1,278.0,
0.0,0.01,0.89,0.1,227.0,
0.003,0.008,0.889,0.1,317.0,
0.003,0.006,0.887,0.103,246.0,
0.005,0.038,0.829,0.129,159.0,
0.005,0.029,0.862,0.105,154.0,
0.0,0.003,0.897,0.1,267.0,
0.003,0.013,0.884,0.1,259.0,
0.0,0.008,0.892,0.1,207.0,
0.0,0.004,0.896,0.1,195.0,
0.0,0.01,0.89,0.1,246.0,
0.0,0.043,0.838,0.119,174.0,
0.003,0.065,0.816,0.116,246.0,
0.005,0.005,0.891,0.1,171.0,
0.0,0.071,0.782,0.147,119.0,
0.0,0.003,0.897,0.1,307.0,
0.003,0.003,0.894,0.1,251.0,
0.0,0.019,0.881,0.1,224.0,
0.0,0.004,0.896,0.1,213.0,
0.01,0.09,0.8,0.1,66.0,
0.0,0.1,0.775,0.125,96.0,
0.0,0.006,0.894,0.1,290.0,
0.0,0.008,0.892,0.1,191.0,
0.007,0.007,0.886,0.1,335.0,
0.0,0.0,0.9,0.1,393.0,
0.0,0.003,0.897,0.1,271.0,
0.0,0.013,0.887,0.1,180.0,
0.004,0.039,0.839,0.117,184.0,
0.0,0.005,0.895,0.1,288.0,
0.0,0.01,0.89,0.1,223.0,
0.003,0.014,0.884,0.1,316.0,
0.0,0.0,0.9,0.1,229.0,
0.0,0.0,0.9,0.1,280.0,
0.003,0.006,0.891,0.1,264.0,
0.008,0.162,0.662,0.169,93.0,
0.0,0.01,0.887,0.102,380.0,
0.0,0.003,0.897,0.1,253.0,
0.015,0.012,0.874,0.1,256.0,
0.0,0.071,0.8,0.129,125.0,
0.003,0.013,0.873,0.11,226.0,
0.003,0.022,0.873,0.103,288.0,
0.005,0.014,0.882,0.1,162.0,
0.004,0.019,0.877,0.1,212.0,
0.008,0.062,0.8,0.131,88.0,
0.0,0.032,0.864,0.105,164.0,
0.0,0.014,0.886,0.1,231.0,
0.02,0.11,0.72,0.15,153.0,
0.002,0.002,0.896,0.1,418.0,
0.003,0.003,0.894,0.1,258.0,
0.0,0.014,0.886,0.1,167.0,
0.0,0.003,0.897,0.1,279.0,
0.0,0.073,0.8,0.127,108.0,
0.0,0.028,0.872,0.1,142.0,
0.0,0.003,0.897,0.1,350.0,
0.0,0.006,0.894,0.1,244.0,
0.0,0.006,0.894,0.1,273.0,
0.003,0.018,0.876,0.103,258.0,
0.006,0.025,0.863,0.106,115.0,
0.0,0.0,0.9,0.1,341.0,
0.0,0.018,0.871,0.111,224.0,
0.0,0.012,0.884,0.104,186.0,
0.0,0.012,0.888,0.1,333.0,
0.0,0.037,0.85,0.113,109.0,
0.0,0.004,0.896,0.1,189.0,
0.0,0.0,0.9,0.1,317.0,
0.002,0.0,0.898,0.1,424.0,
0.0,0.0,0.9,0.1,183.0,
0.0,0.011,0.889,0.1,130.0,
0.004,0.009,0.887,0.1,149.0,
0.0,0.011,0.889,0.1,300.0,
0.0,0.003,0.897,0.1,283.0,
0.0,0.012,0.888,0.1,128.0,
0.0,0.0,0.9,0.1,295.0,
0.005,0.111,0.721,0.163,150.0,
0.003,0.007,0.89,0.1,243.0,
0.0,0.011,0.889,0.1,222.0,
0.0,0.0,0.9,0.1,128.0,
0.003,0.003,0.895,0.1,320.0,
0.0,0.024,0.876,0.1,320.0,
0.0,0.008,0.892,0.1,206.0,
0.0,0.01,0.89,0.1,233.0,
0.0,0.047,0.835,0.118,112.0,
0.0,0.009,0.883,0.109,176.0,
0.0,0.003,0.897,0.1,332.0,
0.0,0.015,0.885,0.1,204.0,
0.004,0.02,0.876,0.1,188.0,
0.004,0.004,0.891,0.1,398.0,
0.0,0.005,0.895,0.1,294.0,
0.005,0.0,0.892,0.103,301.0,
0.0,0.03,0.855,0.115,130.0,
0.0,0.035,0.86,0.105,156.0,
0.005,0.008,0.886,0.1,314.0,
0.006,0.035,0.859,0.1,112.0,
0.0,0.004,0.896,0.1,454.0,
0.0,0.008,0.892,0.1,272.0,
0.003,0.007,0.89,0.1,215.0,
0.01,0.06,0.82,0.11,156.0,
0.0,0.024,0.876,0.1,131.0,
0.0,0.008,0.892,0.1,298.0,
0.0,0.003,0.897,0.1,236.0,
0.0,0.0,0.9,0.1,263.0,
0.0,0.011,0.889,0.1,213.0,
0.013,0.025,0.863,0.1,323.0,
0.0,0.015,0.885,0.1,280.0,
0.0,0.003,0.894,0.103,254.0,
0.0,0.004,0.896,0.1,186.0,
0.007,0.027,0.867,0.1,108.0,
0.0,0.011,0.889,0.1,304.0,
0.002,0.002,0.895,0.1,322.0,
0.0,0.011,0.889,0.1,294.0,
0.002,0.008,0.89,0.1,409.0,
0.007,0.014,0.879,0.1,218.0,
0.0,0.0,0.9,0.1,295.0,
0.0,0.052,0.819,0.129,157.0,
0.0,0.029,0.864,0.107,94.0,
0.007,0.009,0.883,0.102,370.0,
0.005,0.007,0.887,0.1,334.0,
0.0,0.012,0.888,0.1,208.0,
0.0,0.004,0.896,0.1,200.0,
0.015,0.131,0.723,0.131,86.0,
0.03,0.13,0.68,0.16,65.0,
0.005,0.012,0.884,0.1,360.0,
0.0,0.003,0.897,0.1,279.0,
0.0,0.06,0.833,0.107,106.0,
0.004,0.004,0.891,0.1,366.0,
0.003,0.006,0.891,0.1,243.0,
0.0,0.017,0.874,0.109,166.0,
0.01,0.09,0.74,0.16,70.0,
0.0,0.008,0.892,0.1,181.0,
0.003,0.053,0.839,0.106,306.0,
0.003,0.021,0.876,0.1,230.0,
0.0,0.003,0.897,0.1,302.0,
0.0,0.007,0.893,0.1,239.0,
0.0,0.045,0.827,0.127,161.0,
0.006,0.032,0.858,0.103,254.0,
0.004,0.008,0.888,0.1,206.0,
0.0,0.014,0.886,0.1,238.0,
0.0,0.033,0.867,0.1,136.0,
0.004,0.018,0.879,0.1,216.0,
0.0,0.012,0.888,0.1,340.0,
0.0,0.016,0.884,0.1,196.0,
0.0,0.014,0.886,0.1,174.0,
0.009,0.021,0.871,0.1,260.0,
0.003,0.02,0.877,0.1,236.0,
0.003,0.003,0.894,0.1,278.0,
0.025,0.019,0.856,0.1,118.0,
0.0,0.0,0.9,0.1,380.0,
0.0,0.0,0.9,0.1,326.0,
0.0,0.007,0.893,0.1,209.0,
0.0,0.0,0.9,0.1,296.0,
0.0,0.018,0.877,0.105,170.0,
0.005,0.014,0.879,0.102,330.0,
0.012,0.018,0.871,0.1,100.0,
0.002,0.0,0.898,0.1,355.0,
0.0,0.092,0.775,0.133,78.0,
0.002,0.009,0.889,0.1,395.0,
0.0,0.006,0.894,0.1,256.0,
0.012,0.076,0.794,0.118,118.0,
0.003,0.003,0.893,0.1,234.0,
0.0,0.01,0.89,0.1,233.0,
0.0,0.014,0.886,0.1,222.0,
0.0,0.0,0.9,0.1,288.0,
0.0,0.006,0.894,0.1,302.0,
0.0,0.005,0.895,0.1,358.0,
0.0,0.006,0.894,0.1,277.0,
0.005,0.025,0.865,0.105,137.0,
0.0,0.018,0.882,0.1,167.0,
0.002,0.013,0.885,0.1,398.0,
0.0,0.0,0.9,0.1,330.0,
0.0,0.003,0.897,0.1,258.0,
0.0,0.056,0.787,0.156,96.0,
0.02,0.067,0.813,0.1,105.0,
0.0,0.031,0.869,0.1,303.0,
0.0,0.036,0.85,0.114,172.0,
0.0,0.004,0.896,0.1,222.0,
0.0,0.003,0.897,0.1,311.0,
0.011,0.011,0.878,0.1,290.0,
0.0,0.024,0.876,0.1,322.0,
0.0,0.004,0.896,0.1,177.0,
0.003,0.005,0.892,0.1,327.0,
0.0,0.003,0.897,0.1,311.0,
0.0,0.003,0.897,0.1,222.0,
0.0,0.009,0.891,0.1,179.0,
0.0,0.018,0.882,0.1,180.0,
0.0,0.011,0.889,0.1,132.0,
0.0,0.004,0.896,0.1,419.0,
0.0,0.006,0.894,0.1,259.0,
0.0,0.017,0.883,0.1,228.0,
0.009,0.009,0.883,0.1,194.0,
0.0,0.01,0.89,0.1,228.0,
0.004,0.012,0.885,0.1,191.0,
0.0,0.0,0.9,0.1,318.0,
0.002,0.0,0.898,0.1,417.0,
0.0,0.007,0.893,0.1,360.0,
0.0,0.047,0.853,0.1,97.0,
0.004,0.009,0.887,0.1,174.0,
0.0,0.015,0.885,0.1,273.0,
0.0,0.056,0.844,0.1,257.0,
0.0,0.044,0.856,0.1,111.0,
0.017,0.075,0.808,0.1,86.0,
0.0,0.014,0.886,0.1,153.0,
0.005,0.017,0.878,0.1,346.0,
0.0,0.0,0.9,0.1,267.0,
0.0,0.0,0.9,0.1,231.0,
0.006,0.016,0.877,0.1,258.0,
0.002,0.007,0.891,0.1,367.0,
0.004,0.013,0.883,0.1,176.0,
0.008,0.085,0.762,0.146,89.0,
0.007,0.086,0.8,0.107,101.0,
0.0,0.013,0.887,0.1,396.0,
0.0,0.0,0.9,0.1,235.0,
0.0,0.003,0.894,0.103,262.0,
0.0,0.009,0.891,0.1,162.0,
0.0,0.01,0.885,0.105,136.0,
0.0,0.021,0.879,0.1,181.0,
0.0,0.003,0.897,0.1,330.0,
0.0,0.012,0.888,0.1,195.0,
0.0,0.006,0.89,0.103,247.0,
0.0,0.0,0.9,0.1,281.0,
0.005,0.005,0.891,0.1,173.0,
0.0,0.028,0.872,0.1,125.0,
0.004,0.009,0.887,0.1,379.0,
0.0,0.0,0.9,0.1,225.0,
0.0,0.005,0.895,0.1,376.0,
0.0,0.004,0.896,0.1,153.0,
0.0,0.003,0.897,0.1,218.0,
0.0,0.024,0.876,0.1,177.0,
0.0,0.024,0.876,0.1,159.0,
0.0,0.035,0.85,0.115,201.0,
0.015,0.008,0.877,0.1,185.0,
0.0,0.005,0.895,0.1,309.0,
0.003,0.043,0.847,0.107,245.0,
0.0,0.014,0.886,0.1,216.0,
0.0,0.043,0.826,0.13,183.0,
0.0,0.006,0.894,0.1,236.0,
0.0,0.031,0.865,0.104,204.0,
0.0,0.03,0.87,0.1,164.0,
0.0,0.048,0.848,0.105,161.0,
0.0,0.015,0.885,0.1,209.0,
0.0,0.013,0.887,0.1,340.0,
0.0,0.007,0.893,0.1,200.0,
0.006,0.012,0.882,0.1,129.0,
0.003,0.009,0.887,0.1,259.0,
0.0,0.003,0.897,0.1,240.0,
0.0,0.005,0.895,0.1,311.0,
0.01,0.05,0.84,0.1,158.0,
0.0,0.012,0.881,0.108,190.0,
0.0,0.003,0.897,0.1,264.0,
0.003,0.01,0.886,0.1,241.0,
0.0,0.006,0.888,0.106,269.0,
0.0,0.011,0.889,0.1,214.0,
0.0,0.0,0.9,0.1,203.0,
0.0,0.041,0.859,0.1,339.0,
0.011,0.263,0.626,0.1,125.0,
0.003,0.066,0.831,0.1,234.0,
0.003,0.074,0.824,0.1,291.0,
0.004,0.064,0.831,0.1,361.0,
0.0,0.044,0.856,0.1,284.0,
0.0,0.116,0.784,0.1,142.0,
0.008,0.108,0.783,0.1,185.0,
0.008,0.073,0.819,0.1,188.0,
0.0,0.068,0.833,0.1,321.0,
0.004,0.092,0.804,0.1,170.0,
0.011,0.094,0.794,0.1,124.0,
0.0,0.195,0.705,0.1,135.0,
0.003,0.072,0.825,0.1,286.0,
0.004,0.084,0.812,0.1,192.0,
0.0,0.042,0.858,0.1,245.0,
0.0,0.041,0.859,0.1,279.0,
0.046,0.285,0.569,0.1,67.0,
0.0,0.103,0.797,0.1,237.0,
0.0,0.064,0.836,0.1,218.0,
0.0,0.181,0.719,0.1,167.0,
0.0,0.1,0.8,0.1,290.0,
0.0,0.053,0.847,0.1,284.0,
0.005,0.152,0.743,0.1,159.0,
0.003,0.059,0.838,0.1,221.0,
0.0,0.094,0.806,0.1,114.0,
0.0,0.051,0.849,0.1,352.0,
0.0,0.07,0.83,0.1,338.0,
0.004,0.065,0.831,0.1,189.0,
0.0,0.05,0.85,0.1,264.0,
0.003,0.086,0.811,0.1,278.0,
0.0,0.049,0.851,0.1,298.0,
0.0,0.106,0.794,0.1,99.0,
0.004,0.075,0.821,0.1,210.0,
0.0,0.048,0.852,0.1,192.0,
0.0,0.126,0.774,0.1,133.0,
0.033,0.273,0.593,0.1,91.0,
0.0,0.03,0.87,0.1,278.0,
0.004,0.044,0.852,0.1,204.0,
0.014,0.168,0.718,0.1,159.0,
0.0,0.05,0.85,0.1,204.0,
0.0,0.109,0.791,0.1,165.0,
0.005,0.051,0.844,0.1,272.0,
0.002,0.045,0.852,0.1,334.0,
0.0,0.043,0.858,0.1,335.0,
0.011,0.167,0.722,0.1,208.0,
0.0,0.038,0.862,0.1,371.0,
0.0,0.054,0.846,0.1,291.0,
0.0,0.126,0.774,0.1,159.0,
0.006,0.171,0.724,0.1,93.0,
0.0,0.018,0.882,0.1,328.0,
0.0,0.016,0.884,0.1,257.0,
0.003,0.077,0.82,0.1,202.0,
0.002,0.044,0.854,0.1,329.0,
0.0,0.022,0.878,0.1,288.0,
0.02,0.28,0.6,0.1,236.0,
0.003,0.048,0.848,0.1,209.0,
0.004,0.068,0.829,0.1,205.0,
0.0,0.081,0.819,0.1,93.0,
0.002,0.024,0.873,0.1,306.0,
0.0,0.035,0.865,0.1,281.0,
0.0,0.096,0.804,0.1,206.0,
0.0,0.1,0.8,0.1,228.0,
0.016,0.263,0.621,0.1,126.0,
0.0,0.043,0.857,0.1,153.0,
0.0,0.1,0.8,0.1,140.0,
0.0,0.022,0.878,0.1,430.0,
0.0,0.028,0.872,0.1,336.0,
0.0,0.054,0.846,0.1,281.0,
0.0,0.079,0.821,0.1,178.0,
0.003,0.089,0.808,0.1,290.0,
0.0,0.047,0.853,0.1,410.0,
0.01,0.12,0.77,0.1,243.0,
0.0,0.118,0.782,0.1,234.0,
0.0,0.129,0.771,0.1,134.0,
0.003,0.047,0.85,0.1,267.0,
0.0,0.016,0.884,0.1,366.0,
0.0,0.06,0.84,0.1,247.0,
0.0,0.13,0.77,0.1,140.0,
0.007,0.25,0.643,0.1,91.0,
0.0,0.029,0.871,0.1,255.0,
0.023,0.177,0.7,0.1,149.0,
0.006,0.211,0.683,0.1,115.0,
0.005,0.041,0.854,0.1,305.0,
0.009,0.1,0.791,0.1,372.0,
0.0,0.078,0.822,0.1,161.0,
0.0,0.062,0.838,0.1,209.0,
0.0,0.055,0.845,0.1,174.0,
0.006,0.119,0.775,0.1,106.0,
0.0,0.067,0.833,0.1,286.0,
0.0,0.092,0.808,0.1,199.0,
0.004,0.17,0.726,0.1,157.0,
0.0,0.067,0.833,0.1,208.0,
0.0,0.244,0.656,0.1,105.0,
0.0,0.026,0.874,0.1,270.0,
0.008,0.171,0.721,0.1,186.0,
0.0,0.094,0.806,0.1,124.0,
0.006,0.069,0.825,0.1,241.0,
0.0,0.068,0.832,0.1,114.0,
0.0,0.053,0.847,0.1,306.0,
0.0,0.022,0.878,0.1,359.0,
0.003,0.12,0.777,0.1,236.0,
0.005,0.109,0.786,0.1,148.0,
0.016,0.189,0.695,0.1,115.0,
0.004,0.111,0.785,0.1,197.0,
0.003,0.049,0.849,0.1,282.0,
0.0,0.06,0.84,0.1,187.0,
0.0,0.105,0.795,0.1,128.0,
0.0,0.034,0.866,0.1,299.0,
0.0,0.026,0.874,0.1,202.0,
0.0,0.088,0.812,0.1,266.0,
0.0,0.045,0.855,0.1,226.0,
0.033,0.16,0.707,0.1,110.0,
0.0,0.017,0.883,0.1,340.0,
0.0,0.057,0.843,0.1,217.0,
0.005,0.118,0.777,0.1,147.0,
0.0,0.082,0.818,0.1,286.0,
0.1,0.342,0.458,0.1,65.0,
0.0,0.147,0.753,0.1,213.0,
0.004,0.073,0.823,0.1,202.0,
0.0,0.097,0.803,0.1,236.0,
0.0,0.048,0.852,0.1,161.0,
0.0,0.026,0.874,0.1,398.0,
0.003,0.144,0.753,0.1,274.0,
0.024,0.205,0.671,0.1,132.0,
0.0,0.068,0.832,0.1,206.0,
0.003,0.04,0.858,0.1,322.0,
0.0,0.088,0.812,0.1,255.0,
0.004,0.196,0.7,0.1,182.0,
0.004,0.1,0.796,0.1,211.0,
0.007,0.075,0.818,0.1,329.0,
0.0,0.072,0.828,0.1,228.0,
0.003,0.147,0.75,0.1,250.0,
0.0,0.064,0.836,0.1,192.0,
0.011,0.106,0.783,0.1,139.0,
0.0,0.019,0.881,0.1,308.0,
0.014,0.125,0.761,0.1,263.0,
0.003,0.043,0.853,0.1,210.0,
0.019,0.067,0.814,0.1,148.0,
0.0,0.15,0.75,0.1,148.0,
0.0,0.027,0.873,0.1,334.0,
0.0,0.08,0.82,0.1,363.0,
0.0,0.195,0.705,0.1,128.0,
0.006,0.175,0.719,0.1,111.0,
0.0,0.051,0.849,0.1,344.0,
0.0,0.037,0.863,0.1,268.0,
0.009,0.173,0.718,0.1,72.0,
0.004,0.135,0.761,0.1,180.0,
0.0,0.009,0.891,0.1,363.0,
0.0,0.018,0.882,0.1,358.0,
0.0,0.1,0.8,0.1,219.0,
0.041,0.176,0.682,0.1,103.0,
0.0,0.318,0.582,0.1,55.0,
0.008,0.086,0.805,0.1,282.0,
0.003,0.039,0.858,0.1,283.0,
0.0,0.277,0.623,0.1,163.0,
0.013,0.109,0.778,0.1,175.0,
0.005,0.123,0.773,0.1,155.0,
0.0,0.053,0.847,0.1,258.0,
0.0,0.022,0.878,0.1,302.0,
0.005,0.044,0.851,0.1,350.0,
0.0,0.038,0.862,0.1,216.0,
0.003,0.079,0.818,0.1,252.0,
0.0,0.182,0.718,0.1,121.0,
0.008,0.242,0.65,0.1,71.0,
0.0,0.033,0.867,0.1,328.0,
0.0,0.113,0.787,0.1,185.0,
0.015,0.109,0.776,0.1,253.0,
0.011,0.144,0.744,0.1,124.0,
0.0,0.018,0.882,0.1,316.0,
0.013,0.066,0.822,0.1,259.0,
0.0,0.048,0.852,0.1,191.0,
0.01,0.106,0.784,0.1,231.0,
0.07,0.39,0.44,0.1,65.0,
0.006,0.058,0.836,0.1,303.0,
0.0,0.121,0.779,0.1,225.0,
0.005,0.067,0.829,0.1,126.0,
0.0,0.037,0.863,0.1,260.0,
0.003,0.048,0.85,0.1,305.0,
0.0,0.059,0.841,0.1,226.0,
0.0,0.095,0.805,0.1,152.0,
0.024,0.241,0.635,0.1,116.0,
0.0,0.066,0.834,0.1,263.0,
0.003,0.139,0.758,0.1,231.0,
0.0,0.026,0.874,0.1,290.0,
0.0,0.119,0.781,0.1,182.0,
0.0,0.03,0.87,0.1,295.0,
0.0,0.086,0.814,0.1,200.0,
0.008,0.16,0.732,0.1,189.0,
0.0,0.039,0.861,0.1,168.0,
0.005,0.119,0.776,0.1,154.0,
0.004,0.059,0.837,0.1,215.0,
0.0,0.11,0.79,0.1,305.0,
0.0,0.053,0.847,0.1,278.0,
0.003,0.069,0.829,0.1,275.0,
0.0,0.058,0.842,0.1,242.0,
0.004,0.128,0.768,0.1,178.0,
0.005,0.1,0.795,0.1,303.0,
0.0,0.07,0.83,0.1,332.0,
0.0,0.043,0.857,0.1,322.0,
0.012,0.088,0.8,0.1,254.0,
0.0,0.171,0.729,0.1,137.0,
0.0,0.07,0.83,0.1,337.0,
0.0,0.084,0.816,0.1,187.0,
0.003,0.047,0.85,0.1,226.0,
0.01,0.061,0.829,0.1,218.0,
0.006,0.075,0.819,0.1,354.0,
0.0,0.022,0.878,0.1,390.0,
0.0,0.031,0.869,0.1,275.0,
0.0,0.148,0.752,0.1,184.0,
0.002,0.056,0.841,0.1,308.0,
0.007,0.066,0.828,0.1,250.0,
0.0,0.022,0.878,0.1,252.0,
0.0,0.079,0.821,0.1,181.0,
0.0,0.211,0.689,0.1,108.0,
0.0,0.042,0.858,0.1,284.0,
0.002,0.043,0.855,0.1,400.0,
0.0,0.022,0.878,0.1,280.0,
0.015,0.089,0.796,0.1,194.0,
0.0,0.045,0.855,0.1,146.0,
0.0,0.121,0.779,0.1,138.0,
0.005,0.103,0.792,0.1,287.0,
0.005,0.114,0.781,0.1,161.0,
0.0,0.056,0.844,0.1,292.0,
0.0,0.092,0.808,0.1,186.0,
0.0,0.08,0.82,0.1,199.0,
0.0,0.066,0.834,0.1,225.0,
0.002,0.032,0.866,0.1,381.0,
0.008,0.087,0.804,0.1,130.0,
0.0,0.088,0.812,0.1,194.0,
0.005,0.068,0.827,0.1,295.0,
0.006,0.076,0.818,0.1,273.0,
0.0,0.032,0.868,0.1,313.0,
0.0,0.052,0.848,0.1,209.0,
0.0,0.183,0.717,0.1,160.0,
0.005,0.06,0.836,0.1,350.0,
0.0,0.05,0.85,0.1,288.0,
0.0,0.162,0.738,0.1,204.0,
0.006,0.141,0.753,0.1,120.0,
0.0,0.205,0.695,0.1,133.0,
0.004,0.089,0.807,0.1,207.0,
0.008,0.132,0.76,0.1,184.0,
0.013,0.3,0.587,0.1,96.0,
0.005,0.086,0.809,0.1,160.0,
0.017,0.117,0.767,0.1,75.0,
0.006,0.066,0.829,0.1,280.0,
0.024,0.259,0.618,0.1,113.0,
0.009,0.074,0.817,0.1,165.0,
0.0,0.032,0.868,0.1,436.0,
0.0,0.162,0.738,0.1,77.0,
0.0,0.024,0.876,0.1,310.0,
0.011,0.126,0.763,0.1,128.0,
0.0,0.067,0.833,0.1,149.0,
0.003,0.05,0.847,0.1,257.0,
0.0,0.058,0.842,0.1,251.0,
0.003,0.1,0.797,0.1,235.0,
0.005,0.1,0.795,0.1,133.0,
0.06,0.287,0.553,0.1,106.0,
0.0,0.048,0.852,0.1,253.0,
0.005,0.071,0.824,0.1,152.0,
0.0,0.088,0.812,0.1,178.0,
0.008,0.116,0.776,0.1,171.0,
0.0,0.041,0.859,0.1,294.0,
0.0,0.056,0.844,0.1,270.0,
0.0,0.064,0.836,0.1,181.0,
0.004,0.056,0.841,0.1,210.0,
0.007,0.153,0.74,0.1,101.0,
0.002,0.076,0.822,0.1,307.0,
0.0,0.033,0.867,0.1,240.0,
0.007,0.148,0.744,0.1,207.0,
0.002,0.086,0.812,0.1,356.0,
0.005,0.175,0.72,0.1,123.0,
0.0,0.074,0.826,0.1,219.0,
0.02,0.24,0.64,0.1,104.0,
0.005,0.165,0.73,0.1,135.0,
0.005,0.089,0.805,0.1,318.0,
0.0,0.022,0.877,0.1,317.0,
0.015,0.164,0.721,0.1,267.0,
0.002,0.064,0.833,0.1,353.0,
0.0,0.223,0.677,0.1,74.0,
0.0,0.089,0.811,0.1,132.0,
0.006,0.078,0.817,0.1,255.0,
0.0,0.087,0.813,0.1,222.0,
0.033,0.078,0.789,0.1,130.0,
0.0,0.109,0.791,0.1,136.0,
0.0,0.03,0.87,0.1,317.0,
0.01,0.086,0.805,0.1,153.0,
0.003,0.121,0.776,0.1,209.0,
0.003,0.039,0.858,0.1,239.0,
0.0,0.124,0.776,0.1,132.0,
0.0,0.392,0.508,0.1,72.0,
0.0,0.046,0.854,0.1,277.0,
0.0,0.014,0.886,0.1,281.0,
0.004,0.079,0.818,0.1,219.0,
0.019,0.171,0.71,0.1,146.0,
0.007,0.147,0.747,0.1,101.0,
0.0,0.1,0.8,0.1,120.0,
0.004,0.172,0.724,0.1,195.0,
0.0,0.162,0.738,0.1,70.0,
0.0,0.039,0.861,0.1,349.0,
0.0,0.045,0.855,0.1,441.0,
0.006,0.058,0.836,0.1,291.0,
0.0,0.068,0.832,0.1,179.0,
0.015,0.223,0.662,0.1,198.0,
0.003,0.064,0.833,0.1,299.0,
0.0,0.021,0.879,0.1,248.0,
0.003,0.032,0.865,0.1,235.0,
0.0,0.042,0.858,0.1,310.0,
0.003,0.1,0.797,0.1,211.0,
0.0,0.041,0.859,0.1,346.0,
0.0,0.165,0.735,0.1,167.0,
0.008,0.3,0.592,0.1,75.0,
0.004,0.085,0.811,0.1,180.0,
0.0,0.077,0.823,0.1,344.0,
0.0,0.084,0.816,0.1,176.0,
0.0,0.046,0.854,0.1,270.0,
0.0,0.082,0.818,0.1,219.0,
0.0,0.119,0.781,0.1,151.0,
0.0,0.04,0.86,0.1,294.0,
0.0,0.105,0.795,0.1,167.0,
0.014,0.15,0.736,0.1,93.0,
0.0,0.045,0.855,0.1,345.0,
0.0,0.142,0.758,0.1,136.0,
0.003,0.067,0.831,0.1,328.0,
0.014,0.194,0.692,0.1,278.0,
0.0,0.1,0.8,0.1,257.0,
0.0,0.055,0.845,0.1,178.0,
0.0,0.062,0.838,0.1,172.0,
0.0,0.231,0.669,0.1,120.0,
0.0,0.044,0.856,0.1,337.0,
0.0,0.05,0.85,0.1,222.0,
0.0,0.054,0.846,0.1,192.0,
0.0,0.072,0.828,0.1,240.0,
0.004,0.135,0.761,0.1,178.0,
0.003,0.047,0.85,0.1,223.0,
0.015,0.127,0.758,0.1,173.0,
0.0,0.064,0.836,0.1,227.0,
0.003,0.055,0.842,0.1,243.0,
0.002,0.037,0.861,0.1,347.0,
0.038,0.192,0.669,0.1,196.0,
0.0,0.085,0.815,0.1,190.0,
0.0,0.113,0.787,0.1,232.0,
0.0,0.065,0.835,0.1,257.0,
0.0,0.139,0.761,0.1,168.0,
0.0,0.093,0.807,0.1,184.0,
0.006,0.235,0.659,0.1,117.0,
0.0,0.045,0.855,0.1,343.0,
0.0,0.033,0.867,0.1,289.0,
0.0,0.061,0.839,0.1,325.0,
0.017,0.2,0.683,0.1,170.0,
0.0,0.096,0.804,0.1,152.0,
0.0,0.02,0.88,0.1,401.0,
0.041,0.129,0.729,0.1,105.0,
0.0,0.02,0.88,0.1,341.0,
0.003,0.055,0.843,0.1,320.0,
0.0,0.125,0.775,0.1,258.0,
0.0,0.067,0.833,0.1,255.0,
0.011,0.211,0.679,0.1,121.0,
0.005,0.139,0.755,0.1,297.0,
0.0,0.176,0.724,0.1,154.0,
0.0,0.085,0.815,0.1,183.0,
0.006,0.047,0.847,0.1,284.0,
0.0,0.051,0.849,0.1,283.0,
0.0,0.047,0.853,0.1,314.0,
0.011,0.103,0.786,0.1,284.0,
0.0,0.064,0.836,0.1,158.0,
0.015,0.277,0.608,0.1,78.0,
0.01,0.149,0.741,0.1,285.0,
0.0,0.089,0.811,0.1,197.0,
0.043,0.226,0.63,0.1,157.0,
0.003,0.057,0.841,0.1,287.0,
0.0,0.044,0.856,0.1,305.0,
0.0,0.077,0.823,0.1,288.0,
0.0,0.12,0.78,0.1,175.0,
0.004,0.083,0.813,0.1,156.0,
0.0,0.067,0.833,0.1,265.0,
0.009,0.093,0.798,0.1,363.0,
0.003,0.097,0.8,0.1,250.0,
0.0,0.163,0.737,0.1,144.0,
0.021,0.232,0.647,0.1,140.0,
0.0,0.068,0.832,0.1,366.0,
0.002,0.036,0.861,0.1,340.0,
0.048,0.278,0.574,0.1,188.0,
0.005,0.225,0.67,0.1,139.0,
0.0,0.005,0.895,0.1,297.0,
0.0,0.008,0.892,0.1,266.0,
0.0,0.015,0.885,0.1,215.0,
0.0,0.009,0.891,0.1,159.0,
0.0,0.017,0.883,0.1,190.0,
0.003,0.018,0.88,0.1,337.0,
0.0,0.013,0.887,0.1,311.0,
0.003,0.003,0.893,0.1,209.0,
0.0,0.009,0.891,0.1,159.0,
0.008,0.008,0.885,0.1,190.0,
0.007,0.014,0.879,0.1,236.0,
0.0,0.003,0.897,0.1,238.0,
0.0,0.0,0.9,0.1,263.0,
0.0,0.026,0.874,0.1,142.0,
0.0,0.0,0.9,0.1,322.0,
0.0,0.003,0.897,0.1,303.0,
0.0,0.056,0.838,0.106,113.0,
0.0,0.02,0.88,0.1,155.0,
0.005,0.015,0.88,0.1,337.0,
0.003,0.013,0.883,0.1,229.0,
0.0,0.008,0.892,0.1,325.0,
0.027,0.255,0.618,0.1,75.0,
0.0,0.004,0.896,0.1,186.0,
0.0,0.016,0.874,0.11,243.0,
0.0,0.021,0.868,0.111,238.0,
0.003,0.024,0.873,0.1,272.0,
0.0,0.0,0.9,0.1,406.0,
0.0,0.014,0.886,0.1,145.0,
0.007,0.036,0.857,0.1,214.0,
0.003,0.017,0.88,0.1,221.0,
0.0,0.022,0.872,0.106,131.0,
0.0,0.0,0.9,0.1,393.0,
0.0,0.044,0.856,0.1,140.0,
0.017,0.183,0.7,0.1,157.0,
0.0,0.003,0.897,0.1,276.0,
0.0,0.132,0.768,0.1,113.0,
0.0,0.18,0.72,0.1,137.0,
0.006,0.311,0.583,0.1,136.0,
0.0,0.044,0.856,0.1,283.0,
0.006,0.056,0.839,0.1,277.0,
0.015,0.039,0.846,0.1,337.0,
0.0,0.069,0.831,0.1,197.0,
0.0,0.022,0.878,0.1,342.0,
0.0,0.061,0.839,0.1,218.0,
0.004,0.074,0.821,0.1,391.0,
0.009,0.141,0.75,0.1,262.0,
0.0,0.052,0.848,0.1,160.0,
0.003,0.048,0.848,0.1,247.0,
0.0,0.029,0.871,0.1,258.0,
0.0,0.054,0.823,0.123,192.0,
0.0,0.009,0.891,0.1,265.0,
0.0,0.05,0.831,0.119,108.0,
0.0,0.004,0.889,0.107,218.0,
0.0,0.003,0.897,0.1,281.0,
0.0,0.004,0.896,0.1,172.0,
0.0,0.0,0.9,0.1,359.0,
0.0,0.0,0.9,0.1,323.0,
0.0,0.011,0.889,0.1,303.0,
0.0,0.03,0.87,0.1,154.0,
0.0,0.004,0.896,0.1,154.0,
0.0,0.059,0.806,0.135,118.0,
0.0,0.008,0.892,0.1,298.0,
0.0,0.016,0.884,0.1,190.0,
0.01,0.005,0.886,0.1,143.0,
0.008,0.104,0.788,0.1,204.0,
0.017,0.261,0.622,0.1,121.0,
0.004,0.042,0.854,0.1,196.0,
0.002,0.061,0.836,0.1,363.0,
0.0,0.087,0.813,0.1,322.0,
0.0,0.144,0.756,0.1,319.0,
0.005,0.065,0.83,0.1,137.0,
0.0,0.043,0.857,0.1,299.0,
0.0,0.025,0.875,0.1,362.0,
0.0,0.115,0.785,0.1,205.0,
0.01,0.148,0.743,0.1,144.0,
0.005,0.184,0.711,0.1,126.0,
0.006,0.225,0.669,0.1,112.0,
0.0,0.04,0.86,0.1,359.0,
0.0,0.038,0.862,0.1,324.0,
0.011,0.126,0.763,0.1,136.0,

0.0,0.026,0.874,0.1,157.0,
0.002,0.047,0.844,0.107,200.0,
0.003,0.005,0.889,0.103,207.0,
0.003,0.007,0.89,0.1,117.0,
0.0,0.048,0.814,0.138,103.0,
0.0,0.0,0.9,0.1,149.0,
0.028,0.1,0.75,0.122,119.0,
0.016,0.054,0.797,0.132,157.0,
0.0,0.02,0.86,0.12,130.0,
0.004,0.011,0.878,0.107,129.0,
0.0,0.018,0.88,0.102,194.0,
0.011,0.093,0.759,0.137,125.0,
0.003,0.047,0.826,0.124,153.0,
0.013,0.048,0.817,0.122,104.0,
0.0,0.003,0.897,0.1,168.0,
0.005,0.045,0.848,0.102,165.0,
0.01,0.039,0.832,0.119,140.0,
0.006,0.026,0.865,0.103,173.0,
0.017,0.022,0.844,0.117,87.0,
0.0,0.031,0.867,0.103,138.0,
0.008,0.092,0.76,0.14,110.0,
0.003,0.011,0.883,0.103,205.0,
0.0,0.078,0.77,0.152,118.0,
0.014,0.023,0.855,0.109,111.0,
0.018,0.038,0.838,0.106,139.0,
0.007,0.08,0.783,0.13,140.0,
0.007,0.071,0.771,0.15,61.0,
0.0,0.0,0.9,0.1,248.0,
0.022,0.151,0.678,0.149,157.0,
0.003,0.018,0.873,0.106,119.0,
0.0,0.029,0.863,0.107,174.0,
0.012,0.071,0.818,0.1,98.0,
0.006,0.069,0.819,0.106,78.0,
0.0,0.009,0.889,0.102,275.0,
0.005,0.014,0.867,0.114,92.0,
0.0,0.0,0.9,0.1,137.0,
0.014,0.043,0.795,0.148,100.0,
0.0,0.038,0.854,0.108,70.0,
0.039,0.057,0.783,0.122,120.0,
0.006,0.068,0.797,0.129,123.0,
0.015,0.073,0.781,0.131,101.0,
0.012,0.026,0.852,0.11,220.0,
0.0,0.084,0.789,0.126,85.0,
0.024,0.116,0.704,0.156,102.0,
0.028,0.167,0.611,0.194,58.0,
0.0,0.05,0.825,0.125,178.0,
0.016,0.113,0.723,0.148,109.0,
0.004,0.03,0.865,0.1,119.0,
0.006,0.0,0.894,0.1,158.0,
0.015,0.12,0.7,0.165,86.0,
0.003,0.059,0.826,0.113,162.0,
0.009,0.023,0.857,0.111,192.0,
0.012,0.055,0.809,0.124,180.0,
0.023,0.069,0.773,0.135,109.0,
0.009,0.039,0.83,0.121,173.0,
0.007,0.049,0.827,0.117,198.0,
0.008,0.037,0.825,0.129,103.0,
0.013,0.042,0.806,0.139,120.0,
0.006,0.067,0.811,0.117,76.0,
0.009,0.036,0.848,0.106,138.0,
0.015,0.169,0.654,0.162,50.0,
0.014,0.062,0.786,0.138,101.0,
0.006,0.003,0.89,0.1,164.0,
0.014,0.076,0.762,0.148,103.0,
0.0,0.004,0.896,0.1,129.0,
0.0,0.075,0.794,0.131,77.0,
0.007,0.02,0.864,0.109,243.0,
0.009,0.033,0.852,0.106,160.0,
0.0,0.047,0.845,0.108,177.0,
0.017,0.039,0.833,0.111,99.0,
0.01,0.045,0.84,0.105,197.0,
0.0,0.024,0.865,0.111,130.0,
0.0,0.0,0.9,0.1,161.0,
0.0,0.013,0.887,0.1,80.0,
0.021,0.079,0.779,0.121,195.0,
0.008,0.116,0.74,0.136,100.0,
0.0,0.012,0.888,0.1,133.0,
0.0,0.04,0.85,0.11,106.0,
0.007,0.043,0.833,0.117,175.0,
0.007,0.085,0.778,0.129,160.0,
0.018,0.015,0.861,0.106,174.0,
0.005,0.073,0.805,0.116,147.0,
0.01,0.0,0.89,0.1,89.0,
0.002,0.025,0.873,0.1,225.0,
0.004,0.038,0.857,0.1,207.0,
0.0,0.08,0.812,0.108,140.0,
0.011,0.089,0.747,0.153,64.0,
0.0,0.047,0.84,0.113,49.0,
0.006,0.033,0.856,0.106,100.0,
0.002,0.11,0.751,0.137,212.0,
0.016,0.009,0.875,0.1,231.0,
0.004,0.042,0.825,0.129,95.0,
0.013,0.048,0.83,0.109,94.0,
0.006,0.106,0.739,0.15,70.0,
0.0,0.05,0.815,0.135,96.0,
0.0,0.012,0.888,0.1,191.0,
0.004,0.021,0.872,0.102,203.0,
0.0,0.029,0.871,0.1,116.0,
0.02,0.1,0.74,0.14,50.0,
0.019,0.177,0.677,0.127,100.0,
0.038,0.15,0.665,0.146,100.0,
0.004,0.057,0.825,0.114,135.0,
0.007,0.061,0.796,0.136,104.0,
0.012,0.053,0.818,0.118,99.0,
0.006,0.051,0.834,0.109,152.0,
0.003,0.064,0.808,0.126,175.0,
0.011,0.068,0.816,0.105,70.0,
0.003,0.07,0.803,0.124,166.0,
0.0,0.016,0.877,0.106,117.0,
0.0,0.009,0.884,0.106,145.0,
0.017,0.1,0.722,0.161,93.0,
0.0,0.065,0.8,0.135,83.0,
0.0,0.2,0.6,0.2,40.0,
0.003,0.046,0.831,0.12,149.0,
0.007,0.15,0.7,0.143,94.0,
0.032,0.084,0.76,0.124,92.0,
0.016,0.008,0.876,0.1,120.0,
0.025,0.09,0.75,0.135,89.0,
0.0,0.011,0.889,0.1,142.0,
0.012,0.048,0.824,0.116,99.0,
0.005,0.055,0.811,0.129,169.0,
0.003,0.03,0.861,0.106,152.0,
0.002,0.029,0.86,0.11,200.0,
0.006,0.043,0.843,0.109,141.0,
0.009,0.024,0.862,0.106,148.0,
0.0,0.0,0.9,0.1,150.0,
0.0,0.003,0.89,0.107,134.0,
0.0,0.009,0.885,0.106,251.0,
0.002,0.017,0.881,0.1,265.0,
0.012,0.059,0.815,0.115,162.0,
0.0,0.005,0.89,0.105,166.0,
0.013,0.062,0.792,0.133,99.0,
0.017,0.1,0.75,0.133,49.0,
0.009,0.109,0.745,0.136,82.0,
0.028,0.1,0.736,0.136,84.0,
0.0,0.024,0.871,0.105,97.0,
0.015,0.123,0.731,0.131,70.0,
0.002,0.02,0.878,0.1,210.0,
0.016,0.095,0.732,0.158,73.0,
0.017,0.111,0.711,0.161,79.0,
0.0,0.143,0.695,0.162,90.0,
0.01,0.24,0.55,0.2,30.0,
0.003,0.037,0.84,0.12,150.0,
0.004,0.048,0.841,0.107,106.0,
0.003,0.003,0.894,0.1,159.0,
0.005,0.041,0.839,0.116,220.0,
0.005,0.015,0.877,0.103,204.0,
0.007,0.037,0.837,0.12,134.0,
0.008,0.064,0.808,0.12,130.0,
0.0,0.078,0.8,0.122,102.0,
0.014,0.055,0.814,0.118,103.0,
0.004,0.037,0.852,0.107,209.0,
0.0,0.016,0.869,0.116,125.0,
0.007,0.018,0.871,0.104,149.0,
0.006,0.043,0.831,0.12,153.0,
0.021,0.079,0.766,0.134,130.0,
0.0,0.012,0.888,0.1,193.0,
0.011,0.057,0.811,0.122,155.0,
0.004,0.054,0.792,0.15,120.0,
0.032,0.059,0.788,0.121,130.0,
0.012,0.031,0.852,0.105,209.0,
0.0,0.017,0.883,0.1,144.0,
0.019,0.225,0.562,0.194,68.0,
0.0,0.014,0.886,0.1,117.0,
0.0,0.027,0.867,0.107,100.0,
0.005,0.012,0.883,0.1,221.0,
0.007,0.039,0.854,0.1,121.0,
0.035,0.052,0.791,0.122,104.0,
0.011,0.055,0.811,0.123,213.0,
0.031,0.077,0.738,0.154,89.0,
0.025,0.058,0.779,0.138,104.0,
0.021,0.153,0.689,0.137,78.0,
0.021,0.026,0.853,0.1,74.0,
0.003,0.01,0.882,0.105,158.0,
0.011,0.059,0.815,0.115,120.0,
0.0,0.05,0.817,0.133,70.0,
0.018,0.041,0.818,0.124,83.0,
0.0,0.005,0.895,0.1,193.0,
0.007,0.069,0.803,0.121,120.0,
0.0,0.006,0.894,0.1,169.0,
0.02,0.18,0.627,0.173,60.0,
0.013,0.106,0.744,0.138,59.0,
0.0,0.025,0.87,0.105,144.0,
0.022,0.031,0.839,0.108,166.0,
0.0,0.002,0.898,0.1,240.0,
0.002,0.002,0.895,0.1,219.0,
0.011,0.07,0.785,0.133,105.0,
0.0,0.136,0.718,0.145,50.0,
0.011,0.122,0.744,0.122,60.0,
0.003,0.008,0.89,0.1,178.0,
0.019,0.025,0.825,0.131,79.0,
0.0,0.078,0.8,0.122,81.0,
0.0,0.045,0.845,0.11,162.0,
0.007,0.1,0.753,0.14,67.0,
0.015,0.03,0.855,0.1,145.0,
0.007,0.023,0.867,0.103,133.0,
0.011,0.071,0.779,0.139,101.0,
0.013,0.069,0.779,0.138,201.0,
0.008,0.047,0.839,0.106,158.0,
0.005,0.027,0.855,0.114,118.0,
0.006,0.025,0.854,0.115,214.0,
0.012,0.029,0.841,0.118,71.0,
0.006,0.017,0.869,0.108,186.0,
0.011,0.094,0.739,0.156,80.0,
0.004,0.004,0.892,0.1,140.0,
0.006,0.111,0.733,0.15,50.0,
0.014,0.036,0.833,0.117,164.0,
0.0,0.1,0.743,0.157,80.0,
0.004,0.017,0.874,0.104,140.0,
0.004,0.048,0.84,0.108,110.0,
0.008,0.056,0.812,0.124,91.0,
0.006,0.031,0.849,0.114,141.0,
0.012,0.038,0.846,0.104,129.0,
0.008,0.05,0.808,0.133,103.0,
0.005,0.045,0.83,0.12,97.0,
0.003,0.013,0.882,0.103,172.0,
0.006,0.022,0.861,0.111,98.0,
0.005,0.055,0.81,0.13,84.0,
0.003,0.047,0.839,0.111,162.0,
0.005,0.07,0.81,0.115,90.0,
0.055,0.145,0.655,0.145,59.0,
0.021,0.127,0.712,0.139,104.0,
0.004,0.067,0.789,0.141,110.0,
0.004,0.015,0.881,0.1,136.0,
0.0,0.064,0.81,0.126,180.0,
0.026,0.079,0.695,0.2,79.0,
0.0,0.005,0.895,0.1,108.0,
0.008,0.023,0.859,0.11,195.0,
0.002,0.004,0.893,0.1,218.0,
0.021,0.068,0.768,0.143,101.0,
0.014,0.032,0.845,0.109,188.0,
0.003,0.042,0.845,0.109,169.0,
0.008,0.05,0.833,0.108,179.0,
0.004,0.035,0.854,0.108,100.0,
0.021,0.107,0.725,0.146,100.0,
0.003,0.013,0.885,0.1,201.0,
0.004,0.004,0.893,0.1,112.0,
0.011,0.075,0.804,0.111,90.0,
0.009,0.052,0.827,0.111,176.0,
0.013,0.126,0.713,0.148,124.0,
0.006,0.047,0.835,0.112,159.0,
0.024,0.053,0.818,0.106,80.0,
0.006,0.022,0.872,0.1,111.0,
0.0,0.042,0.851,0.107,184.0,
0.022,0.07,0.804,0.104,111.0,
0.017,0.062,0.786,0.134,106.0,
0.018,0.124,0.718,0.141,70.0,
0.004,0.05,0.815,0.131,74.0,
0.004,0.033,0.863,0.1,130.0,
0.009,0.068,0.786,0.136,82.0,
0.005,0.016,0.879,0.1,90.0,
0.007,0.185,0.644,0.163,106.0,
0.005,0.039,0.845,0.111,166.0,
0.027,0.118,0.718,0.136,105.0,
0.0,0.026,0.872,0.102,202.0,
0.0,0.013,0.884,0.103,189.0,
0.0,0.007,0.888,0.105,179.0,
0.017,0.05,0.817,0.117,120.0,
0.0,0.011,0.868,0.121,146.0,
0.014,0.062,0.805,0.119,186.0,
0.0,0.024,0.859,0.117,135.0,
0.006,0.042,0.836,0.115,158.0,
0.004,0.043,0.83,0.122,100.0,
0.019,0.063,0.804,0.115,84.0,
0.004,0.033,0.848,0.115,90.0,
0.006,0.028,0.85,0.116,144.0,
0.007,0.018,0.875,0.1,120.0,
0.009,0.023,0.865,0.102,167.0,
0.004,0.071,0.777,0.148,213.0,
0.003,0.027,0.86,0.11,152.0,
0.0,0.0,0.9,0.1,211.0,
0.015,0.061,0.806,0.118,144.0,
0.003,0.019,0.874,0.103,128.0,
0.008,0.015,0.875,0.102,218.0,
0.0,0.045,0.831,0.124,151.0,
0.011,0.089,0.768,0.132,79.0,
0.006,0.024,0.853,0.118,71.0,
0.007,0.046,0.82,0.127,167.0,
0.0,0.039,0.842,0.119,143.0,
0.021,0.036,0.832,0.111,142.0,
0.005,0.105,0.74,0.15,80.0,
0.002,0.013,0.884,0.1,205.0,
0.002,0.016,0.874,0.107,225.0,
0.0,0.004,0.893,0.104,126.0,
0.012,0.009,0.879,0.1,175.0,
0.0,0.041,0.845,0.114,154.0,
0.016,0.065,0.8,0.119,150.0,
0.003,0.019,0.871,0.106,172.0,
0.033,0.09,0.738,0.138,80.0,
0.014,0.029,0.824,0.133,98.0,
0.0,0.018,0.882,0.1,157.0,
0.006,0.061,0.81,0.123,153.0,
0.012,0.015,0.865,0.108,116.0,
0.0,0.035,0.842,0.123,110.0,
0.007,0.083,0.777,0.133,151.0,
0.005,0.024,0.862,0.11,88.0,
0.013,0.052,0.803,0.132,142.0,
0.005,0.045,0.818,0.132,119.0,
0.018,0.165,0.653,0.165,71.0,
0.008,0.022,0.853,0.117,135.0,
0.006,0.032,0.858,0.103,137.0,
0.022,0.107,0.722,0.148,129.0,
0.0,0.031,0.865,0.104,146.0,
0.02,0.15,0.69,0.14,40.0,
0.006,0.106,0.744,0.144,70.0,
0.006,0.021,0.868,0.106,160.0,
0.02,0.06,0.788,0.132,64.0,
0.012,0.021,0.856,0.112,157.0,
0.0,0.004,0.896,0.1,272.0,
0.006,0.052,0.83,0.112,145.0,
0.035,0.074,0.752,0.139,90.0,
0.03,0.135,0.661,0.174,73.0,
0.0,0.038,0.851,0.111,163.0,
0.0,0.028,0.852,0.121,144.0,
0.011,0.078,0.776,0.135,174.0,
0.003,0.031,0.859,0.106,123.0,
0.0,0.018,0.876,0.105,165.0,
0.009,0.036,0.848,0.106,140.0,
0.023,0.192,0.638,0.146,50.0,
0.0,0.008,0.89,0.102,233.0,
0.01,0.035,0.835,0.119,130.0,
0.012,0.018,0.871,0.1,174.0,
0.018,0.059,0.8,0.124,78.0,
0.003,0.017,0.88,0.1,137.0,
0.005,0.046,0.824,0.124,175.0,
0.009,0.023,0.85,0.118,113.0,
0.008,0.023,0.854,0.115,120.0,
0.015,0.123,0.7,0.162,59.0,
0.014,0.05,0.8,0.136,112.0,
0.004,0.039,0.846,0.111,120.0,
0.02,0.075,0.79,0.115,80.0,
0.002,0.017,0.875,0.106,242.0,
0.018,0.026,0.85,0.106,158.0,
0.005,0.033,0.862,0.1,110.0,
0.005,0.021,0.872,0.103,157.0,
0.013,0.087,0.76,0.14,68.0,
0.0,0.111,0.761,0.128,90.0,
0.005,0.033,0.845,0.117,180.0,
0.0,0.019,0.875,0.106,130.0,
0.015,0.059,0.815,0.112,144.0,
0.009,0.058,0.803,0.13,157.0,
0.013,0.1,0.738,0.15,69.0,
0.0,0.005,0.895,0.1,200.0,
0.018,0.064,0.804,0.114,120.0,
0.004,0.06,0.804,0.132,95.0,
0.007,0.012,0.876,0.105,190.0,
0.031,0.138,0.644,0.188,60.0,
0.004,0.015,0.881,0.1,111.0,
0.0,0.026,0.868,0.105,176.0,
0.004,0.029,0.849,0.118,228.0,
0.0,0.068,0.814,0.118,111.0,
0.011,0.033,0.839,0.117,79.0,
0.009,0.065,0.804,0.122,95.0,
0.003,0.016,0.878,0.103,196.0,
0.0,0.005,0.892,0.103,180.0,
0.024,0.065,0.782,0.129,80.0,
0.0,0.064,0.806,0.131,137.0,
0.005,0.2,0.6,0.195,57.0,
0.023,0.113,0.73,0.133,127.0,
0.037,0.104,0.715,0.144,110.0,
0.0,0.005,0.895,0.1,99.0,
0.018,0.033,0.836,0.113,160.0,
0.0,0.024,0.871,0.105,174.0,
0.0,0.036,0.852,0.112,100.0,
0.0,0.04,0.843,0.117,146.0,
0.012,0.141,0.694,0.153,70.0,
0.017,0.13,0.704,0.148,87.0,
0.003,0.018,0.877,0.102,212.0,
0.0,0.1,0.765,0.135,120.0,
0.024,0.036,0.828,0.112,108.0,
0.011,0.03,0.86,0.1,231.0,
0.005,0.054,0.818,0.123,134.0,
0.003,0.059,0.822,0.116,174.0,
0.02,0.1,0.71,0.17,56.0,
0.04,0.08,0.735,0.145,80.0,
0.014,0.032,0.841,0.114,185.0,
0.035,0.041,0.818,0.106,70.0,
0.0,0.023,0.873,0.104,235.0,
0.006,0.017,0.872,0.106,164.0,
0.003,0.024,0.848,0.124,135.0,
0.02,0.07,0.805,0.105,98.0,
0.0,0.076,0.812,0.112,70.0,
0.011,0.081,0.783,0.125,120.0,
0.0,0.013,0.887,0.1,160.0,
0.0,0.134,0.719,0.147,99.0,
0.011,0.107,0.733,0.148,119.0,
0.022,0.075,0.78,0.122,190.0,
0.003,0.033,0.858,0.106,159.0,
0.0,0.039,0.832,0.129,152.0,
0.004,0.024,0.856,0.116,104.0,
0.013,0.033,0.82,0.133,80.0,
0.022,0.072,0.797,0.108,164.0,
0.0,0.012,0.883,0.105,196.0,
0.006,0.006,0.889,0.1,140.0,
0.008,0.029,0.86,0.102,239.0,
0.007,0.025,0.854,0.114,132.0,
0.0,0.014,0.884,0.103,135.0,
0.005,0.129,0.71,0.157,94.0,
0.014,0.1,0.764,0.121,49.0,
0.011,0.048,0.824,0.117,197.0,
0.007,0.04,0.84,0.113,198.0,
0.015,0.092,0.762,0.131,110.0,
0.0,0.012,0.888,0.1,123.0,
0.015,0.131,0.754,0.1,77.0,
0.06,0.17,0.61,0.16,60.0,
0.009,0.04,0.826,0.126,216.0,
0.0,0.044,0.847,0.109,134.0,
0.007,0.087,0.793,0.113,76.0,
0.009,0.024,0.867,0.1,199.0,
0.006,0.003,0.891,0.1,173.0,
0.013,0.087,0.77,0.13,81.0,
0.01,0.12,0.73,0.14,47.0,
0.0,0.036,0.844,0.12,110.0,
0.028,0.061,0.792,0.119,160.0,
0.031,0.069,0.766,0.134,98.0,
0.0,0.011,0.884,0.105,184.0,
0.007,0.033,0.833,0.127,149.0,
0.009,0.041,0.823,0.127,90.0,
0.006,0.035,0.848,0.11,167.0,
0.012,0.019,0.854,0.115,117.0,
0.003,0.007,0.89,0.1,147.0,
0.006,0.067,0.811,0.117,80.0,
0.018,0.079,0.771,0.132,115.0,
0.007,0.032,0.846,0.115,183.0,
0.016,0.104,0.76,0.12,106.0,
0.0,0.018,0.877,0.105,103.0,
0.009,0.026,0.865,0.1,152.0,
0.027,0.11,0.72,0.143,102.0,
0.024,0.053,0.809,0.115,138.0,
0.025,0.031,0.844,0.1,90.0,
0.0,0.014,0.879,0.107,194.0,
0.0,0.005,0.89,0.105,151.0,
0.004,0.048,0.837,0.111,100.0,
0.003,0.043,0.851,0.103,143.0,
0.014,0.064,0.773,0.15,80.0,
0.012,0.009,0.879,0.1,192.0,
0.012,0.024,0.865,0.1,80.0,
0.002,0.014,0.884,0.1,202.0,
0.0,0.117,0.733,0.15,60.0,
0.002,0.022,0.872,0.104,218.0,
0.0,0.015,0.876,0.109,136.0,
0.006,0.082,0.765,0.147,88.0,
0.01,0.028,0.855,0.107,137.0,
0.013,0.077,0.78,0.13,130.0,
0.007,0.018,0.875,0.1,140.0,
0.003,0.026,0.857,0.114,140.0,
0.006,0.017,0.874,0.103,145.0,
0.007,0.071,0.805,0.117,184.0,
0.012,0.056,0.815,0.118,149.0,
0.0,0.07,0.81,0.12,89.0,
0.009,0.055,0.809,0.127,98.0,
0.004,0.057,0.821,0.117,191.0,
0.002,0.029,0.863,0.105,218.0,
0.0,0.003,0.897,0.1,204.0,
0.0,0.075,0.781,0.144,50.0,
0.02,0.093,0.787,0.1,71.0,
0.006,0.058,0.822,0.114,158.0,
0.027,0.091,0.718,0.164,83.0,
0.014,0.004,0.882,0.1,135.0,
0.005,0.007,0.885,0.102,203.0,
0.014,0.033,0.847,0.106,160.0,
0.016,0.024,0.855,0.105,167.0,
0.008,0.037,0.846,0.108,111.0,
0.0,0.026,0.864,0.11,205.0,
0.003,0.017,0.878,0.103,174.0,
0.0,0.02,0.877,0.103,111.0,
0.0,0.013,0.883,0.104,95.0,
0.009,0.064,0.814,0.114,89.0,
0.0,0.021,0.874,0.105,93.0,
0.006,0.021,0.863,0.11,246.0,
0.011,0.029,0.849,0.111,140.0,
0.007,0.059,0.807,0.128,145.0,
0.009,0.017,0.874,0.1,160.0,
0.0,0.017,0.879,0.103,145.0,
0.0,0.073,0.792,0.135,115.0,
0.0,0.01,0.885,0.105,175.0,
0.002,0.011,0.887,0.1,255.0,
0.0,0.021,0.877,0.102,200.0,
0.0,0.047,0.853,0.1,70.0,
0.004,0.03,0.848,0.117,112.0,
0.026,0.094,0.759,0.121,110.0,
0.028,0.134,0.722,0.116,125.0,
0.006,0.106,0.744,0.144,70.0,
0.017,0.083,0.8,0.1,70.0,
0.01,0.067,0.795,0.129,96.0,
0.01,0.012,0.873,0.105,205.0,
0.003,0.029,0.853,0.115,132.0,
0.0,0.0,0.9,0.1,173.0,
0.023,0.061,0.803,0.113,135.0,
0.0,0.043,0.85,0.107,194.0,
0.025,0.042,0.829,0.104,114.0,
0.015,0.085,0.754,0.146,58.0,
0.007,0.143,0.721,0.129,69.0,
0.011,0.056,0.813,0.12,199.0,
0.0,0.028,0.859,0.114,124.0,
0.0,0.003,0.897,0.1,161.0,
0.004,0.0,0.887,0.109,107.0,
0.0,0.015,0.875,0.11,100.0,
0.033,0.121,0.704,0.142,69.0,
0.0,0.029,0.861,0.111,164.0,
0.008,0.04,0.844,0.108,113.0,
0.003,0.016,0.877,0.103,142.0,
0.003,0.066,0.812,0.119,130.0,
0.009,0.023,0.864,0.105,100.0,
0.011,0.117,0.722,0.15,60.0,
0.004,0.018,0.878,0.1,240.0,
0.007,0.057,0.813,0.123,141.0,
0.005,0.005,0.891,0.1,249.0,
0.0,0.048,0.817,0.135,92.0,
0.0,0.003,0.897,0.1,153.0,
0.008,0.036,0.856,0.1,95.0,
0.01,0.043,0.843,0.105,103.0,
0.019,0.092,0.762,0.127,90.0,
0.015,0.015,0.869,0.1,123.0,
0.0,0.022,0.87,0.108,172.0,
0.02,0.063,0.793,0.123,128.0,
0.004,0.036,0.85,0.111,130.0,
0.035,0.109,0.687,0.17,77.0,
0.016,0.026,0.858,0.1,120.0,
0.008,0.035,0.846,0.112,110.0,
0.026,0.117,0.696,0.161,85.0,
0.024,0.076,0.762,0.138,85.0,
0.019,0.056,0.807,0.119,121.0,
0.018,0.028,0.845,0.11,188.0,
0.004,0.056,0.819,0.122,116.0,
0.006,0.012,0.882,0.1,100.0,
0.009,0.05,0.819,0.122,139.0,
0.017,0.062,0.79,0.131,110.0,
0.003,0.035,0.841,0.122,178.0,
0.015,0.05,0.82,0.115,90.0,
0.0,0.015,0.877,0.108,95.0,
0.003,0.029,0.857,0.111,174.0,
0.007,0.052,0.828,0.114,125.0,
0.009,0.094,0.735,0.162,157.0,
0.018,0.082,0.775,0.125,113.0,
0.004,0.008,0.888,0.1,117.0,
0.0,0.193,0.707,0.1,146.0,
0.016,0.316,0.568,0.1,100.0,
0.006,0.066,0.828,0.1,186.0,
0.013,0.166,0.721,0.1,209.0,
0.002,0.144,0.753,0.1,208.0,
0.007,0.132,0.761,0.1,175.0,
0.032,0.3,0.568,0.1,70.0,
0.029,0.2,0.671,0.1,108.0,
0.012,0.073,0.815,0.1,140.0,
0.01,0.275,0.615,0.1,171.0,
0.004,0.079,0.817,0.1,120.0,
0.033,0.139,0.728,0.1,101.0,
0.005,0.295,0.6,0.1,81.0,
0.006,0.278,0.617,0.1,151.0,
0.016,0.156,0.728,0.1,120.0,
0.01,0.248,0.642,0.1,127.0,
0.0,0.118,0.782,0.1,143.0,
0.062,0.277,0.562,0.1,60.0,
0.013,0.233,0.653,0.1,118.0,
0.014,0.271,0.614,0.1,116.0,
0.019,0.314,0.567,0.1,76.0,
0.023,0.274,0.603,0.1,135.0,
0.0,0.153,0.747,0.1,147.0,
0.019,0.19,0.69,0.1,90.0,
0.0,0.056,0.844,0.1,159.0,
0.022,0.222,0.656,0.1,56.0,
0.011,0.096,0.793,0.1,234.0,
0.005,0.142,0.753,0.1,179.0,
0.012,0.254,0.635,0.1,128.0,
0.006,0.208,0.686,0.1,140.0,
0.023,0.143,0.734,0.1,170.0,
0.003,0.2,0.697,0.1,144.0,
0.056,0.306,0.537,0.1,57.0,
0.046,0.264,0.589,0.1,101.0,
0.0,0.067,0.833,0.1,128.0,
0.021,0.242,0.637,0.1,80.0,
0.04,0.213,0.647,0.1,70.0,
0.0,0.105,0.795,0.1,149.0,
0.011,0.311,0.578,0.1,125.0,
0.073,0.205,0.623,0.1,116.0,
0.007,0.086,0.807,0.1,128.0,
0.014,0.173,0.714,0.1,101.0,
0.023,0.251,0.626,0.1,158.0,
0.017,0.138,0.745,0.1,196.0,
0.0,0.128,0.772,0.1,197.0,
0.033,0.141,0.726,0.1,106.0,
0.004,0.147,0.749,0.1,187.0,
0.008,0.122,0.77,0.1,179.0,
0.052,0.309,0.539,0.1,60.0,
0.012,0.159,0.729,0.1,72.0,
0.0,0.087,0.812,0.1,206.0,
0.0,0.046,0.854,0.1,182.0,
0.003,0.093,0.803,0.1,156.0,
0.02,0.151,0.729,0.1,189.0,
0.022,0.236,0.642,0.1,123.0,
0.02,0.233,0.647,0.1,172.0,
0.014,0.166,0.721,0.1,144.0,
0.032,0.261,0.607,0.1,121.0,
0.0,0.175,0.725,0.1,75.0,
0.01,0.237,0.654,0.1,144.0,
0.022,0.13,0.749,0.1,160.0,
0.012,0.208,0.681,0.1,128.0,
0.02,0.223,0.657,0.1,134.0,
0.016,0.247,0.637,0.1,70.0,
0.0,0.209,0.691,0.1,84.0,
0.005,0.325,0.57,0.1,82.0,
0.002,0.124,0.775,0.1,232.0,
0.007,0.1,0.793,0.1,175.0,
0.003,0.177,0.72,0.1,140.0,
0.017,0.25,0.633,0.1,83.0,
0.017,0.194,0.689,0.1,150.0,
0.012,0.155,0.733,0.1,240.0,
0.03,0.213,0.657,0.1,110.0,
0.021,0.268,0.611,0.1,139.0,
0.01,0.205,0.686,0.1,90.0,
0.021,0.144,0.735,0.1,170.0,
0.005,0.209,0.686,0.1,184.0,
0.017,0.133,0.75,0.1,156.0,
0.02,0.335,0.545,0.1,83.0,
0.007,0.221,0.671,0.1,67.0,
0.024,0.188,0.688,0.1,133.0,
0.023,0.245,0.632,0.1,91.0,
0.006,0.278,0.617,0.1,81.0,
0.028,0.097,0.774,0.1,190.0,
0.018,0.158,0.724,0.1,239.0,
0.013,0.309,0.578,0.1,88.0,
0.017,0.21,0.672,0.1,111.0,
0.0,0.132,0.768,0.1,140.0,
0.019,0.188,0.694,0.1,64.0,
0.006,0.181,0.714,0.1,184.0,
0.012,0.232,0.656,0.1,110.0,
0.0,0.23,0.67,0.1,98.0,
0.019,0.189,0.693,0.1,122.0,
0.025,0.206,0.669,0.1,67.0,
0.0,0.241,0.659,0.1,132.0,
0.033,0.308,0.558,0.1,100.0,
0.017,0.272,0.611,0.1,60.0,
0.022,0.222,0.656,0.1,128.0,
0.0,0.189,0.711,0.1,71.0,
0.018,0.187,0.695,0.1,167.0,
0.006,0.096,0.798,0.1,242.0,
0.003,0.127,0.77,0.1,160.0,
0.014,0.205,0.682,0.1,107.0,
0.016,0.179,0.705,0.1,81.0,
0.011,0.248,0.641,0.1,111.0,
0.006,0.18,0.714,0.1,162.0,
0.012,0.308,0.58,0.1,80.0,
0.005,0.163,0.732,0.1,60.0,
0.013,0.203,0.684,0.1,148.0,
0.015,0.226,0.659,0.1,126.0,
0.003,0.155,0.742,0.1,163.0,
0.007,0.131,0.762,0.1,133.0,
0.027,0.293,0.58,0.1,61.0,
0.002,0.168,0.729,0.1,173.0,
0.011,0.136,0.754,0.1,140.0,
0.018,0.236,0.645,0.1,82.0,
0.008,0.141,0.751,0.1,198.0,
0.133,0.308,0.458,0.1,60.0,
0.003,0.15,0.747,0.1,123.0,
0.031,0.288,0.581,0.1,103.0,
0.0,0.143,0.757,0.1,117.0,
0.013,0.204,0.683,0.1,101.0,
0.0,0.154,0.746,0.1,198.0,
0.003,0.174,0.724,0.1,178.0,
0.033,0.295,0.571,0.1,90.0,
0.018,0.221,0.661,0.1,101.0,
0.018,0.145,0.738,0.1,168.0,
0.003,0.212,0.685,0.1,132.0,
0.004,0.146,0.75,0.1,123.0,
0.018,0.154,0.729,0.1,160.0,
0.02,0.115,0.765,0.1,179.0,
0.007,0.19,0.703,0.1,111.0,
0.05,0.178,0.672,0.1,130.0,
0.0,0.121,0.779,0.1,124.0,
0.017,0.25,0.633,0.1,82.0,
0.0,0.159,0.741,0.1,150.0,
0.042,0.325,0.533,0.1,180.0,
0.003,0.07,0.827,0.1,143.0,
0.048,0.252,0.6,0.1,97.0,
0.04,0.325,0.535,0.1,90.0,
0.0,0.064,0.836,0.1,242.0,
0.02,0.216,0.664,0.1,196.0,
0.016,0.4,0.484,0.1,60.0,
0.037,0.369,0.494,0.1,70.0,
0.024,0.217,0.659,0.1,179.0,
0.005,0.116,0.779,0.1,169.0,
0.009,0.273,0.618,0.1,48.0,
0.026,0.196,0.678,0.1,110.0,
0.002,0.143,0.755,0.1,169.0,
0.002,0.038,0.86,0.1,226.0,
0.011,0.252,0.637,0.1,127.0,
0.035,0.165,0.7,0.1,60.0,
0.0,0.273,0.627,0.1,50.0,
0.019,0.162,0.719,0.1,179.0,
0.012,0.139,0.748,0.1,180.0,
0.009,0.205,0.686,0.1,100.0,
0.026,0.139,0.735,0.1,120.0,
0.014,0.205,0.682,0.1,94.0,
0.003,0.138,0.759,0.1,124.0,
0.0,0.169,0.731,0.1,162.0,
0.019,0.24,0.642,0.1,204.0,
0.007,0.297,0.597,0.1,114.0,
0.015,0.139,0.745,0.1,150.0,
0.0,0.176,0.724,0.1,78.0,
0.017,0.233,0.65,0.1,60.0,
0.0,0.077,0.823,0.1,206.0,
0.042,0.304,0.554,0.1,69.0,
0.012,0.194,0.694,0.1,146.0,
0.022,0.161,0.717,0.1,90.0,
0.0,0.075,0.825,0.1,195.0,
0.006,0.144,0.75,0.1,131.0,
0.007,0.174,0.719,0.1,110.0,
0.006,0.177,0.716,0.1,171.0,
0.08,0.27,0.55,0.1,59.0,
0.025,0.264,0.611,0.1,175.0,
0.003,0.186,0.71,0.1,131.0,
0.014,0.195,0.69,0.1,75.0,
0.0,0.147,0.753,0.1,139.0,
0.022,0.182,0.695,0.1,170.0,
0.0,0.083,0.817,0.1,127.0,
0.0,0.076,0.824,0.1,105.0,
0.106,0.376,0.418,0.1,80.0,
0.003,0.183,0.714,0.1,142.0,
0.0,0.126,0.774,0.1,144.0,
0.0,0.097,0.803,0.1,188.0,
0.015,0.288,0.596,0.1,102.0,
0.008,0.159,0.732,0.1,188.0,
0.014,0.238,0.648,0.1,122.0,
0.012,0.2,0.688,0.1,111.0,
0.004,0.157,0.739,0.1,107.0,
0.019,0.2,0.681,0.1,94.0,
0.011,0.156,0.733,0.1,130.0,
0.003,0.136,0.762,0.1,182.0,
0.003,0.165,0.732,0.1,141.0,
0.02,0.18,0.7,0.1,154.0,
0.003,0.206,0.69,0.1,147.0,
0.004,0.172,0.724,0.1,130.0,
0.021,0.221,0.659,0.1,157.0,
0.003,0.117,0.78,0.1,180.0,
0.011,0.176,0.714,0.1,170.0,
0.027,0.148,0.724,0.1,176.0,
0.0,0.086,0.814,0.1,106.0,
0.007,0.112,0.781,0.1,171.0,
0.028,0.308,0.564,0.1,106.0,
0.03,0.25,0.62,0.1,146.0,
0.013,0.097,0.79,0.1,166.0,
0.017,0.152,0.731,0.1,195.0,
0.0,0.096,0.804,0.1,248.0,
0.017,0.12,0.763,0.1,143.0,
0.012,0.164,0.724,0.1,110.0,
0.012,0.112,0.776,0.1,163.0,
0.028,0.241,0.631,0.1,130.0,
0.0,0.083,0.817,0.1,171.0,
0.029,0.279,0.592,0.1,100.0,
0.011,0.261,0.628,0.1,80.0,
0.036,0.239,0.624,0.1,137.0,
0.009,0.143,0.749,0.1,228.0,
0.031,0.236,0.633,0.1,154.0,
0.019,0.156,0.726,0.1,127.0,
0.07,0.255,0.575,0.1,84.0,
0.026,0.305,0.568,0.1,70.0,
0.026,0.174,0.7,0.1,194.0,
0.024,0.271,0.605,0.1,97.0,
0.008,0.183,0.708,0.1,180.0,
0.004,0.154,0.742,0.1,134.0,
0.004,0.224,0.672,0.1,117.0,
0.017,0.214,0.669,0.1,140.0,
0.002,0.145,0.753,0.1,219.0,
0.0,0.125,0.775,0.1,103.0,
0.008,0.192,0.7,0.1,110.0,
0.012,0.11,0.778,0.1,155.0,
0.029,0.221,0.65,0.1,138.0,
0.0,0.137,0.763,0.1,167.0,
0.015,0.174,0.711,0.1,119.0,
0.043,0.243,0.613,0.1,109.0,
0.007,0.148,0.745,0.1,187.0,
0.007,0.115,0.777,0.1,196.0,
0.004,0.154,0.742,0.1,128.0,
0.006,0.224,0.671,0.1,96.0,
0.04,0.185,0.675,0.1,80.0,
0.014,0.139,0.746,0.1,118.0,
0.04,0.228,0.632,0.1,121.0,
0.007,0.293,0.6,0.1,80.0,
0.023,0.218,0.659,0.1,92.0,
0.042,0.175,0.683,0.1,40.0,
0.023,0.174,0.703,0.1,133.0,
0.006,0.229,0.665,0.1,70.0,
0.043,0.296,0.561,0.1,85.0,
0.002,0.181,0.717,0.1,235.0,
0.0,0.254,0.646,0.1,53.0,
0.005,0.102,0.793,0.1,186.0,
0.021,0.142,0.737,0.1,90.0,
0.0,0.129,0.771,0.1,105.0,
0.0,0.131,0.769,0.1,178.0,
0.016,0.235,0.648,0.1,104.0,
0.021,0.145,0.734,0.1,142.0,
0.01,0.214,0.676,0.1,99.0,
0.1,0.307,0.493,0.1,80.0,
0.013,0.187,0.7,0.1,165.0,
0.029,0.138,0.733,0.1,85.0,
0.042,0.192,0.665,0.1,87.0,
0.02,0.2,0.68,0.1,105.0,
0.005,0.165,0.73,0.1,142.0,
0.006,0.15,0.744,0.1,140.0,
0.004,0.146,0.75,0.1,123.0,
0.048,0.407,0.444,0.1,86.0,
0.027,0.26,0.613,0.1,70.0,
0.017,0.156,0.727,0.1,202.0,
0.01,0.19,0.7,0.1,118.0,
0.037,0.222,0.641,0.1,108.0,
0.031,0.29,0.579,0.1,160.0,
0.02,0.3,0.58,0.1,74.0,
0.019,0.207,0.674,0.1,115.0,
0.02,0.193,0.687,0.1,81.0,
0.01,0.195,0.695,0.1,94.0,
0.016,0.259,0.624,0.1,137.0,
0.0,0.11,0.79,0.1,164.0,
0.012,0.179,0.709,0.1,163.0,
0.026,0.186,0.688,0.1,192.0,
0.0,0.377,0.523,0.1,50.0,
0.028,0.317,0.556,0.1,50.0,
0.019,0.156,0.725,0.1,161.0,
0.016,0.21,0.674,0.1,148.0,
0.039,0.161,0.7,0.1,90.0,
0.0,0.127,0.773,0.1,120.0,
0.008,0.246,0.646,0.1,170.0,
0.005,0.152,0.743,0.1,122.0,
0.024,0.203,0.672,0.1,128.0,
0.023,0.168,0.71,0.1,147.0,
0.024,0.214,0.662,0.1,95.0,
0.015,0.385,0.5,0.1,40.0,
0.017,0.249,0.634,0.1,130.0,
0.014,0.159,0.727,0.1,179.0,
0.032,0.275,0.593,0.1,116.0,
0.052,0.262,0.586,0.1,120.0,
0.02,0.32,0.553,0.107,43.0,
0.0,0.233,0.667,0.1,80.0,
0.032,0.268,0.6,0.1,100.0,
0.008,0.223,0.669,0.1,39.0,
0.002,0.232,0.666,0.1,140.0,
0.006,0.068,0.826,0.1,243.0,
0.022,0.158,0.719,0.1,170.0,
0.012,0.268,0.62,0.1,91.0,
0.031,0.258,0.612,0.1,140.0,
0.017,0.269,0.614,0.1,175.0,
0.012,0.141,0.747,0.1,162.0,
0.01,0.165,0.726,0.1,152.0,
0.008,0.174,0.718,0.1,195.0,
0.021,0.238,0.641,0.1,130.0,
0.012,0.222,0.666,0.1,170.0,
0.013,0.304,0.583,0.1,81.0,
0.008,0.277,0.615,0.1,52.0,
0.0,0.104,0.796,0.1,133.0,
0.014,0.181,0.705,0.1,174.0,
0.016,0.26,0.624,0.1,86.0,
0.0,0.103,0.797,0.1,162.0,
0.007,0.246,0.646,0.1,126.0,
0.005,0.29,0.605,0.1,78.0,
0.003,0.154,0.743,0.1,157.0,
0.027,0.25,0.623,0.1,70.0,
0.021,0.221,0.657,0.1,60.0,
0.002,0.126,0.771,0.1,195.0,
0.021,0.242,0.637,0.1,96.0,
0.031,0.187,0.682,0.1,182.0,
0.028,0.275,0.597,0.1,158.0,
0.006,0.23,0.664,0.1,151.0,
0.027,0.236,0.636,0.1,110.0,
0.004,0.131,0.765,0.1,125.0,
0.037,0.312,0.55,0.1,60.0,
0.007,0.146,0.746,0.1,196.0,
0.003,0.097,0.8,0.1,163.0,
0.018,0.232,0.65,0.1,132.0,
0.024,0.179,0.697,0.1,132.0,
0.009,0.257,0.635,0.1,120.0,
0.0,0.063,0.837,0.1,155.0,
0.019,0.177,0.704,0.1,131.0,
0.006,0.055,0.839,0.1,152.0,
0.039,0.265,0.597,0.1,112.0,
0.02,0.249,0.632,0.1,173.0,
0.062,0.181,0.658,0.1,146.0,
0.008,0.177,0.715,0.1,111.0,
0.01,0.148,0.742,0.1,158.0,
0.006,0.159,0.735,0.1,144.0,
0.039,0.33,0.53,0.1,96.0,
0.007,0.204,0.689,0.1,86.0,
0.053,0.265,0.582,0.1,80.0,
0.0,0.158,0.743,0.1,186.0,
0.006,0.206,0.689,0.1,157.0,
0.013,0.218,0.668,0.1,162.0,
0.008,0.192,0.7,0.1,99.0,
0.017,0.213,0.67,0.1,86.0,
0.0,0.12,0.78,0.1,238.0,
0.053,0.165,0.682,0.1,81.0,
0.0,0.182,0.718,0.1,168.0,
0.003,0.08,0.818,0.1,209.0,
0.003,0.172,0.725,0.1,164.0,
0.018,0.13,0.752,0.1,144.0,
0.0,0.268,0.632,0.1,85.0,
0.013,0.237,0.65,0.1,158.0,
0.019,0.271,0.61,0.1,100.0,
0.007,0.263,0.63,0.1,104.0,
0.014,0.103,0.783,0.1,214.0,
0.023,0.163,0.714,0.1,163.0,
0.008,0.187,0.705,0.1,148.0,
0.022,0.159,0.719,0.1,158.0,
0.05,0.273,0.577,0.1,60.0,
0.015,0.346,0.538,0.1,70.0,
0.033,0.2,0.667,0.1,175.0,
0.004,0.226,0.67,0.1,120.0,
0.048,0.165,0.687,0.1,103.0,
0.005,0.189,0.705,0.1,168.0,
0.0,0.169,0.731,0.1,155.0,
0.0,0.069,0.831,0.1,148.0,
0.02,0.332,0.548,0.1,111.0,
0.026,0.217,0.657,0.1,103.0,
0.024,0.27,0.606,0.1,116.0,
0.029,0.28,0.591,0.1,163.0,
0.006,0.242,0.652,0.1,139.0,
0.005,0.263,0.632,0.1,81.0,
0.042,0.326,0.532,0.1,110.0,
0.002,0.105,0.793,0.1,221.0,
0.009,0.057,0.834,0.1,221.0,
0.022,0.244,0.633,0.1,100.0,
0.02,0.265,0.615,0.1,90.0,
0.003,0.018,0.866,0.113,139.0,
0.011,0.008,0.879,0.103,190.0,
0.004,0.044,0.841,0.111,122.0,
0.0,0.023,0.868,0.109,107.0,
0.008,0.067,0.796,0.129,90.0,
0.01,0.045,0.825,0.12,160.0,
0.003,0.031,0.846,0.121,186.0,
0.003,0.014,0.879,0.103,149.0,
0.005,0.023,0.859,0.114,114.0,
0.008,0.062,0.804,0.127,112.0,
0.017,0.038,0.814,0.131,178.0,
0.003,0.035,0.832,0.129,127.0,
0.0,0.006,0.894,0.1,152.0,
0.016,0.026,0.832,0.126,81.0,
0.0,0.012,0.885,0.102,159.0,
0.003,0.005,0.889,0.103,134.0,
0.013,0.131,0.719,0.138,57.0,
0.015,0.09,0.76,0.135,80.0,
0.005,0.024,0.868,0.102,192.0,
0.007,0.05,0.843,0.1,137.0,
0.003,0.021,0.874,0.103,174.0,
0.018,0.182,0.691,0.109,60.0,
0.004,0.012,0.873,0.112,122.0,
0.0,0.058,0.813,0.129,130.0,
0.021,0.121,0.704,0.154,77.0,
0.009,0.024,0.855,0.112,160.0,
0.017,0.096,0.76,0.128,171.0,
0.005,0.014,0.881,0.1,110.0,
0.021,0.061,0.8,0.118,138.0,
0.01,0.053,0.83,0.107,134.0,
0.006,0.039,0.844,0.111,70.0,
0.002,0.026,0.864,0.108,204.0,
0.017,0.189,0.694,0.1,73.0,
0.022,0.148,0.73,0.1,90.0,
0.003,0.038,0.841,0.119,180.0,
0.016,0.105,0.779,0.1,60.0,
0.01,0.325,0.565,0.1,90.0,
0.0,0.228,0.672,0.1,94.0,
0.003,0.117,0.781,0.1,160.0,
0.017,0.153,0.731,0.1,187.0,
0.022,0.09,0.788,0.1,245.0,
0.042,0.254,0.604,0.1,90.0,
0.0,0.071,0.829,0.1,216.0,
0.032,0.318,0.55,0.1,70.0,
0.004,0.117,0.779,0.1,223.0,
0.006,0.231,0.662,0.1,169.0,
0.014,0.31,0.576,0.1,80.0,
0.021,0.252,0.627,0.1,150.0,
0.009,0.047,0.841,0.103,145.0,
0.004,0.019,0.865,0.112,126.0,
0.018,0.07,0.779,0.133,124.0,
0.006,0.106,0.762,0.125,60.0,
0.032,0.107,0.714,0.146,90.0,
0.0,0.011,0.886,0.103,172.0,
0.004,0.015,0.874,0.107,112.0,
0.004,0.004,0.884,0.107,187.0,
0.003,0.01,0.887,0.1,199.0,
0.022,0.067,0.789,0.122,143.0,
0.0,0.07,0.825,0.105,90.0,
0.004,0.025,0.867,0.104,90.0,
0.024,0.118,0.676,0.182,70.0,
0.0,0.021,0.876,0.103,187.0,
0.016,0.04,0.828,0.116,120.0,
0.014,0.038,0.838,0.11,97.0,
0.019,0.238,0.642,0.1,114.0,
0.044,0.228,0.628,0.1,80.0,
0.046,0.225,0.629,0.1,103.0,
0.002,0.211,0.686,0.1,213.0,
0.015,0.146,0.738,0.1,173.0,
0.005,0.159,0.736,0.1,171.0,
0.02,0.14,0.74,0.1,80.0,
0.009,0.257,0.634,0.1,139.0,
0.0,0.17,0.73,0.1,187.0,
0.007,0.222,0.67,0.1,126.0,
0.038,0.224,0.638,0.1,83.0,
0.016,0.205,0.679,0.1,80.0,
0.025,0.219,0.656,0.1,77.0,
0.01,0.233,0.657,0.1,169.0,
0.0,0.149,0.751,0.1,182.0,
0.032,0.216,0.653,0.1,95.0,


