

Data analysis for each instance 
AVG,MED,MAX,MIN
0.25,0.25,0.25,0.25,
0.2,0.2,0.2,0.2,
0.215,0.215,0.215,0.215,
0.405,0.405,0.405,0.405,
0.129,0.129,0.129,0.129,
0.24,0.24,0.24,0.24,
0.119,0.119,0.119,0.119,
0.259,0.259,0.259,0.259,
0.209,0.209,0.209,0.209,
0.395,0.395,0.395,0.395,
0.329,0.329,0.329,0.329,
0.33,0.33,0.33,0.33,
0.356,0.356,0.356,0.356,
0.424,0.424,0.424,0.424,
0.313,0.313,0.313,0.313,
0.271,0.271,0.271,0.271,
0.403,0.403,0.403,0.403,
0.344,0.344,0.344,0.344,
0.301,0.301,0.301,0.301,
0.418,0.418,0.418,0.418,
0.2,0.2,0.2,0.2,
0.482,0.482,0.482,0.482,
0.25,0.25,0.25,0.25,
0.332,0.332,0.332,0.332,
0.117,0.117,0.117,0.117,
0.241,0.241,0.241,0.241,
0.293,0.293,0.293,0.293,
0.4,0.4,0.4,0.4,
0.251,0.251,0.251,0.251,
0.405,0.405,0.405,0.405,
0.355,0.355,0.355,0.355,
0.21,0.21,0.21,0.21,
0.312,0.312,0.312,0.312,
0.257,0.257,0.257,0.257,
0.426,0.426,0.426,0.426,
0.263,0.263,0.263,0.263,
0.301,0.301,0.301,0.301,
0.253,0.253,0.253,0.253,
0.335,0.335,0.335,0.335,
0.284,0.284,0.284,0.284,
0.182,0.182,0.182,0.182,
0.236,0.236,0.236,0.236,
0.27,0.27,0.27,0.27,
0.268,0.268,0.268,0.268,
0.401,0.401,0.401,0.401,
0.366,0.366,0.366,0.366,
0.29,0.29,0.29,0.29,
0.244,0.244,0.244,0.244,
0.296,0.296,0.296,0.296,
0.408,0.408,0.408,0.408,
0.448,0.448,0.448,0.448,
0.235,0.235,0.235,0.235,
0.238,0.238,0.238,0.238,
0.363,0.363,0.363,0.363,
0.261,0.261,0.261,0.261,
0.289,0.289,0.289,0.289,
0.443,0.443,0.443,0.443,
0.171,0.171,0.171,0.171,
0.298,0.298,0.298,0.298,
0.287,0.287,0.287,0.287,
0.202,0.202,0.202,0.202,
0.369,0.369,0.369,0.369,
0.306,0.306,0.306,0.306,
0.294,0.294,0.294,0.294,
0.262,0.262,0.262,0.262,
0.122,0.122,0.122,0.122,
0.441,0.441,0.441,0.441,
0.23,0.23,0.23,0.23,
0.547,0.547,0.547,0.547,
0.262,0.262,0.262,0.262,
0.423,0.423,0.423,0.423,
0.339,0.339,0.339,0.339,
0.302,0.302,0.302,0.302,
0.282,0.282,0.282,0.282,
0.203,0.203,0.203,0.203,
0.185,0.185,0.185,0.185,
0.201,0.201,0.201,0.201,
0.399,0.399,0.399,0.399,
0.181,0.181,0.181,0.181,
0.204,0.204,0.204,0.204,
0.287,0.287,0.287,0.287,
0.424,0.424,0.424,0.424,
0.436,0.436,0.436,0.436,
0.284,0.284,0.284,0.284,
0.363,0.363,0.363,0.363,
0.342,0.342,0.342,0.342,
0.402,0.402,0.402,0.402,
0.159,0.159,0.159,0.159,
0.123,0.123,0.123,0.123,
0.336,0.336,0.336,0.336,
0.408,0.408,0.408,0.408,
0.302,0.302,0.302,0.302,
0.3,0.3,0.3,0.3,
0.292,0.292,0.292,0.292,
0.471,0.471,0.471,0.471,
0.38,0.38,0.38,0.38,
0.303,0.303,0.303,0.303,
0.257,0.257,0.257,0.257,
0.331,0.331,0.331,0.331,
0.237,0.237,0.237,0.237,


-0.234,-0.234,-0.234,-0.234,
-0.2,-0.2,-0.2,-0.2,
-0.233,-0.233,-0.233,-0.233,
-0.355,-0.355,-0.355,-0.355,
-0.188,-0.188,-0.188,-0.188,
-0.267,-0.267,-0.267,-0.267,
-0.201,-0.201,-0.201,-0.201,
-0.238,-0.238,-0.238,-0.238,
-0.18,-0.18,-0.18,-0.18,
-0.32,-0.32,-0.32,-0.32,
-0.239,-0.239,-0.239,-0.239,
-0.237,-0.237,-0.237,-0.237,
-0.297,-0.297,-0.297,-0.297,
-0.291,-0.291,-0.291,-0.291,
-0.269,-0.269,-0.269,-0.269,
-0.295,-0.295,-0.295,-0.295,
-0.403,-0.403,-0.403,-0.403,
-0.305,-0.305,-0.305,-0.305,
-0.296,-0.296,-0.296,-0.296,
-0.359,-0.359,-0.359,-0.359,
-0.175,-0.175,-0.175,-0.175,
-0.372,-0.372,-0.372,-0.372,
-0.243,-0.243,-0.243,-0.243,
-0.319,-0.319,-0.319,-0.319,
-0.11,-0.11,-0.11,-0.11,
-0.215,-0.215,-0.215,-0.215,
-0.284,-0.284,-0.284,-0.284,
-0.227,-0.227,-0.227,-0.227,
-0.25,-0.25,-0.25,-0.25,
-0.363,-0.363,-0.363,-0.363,
-0.355,-0.355,-0.355,-0.355,
-0.269,-0.269,-0.269,-0.269,
-0.229,-0.229,-0.229,-0.229,
-0.221,-0.221,-0.221,-0.221,
-0.38,-0.38,-0.38,-0.38,
-0.238,-0.238,-0.238,-0.238,
-0.279,-0.279,-0.279,-0.279,
-0.251,-0.251,-0.251,-0.251,
-0.308,-0.308,-0.308,-0.308,
-0.29,-0.29,-0.29,-0.29,
-0.163,-0.163,-0.163,-0.163,
-0.169,-0.169,-0.169,-0.169,
-0.23,-0.23,-0.23,-0.23,
-0.197,-0.197,-0.197,-0.197,
-0.401,-0.401,-0.401,-0.401,
-0.335,-0.335,-0.335,-0.335,
-0.278,-0.278,-0.278,-0.278,
-0.244,-0.244,-0.244,-0.244,
-0.302,-0.302,-0.302,-0.302,
-0.394,-0.394,-0.394,-0.394,
-0.307,-0.307,-0.307,-0.307,
-0.229,-0.229,-0.229,-0.229,
-0.25,-0.25,-0.25,-0.25,
-0.366,-0.366,-0.366,-0.366,
-0.314,-0.314,-0.314,-0.314,
-0.209,-0.209,-0.209,-0.209,
-0.363,-0.363,-0.363,-0.363,
-0.171,-0.171,-0.171,-0.171,
-0.289,-0.289,-0.289,-0.289,
-0.235,-0.235,-0.235,-0.235,
-0.177,-0.177,-0.177,-0.177,
-0.272,-0.272,-0.272,-0.272,
-0.268,-0.268,-0.268,-0.268,
-0.276,-0.276,-0.276,-0.276,
-0.27,-0.27,-0.27,-0.27,
-0.095,-0.095,-0.095,-0.095,
-0.412,-0.412,-0.412,-0.412,
-0.253,-0.253,-0.253,-0.253,
-0.476,-0.476,-0.476,-0.476,
-0.167,-0.167,-0.167,-0.167,
-0.377,-0.377,-0.377,-0.377,
-0.317,-0.317,-0.317,-0.317,
-0.287,-0.287,-0.287,-0.287,
-0.235,-0.235,-0.235,-0.235,
-0.177,-0.177,-0.177,-0.177,
-0.162,-0.162,-0.162,-0.162,
-0.184,-0.184,-0.184,-0.184,
-0.346,-0.346,-0.346,-0.346,
-0.138,-0.138,-0.138,-0.138,
-0.263,-0.263,-0.263,-0.263,
-0.281,-0.281,-0.281,-0.281,
-0.328,-0.328,-0.328,-0.328,
-0.307,-0.307,-0.307,-0.307,
-0.295,-0.295,-0.295,-0.295,
-0.229,-0.229,-0.229,-0.229,
-0.363,-0.363,-0.363,-0.363,
-0.402,-0.402,-0.402,-0.402,
-0.108,-0.108,-0.108,-0.108,
-0.123,-0.123,-0.123,-0.123,
-0.314,-0.314,-0.314,-0.314,
-0.331,-0.331,-0.331,-0.331,
-0.253,-0.253,-0.253,-0.253,
-0.298,-0.298,-0.298,-0.298,
-0.231,-0.231,-0.231,-0.231,
-0.471,-0.471,-0.471,-0.471,
-0.255,-0.255,-0.255,-0.255,
-0.268,-0.268,-0.268,-0.268,
-0.21,-0.21,-0.21,-0.21,
-0.302,-0.302,-0.302,-0.302,
-0.211,-0.211,-0.211,-0.211,


0.308,0.308,0.308,0.308,
0.127,0.127,0.127,0.127,
0.276,0.276,0.276,0.276,
0.229,0.229,0.229,0.229,
0.256,0.256,0.256,0.256,
0.275,0.275,0.275,0.275,
0.244,0.244,0.244,0.244,
0.142,0.142,0.142,0.142,
-0.013,-0.013,-0.013,-0.013,
0.267,0.267,0.267,0.267,
0.235,0.235,0.235,0.235,
0.105,0.105,0.105,0.105,
0.232,0.232,0.232,0.232,
0.221,0.221,0.221,0.221,
0.27,0.27,0.27,0.27,
0.193,0.193,0.193,0.193,
0.284,0.284,0.284,0.284,
0.101,0.101,0.101,0.101,
0.263,0.263,0.263,0.263,
0.239,0.239,0.239,0.239,
0.287,0.287,0.287,0.287,
0.319,0.319,0.319,0.319,
0.3,0.3,0.3,0.3,
0.318,0.318,0.318,0.318,
0.144,0.144,0.144,0.144,
0.229,0.229,0.229,0.229,
0.329,0.329,0.329,0.329,
0.15,0.15,0.15,0.15,
0.142,0.142,0.142,0.142,
0.351,0.351,0.351,0.351,
0.209,0.209,0.209,0.209,
0.182,0.182,0.182,0.182,
0.08,0.08,0.08,0.08,
0.139,0.139,0.139,0.139,
0.324,0.324,0.324,0.324,
0.241,0.241,0.241,0.241,
0.272,0.272,0.272,0.272,
0.287,0.287,0.287,0.287,
0.228,0.228,0.228,0.228,
0.218,0.218,0.218,0.218,
0.197,0.197,0.197,0.197,
0.201,0.201,0.201,0.201,
0.196,0.196,0.196,0.196,
0.304,0.304,0.304,0.304,
0.287,0.287,0.287,0.287,
0.293,0.293,0.293,0.293,
0.288,0.288,0.288,0.288,
0.188,0.188,0.188,0.188,
0.229,0.229,0.229,0.229,
0.372,0.372,0.372,0.372,
0.207,0.207,0.207,0.207,
0.264,0.264,0.264,0.264,
0.224,0.224,0.224,0.224,
0.387,0.387,0.387,0.387,
0.275,0.275,0.275,0.275,
0.187,0.187,0.187,0.187,
0.302,0.302,0.302,0.302,
0.235,0.235,0.235,0.235,
0.222,0.222,0.222,0.222,
0.192,0.192,0.192,0.192,
0.133,0.133,0.133,0.133,
0.189,0.189,0.189,0.189,
0.111,0.111,0.111,0.111,
0.178,0.178,0.178,0.178,
0.259,0.259,0.259,0.259,
0.215,0.215,0.215,0.215,
0.355,0.355,0.355,0.355,
0.103,0.103,0.103,0.103,
0.1,0.1,0.1,0.1,
0.196,0.196,0.196,0.196,
0.208,0.208,0.208,0.208,
0.275,0.275,0.275,0.275,
0.279,0.279,0.279,0.279,
0.182,0.182,0.182,0.182,
0.274,0.274,0.274,0.274,
0.289,0.289,0.289,0.289,
0.075,0.075,0.075,0.075,
0.316,0.316,0.316,0.316,
0.162,0.162,0.162,0.162,
0.197,0.197,0.197,0.197,
0.263,0.263,0.263,0.263,
0.296,0.296,0.296,0.296,
0.089,0.089,0.089,0.089,
0.137,0.137,0.137,0.137,
0.117,0.117,0.117,0.117,
0.251,0.251,0.251,0.251,
0.234,0.234,0.234,0.234,
0.188,0.188,0.188,0.188,
0.277,0.277,0.277,0.277,
0.262,0.262,0.262,0.262,
0.277,0.277,0.277,0.277,
0.199,0.199,0.199,0.199,
0.254,0.254,0.254,0.254,
0.233,0.233,0.233,0.233,
0.471,0.471,0.471,0.471,
0.206,0.206,0.206,0.206,
0.218,0.218,0.218,0.218,
0.224,0.224,0.224,0.224,
0.226,0.226,0.226,0.226,
0.216,0.216,0.216,0.216,


0.036,0.036,0.036,0.036,
0.187,0.187,0.187,0.187,
-0.162,-0.162,-0.162,-0.162,
0.086,0.086,0.086,0.086,
-0.084,-0.084,-0.084,-0.084,
-0.122,-0.122,-0.122,-0.122,
0.064,0.064,0.064,0.064,
0.112,0.112,0.112,0.112,
0.19,0.19,0.19,0.19,
0.011,0.011,0.011,0.011,
0.005,0.005,0.005,0.005,
0.148,0.148,0.148,0.148,
0.084,0.084,0.084,0.084,
0.091,0.091,0.091,0.091,
-0.061,-0.061,-0.061,-0.061,
0.069,0.069,0.069,0.069,
0.166,0.166,0.166,0.166,
0.228,0.228,0.228,0.228,
0.045,0.045,0.045,0.045,
0.157,0.157,0.157,0.157,
-0.135,-0.135,-0.135,-0.135,
0.092,0.092,0.092,0.092,
-0.076,-0.076,-0.076,-0.076,
0.064,0.064,0.064,0.064,
0.008,0.008,0.008,0.008,
0.011,0.011,0.011,0.011,
-0.063,-0.063,-0.063,-0.063,
0.098,0.098,0.098,0.098,
0.103,0.103,0.103,0.103,
0.019,0.019,0.019,0.019,
0.185,0.185,0.185,0.185,
0.106,0.106,0.106,0.106,
0.162,0.162,0.162,0.162,
0.096,0.096,0.096,0.096,
0.083,0.083,0.083,0.083,
-0.005,-0.005,-0.005,-0.005,
0.012,0.012,0.012,0.012,
-0.07,-0.07,-0.07,-0.07,
0.059,0.059,0.059,0.059,
0.103,0.103,0.103,0.103,
-0.04,-0.04,-0.04,-0.04,
-0.039,-0.039,-0.039,-0.039,
0.043,0.043,0.043,0.043,
-0.134,-0.134,-0.134,-0.134,
0.16,0.16,0.16,0.16,
0.06,0.06,0.06,0.06,
-0.05,-0.05,-0.05,-0.05,
0.069,0.069,0.069,0.069,
0.07,0.07,0.07,0.07,
0.036,0.036,0.036,0.036,
0.126,0.126,0.126,0.126,
-0.045,-0.045,-0.045,-0.045,
-0.026,-0.026,-0.026,-0.026,
-0.033,-0.033,-0.033,-0.033,
0.076,0.076,0.076,0.076,
-0.02,-0.02,-0.02,-0.02,
0.088,0.088,0.088,0.088,
-0.078,-0.078,-0.078,-0.078,
0.086,0.086,0.086,0.086,
0.07,0.07,0.07,0.07,
0.069,0.069,0.069,0.069,
0.137,0.137,0.137,0.137,
0.117,0.117,0.117,0.117,
0.119,0.119,0.119,0.119,
0.039,0.039,0.039,0.039,
-0.132,-0.132,-0.132,-0.132,
0.089,0.089,0.089,0.089,
0.168,0.168,0.168,0.168,
0.417,0.417,0.417,0.417,
-0.034,-0.034,-0.034,-0.034,
0.153,0.153,0.153,0.153,
0.058,0.058,0.058,0.058,
0.064,0.064,0.064,0.064,
0.065,0.065,0.065,0.065,
-0.119,-0.119,-0.119,-0.119,
-0.154,-0.154,-0.154,-0.154,
0.124,0.124,0.124,0.124,
-0.05,-0.05,-0.05,-0.05,
-0.025,-0.025,-0.025,-0.025,
0.081,0.081,0.081,0.081,
0.017,0.017,0.017,0.017,
0.044,0.044,0.044,0.044,
0.239,0.239,0.239,0.239,
0.183,0.183,0.183,0.183,
0.166,0.166,0.166,0.166,
0.149,0.149,0.149,0.149,
0.219,0.219,0.219,0.219,
0.087,0.087,0.087,0.087,
-0.175,-0.175,-0.175,-0.175,
0.02,0.02,0.02,0.02,
0.04,0.04,0.04,0.04,
0.087,0.087,0.087,0.087,
0.06,0.06,0.06,0.06,
-0.002,-0.002,-0.002,-0.002,
0,0,0,0,
0.062,0.062,0.062,0.062,
0.045,0.045,0.045,0.045,
0.019,0.019,0.019,0.019,
0.113,0.113,0.113,0.113,
-0.006,-0.006,-0.006,-0.006,


-0.125,-0.145,-0.044,-0.184,
-0.021,-0.011,0.016,-0.076,
0.121,0.115,0.173,0.115,
0.009,0.024,0.067,-0.06,
0.104,0.104,0.143,0.055,
0.122,0.115,0.183,0.115,
-0.005,0.013,0.05,-0.088,
0.045,0.044,0.073,-0.004,
0.023,0.007,0.077,-0.035,
-0.091,-0.096,-0.018,-0.149,
-0.027,-0.026,0.068,-0.149,
-0.099,-0.104,-0.027,-0.153,
-0.052,-0.042,0.04,-0.144,
-0.221,-0.227,-0.139,-0.301,
0.009,0.048,0.084,-0.103,
0.032,0.042,0.1,-0.043,
-0.143,-0.099,-0.084,-0.306,
-0.128,-0.135,-0.054,-0.183,
0.074,0.077,0.103,0.017,
-0.139,-0.165,-0.062,-0.203,
0.133,0.133,0.197,0.115,
-0.143,-0.136,-0.07,-0.242,
-0.085,-0.072,0.112,-0.187,
-0.166,-0.164,-0.164,-0.183,
0.062,0.064,0.108,0.011,
0.062,0.071,0.132,-0.026,
-0.008,-0.009,0.112,-0.114,
-0.029,0.018,0.068,-0.199,
0.002,0.008,0.073,-0.097,
-0.086,-0.076,-0.021,-0.234,
-0.364,-0.411,-0.201,-0.425,
-0.104,-0.099,-0.043,-0.181,
-0.054,-0.07,0.124,-0.193,
-0.052,-0.053,-0.003,-0.093,
-0.207,-0.206,-0.164,-0.255,
0.011,0.019,0.057,-0.046,
-0.071,-0.074,-0.015,-0.156,
0.044,0.044,0.093,-0.006,
-0.029,-0.021,0.036,-0.178,
-0.058,-0.049,0.012,-0.154,
0.079,0.074,0.15,0.05,
0.043,0.037,0.078,0.014,
-0.022,-0.038,0.051,-0.039,
-0.058,-0.098,0.124,-0.197,
-0.167,-0.127,-0.127,-0.41,
-0.108,-0.114,-0.061,-0.165,
0.064,0.093,0.101,-0.061,
0.078,0.073,0.096,0.052,
0.026,0.022,0.063,0.022,
-0.141,-0.146,-0.021,-0.227,
-0.151,-0.162,-0.053,-0.25,
0.101,0.125,0.152,-0.03,
0.048,0.057,0.089,-0.022,
-0.109,-0.101,-0.083,-0.199,
0.003,0.013,0.015,-0.042,
0.04,0.033,0.053,0.018,
-0.308,-0.303,-0.192,-0.415,
-0.017,-0.021,0.193,-0.191,
-0.217,-0.236,-0.11,-0.24,
-0.06,-0.06,0.036,-0.17,
0.092,0.091,0.121,0.062,
-0.02,0.011,0.011,-0.154,
0.046,0.077,0.111,-0.059,
-0.032,-0.017,0.038,-0.109,
-0.033,-0.027,0.027,-0.081,
0.176,0.188,0.189,0.121,
-0.243,-0.201,-0.118,-0.429,
-0.053,-0.062,0.048,-0.105,
-0.313,-0.301,-0.286,-0.433,
0.067,0.074,0.083,0.033,
-0.1,-0.089,-0.02,-0.192,
-0.17,-0.229,-0.056,-0.229,
-0.053,-0.052,0.029,-0.126,
0.046,0.048,0.093,-0.018,
0.016,0.012,0.156,-0.091,
0.122,0.122,0.159,0.054,
0.122,0.135,0.179,0,
0.044,0.04,0.097,0.007,
0.088,0.092,0.115,0.041,
0.013,0.032,0.046,-0.044,
0.023,0.018,0.063,-0.025,
-0.18,-0.198,0.055,-0.275,
-0.152,-0.166,-0.022,-0.166,
-0.04,-0.05,0.033,-0.109,
-0.162,-0.168,-0.105,-0.168,
0.01,0.012,0.047,-0.071,
-0.201,-0.219,-0.118,-0.219,
-0.114,-0.114,-0.083,-0.167,
0.16,0.194,0.26,-0.034,
-0.144,-0.15,-0.095,-0.15,
-0.101,-0.083,-0.01,-0.308,
-0.055,-0.039,0.017,-0.136,
-0.022,-0.027,0.042,-0.056,
-0.017,-0.02,0.022,-0.049,
-0.316,-0.317,-0.227,-0.418,
-0.071,-0.101,0.159,-0.101,
-0.034,-0.032,0.046,-0.081,
0.092,0.109,0.109,-0.02,
-0.051,-0.061,-0.024,-0.061,
0.06,0.034,0.112,0.018,




Further Data analysis of all test cases 
avg med max min 
AVGs,0.301,0.293,0.547,0.117,
MEDs,0.301,0.293,0.547,0.117,
MEDs,0.301,0.293,0.547,0.117,
MEDs,0.301,0.293,0.547,0.117,


AVGs,-0.27,-0.269,-0.095,-0.476,
MEDs,-0.27,-0.269,-0.095,-0.476,
MEDs,-0.27,-0.269,-0.095,-0.476,
MEDs,-0.27,-0.269,-0.095,-0.476,


AVGs,0.228,0.229,0.471,-0.013,
MEDs,0.228,0.229,0.471,-0.013,
MEDs,0.228,0.229,0.471,-0.013,
MEDs,0.228,0.229,0.471,-0.013,


AVGs,0.051,0.063,0.417,-0.175,
MEDs,0.051,0.063,0.417,-0.175,
MEDs,0.051,0.063,0.417,-0.175,
MEDs,0.051,0.063,0.417,-0.175,


AVGs,-0.04,-0.029,0.176,-0.364,
MEDs,-0.039,-0.026,0.194,-0.411,
MAXs,0.03,0.046,0.26,-0.286,
MINs,-0.116,-0.104,0.121,-0.433,



