

Data analysis for each instance 
AVG,MED,MAX,MIN
26800,26800,26800,26800,
24022,24022,24022,24022,
23328,23328,23328,23328,
32531,32531,32531,32531,
22480,22480,22480,22480,
23049,23049,23049,23049,
22622,22622,22622,22622,
24224,24224,24224,24224,
23833,23833,23833,23833,
30350,30350,30350,30350,
27825,27825,27825,27825,
26678,26678,26678,26678,
28447,28447,28447,28447,
32742,32742,32742,32742,
25539,25539,25539,25539,
23391,23391,23391,23391,
31725,31725,31725,31725,
28631,28631,28631,28631,
29886,29886,29886,29886,
34509,34509,34509,34509,
27890,27890,27890,27890,
38480,38480,38480,38480,
26748,26748,26748,26748,
31751,31751,31751,31751,
22265,22265,22265,22265,
27386,27386,27386,27386,
27895,27895,27895,27895,
30425,30425,30425,30425,
24212,24212,24212,24212,
35222,35222,35222,35222,
31547,31547,31547,31547,
22301,22301,22301,22301,
28555,28555,28555,28555,
23281,23281,23281,23281,
31661,31661,31661,31661,
22786,22786,22786,22786,
25136,25136,25136,25136,
26415,26415,26415,26415,
27369,27369,27369,27369,
24262,24262,24262,24262,
23946,23946,23946,23946,
27613,27613,27613,27613,
25578,25578,25578,25578,
30945,30945,30945,30945,
30988,30988,30988,30988,
27474,27474,27474,27474,
29091,29091,29091,29091,
26526,26526,26526,26526,
24391,24391,24391,24391,
31818,31818,31818,31818,
35747,35747,35747,35747,
26367,26367,26367,26367,
23982,23982,23982,23982,
30724,30724,30724,30724,
22998,22998,22998,22998,
25936,25936,25936,25936,
32568,32568,32568,32568,
24729,24729,24729,24729,
26830,26830,26830,26830,
26329,26329,26329,26329,
24882,24882,24882,24882,
27868,27868,27868,27868,
26907,26907,26907,26907,
25827,25827,25827,25827,
23911,23911,23911,23911,
22571,22571,22571,22571,
37611,37611,37611,37611,
22994,22994,22994,22994,
40494,40494,40494,40494,
29142,29142,29142,29142,
28591,28591,28591,28591,
26791,26791,26791,26791,
26761,26761,26761,26761,
25933,25933,25933,25933,
28060,28060,28060,28060,
23655,23655,23655,23655,
26853,26853,26853,26853,
28770,28770,28770,28770,
22474,22474,22474,22474,
21967,21967,21967,21967,
24477,24477,24477,24477,
34411,34411,34411,34411,
37193,37193,37193,37193,
25311,25311,25311,25311,
27741,27741,27741,27741,
28599,28599,28599,28599,
29579,29579,29579,29579,
23015,23015,23015,23015,
31356,31356,31356,31356,
26288,26288,26288,26288,
31727,31727,31727,31727,
24606,24606,24606,24606,
24544,24544,24544,24544,
24667,24667,24667,24667,
36664,36664,36664,36664,
37423,37423,37423,37423,
24493,24493,24493,24493,
28176,28176,28176,28176,
25944,25944,25944,25944,
25922,25922,25922,25922,
20917,20917,20917,20917,
25314,25314,25314,25314,
28929,28929,28929,28929,
25837,25837,25837,25837,
28128,28128,28128,28128,
29090,29090,29090,29090,
29661,29661,29661,29661,
28157,28157,28157,28157,
23484,23484,23484,23484,
24498,24498,24498,24498,
52647,52647,52647,52647,
27005,27005,27005,27005,
24232,24232,24232,24232,
30592,30592,30592,30592,
22785,22785,22785,22785,
22041,22041,22041,22041,
25623,25623,25623,25623,
30180,30180,30180,30180,
23995,23995,23995,23995,
29589,29589,29589,29589,
31948,31948,31948,31948,
31455,31455,31455,31455,
24138,24138,24138,24138,
31077,31077,31077,31077,
25809,25809,25809,25809,
30232,30232,30232,30232,
23455,23455,23455,23455,
25958,25958,25958,25958,
24634,24634,24634,24634,
23234,23234,23234,23234,
23251,23251,23251,23251,
27362,27362,27362,27362,
24728,24728,24728,24728,
24605,24605,24605,24605,
25011,25011,25011,25011,
23344,23344,23344,23344,
30620,30620,30620,30620,
24896,24896,24896,24896,
31595,31595,31595,31595,
25366,25366,25366,25366,
27115,27115,27115,27115,
25629,25629,25629,25629,
27252,27252,27252,27252,
30627,30627,30627,30627,
35671,35671,35671,35671,
24532,24532,24532,24532,
29922,29922,29922,29922,
25399,25399,25399,25399,
28415,28415,28415,28415,
33003,33003,33003,33003,
29396,29396,29396,29396,
29878,29878,29878,29878,
30751,30751,30751,30751,
28219,28219,28219,28219,
23616,23616,23616,23616,
30373,30373,30373,30373,
25195,25195,25195,25195,
27511,27511,27511,27511,
20790,20790,20790,20790,
38329,38329,38329,38329,
25221,25221,25221,25221,
33278,33278,33278,33278,
28021,28021,28021,28021,
23733,23733,23733,23733,
29746,29746,29746,29746,
35028,35028,35028,35028,
27505,27505,27505,27505,
22207,22207,22207,22207,
26660,26660,26660,26660,
27118,27118,27118,27118,
26845,26845,26845,26845,
25704,25704,25704,25704,
25205,25205,25205,25205,
32051,32051,32051,32051,
23865,23865,23865,23865,
25316,25316,25316,25316,
24964,24964,24964,24964,
25298,25298,25298,25298,
22507,22507,22507,22507,
29004,29004,29004,29004,
26118,26118,26118,26118,
24817,24817,24817,24817,
26395,26395,26395,26395,
29543,29543,29543,29543,
23508,23508,23508,23508,
24573,24573,24573,24573,
27640,27640,27640,27640,
32598,32598,32598,32598,
36248,36248,36248,36248,
23854,23854,23854,23854,
35198,35198,35198,35198,
26854,26854,26854,26854,
23576,23576,23576,23576,
29141,29141,29141,29141,
25129,25129,25129,25129,
35203,35203,35203,35203,
23024,23024,23024,23024,
24126,24126,24126,24126,
24968,24968,24968,24968,
38642,38642,38642,38642,
25916,25916,25916,25916,
26865,26865,26865,26865,
37147,37147,37147,37147,
25110,25110,25110,25110,
23744,23744,23744,23744,
26016,26016,26016,26016,
28999,28999,28999,28999,
32467,32467,32467,32467,
27928,27928,27928,27928,
24111,24111,24111,24111,
24036,24036,24036,24036,
28279,28279,28279,28279,
27043,27043,27043,27043,
25666,25666,25666,25666,
26513,26513,26513,26513,
22734,22734,22734,22734,
26635,26635,26635,26635,
24486,24486,24486,24486,
29159,29159,29159,29159,
32487,32487,32487,32487,
26543,26543,26543,26543,
26399,26399,26399,26399,
28806,28806,28806,28806,
29810,29810,29810,29810,
26610,26610,26610,26610,
30136,30136,30136,30136,
23518,23518,23518,23518,
27605,27605,27605,27605,
28070,28070,28070,28070,
24796,24796,24796,24796,
25891,25891,25891,25891,
24313,24313,24313,24313,
25461,25461,25461,25461,
28220,28220,28220,28220,
29751,29751,29751,29751,
27888,27888,27888,27888,
32315,32315,32315,32315,
25237,25237,25237,25237,
20622,20622,20622,20622,
31184,31184,31184,31184,
29762,29762,29762,29762,
28367,28367,28367,28367,
26818,26818,26818,26818,
27174,27174,27174,27174,
29068,29068,29068,29068,
24850,24850,24850,24850,
30152,30152,30152,30152,
23340,23340,23340,23340,
29656,29656,29656,29656,
25667,25667,25667,25667,
33870,33870,33870,33870,
22492,22492,22492,22492,
24704,24704,24704,24704,
24007,24007,24007,24007,
30495,30495,30495,30495,
34125,34125,34125,34125,
30014,30014,30014,30014,
23177,23177,23177,23177,
34139,34139,34139,34139,
28680,28680,28680,28680,
26054,26054,26054,26054,
24843,24843,24843,24843,
28276,28276,28276,28276,
26931,26931,26931,26931,
22598,22598,22598,22598,
25282,25282,25282,25282,
26521,26521,26521,26521,
29714,29714,29714,29714,
20113,20113,20113,20113,
18975,18975,18975,18975,
19045,19045,19045,19045,
21119,21119,21119,21119,
21125,21125,21125,21125,
19834,19834,19834,19834,
24687,24687,24687,24687,
19920,19920,19920,19920,
17436,17436,17436,17436,
20539,20539,20539,20539,
24650,24650,24650,24650,
19070,19070,19070,19070,
21389,21389,21389,21389,
18919,18919,18919,18919,
19760,19760,19760,19760,
20906,20906,20906,20906,
27416,27416,27416,27416,
19181,19181,19181,19181,
27145,27145,27145,27145,
19528,19528,19528,19528,
20733,20733,20733,20733,
21480,21480,21480,21480,
18613,18613,18613,18613,
15190,15190,15190,15190,
20826,20826,20826,20826,
18511,18511,18511,18511,
21064,21064,21064,21064,
19350,19350,19350,19350,
19372,19372,19372,19372,
21795,21795,21795,21795,
20937,20937,20937,20937,
21531,21531,21531,21531,
19188,19188,19188,19188,
18512,18512,18512,18512,
15912,15912,15912,15912,
16838,16838,16838,16838,
23318,23318,23318,23318,
21692,21692,21692,21692,
15648,15648,15648,15648,
20993,20993,20993,20993,
18713,18713,18713,18713,
19749,19749,19749,19749,
16903,16903,16903,16903,
20765,20765,20765,20765,
21096,21096,21096,21096,
23162,23162,23162,23162,
19781,19781,19781,19781,
16999,16999,16999,16999,
17556,17556,17556,17556,
21289,21289,21289,21289,
17935,17935,17935,17935,
20835,20835,20835,20835,
18524,18524,18524,18524,
18431,18431,18431,18431,
19861,19861,19861,19861,
19424,19424,19424,19424,
23030,23030,23030,23030,
20922,20922,20922,20922,
19341,19341,19341,19341,
21690,21690,21690,21690,
21163,21163,21163,21163,
19899,19899,19899,19899,
25380,25380,25380,25380,
16310,16310,16310,16310,
21725,21725,21725,21725,
19008,19008,19008,19008,
19297,19297,19297,19297,
20761,20761,20761,20761,
21526,21526,21526,21526,
22317,22317,22317,22317,
17043,17043,17043,17043,
16968,16968,16968,16968,
17387,17387,17387,17387,
27759,27759,27759,27759,
18558,18558,18558,18558,
20546,20546,20546,20546,
26344,26344,26344,26344,
17214,17214,17214,17214,
19679,19679,19679,19679,
20720,20720,20720,20720,
19177,19177,19177,19177,
18578,18578,18578,18578,
23935,23935,23935,23935,
22952,22952,22952,22952,
21509,21509,21509,21509,
20500,20500,20500,20500,
18240,18240,18240,18240,
21671,21671,21671,21671,
21269,21269,21269,21269,
17149,17149,17149,17149,
20850,20850,20850,20850,
20592,20592,20592,20592,
18801,18801,18801,18801,
19941,19941,19941,19941,
24232,24232,24232,24232,
18171,18171,18171,18171,
20898,20898,20898,20898,
18671,18671,18671,18671,
23954,23954,23954,23954,
18689,18689,18689,18689,
18015,18015,18015,18015,
18708,18708,18708,18708,
20929,20929,20929,20929,
17898,17898,17898,17898,
16714,16714,16714,16714,
19789,19789,19789,19789,
18940,18940,18940,18940,
21741,21741,21741,21741,
16234,16234,16234,16234,
23111,23111,23111,23111,
24243,24243,24243,24243,
19522,19522,19522,19522,
22088,22088,22088,22088,
16402,16402,16402,16402,
23815,23815,23815,23815,
18527,18527,18527,18527,
19114,19114,19114,19114,
20579,20579,20579,20579,
16997,16997,16997,16997,
20275,20275,20275,20275,
20688,20688,20688,20688,
24862,24862,24862,24862,
22264,22264,22264,22264,
23142,23142,23142,23142,
17596,17596,17596,17596,
16613,16613,16613,16613,
19893,19893,19893,19893,
24272,24272,24272,24272,
23619,23619,23619,23619,
20582,20582,20582,20582,
20438,20438,20438,20438,
20455,20455,20455,20455,
18964,18964,18964,18964,
21726,21726,21726,21726,
18314,18314,18314,18314,
20242,20242,20242,20242,
21890,21890,21890,21890,
22370,22370,22370,22370,
17437,17437,17437,17437,
18124,18124,18124,18124,
24533,24533,24533,24533,
18860,18860,18860,18860,
17929,17929,17929,17929,
23057,23057,23057,23057,
18721,18721,18721,18721,
20124,20124,20124,20124,
17029,17029,17029,17029,
21437,21437,21437,21437,
24263,24263,24263,24263,
25723,25723,25723,25723,
18744,18744,18744,18744,
19138,19138,19138,19138,
21696,21696,21696,21696,
16709,16709,16709,16709,
19510,19510,19510,19510,
21281,21281,21281,21281,
22380,22380,22380,22380,
22279,22279,22279,22279,
23221,23221,23221,23221,
17567,17567,17567,17567,
28272,28272,28272,28272,
20166,20166,20166,20166,
22119,22119,22119,22119,
20113,20113,20113,20113,
25602,25602,25602,25602,
20742,20742,20742,20742,
20542,20542,20542,20542,
22556,22556,22556,22556,
19024,19024,19024,19024,
19253,19253,19253,19253,
20922,20922,20922,20922,
16859,16859,16859,16859,
19233,19233,19233,19233,
17631,17631,17631,17631,
20728,20728,20728,20728,
19820,19820,19820,19820,
25075,25075,25075,25075,
16789,16789,16789,16789,
20172,20172,20172,20172,
19750,19750,19750,19750,
19620,19620,19620,19620,
18685,18685,18685,18685,
20562,20562,20562,20562,
25350,25350,25350,25350,
21502,21502,21502,21502,
16798,16798,16798,16798,
19085,19085,19085,19085,
23620,23620,23620,23620,
21700,21700,21700,21700,
20602,20602,20602,20602,
19531,19531,19531,19531,
24992,24992,24992,24992,
24446,24446,24446,24446,
26206,26206,26206,26206,
28969,28969,28969,28969,
22299,22299,22299,22299,
24583,24583,24583,24583,
24891,24891,24891,24891,
25226,25226,25226,25226,
23622,23622,23622,23622,
28217,28217,28217,28217,
23698,23698,23698,23698,
24023,24023,24023,24023,
24308,24308,24308,24308,
27592,27592,27592,27592,
21726,21726,21726,21726,
27850,27850,27850,27850,
28373,28373,28373,28373,
19274,19274,19274,19274,
24639,24639,24639,24639,
25662,25662,25662,25662,
19305,19305,19305,19305,
17177,17177,17177,17177,
18313,18313,18313,18313,
20796,20796,20796,20796,
19135,19135,19135,19135,
28872,28872,28872,28872,
28948,28948,28948,28948,
23705,23705,23705,23705,
30821,30821,30821,30821,
23690,23690,23690,23690,
32202,32202,32202,32202,
26641,26641,26641,26641,
28652,28652,28652,28652,
21759,21759,21759,21759,
20960,20960,20960,20960,
15751,15751,15751,15751,
18039,18039,18039,18039,
19538,19538,19538,19538,
21613,21613,21613,21613,
24166,24166,24166,24166,
19500,19500,19500,19500,


26800,26800,26800,26800,
24022,24022,24022,24022,
23328,23328,23328,23328,
32531,32531,32531,32531,
22480,22480,22480,22480,
23049,23049,23049,23049,
22622,22622,22622,22622,
24224,24224,24224,24224,
23833,23833,23833,23833,
30350,30350,30350,30350,
27825,27825,27825,27825,
26678,26678,26678,26678,
28447,28447,28447,28447,
32742,32742,32742,32742,
25539,25539,25539,25539,
23391,23391,23391,23391,
31725,31725,31725,31725,
28631,28631,28631,28631,
29886,29886,29886,29886,
34509,34509,34509,34509,
27890,27890,27890,27890,
38480,38480,38480,38480,
26748,26748,26748,26748,
31751,31751,31751,31751,
22265,22265,22265,22265,
27386,27386,27386,27386,
27895,27895,27895,27895,
30425,30425,30425,30425,
24212,24212,24212,24212,
35222,35222,35222,35222,
31547,31547,31547,31547,
22301,22301,22301,22301,
28555,28555,28555,28555,
23281,23281,23281,23281,
31661,31661,31661,31661,
22786,22786,22786,22786,
25136,25136,25136,25136,
26415,26415,26415,26415,
27369,27369,27369,27369,
24262,24262,24262,24262,
23946,23946,23946,23946,
27613,27613,27613,27613,
25578,25578,25578,25578,
30945,30945,30945,30945,
30988,30988,30988,30988,
27474,27474,27474,27474,
29091,29091,29091,29091,
26526,26526,26526,26526,
24391,24391,24391,24391,
31818,31818,31818,31818,
35747,35747,35747,35747,
26367,26367,26367,26367,
23982,23982,23982,23982,
30724,30724,30724,30724,
22998,22998,22998,22998,
25936,25936,25936,25936,
32568,32568,32568,32568,
24729,24729,24729,24729,
26830,26830,26830,26830,
26329,26329,26329,26329,
24882,24882,24882,24882,
27868,27868,27868,27868,
26907,26907,26907,26907,
25827,25827,25827,25827,
23911,23911,23911,23911,
22571,22571,22571,22571,
37611,37611,37611,37611,
22994,22994,22994,22994,
40494,40494,40494,40494,
29142,29142,29142,29142,
28591,28591,28591,28591,
26791,26791,26791,26791,
26761,26761,26761,26761,
25933,25933,25933,25933,
28060,28060,28060,28060,
23655,23655,23655,23655,
26853,26853,26853,26853,
28770,28770,28770,28770,
22474,22474,22474,22474,
21967,21967,21967,21967,
24477,24477,24477,24477,
34411,34411,34411,34411,
37193,37193,37193,37193,
25311,25311,25311,25311,
27741,27741,27741,27741,
28599,28599,28599,28599,
29579,29579,29579,29579,
23015,23015,23015,23015,
31356,31356,31356,31356,
26288,26288,26288,26288,
31727,31727,31727,31727,
24606,24606,24606,24606,
24544,24544,24544,24544,
24667,24667,24667,24667,
36664,36664,36664,36664,
37423,37423,37423,37423,
24493,24493,24493,24493,
28176,28176,28176,28176,
25944,25944,25944,25944,
25922,25922,25922,25922,
20917,20917,20917,20917,
25314,25314,25314,25314,
28929,28929,28929,28929,
25837,25837,25837,25837,
28128,28128,28128,28128,
29090,29090,29090,29090,
29661,29661,29661,29661,
28157,28157,28157,28157,
23484,23484,23484,23484,
24498,24498,24498,24498,
52647,52647,52647,52647,
27005,27005,27005,27005,
24232,24232,24232,24232,
30592,30592,30592,30592,
22785,22785,22785,22785,
22041,22041,22041,22041,
25623,25623,25623,25623,
30180,30180,30180,30180,
23995,23995,23995,23995,
29589,29589,29589,29589,
31948,31948,31948,31948,
31455,31455,31455,31455,
24138,24138,24138,24138,
31077,31077,31077,31077,
25809,25809,25809,25809,
30232,30232,30232,30232,
23455,23455,23455,23455,
25958,25958,25958,25958,
24634,24634,24634,24634,
23234,23234,23234,23234,
23251,23251,23251,23251,
27362,27362,27362,27362,
24728,24728,24728,24728,
24605,24605,24605,24605,
25011,25011,25011,25011,
23344,23344,23344,23344,
30620,30620,30620,30620,
24896,24896,24896,24896,
31595,31595,31595,31595,
25366,25366,25366,25366,
27115,27115,27115,27115,
25629,25629,25629,25629,
27252,27252,27252,27252,
30627,30627,30627,30627,
35671,35671,35671,35671,
24532,24532,24532,24532,
29922,29922,29922,29922,
25399,25399,25399,25399,
28415,28415,28415,28415,
33003,33003,33003,33003,
29396,29396,29396,29396,
29878,29878,29878,29878,
30751,30751,30751,30751,
28219,28219,28219,28219,
23616,23616,23616,23616,
30373,30373,30373,30373,
25195,25195,25195,25195,
27511,27511,27511,27511,
20790,20790,20790,20790,
38329,38329,38329,38329,
25221,25221,25221,25221,
33278,33278,33278,33278,
28021,28021,28021,28021,
23733,23733,23733,23733,
29746,29746,29746,29746,
35028,35028,35028,35028,
27505,27505,27505,27505,
22207,22207,22207,22207,
26660,26660,26660,26660,
27118,27118,27118,27118,
26845,26845,26845,26845,
25704,25704,25704,25704,
25205,25205,25205,25205,
32051,32051,32051,32051,
23865,23865,23865,23865,
25316,25316,25316,25316,
24964,24964,24964,24964,
25298,25298,25298,25298,
22507,22507,22507,22507,
29004,29004,29004,29004,
26118,26118,26118,26118,
24817,24817,24817,24817,
26395,26395,26395,26395,
29543,29543,29543,29543,
23508,23508,23508,23508,
24573,24573,24573,24573,
27640,27640,27640,27640,
32598,32598,32598,32598,
36248,36248,36248,36248,
23854,23854,23854,23854,
35198,35198,35198,35198,
26854,26854,26854,26854,
23576,23576,23576,23576,
29141,29141,29141,29141,
25129,25129,25129,25129,
35203,35203,35203,35203,
23024,23024,23024,23024,
24126,24126,24126,24126,
24968,24968,24968,24968,
38642,38642,38642,38642,
25916,25916,25916,25916,
26865,26865,26865,26865,
37147,37147,37147,37147,
25110,25110,25110,25110,
23744,23744,23744,23744,
26016,26016,26016,26016,
28999,28999,28999,28999,
32467,32467,32467,32467,
27928,27928,27928,27928,
24111,24111,24111,24111,
24036,24036,24036,24036,
28279,28279,28279,28279,
27043,27043,27043,27043,
25666,25666,25666,25666,
26513,26513,26513,26513,
22734,22734,22734,22734,
26635,26635,26635,26635,
24486,24486,24486,24486,
29159,29159,29159,29159,
32487,32487,32487,32487,
26543,26543,26543,26543,
26399,26399,26399,26399,
28806,28806,28806,28806,
29810,29810,29810,29810,
26610,26610,26610,26610,
30136,30136,30136,30136,
23518,23518,23518,23518,
27605,27605,27605,27605,
28070,28070,28070,28070,
24796,24796,24796,24796,
25891,25891,25891,25891,
24313,24313,24313,24313,
25461,25461,25461,25461,
28220,28220,28220,28220,
29751,29751,29751,29751,
27888,27888,27888,27888,
32315,32315,32315,32315,
25237,25237,25237,25237,
20622,20622,20622,20622,
31184,31184,31184,31184,
29762,29762,29762,29762,
28367,28367,28367,28367,
26818,26818,26818,26818,
27174,27174,27174,27174,
29068,29068,29068,29068,
24850,24850,24850,24850,
30152,30152,30152,30152,
23340,23340,23340,23340,
29656,29656,29656,29656,
25667,25667,25667,25667,
33870,33870,33870,33870,
22492,22492,22492,22492,
24704,24704,24704,24704,
24007,24007,24007,24007,
30495,30495,30495,30495,
34125,34125,34125,34125,
30014,30014,30014,30014,
23177,23177,23177,23177,
34139,34139,34139,34139,
28680,28680,28680,28680,
26054,26054,26054,26054,
24843,24843,24843,24843,
28276,28276,28276,28276,
26931,26931,26931,26931,
22598,22598,22598,22598,
25282,25282,25282,25282,
26521,26521,26521,26521,
29714,29714,29714,29714,
20113,20113,20113,20113,
18975,18975,18975,18975,
19045,19045,19045,19045,
21119,21119,21119,21119,
21125,21125,21125,21125,
19834,19834,19834,19834,
24687,24687,24687,24687,
19920,19920,19920,19920,
17436,17436,17436,17436,
20539,20539,20539,20539,
24650,24650,24650,24650,
19070,19070,19070,19070,
21389,21389,21389,21389,
18919,18919,18919,18919,
19760,19760,19760,19760,
20906,20906,20906,20906,
27416,27416,27416,27416,
19181,19181,19181,19181,
27145,27145,27145,27145,
19528,19528,19528,19528,
20733,20733,20733,20733,
21480,21480,21480,21480,
18613,18613,18613,18613,
15190,15190,15190,15190,
20826,20826,20826,20826,
18511,18511,18511,18511,
21064,21064,21064,21064,
19350,19350,19350,19350,
19372,19372,19372,19372,
21795,21795,21795,21795,
20937,20937,20937,20937,
21531,21531,21531,21531,
19188,19188,19188,19188,
18512,18512,18512,18512,
15912,15912,15912,15912,
16838,16838,16838,16838,
23318,23318,23318,23318,
21692,21692,21692,21692,
15648,15648,15648,15648,
20993,20993,20993,20993,
18713,18713,18713,18713,
19749,19749,19749,19749,
16903,16903,16903,16903,
20765,20765,20765,20765,
21096,21096,21096,21096,
23162,23162,23162,23162,
19781,19781,19781,19781,
16999,16999,16999,16999,
17556,17556,17556,17556,
21289,21289,21289,21289,
17935,17935,17935,17935,
20835,20835,20835,20835,
18524,18524,18524,18524,
18431,18431,18431,18431,
19861,19861,19861,19861,
19424,19424,19424,19424,
23030,23030,23030,23030,
20922,20922,20922,20922,
19341,19341,19341,19341,
21690,21690,21690,21690,
21163,21163,21163,21163,
19899,19899,19899,19899,
25380,25380,25380,25380,
16310,16310,16310,16310,
21725,21725,21725,21725,
19008,19008,19008,19008,
19297,19297,19297,19297,
20761,20761,20761,20761,
21526,21526,21526,21526,
22317,22317,22317,22317,
17043,17043,17043,17043,
16968,16968,16968,16968,
17387,17387,17387,17387,
27759,27759,27759,27759,
18558,18558,18558,18558,
20546,20546,20546,20546,
26344,26344,26344,26344,
17214,17214,17214,17214,
19679,19679,19679,19679,
20720,20720,20720,20720,
19177,19177,19177,19177,
18578,18578,18578,18578,
23935,23935,23935,23935,
22952,22952,22952,22952,
21509,21509,21509,21509,
20500,20500,20500,20500,
18240,18240,18240,18240,
21671,21671,21671,21671,
21269,21269,21269,21269,
17149,17149,17149,17149,
20850,20850,20850,20850,
20592,20592,20592,20592,
18801,18801,18801,18801,
19941,19941,19941,19941,
24232,24232,24232,24232,
18171,18171,18171,18171,
20898,20898,20898,20898,
18671,18671,18671,18671,
23954,23954,23954,23954,
18689,18689,18689,18689,
18015,18015,18015,18015,
18708,18708,18708,18708,
20929,20929,20929,20929,
17898,17898,17898,17898,
16714,16714,16714,16714,
19789,19789,19789,19789,
18940,18940,18940,18940,
21741,21741,21741,21741,
16234,16234,16234,16234,
23111,23111,23111,23111,
24243,24243,24243,24243,
19522,19522,19522,19522,
22088,22088,22088,22088,
16402,16402,16402,16402,
23815,23815,23815,23815,
18527,18527,18527,18527,
19114,19114,19114,19114,
20579,20579,20579,20579,
16997,16997,16997,16997,
20275,20275,20275,20275,
20688,20688,20688,20688,
24862,24862,24862,24862,
22264,22264,22264,22264,
23142,23142,23142,23142,
17596,17596,17596,17596,
16613,16613,16613,16613,
19893,19893,19893,19893,
24272,24272,24272,24272,
23619,23619,23619,23619,
20582,20582,20582,20582,
20438,20438,20438,20438,
20455,20455,20455,20455,
18964,18964,18964,18964,
21726,21726,21726,21726,
18314,18314,18314,18314,
20242,20242,20242,20242,
21890,21890,21890,21890,
22370,22370,22370,22370,
17437,17437,17437,17437,
18124,18124,18124,18124,
24533,24533,24533,24533,
18860,18860,18860,18860,
17929,17929,17929,17929,
23057,23057,23057,23057,
18721,18721,18721,18721,
20124,20124,20124,20124,
17029,17029,17029,17029,
21437,21437,21437,21437,
24263,24263,24263,24263,
25723,25723,25723,25723,
18744,18744,18744,18744,
19138,19138,19138,19138,
21696,21696,21696,21696,
16709,16709,16709,16709,
19510,19510,19510,19510,
21281,21281,21281,21281,
22380,22380,22380,22380,
22279,22279,22279,22279,
23221,23221,23221,23221,
17567,17567,17567,17567,
28272,28272,28272,28272,
20166,20166,20166,20166,
22119,22119,22119,22119,
20113,20113,20113,20113,
25602,25602,25602,25602,
20742,20742,20742,20742,
20542,20542,20542,20542,
22556,22556,22556,22556,
19024,19024,19024,19024,
19253,19253,19253,19253,
20922,20922,20922,20922,
16859,16859,16859,16859,
19233,19233,19233,19233,
17631,17631,17631,17631,
20728,20728,20728,20728,
19820,19820,19820,19820,
25075,25075,25075,25075,
16789,16789,16789,16789,
20172,20172,20172,20172,
19750,19750,19750,19750,
19620,19620,19620,19620,
18685,18685,18685,18685,
20562,20562,20562,20562,
25350,25350,25350,25350,
21502,21502,21502,21502,
16798,16798,16798,16798,
19085,19085,19085,19085,
23620,23620,23620,23620,
21700,21700,21700,21700,
20602,20602,20602,20602,
19531,19531,19531,19531,
24992,24992,24992,24992,
24446,24446,24446,24446,
26206,26206,26206,26206,
28969,28969,28969,28969,
22299,22299,22299,22299,
24583,24583,24583,24583,
24891,24891,24891,24891,
25226,25226,25226,25226,
23622,23622,23622,23622,
28217,28217,28217,28217,
23698,23698,23698,23698,
24023,24023,24023,24023,
24308,24308,24308,24308,
27592,27592,27592,27592,
21726,21726,21726,21726,
27850,27850,27850,27850,
28373,28373,28373,28373,
19274,19274,19274,19274,
24639,24639,24639,24639,
25662,25662,25662,25662,
19305,19305,19305,19305,
17177,17177,17177,17177,
18313,18313,18313,18313,
20796,20796,20796,20796,
19135,19135,19135,19135,
28872,28872,28872,28872,
28948,28948,28948,28948,
23705,23705,23705,23705,
30821,30821,30821,30821,
23690,23690,23690,23690,
32202,32202,32202,32202,
26641,26641,26641,26641,
28652,28652,28652,28652,
21759,21759,21759,21759,
20960,20960,20960,20960,
15751,15751,15751,15751,
18039,18039,18039,18039,
19538,19538,19538,19538,
21613,21613,21613,21613,
24166,24166,24166,24166,
19500,19500,19500,19500,


26252,26252,26252,26252,
24023,24023,24023,24023,
23871,23871,23871,23871,
30011,30011,30011,30011,
24110,24110,24110,24110,
23614,23614,23614,23614,
24961,24961,24961,24961,
23543,23543,23543,23543,
23474,23474,23474,23474,
27014,27014,27014,27014,
24549,24549,24549,24549,
24357,24357,24357,24357,
27135,27135,27135,27135,
26622,26622,26622,26622,
24014,24014,24014,24014,
24208,24208,24208,24208,
31725,31725,31725,31725,
27027,27027,27027,27027,
29704,29704,29704,29704,
31311,31311,31311,31311,
27040,27040,27040,27040,
31725,31725,31725,31725,
26497,26497,26497,26497,
31129,31129,31129,31129,
22396,22396,22396,22396,
26488,26488,26488,26488,
27556,27556,27556,27556,
23626,23626,23626,23626,
24152,24152,24152,24152,
32918,32918,32918,32918,
31547,31547,31547,31547,
24093,24093,24093,24093,
25493,25493,25493,25493,
22211,22211,22211,22211,
29322,29322,29322,29322,
22025,22025,22025,22025,
24342,24342,24342,24342,
26341,26341,26341,26341,
26292,26292,26292,26292,
24461,24461,24461,24461,
23421,23421,23421,23421,
25384,25384,25384,25384,
24256,24256,24256,24256,
28197,28197,28197,28197,
30988,30988,30988,30988,
26220,26220,26220,26220,
28632,28632,28632,28632,
26526,26526,26526,26526,
24394,24394,24394,24394,
31109,31109,31109,31109,
28487,28487,28487,28487,
26168,26168,26168,26168,
24395,24395,24395,24395,
30910,30910,30910,30910,
24769,24769,24769,24769,
23318,23318,23318,23318,
28497,28497,28497,28497,
24732,24732,24732,24732,
26473,26473,26473,26473,
24559,24559,24559,24559,
24146,24146,24146,24146,
24170,24170,24170,24170,
25487,25487,25487,25487,
25158,25158,25158,25158,
24180,24180,24180,24180,
21902,21902,21902,21902,
35763,35763,35763,35763,
23706,23706,23706,23706,
34972,34972,34972,34972,
25809,25809,25809,25809,
26471,26471,26471,26471,
25944,25944,25944,25944,
26198,26198,26198,26198,
24375,24375,24375,24375,
27166,27166,27166,27166,
22998,22998,22998,22998,
26287,26287,26287,26287,
26444,26444,26444,26444,
21740,21740,21740,21740,
23700,23700,23700,23700,
24301,24301,24301,24301,
29493,29493,29493,29493,
30238,30238,30238,30238,
25689,25689,25689,25689,
22910,22910,22910,22910,
29554,29554,29554,29554,
29579,29579,29579,29579,
21710,21710,21710,21710,
31356,31356,31356,31356,
25433,25433,25433,25433,
28075,28075,28075,28075,
23007,23007,23007,23007,
24470,24470,24470,24470,
22724,22724,22724,22724,
36664,36664,36664,36664,
31135,31135,31135,31135,
23336,23336,23336,23336,
26496,26496,26496,26496,
24870,24870,24870,24870,
25067,25067,25067,25067,
20453,20453,20453,20453,
24472,24472,24472,24472,
26981,26981,26981,26981,
22099,22099,22099,22099,
28128,28128,28128,28128,
27983,27983,27983,27983,
29015,29015,29015,29015,
26022,26022,26022,26022,
22778,22778,22778,22778,
23388,23388,23388,23388,
52647,52647,52647,52647,
24874,24874,24874,24874,
22938,22938,22938,22938,
31501,31501,31501,31501,
22625,22625,22625,22625,
22370,22370,22370,22370,
23356,23356,23356,23356,
28318,28318,28318,28318,
22135,22135,22135,22135,
24859,24859,24859,24859,
25531,25531,25531,25531,
30790,30790,30790,30790,
23834,23834,23834,23834,
30588,30588,30588,30588,
24715,24715,24715,24715,
30232,30232,30232,30232,
23923,23923,23923,23923,
25808,25808,25808,25808,
24349,24349,24349,24349,
23767,23767,23767,23767,
23740,23740,23740,23740,
24433,24433,24433,24433,
26186,26186,26186,26186,
24605,24605,24605,24605,
22076,22076,22076,22076,
22955,22955,22955,22955,
25539,25539,25539,25539,
23954,23954,23954,23954,
29255,29255,29255,29255,
24030,24030,24030,24030,
25254,25254,25254,25254,
26083,26083,26083,26083,
25275,25275,25275,25275,
25482,25482,25482,25482,
30736,30736,30736,30736,
24753,24753,24753,24753,
28302,28302,28302,28302,
24672,24672,24672,24672,
26434,26434,26434,26434,
31178,31178,31178,31178,
28580,28580,28580,28580,
27850,27850,27850,27850,
30751,30751,30751,30751,
28878,28878,28878,28878,
23953,23953,23953,23953,
29366,29366,29366,29366,
24008,24008,24008,24008,
25191,25191,25191,25191,
21287,21287,21287,21287,
38329,38329,38329,38329,
24071,24071,24071,24071,
33278,33278,33278,33278,
27028,27028,27028,27028,
23613,23613,23613,23613,
28491,28491,28491,28491,
34754,34754,34754,34754,
28228,28228,28228,28228,
22141,22141,22141,22141,
26660,26660,26660,26660,
27257,27257,27257,27257,
26694,26694,26694,26694,
25596,25596,25596,25596,
23149,23149,23149,23149,
28240,28240,28240,28240,
23779,23779,23779,23779,
24579,24579,24579,24579,
25446,25446,25446,25446,
25714,25714,25714,25714,
22083,22083,22083,22083,
28646,28646,28646,28646,
28618,28618,28618,28618,
21747,21747,21747,21747,
25852,25852,25852,25852,
27539,27539,27539,27539,
22921,22921,22921,22921,
24098,24098,24098,24098,
26922,26922,26922,26922,
31218,31218,31218,31218,
36248,36248,36248,36248,
23496,23496,23496,23496,
35198,35198,35198,35198,
27579,27579,27579,27579,
23183,23183,23183,23183,
23537,23537,23537,23537,
23654,23654,23654,23654,
35203,35203,35203,35203,
22320,22320,22320,22320,
22119,22119,22119,22119,
24684,24684,24684,24684,
38402,38402,38402,38402,
25805,25805,25805,25805,
28589,28589,28589,28589,
37147,37147,37147,37147,
24728,24728,24728,24728,
22418,22418,22418,22418,
25861,25861,25861,25861,
27974,27974,27974,27974,
32045,32045,32045,32045,
26751,26751,26751,26751,
23091,23091,23091,23091,
26211,26211,26211,26211,
26768,26768,26768,26768,
24517,24517,24517,24517,
24946,24946,24946,24946,
26122,26122,26122,26122,
22414,22414,22414,22414,
26993,26993,26993,26993,
22923,22923,22923,22923,
29159,29159,29159,29159,
32487,32487,32487,32487,
25973,25973,25973,25973,
27793,27793,27793,27793,
28636,28636,28636,28636,
26311,26311,26311,26311,
25221,25221,25221,25221,
28818,28818,28818,28818,
23220,23220,23220,23220,
26551,26551,26551,26551,
26136,26136,26136,26136,
23764,23764,23764,23764,
23274,23274,23274,23274,
24765,24765,24765,24765,
22179,22179,22179,22179,
26947,26947,26947,26947,
26849,26849,26849,26849,
23981,23981,23981,23981,
28650,28650,28650,28650,
24400,24400,24400,24400,
20865,20865,20865,20865,
32649,32649,32649,32649,
26157,26157,26157,26157,
27297,27297,27297,27297,
27645,27645,27645,27645,
27430,27430,27430,27430,
26712,26712,26712,26712,
26868,26868,26868,26868,
29284,29284,29284,29284,
22839,22839,22839,22839,
28945,28945,28945,28945,
25039,25039,25039,25039,
31867,31867,31867,31867,
22155,22155,22155,22155,
27983,27983,27983,27983,
24048,24048,24048,24048,
26582,26582,26582,26582,
31415,31415,31415,31415,
26063,26063,26063,26063,
23891,23891,23891,23891,
28331,28331,28331,28331,
28823,28823,28823,28823,
25932,25932,25932,25932,
22821,22821,22821,22821,
28782,28782,28782,28782,
25756,25756,25756,25756,
22482,22482,22482,22482,
20187,20187,20187,20187,
24686,24686,24686,24686,
29714,29714,29714,29714,
17977,17977,17977,17977,
18812,18812,18812,18812,
17246,17246,17246,17246,
19001,19001,19001,19001,
20982,20982,20982,20982,
19220,19220,19220,19220,
21671,21671,21671,21671,
21016,21016,21016,21016,
17864,17864,17864,17864,
20504,20504,20504,20504,
22326,22326,22326,22326,
18366,18366,18366,18366,
19551,19551,19551,19551,
17835,17835,17835,17835,
18177,18177,18177,18177,
18949,18949,18949,18949,
26111,26111,26111,26111,
19218,19218,19218,19218,
27145,27145,27145,27145,
19275,19275,19275,19275,
20150,20150,20150,20150,
21645,21645,21645,21645,
17358,17358,17358,17358,
16691,16691,16691,16691,
21021,21021,21021,21021,
18283,18283,18283,18283,
20830,20830,20830,20830,
18834,18834,18834,18834,
17478,17478,17478,17478,
21974,21974,21974,21974,
17839,17839,17839,17839,
21078,21078,21078,21078,
19368,19368,19368,19368,
18219,18219,18219,18219,
16130,16130,16130,16130,
15757,15757,15757,15757,
21342,21342,21342,21342,
20128,20128,20128,20128,
15202,15202,15202,15202,
19452,19452,19452,19452,
17508,17508,17508,17508,
19749,19749,19749,19749,
16285,16285,16285,16285,
20803,20803,20803,20803,
19676,19676,19676,19676,
18385,18385,18385,18385,
17210,17210,17210,17210,
17259,17259,17259,17259,
17269,17269,17269,17269,
20307,20307,20307,20307,
18059,18059,18059,18059,
16900,16900,16900,16900,
17098,17098,17098,17098,
19249,19249,19249,19249,
19611,19611,19611,19611,
19039,19039,19039,19039,
22823,22823,22823,22823,
20221,20221,20221,20221,
18806,18806,18806,18806,
21970,21970,21970,21970,
21124,21124,21124,21124,
18218,18218,18218,18218,
24636,24636,24636,24636,
16740,16740,16740,16740,
21725,21725,21725,21725,
18196,18196,18196,18196,
18836,18836,18836,18836,
20967,20967,20967,20967,
19028,19028,19028,19028,
21890,21890,21890,21890,
17043,17043,17043,17043,
16968,16968,16968,16968,
16877,16877,16877,16877,
24837,24837,24837,24837,
18907,18907,18907,18907,
19896,19896,19896,19896,
21777,21777,21777,21777,
17727,17727,17727,17727,
18749,18749,18749,18749,
18413,18413,18413,18413,
18781,18781,18781,18781,
19097,19097,19097,19097,
23733,23733,23733,23733,
21986,21986,21986,21986,
20178,20178,20178,20178,
17778,17778,17778,17778,
17945,17945,17945,17945,
21703,21703,21703,21703,
19182,19182,19182,19182,
16003,16003,16003,16003,
19500,19500,19500,19500,
20444,20444,20444,20444,
18289,18289,18289,18289,
19216,19216,19216,19216,
21259,21259,21259,21259,
19660,19660,19660,19660,
18188,18188,18188,18188,
18200,18200,18200,18200,
22790,22790,22790,22790,
17056,17056,17056,17056,
18092,18092,18092,18092,
18880,18880,18880,18880,
18683,18683,18683,18683,
17074,17074,17074,17074,
16402,16402,16402,16402,
18698,18698,18698,18698,
18036,18036,18036,18036,
21741,21741,21741,21741,
16139,16139,16139,16139,
22030,22030,22030,22030,
20047,20047,20047,20047,
19120,19120,19120,19120,
18998,18998,18998,18998,
17364,17364,17364,17364,
21297,21297,21297,21297,
19363,19363,19363,19363,
18900,18900,18900,18900,
20440,20440,20440,20440,
17367,17367,17367,17367,
21160,21160,21160,21160,
20954,20954,20954,20954,
24862,24862,24862,24862,
19021,19021,19021,19021,
20667,20667,20667,20667,
16822,16822,16822,16822,
16863,16863,16863,16863,
20182,20182,20182,20182,
19774,19774,19774,19774,
17547,17547,17547,17547,
19100,19100,19100,19100,
19430,19430,19430,19430,
20271,20271,20271,20271,
18669,18669,18669,18669,
20815,20815,20815,20815,
17625,17625,17625,17625,
18322,18322,18322,18322,
20714,20714,20714,20714,
23248,23248,23248,23248,
17467,17467,17467,17467,
17227,17227,17227,17227,
23238,23238,23238,23238,
18106,18106,18106,18106,
17499,17499,17499,17499,
22540,22540,22540,22540,
18110,18110,18110,18110,
20124,20124,20124,20124,
16660,16660,16660,16660,
20994,20994,20994,20994,
21649,21649,21649,21649,
23391,23391,23391,23391,
17346,17346,17346,17346,
18692,18692,18692,18692,
21026,21026,21026,21026,
16989,16989,16989,16989,
18837,18837,18837,18837,
21450,21450,21450,21450,
22335,22335,22335,22335,
21795,21795,21795,21795,
18696,18696,18696,18696,
17695,17695,17695,17695,
27988,27988,27988,27988,
18618,18618,18618,18618,
19815,19815,19815,19815,
20113,20113,20113,20113,
25497,25497,25497,25497,
19674,19674,19674,19674,
21737,21737,21737,21737,
19603,19603,19603,19603,
19133,19133,19133,19133,
19198,19198,19198,19198,
20878,20878,20878,20878,
16044,16044,16044,16044,
17743,17743,17743,17743,
17632,17632,17632,17632,
19989,19989,19989,19989,
20498,20498,20498,20498,
23170,23170,23170,23170,
17070,17070,17070,17070,
18760,18760,18760,18760,
19750,19750,19750,19750,
19815,19815,19815,19815,
18190,18190,18190,18190,
19280,19280,19280,19280,
22465,22465,22465,22465,
19547,19547,19547,19547,
16827,16827,16827,16827,
18215,18215,18215,18215,
23368,23368,23368,23368,
21560,21560,21560,21560,
20907,20907,20907,20907,
18366,18366,18366,18366,
24790,24790,24790,24790,
24523,24523,24523,24523,
25450,25450,25450,25450,
25479,25479,25479,25479,
21978,21978,21978,21978,
23612,23612,23612,23612,
27613,27613,27613,27613,
23495,23495,23495,23495,
25114,25114,25114,25114,
27912,27912,27912,27912,
20454,20454,20454,20454,
23198,23198,23198,23198,
24308,24308,24308,24308,
25587,25587,25587,25587,
22950,22950,22950,22950,
27850,27850,27850,27850,
27931,27931,27931,27931,
18547,18547,18547,18547,
24182,24182,24182,24182,
20757,20757,20757,20757,
18036,18036,18036,18036,
17315,17315,17315,17315,
16868,16868,16868,16868,
19144,19144,19144,19144,
16460,16460,16460,16460,
27813,27813,27813,27813,
29085,29085,29085,29085,
23705,23705,23705,23705,
27097,27097,27097,27097,
23604,23604,23604,23604,
32202,32202,32202,32202,
22345,22345,22345,22345,
26102,26102,26102,26102,
18171,18171,18171,18171,
20960,20960,20960,20960,
16004,16004,16004,16004,
18039,18039,18039,18039,
17759,17759,17759,17759,
20645,20645,20645,20645,
24166,24166,24166,24166,
19991,19991,19991,19991,




Further Data analysis of all test cases 
avg med max min 
AVGs,24510.658,24232,52647,15190,
AVGs,24510.658,24232,52647,15190,
AVGs,24510.658,24232,52647,15190,
AVGs,24510.658,24232,52647,15190,


AVGs,24510.658,24232,52647,15190,
AVGs,24510.658,24232,52647,15190,
AVGs,24510.658,24232,52647,15190,
AVGs,24510.658,24232,52647,15190,


AVGs,23515.338,23495.5,52647,15202,
AVGs,23515.338,23495.5,52647,15202,
AVGs,23515.338,23495.5,52647,15202,
AVGs,23515.338,23495.5,52647,15202,



