

Data analysis for each instance 
AVG,MED,MAX,MIN
9742,9742,9742,9742,
8732,8732,8732,8732,
8986,8986,8986,8986,
10690,10690,10690,10690,
8709,8709,8709,8709,
8540,8540,8540,8540,
9477,9477,9477,9477,
9098,9098,9098,9098,
9142,9142,9142,9142,
10475,10475,10475,10475,
10558,10558,10558,10558,
9437,9437,9437,9437,
10124,10124,10124,10124,
10202,10202,10202,10202,
9012,9012,9012,9012,
8728,8728,8728,8728,
12126,12126,12126,12126,
10548,10548,10548,10548,
9984,9984,9984,9984,
10996,10996,10996,10996,
11287,11287,11287,11287,
11881,11881,11881,11881,
10338,10338,10338,10338,
10414,10414,10414,10414,
8462,8462,8462,8462,
9659,9659,9659,9659,
9746,9746,9746,9746,
10011,10011,10011,10011,
9049,9049,9049,9049,
11204,11204,11204,11204,
10921,10921,10921,10921,
9009,9009,9009,9009,
9828,9828,9828,9828,
9090,9090,9090,9090,
10431,10431,10431,10431,
8742,8742,8742,8742,
9163,9163,9163,9163,
9667,9667,9667,9667,
9521,9521,9521,9521,
8972,8972,8972,8972,
9567,9567,9567,9567,
9805,9805,9805,9805,
9131,9131,9131,9131,
9991,9991,9991,9991,
11289,11289,11289,11289,
10040,10040,10040,10040,
9968,9968,9968,9968,
9648,9648,9648,9648,
8704,8704,8704,8704,
10861,10861,10861,10861,
11269,11269,11269,11269,
8851,8851,8851,8851,
9304,9304,9304,9304,
10166,10166,10166,10166,
9031,9031,9031,9031,
11558,11558,11558,11558,
9785,9785,9785,9785,
9078,9078,9078,9078,
10876,10876,10876,10876,
9707,9707,9707,9707,
9315,9315,9315,9315,
8997,8997,8997,8997,
9881,9881,9881,9881,
9239,9239,9239,9239,
8981,8981,8981,8981,
9029,9029,9029,9029,
11279,11279,11279,11279,
8880,8880,8880,8880,
12193,12193,12193,12193,
10918,10918,10918,10918,
10662,10662,10662,10662,
9416,9416,9416,9416,
9938,9938,9938,9938,
9368,9368,9368,9368,
10622,10622,10622,10622,
8643,8643,8643,8643,
9416,9416,9416,9416,
9116,9116,9116,9116,
8467,8467,8467,8467,
9405,9405,9405,9405,
9256,9256,9256,9256,
10820,10820,10820,10820,
11332,11332,11332,11332,
10656,10656,10656,10656,
9700,9700,9700,9700,
10048,10048,10048,10048,
10839,10839,10839,10839,
10317,10317,10317,10317,
11779,11779,11779,11779,
10190,10190,10190,10190,
12275,12275,12275,12275,
8842,8842,8842,8842,
9134,9134,9134,9134,
8771,8771,8771,8771,
10872,10872,10872,10872,
11382,11382,11382,11382,
8707,8707,8707,8707,
10291,10291,10291,10291,
9789,9789,9789,9789,
10244,10244,10244,10244,


9279,9279,9279,9279,
8962,8962,8962,8962,
9004,9004,9004,9004,
10331,10331,10331,10331,
8764,8764,8764,8764,
8811,8811,8811,8811,
9224,9224,9224,9224,
8693,8693,8693,8693,
8738,8738,8738,8738,
9899,9899,9899,9899,
10200,10200,10200,10200,
9579,9579,9579,9579,
9355,9355,9355,9355,
10543,10543,10543,10543,
9081,9081,9081,9081,
8761,8761,8761,8761,
10273,10273,10273,10273,
10076,10076,10076,10076,
10039,10039,10039,10039,
10996,10996,10996,10996,
10044,10044,10044,10044,
12016,12016,12016,12016,
9981,9981,9981,9981,
10306,10306,10306,10306,
8372,8372,8372,8372,
9288,9288,9288,9288,
9706,9706,9706,9706,
9821,9821,9821,9821,
9010,9010,9010,9010,
11204,11204,11204,11204,
10640,10640,10640,10640,
9450,9450,9450,9450,
10101,10101,10101,10101,
9127,9127,9127,9127,
10431,10431,10431,10431,
8237,8237,8237,8237,
8990,8990,8990,8990,
9983,9983,9983,9983,
9249,9249,9249,9249,
9046,9046,9046,9046,
8776,8776,8776,8776,
9888,9888,9888,9888,
9430,9430,9430,9430,
9542,9542,9542,9542,
11407,11407,11407,11407,
9582,9582,9582,9582,
9791,9791,9791,9791,
9315,9315,9315,9315,
9127,9127,9127,9127,
10861,10861,10861,10861,
10907,10907,10907,10907,
9428,9428,9428,9428,
9388,9388,9388,9388,
10984,10984,10984,10984,
9333,9333,9333,9333,
10600,10600,10600,10600,
9811,9811,9811,9811,
8715,8715,8715,8715,
10075,10075,10075,10075,
9372,9372,9372,9372,
9078,9078,9078,9078,
8893,8893,8893,8893,
9454,9454,9454,9454,
9172,9172,9172,9172,
8935,8935,8935,8935,
8660,8660,8660,8660,
11860,11860,11860,11860,
9383,9383,9383,9383,
11728,11728,11728,11728,
9357,9357,9357,9357,
10221,10221,10221,10221,
9402,9402,9402,9402,
8823,8823,8823,8823,
8773,8773,8773,8773,
9637,9637,9637,9637,
8180,8180,8180,8180,
9021,9021,9021,9021,
9296,9296,9296,9296,
8318,8318,8318,8318,
8852,8852,8852,8852,
9562,9562,9562,9562,
11077,11077,11077,11077,
11815,11815,11815,11815,
9766,9766,9766,9766,
9090,9090,9090,9090,
10066,10066,10066,10066,
10297,10297,10297,10297,
10056,10056,10056,10056,
10599,10599,10599,10599,
10089,10089,10089,10089,
10604,10604,10604,10604,
8324,8324,8324,8324,
8626,8626,8626,8626,
8679,8679,8679,8679,
10753,10753,10753,10753,
11356,11356,11356,11356,
8612,8612,8612,8612,
10792,10792,10792,10792,
9519,9519,9519,9519,
9856,9856,9856,9856,


8788,8788,8788,8788,
8962,8962,8962,8962,
8707,8707,8707,8707,
10485,10485,10485,10485,
8788,8788,8788,8788,
8687,8687,8687,8687,
8567,8567,8567,8567,
8965,8965,8965,8965,
9334,9334,9334,9334,
10008,10008,10008,10008,
10192,10192,10192,10192,
9518,9518,9518,9518,
9650,9650,9650,9650,
10709,10709,10709,10709,
8863,8863,8863,8863,
8922,8922,8922,8922,
10549,10549,10549,10549,
10046,10046,10046,10046,
9596,9596,9596,9596,
11049,11049,11049,11049,
9825,9825,9825,9825,
11688,11688,11688,11688,
9935,9935,9935,9935,
10449,10449,10449,10449,
8953,8953,8953,8953,
9557,9557,9557,9557,
9412,9412,9412,9412,
9747,9747,9747,9747,
9155,9155,9155,9155,
11729,11729,11729,11729,
11869,11869,11869,11869,
9396,9396,9396,9396,
9869,9869,9869,9869,
8731,8731,8731,8731,
10656,10656,10656,10656,
8484,8484,8484,8484,
8834,8834,8834,8834,
9581,9581,9581,9581,
9787,9787,9787,9787,
8944,8944,8944,8944,
8786,8786,8786,8786,
9243,9243,9243,9243,
9076,9076,9076,9076,
9749,9749,9749,9749,
10720,10720,10720,10720,
9359,9359,9359,9359,
9419,9419,9419,9419,
9469,9469,9469,9469,
8729,8729,8729,8729,
10273,10273,10273,10273,
10641,10641,10641,10641,
8862,8862,8862,8862,
9236,9236,9236,9236,
10323,10323,10323,10323,
9218,9218,9218,9218,
9397,9397,9397,9397,
10408,10408,10408,10408,
8819,8819,8819,8819,
10471,10471,10471,10471,
9474,9474,9474,9474,
9264,9264,9264,9264,
9310,9310,9310,9310,
9791,9791,9791,9791,
8979,8979,8979,8979,
8785,8785,8785,8785,
8649,8649,8649,8649,
11311,11311,11311,11311,
8584,8584,8584,8584,
11053,11053,11053,11053,
9562,9562,9562,9562,
10000,10000,10000,10000,
9125,9125,9125,9125,
9503,9503,9503,9503,
9018,9018,9018,9018,
10324,10324,10324,10324,
8266,8266,8266,8266,
9521,9521,9521,9521,
9282,9282,9282,9282,
8436,8436,8436,8436,
8783,8783,8783,8783,
9139,9139,9139,9139,
10497,10497,10497,10497,
11585,11585,11585,11585,
8874,8874,8874,8874,
9618,9618,9618,9618,
10274,10274,10274,10274,
9750,9750,9750,9750,
9213,9213,9213,9213,
10175,10175,10175,10175,
9874,9874,9874,9874,
10789,10789,10789,10789,
8844,8844,8844,8844,
8556,8556,8556,8556,
8610,8610,8610,8610,
10916,10916,10916,10916,
11585,11585,11585,11585,
8882,8882,8882,8882,
9967,9967,9967,9967,
9062,9062,9062,9062,
9753,9753,9753,9753,


8345,8345,8345,8345,
8625,8625,8625,8625,
8778,8778,8778,8778,
10485,10485,10485,10485,
9249,9249,9249,9249,
8648,8648,8648,8648,
8820,8820,8820,8820,
8792,8792,8792,8792,
8700,8700,8700,8700,
10788,10788,10788,10788,
10192,10192,10192,10192,
9274,9274,9274,9274,
9228,9228,9228,9228,
10709,10709,10709,10709,
8952,8952,8952,8952,
8670,8670,8670,8670,
9950,9950,9950,9950,
10181,10181,10181,10181,
9548,9548,9548,9548,
10260,10260,10260,10260,
9501,9501,9501,9501,
11623,11623,11623,11623,
9935,9935,9935,9935,
10331,10331,10331,10331,
8980,8980,8980,8980,
9180,9180,9180,9180,
9844,9844,9844,9844,
9509,9509,9509,9509,
9011,9011,9011,9011,
11535,11535,11535,11535,
10322,10322,10322,10322,
9377,9377,9377,9377,
10172,10172,10172,10172,
8488,8488,8488,8488,
10576,10576,10576,10576,
8458,8458,8458,8458,
8987,8987,8987,8987,
9094,9094,9094,9094,
9224,9224,9224,9224,
8911,8911,8911,8911,
8852,8852,8852,8852,
9243,9243,9243,9243,
8897,8897,8897,8897,
9749,9749,9749,9749,
10360,10360,10360,10360,
9429,9429,9429,9429,
9612,9612,9612,9612,
9076,9076,9076,9076,
8722,8722,8722,8722,
10273,10273,10273,10273,
10641,10641,10641,10641,
9004,9004,9004,9004,
9232,9232,9232,9232,
10092,10092,10092,10092,
9161,9161,9161,9161,
10040,10040,10040,10040,
10408,10408,10408,10408,
8952,8952,8952,8952,
10452,10452,10452,10452,
9365,9365,9365,9365,
9177,9177,9177,9177,
8999,8999,8999,8999,
9514,9514,9514,9514,
9091,9091,9091,9091,
8895,8895,8895,8895,
8499,8499,8499,8499,
11311,11311,11311,11311,
8969,8969,8969,8969,
11053,11053,11053,11053,
9562,9562,9562,9562,
10000,10000,10000,10000,
8982,8982,8982,8982,
9179,9179,9179,9179,
8871,8871,8871,8871,
9779,9779,9779,9779,
8718,8718,8718,8718,
9579,9579,9579,9579,
9234,9234,9234,9234,
8435,8435,8435,8435,
8896,8896,8896,8896,
8932,8932,8932,8932,
10497,10497,10497,10497,
10950,10950,10950,10950,
8843,8843,8843,8843,
9559,9559,9559,9559,
10390,10390,10390,10390,
10506,10506,10506,10506,
8725,8725,8725,8725,
11078,11078,11078,11078,
9499,9499,9499,9499,
10789,10789,10789,10789,
8636,8636,8636,8636,
8702,8702,8702,8702,
8747,8747,8747,8747,
11474,11474,11474,11474,
11585,11585,11585,11585,
9141,9141,9141,9141,
9635,9635,9635,9635,
9011,9011,9011,9011,
9602,9602,9602,9602,




Further Data analysis of all test cases 
avg med max min 
AVGs,9903.39,9765.5,12275,8462,
AVGs,9903.39,9765.5,12275,8462,
AVGs,9903.39,9765.5,12275,8462,
AVGs,9903.39,9765.5,12275,8462,


AVGs,9685.23,9486.5,12016,8180,
AVGs,9685.23,9486.5,12016,8180,
AVGs,9685.23,9486.5,12016,8180,
AVGs,9685.23,9486.5,12016,8180,


AVGs,9621.67,9471.5,11869,8266,
AVGs,9621.67,9471.5,11869,8266,
AVGs,9621.67,9471.5,11869,8266,
AVGs,9621.67,9471.5,11869,8266,


AVGs,9558.56,9261.5,11623,8345,
AVGs,9558.56,9261.5,11623,8345,
AVGs,9558.56,9261.5,11623,8345,
AVGs,9558.56,9261.5,11623,8345,



