

Data analysis for each instance 
AVG,MED,MAX,MIN
0.993,0.992,1,0.985,
1,1,1,1,
0.977,0.977,0.977,0.977,
0.999,1,1,0.955,
0.932,0.932,0.932,0.932,
0.976,0.976,0.976,0.976,
0.906,0.906,0.906,0.906,
1,1,1,1,
1,1,1,1,
0.998,0.998,1,0.995,
1,1,1,0.996,
1,1,1,0.998,
1,1,1,0.996,
1,1,1,1,
1,1,1,1,
0.966,0.966,0.966,0.966,
1,1,1,1,
1,1,1,1,
1,1,1,1,
0.998,0.998,0.998,0.994,
1,1,1,0.97,
0.998,1,1,0.929,
1,1,1,1,
0.997,1,1,0.866,
0.994,0.994,0.994,0.994,
1,1,1,0.995,
1,1,1,0.998,
0.998,1,1,0.925,
1,1,1,0.985,
1,1,1,0.982,
1,1,1,1,
0.926,0.926,0.926,0.926,
1,1,1,0.972,
1,1,1,1,
0.999,1,1,0.94,
1,1,1,1,
1,1,1,1,
1,1,1,1,
1,1,1,1,
0.992,0.992,0.992,0.992,
1,1,1,1,
1,1,1,1,
1,1,1,0.99,
1,1,1,0.995,
0.999,1,1,0.865,
0.989,0.989,1,0.989,
1,1,1,1,
1,1,1,0.97,
1,1,1,1,
0.999,1,1,0.882,
0.998,1,1,0.85,
0.964,0.964,0.994,0.964,
0.983,0.983,0.983,0.983,
0.993,1,1,0.88,
0.929,0.929,0.929,0.929,
0.941,0.916,1,0.916,
1,1,1,1,
1,1,1,1,
1,1,1,1,
1,1,1,1,
1,1,1,1,
1,1,1,0.974,
1,1,1,1,
1,1,1,1,
0.989,0.989,0.989,0.989,
1,1,1,1,
1,1,1,0.96,
0.97,0.97,0.97,0.97,
0.999,1,1,0.924,
1,1,1,0.979,
1,1,1,0.986,
0.994,0.994,1,0.988,
1,1,1,0.968,
1,1,1,1,
0.999,1,1,0.938,
1,1,1,1,
1,1,1,1,
1,1,1,0.971,
1,1,1,1,
0.927,0.927,0.927,0.927,
1,1,1,1,
1,1,1,0.966,
0.998,1,1,0.916,
0.985,0.985,0.985,0.985,
0.999,1,1,0.947,
0.968,0.968,0.968,0.968,
1,1,1,1,
1,1,1,1,
1,1,1,1,
1,1,1,1,
0.999,1,1,0.93,
1,1,1,1,
1,1,1,1,
1,1,1,1,
1,1,1,1,
0.998,1,1,0.91,
1,1,1,1,
1,1,1,1,
1,1,1,1,
1,1,1,0.996,
1,1,1,1,
1,1,1,1,
0.953,0.953,1,0.953,
1,1,1,0.991,
0.982,0.982,0.982,0.955,
1,1,1,0.991,
1,1,1,1,
1,1,1,1,
1,1,1,1,
1,1,1,1,
1,1,1,1,
1,1,1,0.994,
1,1,1,1,
0.994,0.995,0.995,0.971,
0.997,0.994,1,0.994,
0.985,0.985,0.985,0.985,
1,1,1,0.982,
0.999,1,1,0.954,
1,1,1,1,
0.943,0.942,1,0.942,
0.999,1,1,0.952,
1,1,1,1,
1,1,1,1,
1,1,1,1,
1,1,1,1,
0.988,0.989,0.989,0.935,
0.98,0.98,0.98,0.98,
1,1,1,1,
1,1,1,1,
0.978,0.978,0.978,0.978,
0.979,0.979,0.979,0.979,
0.999,1,1,0.945,
0.944,0.944,0.944,0.944,
1,1,1,1,
0.985,0.985,1,0.97,
1,1,1,1,
0.999,1,1,0.937,
1,1,1,1,
1,1,1,1,
1,1,1,1,
0.999,1,1,0.965,
0.985,0.984,0.987,0.977,
1,1,1,1,
0.984,0.995,1,0.926,
0.997,1,1,0.828,
0.991,0.991,0.991,0.991,
0.999,1,1,0.963,
1,1,1,0.993,
1,1,1,1,
1,1,1,0.968,
1,1,1,1,
1,1,1,1,
1,1,1,1,
0.973,0.973,0.973,0.964,
0.986,0.986,0.986,0.986,
0.998,0.998,0.998,0.998,
1,1,1,1,
1,1,1,0.984,
0.977,0.977,0.977,0.977,
1,1,1,1,
1,1,1,1,
1,1,1,0.969,
1,1,1,0.966,
1,1,1,1,
1,1,1,1,
1,1,1,0.97,
0.988,0.989,0.989,0.937,
1,1,1,1,
0.999,1,1,0.946,
0.995,0.995,0.995,0.995,
1,1,1,1,
1,1,1,1,
1,1,1,0.977,
1,1,1,0.97,
1,1,1,1,
1,1,1,1,
0.981,0.981,0.981,0.981,
0.984,0.984,0.984,0.984,
1,1,1,1,
1,1,1,0.974,
0.913,0.913,0.913,0.913,
1,1,1,0.995,
1,1,1,1,
1,1,1,0.993,
1,1,1,1,
1,1,1,1,
1,1,1,0.991,
0.969,0.969,0.998,0.969,
1,1,1,1,
1,1,1,1,
1,1,1,0.966,
0.978,0.979,0.979,0.925,
1,1,1,1,
0.996,1,1,0.853,
0.999,1,1,0.968,
0.97,0.981,1,0.881,
1,1,1,1,
1,1,1,1,
1,1,1,1,
0.997,1,1,0.907,
0.99,0.99,0.99,0.98,
0.936,0.936,0.936,0.936,
1,1,1,1,
0.958,0.941,1,0.918,
1,1,1,1,
1,1,1,1,
0.999,1,1,0.925,
1,1,1,0.961,
1,1,1,1,
1,1,1,1,
0.917,0.917,0.917,0.917,
1,1,1,0.998,
0.999,1,1,0.948,
1,1,1,0.988,
1,1,1,1,
1,1,1,1,
0.987,0.987,0.987,0.987,
1,1,1,1,
1,1,1,1,
1,1,1,1,
1,1,1,0.968,
0.991,0.992,0.992,0.95,
1,1,1,1,
0.999,1,1,0.921,
1,1,1,0.996,
1,1,1,0.975,
1,1,1,1,
1,1,1,1,
1,1,1,0.979,
1,1,1,1,
1,1,1,0.995,
0.982,0.982,0.982,0.982,
1,1,1,0.992,
1,1,1,1,
1,1,1,0.961,
0.996,0.997,1,0.902,
1,1,1,0.96,
1,1,1,1,
0.97,0.97,0.97,0.97,
0.935,0.936,0.936,0.797,
0.997,1,1,0.953,
1,1,1,0.994,
0.95,0.95,0.95,0.95,
0.991,0.991,0.991,0.991,
1,1,1,0.993,
0.925,0.925,0.925,0.925,
1,1,1,0.957,
1,1,1,1,
0.978,0.978,1,0.941,
1,1,1,1,
0.989,0.989,1,0.938,
1,1,1,1,
0.883,0.883,0.883,0.883,
0.998,0.998,0.998,0.998,
1,1,1,1,
0.944,0.897,1,0.82,
1,1,1,0.996,
0.97,0.97,0.97,0.97,
1,1,1,0.994,
0.995,0.995,0.995,0.995,
0.998,1,1,0.868,
1,1,1,1,
0.974,0.974,0.974,0.951,
0.999,1,1,0.961,
1,1,1,1,
0.99,0.99,1,0.963,
1,1,1,0.986,
0.999,1,1,0.945,
1,1,1,0.994,
1,1,1,1,
1,1,1,1,
1,1,1,0.964,
1,1,1,1,
1,1,1,1,
0.999,1,1,0.94,
0.913,0.913,0.913,0.913,
0.976,0.976,0.976,0.976,
0.993,0.993,0.993,0.969,
0.996,1,1,0.939,
1,1,1,0.987,
1,1,1,1,
1,1,1,1,
1,1,1,0.989,
0.983,0.983,1,0.966,
0.999,1,1,0.944,
0.998,0.998,0.998,0.998,
1,1,1,1,
1,1,1,1,
1,1,1,1,
0.999,1,1,0.899,
1,1,1,1,
0.91,0.91,0.91,0.91,
0.991,0.991,0.991,0.991,
1,1,1,1,
0.999,1,1,0.98,
1,1,1,0.988,
0.986,0.986,1,0.954,
0.992,0.992,0.992,0.992,
1,1,1,1,
0.999,1,1,0.95,
0.991,0.991,0.991,0.991,
1,1,1,1,
0.986,0.986,0.986,0.986,
1,1,1,1,
1,1,1,0.988,
1,1,1,0.98,
1,1,1,1,
1,1,1,0.979,
1,1,1,1,
1,1,1,1,
1,1,1,1,
0.998,0.998,0.998,0.998,
1,1,1,1,
1,1,1,0.994,
1,1,1,1,
0.985,0.985,0.985,0.985,
1,1,1,1,
1,1,1,0.986,
0.993,0.993,0.993,0.993,
1,1,1,1,
1,1,1,1,
0.953,0.953,0.953,0.953,
1,1,1,1,
1,1,1,1,
1,1,1,1,
0.998,1,1,0.929,
1,1,1,1,
0.992,0.992,0.992,0.979,
0.993,0.994,1,0.945,
1,1,1,1,
1,1,1,0.991,
0.974,0.974,0.974,0.974,
1,1,1,1,
1,1,1,1,
1,1,1,1,
0.99,0.99,0.99,0.99,
0.998,1,1,0.864,
1,1,1,1,
1,1,1,1,
1,1,1,1,
1,1,1,1,
0.999,1,1,0.908,
0.982,0.982,0.982,0.982,
1,1,1,0.963,
1,1,1,0.966,
0.971,0.971,0.971,0.971,
1,1,1,0.989,
1,1,1,1,
1,1,1,1,
0.958,0.958,0.958,0.958,
1,1,1,1,
1,1,1,0.988,
1,1,1,1,
0.954,0.95,1,0.906,
1,1,1,1,
0.977,0.977,0.979,0.972,
1,1,1,1,
1,1,1,1,
1,1,1,1,
1,1,1,1,
1,1,1,1,
1,1,1,1,
1,1,1,0.977,
0.924,0.924,0.924,0.924,
1,1,1,0.992,
1,1,1,1,
0.996,0.996,1,0.946,
1,1,1,1,
0.996,0.996,0.996,0.996,
0.991,0.991,0.991,0.991,
1,1,1,1,
1,1,1,1,
1,1,1,1,
1,1,1,1,
1,1,1,1,
0.996,0.997,0.997,0.967,
1,1,1,1,
1,1,1,0.993,
1,1,1,0.995,
1,1,1,1,
1,1,1,0.995,
1,1,1,1,
1,1,1,0.964,
0.957,0.957,0.957,0.957,
1,1,1,1,
1,1,1,1,
0.979,0.979,0.979,0.979,
0.958,0.958,0.958,0.958,
0.986,0.986,0.986,0.986,
1,1,1,1,
1,1,1,0.963,
1,1,1,1,
1,1,1,1,
0.985,0.985,0.985,0.985,
0.986,0.986,0.986,0.986,
1,1,1,0.986,
1,1,1,0.977,
0.997,1,1,0.945,
1,1,1,0.986,
1,1,1,1,
0.998,0.998,0.998,0.993,
1,1,1,0.984,
1,1,1,1,
1,1,1,0.99,
1,1,1,0.998,
0.962,0.962,0.962,0.962,
1,1,1,1,
1,1,1,1,
0.999,1,1,0.945,
1,1,1,1,
1,1,1,1,
1,1,1,1,
1,1,1,1,
1,1,1,0.969,
1,1,1,1,
1,1,1,0.98,
0.999,1,1,0.941,
1,1,1,0.966,
1,1,1,1,
1,1,1,1,
0.949,0.952,0.969,0.945,
0.984,0.984,0.984,0.984,
1,1,1,1,
0.992,0.992,0.992,0.992,
1,1,1,1,
0.984,0.987,1,0.909,
0.995,1,1,0.908,
0.993,0.993,0.993,0.993,
0.998,1,1,0.917,
1,1,1,1,
0.989,1,1,0.813,
1,1,1,1,
1,1,1,1,
0.983,0.987,1,0.979,
0.934,0.934,0.934,0.915,
0.95,0.95,1,0.925,
0.994,0.994,0.994,0.994,
0.997,1,1,0.954,
1,1,1,1,
1,1,1,1,
1,1,1,1,
1,1,1,1,
0.999,1,1,0.96,
0.967,0.967,0.967,0.967,
1,1,1,0.975,
0.983,0.983,0.983,0.983,
1,1,1,1,
1,1,1,1,
0.99,0.99,0.99,0.99,
0.99,0.99,1,0.99,
1,1,1,0.991,
0.999,1,1,0.949,
0.999,1,1,0.968,
0.998,0.998,0.998,0.998,
1,1,1,1,
0.995,0.996,1,0.985,
0.994,0.996,1,0.889,
0.974,0.974,0.974,0.974,
1,1,1,1,
0.978,0.972,1,0.877,
0.997,0.997,0.997,0.997,
1,1,1,1,
1,1,1,0.958,
1,1,1,1,
1,1,1,1,
0.863,0.863,0.863,0.863,
1,1,1,1,
0.941,0.941,0.941,0.941,
1,1,1,1,
1,1,1,1,
1,1,1,1,
1,1,1,1,
1,1,1,1,
0.947,0.947,0.947,0.947,
1,1,1,1,
1,1,1,1,
1,1,1,1,
1,1,1,1,
0.998,1,1,0.865,
1,1,1,1,
0.992,0.992,0.992,0.992,
1,1,1,1,
1,1,1,0.99,
1,1,1,0.997,
0.989,0.995,1,0.852,
0.977,0.977,0.977,0.977,
1,1,1,1,
0.933,0.932,1,0.932,
1,1,1,1,
1,1,1,0.993,
0.999,1,1,0.976,
1,1,1,1,
1,1,1,0.998,
1,1,1,1,
0.984,0.984,0.984,0.984,
1,1,1,1,
1,1,1,1,
0.997,1,1,0.936,
1,1,1,0.997,
0.975,0.975,0.975,0.975,


0.993,0.992,1,0.985,
1,1,1,1,
0.977,0.977,0.977,0.977,
0.999,1,1,0.955,
0.932,0.932,0.932,0.932,
0.976,0.976,0.976,0.976,
0.906,0.906,0.906,0.906,
1,1,1,1,
1,1,1,1,
0.998,0.998,1,0.995,
1,1,1,0.996,
1,1,1,0.998,
1,1,1,0.996,
1,1,1,1,
1,1,1,1,
0.966,0.966,0.966,0.966,
1,1,1,1,
1,1,1,1,
1,1,1,1,
0.998,0.998,0.998,0.994,
1,1,1,0.97,
0.998,1,1,0.929,
1,1,1,1,
0.997,1,1,0.866,
0.994,0.994,0.994,0.994,
1,1,1,0.995,
1,1,1,0.998,
0.998,1,1,0.925,
1,1,1,0.985,
1,1,1,0.982,
1,1,1,1,
0.926,0.926,0.926,0.926,
1,1,1,0.972,
1,1,1,1,
0.999,1,1,0.94,
1,1,1,1,
1,1,1,1,
1,1,1,1,
1,1,1,1,
0.992,0.992,0.992,0.992,
1,1,1,1,
1,1,1,1,
1,1,1,0.99,
1,1,1,0.995,
0.999,1,1,0.865,
0.989,0.989,1,0.989,
1,1,1,1,
1,1,1,0.97,
1,1,1,1,
0.999,1,1,0.882,
0.998,1,1,0.85,
0.964,0.964,0.994,0.964,
0.983,0.983,0.983,0.983,
0.993,1,1,0.88,
0.929,0.929,0.929,0.929,
0.941,0.916,1,0.916,
1,1,1,1,
1,1,1,1,
1,1,1,1,
1,1,1,1,
1,1,1,1,
1,1,1,0.974,
1,1,1,1,
1,1,1,1,
0.989,0.989,0.989,0.989,
1,1,1,1,
1,1,1,0.96,
0.97,0.97,0.97,0.97,
0.999,1,1,0.924,
1,1,1,0.979,
1,1,1,0.986,
0.994,0.994,1,0.988,
1,1,1,0.968,
1,1,1,1,
0.999,1,1,0.938,
1,1,1,1,
1,1,1,1,
1,1,1,0.971,
1,1,1,1,
0.927,0.927,0.927,0.927,
1,1,1,1,
1,1,1,0.966,
0.998,1,1,0.916,
0.985,0.985,0.985,0.985,
0.999,1,1,0.947,
0.968,0.968,0.968,0.968,
1,1,1,1,
1,1,1,1,
1,1,1,1,
1,1,1,1,
0.999,1,1,0.93,
1,1,1,1,
1,1,1,1,
1,1,1,1,
1,1,1,1,
0.998,1,1,0.91,
1,1,1,1,
1,1,1,1,
1,1,1,1,
1,1,1,0.996,
1,1,1,1,
1,1,1,1,
0.953,0.953,1,0.953,
1,1,1,0.991,
0.982,0.982,0.982,0.955,
1,1,1,0.991,
1,1,1,1,
1,1,1,1,
1,1,1,1,
1,1,1,1,
1,1,1,1,
1,1,1,0.994,
1,1,1,1,
0.994,0.995,0.995,0.971,
0.997,0.994,1,0.994,
0.985,0.985,0.985,0.985,
1,1,1,0.982,
0.999,1,1,0.954,
1,1,1,1,
0.943,0.942,1,0.942,
0.999,1,1,0.952,
1,1,1,1,
1,1,1,1,
1,1,1,1,
1,1,1,1,
0.988,0.989,0.989,0.935,
0.98,0.98,0.98,0.98,
1,1,1,1,
1,1,1,1,
0.978,0.978,0.978,0.978,
0.979,0.979,0.979,0.979,
0.999,1,1,0.945,
0.944,0.944,0.944,0.944,
1,1,1,1,
0.985,0.985,1,0.97,
1,1,1,1,
0.999,1,1,0.937,
1,1,1,1,
1,1,1,1,
1,1,1,1,
0.999,1,1,0.965,
0.985,0.984,0.987,0.977,
1,1,1,1,
0.984,0.995,1,0.926,
0.997,1,1,0.828,
0.991,0.991,0.991,0.991,
0.999,1,1,0.963,
1,1,1,0.993,
1,1,1,1,
1,1,1,0.968,
1,1,1,1,
1,1,1,1,
1,1,1,1,
0.973,0.973,0.973,0.964,
0.986,0.986,0.986,0.986,
0.998,0.998,0.998,0.998,
1,1,1,1,
1,1,1,0.984,
0.977,0.977,0.977,0.977,
1,1,1,1,
1,1,1,1,
1,1,1,0.969,
1,1,1,0.966,
1,1,1,1,
1,1,1,1,
1,1,1,0.97,
0.988,0.989,0.989,0.937,
1,1,1,1,
0.999,1,1,0.946,
0.995,0.995,0.995,0.995,
1,1,1,1,
1,1,1,1,
1,1,1,0.977,
1,1,1,0.97,
1,1,1,1,
1,1,1,1,
0.981,0.981,0.981,0.981,
0.984,0.984,0.984,0.984,
1,1,1,1,
1,1,1,0.974,
0.913,0.913,0.913,0.913,
1,1,1,0.995,
1,1,1,1,
1,1,1,0.993,
1,1,1,1,
1,1,1,1,
1,1,1,0.991,
0.969,0.969,0.998,0.969,
1,1,1,1,
1,1,1,1,
1,1,1,0.966,
0.978,0.979,0.979,0.925,
1,1,1,1,
0.996,1,1,0.853,
0.999,1,1,0.968,
0.97,0.981,1,0.881,
1,1,1,1,
1,1,1,1,
1,1,1,1,
0.997,1,1,0.907,
0.99,0.99,0.99,0.98,
0.936,0.936,0.936,0.936,
1,1,1,1,
0.958,0.941,1,0.918,
1,1,1,1,
1,1,1,1,
0.999,1,1,0.925,
1,1,1,0.961,
1,1,1,1,
1,1,1,1,
0.917,0.917,0.917,0.917,
1,1,1,0.998,
0.999,1,1,0.948,
1,1,1,0.988,
1,1,1,1,
1,1,1,1,
0.987,0.987,0.987,0.987,
1,1,1,1,
1,1,1,1,
1,1,1,1,
1,1,1,0.968,
0.991,0.992,0.992,0.95,
1,1,1,1,
0.999,1,1,0.921,
1,1,1,0.996,
1,1,1,0.975,
1,1,1,1,
1,1,1,1,
1,1,1,0.979,
1,1,1,1,
1,1,1,0.995,
0.982,0.982,0.982,0.982,
1,1,1,0.992,
1,1,1,1,
1,1,1,0.961,
0.996,0.997,1,0.902,
1,1,1,0.96,
1,1,1,1,
0.97,0.97,0.97,0.97,
0.935,0.936,0.936,0.797,
0.997,1,1,0.953,
1,1,1,0.994,
0.95,0.95,0.95,0.95,
0.991,0.991,0.991,0.991,
1,1,1,0.993,
0.925,0.925,0.925,0.925,
1,1,1,0.957,
1,1,1,1,
0.978,0.978,1,0.941,
1,1,1,1,
0.989,0.989,1,0.938,
1,1,1,1,
0.883,0.883,0.883,0.883,
0.998,0.998,0.998,0.998,
1,1,1,1,
0.944,0.897,1,0.82,
1,1,1,0.996,
0.97,0.97,0.97,0.97,
1,1,1,0.994,
0.995,0.995,0.995,0.995,
0.998,1,1,0.868,
1,1,1,1,
0.974,0.974,0.974,0.951,
0.999,1,1,0.961,
1,1,1,1,
0.99,0.99,1,0.963,
1,1,1,0.986,
0.999,1,1,0.945,
1,1,1,0.994,
1,1,1,1,
1,1,1,1,
1,1,1,0.964,
1,1,1,1,
1,1,1,1,
0.999,1,1,0.94,
0.913,0.913,0.913,0.913,
0.976,0.976,0.976,0.976,
0.993,0.993,0.993,0.969,
0.996,1,1,0.939,
1,1,1,0.987,
1,1,1,1,
1,1,1,1,
1,1,1,0.989,
0.983,0.983,1,0.966,
0.999,1,1,0.944,
0.998,0.998,0.998,0.998,
1,1,1,1,
1,1,1,1,
1,1,1,1,
0.999,1,1,0.899,
1,1,1,1,
0.91,0.91,0.91,0.91,
0.991,0.991,0.991,0.991,
1,1,1,1,
0.999,1,1,0.98,
1,1,1,0.988,
0.986,0.986,1,0.954,
0.992,0.992,0.992,0.992,
1,1,1,1,
0.999,1,1,0.95,
0.991,0.991,0.991,0.991,
1,1,1,1,
0.986,0.986,0.986,0.986,
1,1,1,1,
1,1,1,0.988,
1,1,1,0.98,
1,1,1,1,
1,1,1,0.979,
1,1,1,1,
1,1,1,1,
1,1,1,1,
0.998,0.998,0.998,0.998,
1,1,1,1,
1,1,1,0.994,
1,1,1,1,
0.985,0.985,0.985,0.985,
1,1,1,1,
1,1,1,0.986,
0.993,0.993,0.993,0.993,
1,1,1,1,
1,1,1,1,
0.953,0.953,0.953,0.953,
1,1,1,1,
1,1,1,1,
1,1,1,1,
0.998,1,1,0.929,
1,1,1,1,
0.992,0.992,0.992,0.979,
0.993,0.994,1,0.945,
1,1,1,1,
1,1,1,0.991,
0.974,0.974,0.974,0.974,
1,1,1,1,
1,1,1,1,
1,1,1,1,
0.99,0.99,0.99,0.99,
0.998,1,1,0.864,
1,1,1,1,
1,1,1,1,
1,1,1,1,
1,1,1,1,
0.999,1,1,0.908,
0.982,0.982,0.982,0.982,
1,1,1,0.963,
1,1,1,0.966,
0.971,0.971,0.971,0.971,
1,1,1,0.989,
1,1,1,1,
1,1,1,1,
0.958,0.958,0.958,0.958,
1,1,1,1,
1,1,1,0.988,
1,1,1,1,
0.954,0.95,1,0.906,
1,1,1,1,
0.977,0.977,0.979,0.972,
1,1,1,1,
1,1,1,1,
1,1,1,1,
1,1,1,1,
1,1,1,1,
1,1,1,1,
1,1,1,0.977,
0.924,0.924,0.924,0.924,
1,1,1,0.992,
1,1,1,1,
0.996,0.996,1,0.946,
1,1,1,1,
0.996,0.996,0.996,0.996,
0.991,0.991,0.991,0.991,
1,1,1,1,
1,1,1,1,
1,1,1,1,
1,1,1,1,
1,1,1,1,
0.996,0.997,0.997,0.967,
1,1,1,1,
1,1,1,0.993,
1,1,1,0.995,
1,1,1,1,
1,1,1,0.995,
1,1,1,1,
1,1,1,0.964,
0.957,0.957,0.957,0.957,
1,1,1,1,
1,1,1,1,
0.979,0.979,0.979,0.979,
0.958,0.958,0.958,0.958,
0.986,0.986,0.986,0.986,
1,1,1,1,
1,1,1,0.963,
1,1,1,1,
1,1,1,1,
0.985,0.985,0.985,0.985,
0.986,0.986,0.986,0.986,
1,1,1,0.986,
1,1,1,0.977,
0.997,1,1,0.945,
1,1,1,0.986,
1,1,1,1,
0.998,0.998,0.998,0.993,
1,1,1,0.984,
1,1,1,1,
1,1,1,0.99,
1,1,1,0.998,
0.962,0.962,0.962,0.962,
1,1,1,1,
1,1,1,1,
0.999,1,1,0.945,
1,1,1,1,
1,1,1,1,
1,1,1,1,
1,1,1,1,
1,1,1,0.969,
1,1,1,1,
1,1,1,0.98,
0.999,1,1,0.941,
1,1,1,0.966,
1,1,1,1,
1,1,1,1,
0.949,0.952,0.969,0.945,
0.984,0.984,0.984,0.984,
1,1,1,1,
0.992,0.992,0.992,0.992,
1,1,1,1,
0.984,0.987,1,0.909,
0.995,1,1,0.908,
0.993,0.993,0.993,0.993,
0.998,1,1,0.917,
1,1,1,1,
0.989,1,1,0.813,
1,1,1,1,
1,1,1,1,
0.983,0.987,1,0.979,
0.934,0.934,0.934,0.915,
0.95,0.95,1,0.925,
0.994,0.994,0.994,0.994,
0.997,1,1,0.954,
1,1,1,1,
1,1,1,1,
1,1,1,1,
1,1,1,1,
0.999,1,1,0.96,
0.967,0.967,0.967,0.967,
1,1,1,0.975,
0.983,0.983,0.983,0.983,
1,1,1,1,
1,1,1,1,
0.99,0.99,0.99,0.99,
0.99,0.99,1,0.99,
1,1,1,0.991,
0.999,1,1,0.949,
0.999,1,1,0.968,
0.998,0.998,0.998,0.998,
1,1,1,1,
0.995,0.996,1,0.985,
0.994,0.996,1,0.889,
0.974,0.974,0.974,0.974,
1,1,1,1,
0.978,0.972,1,0.877,
0.997,0.997,0.997,0.997,
1,1,1,1,
1,1,1,0.958,
1,1,1,1,
1,1,1,1,
0.863,0.863,0.863,0.863,
1,1,1,1,
0.941,0.941,0.941,0.941,
1,1,1,1,
1,1,1,1,
1,1,1,1,
1,1,1,1,
1,1,1,1,
0.947,0.947,0.947,0.947,
1,1,1,1,
1,1,1,1,
1,1,1,1,
1,1,1,1,
0.998,1,1,0.865,
1,1,1,1,
0.992,0.992,0.992,0.992,
1,1,1,1,
1,1,1,0.99,
1,1,1,0.997,
0.989,0.995,1,0.852,
0.977,0.977,0.977,0.977,
1,1,1,1,
0.933,0.932,1,0.932,
1,1,1,1,
1,1,1,0.993,
0.999,1,1,0.976,
1,1,1,1,
1,1,1,0.998,
1,1,1,1,
0.984,0.984,0.984,0.984,
1,1,1,1,
1,1,1,1,
0.997,1,1,0.936,
1,1,1,0.997,
0.975,0.975,0.975,0.975,


0.98,0.98,0.98,0.98,
1,1,1,1,
1,1,1,1,
0.856,0.856,0.856,0.842,
1,1,1,1,
1,1,1,1,
1,1,1,1,
0.972,0.972,0.972,0.972,
0.985,0.985,0.985,0.985,
0.886,0.886,0.886,0.886,
0.879,0.879,0.879,0.879,
0.911,0.911,0.911,0.911,
0.95,0.95,0.95,0.95,
0.813,0.813,0.813,0.813,
0.94,0.94,0.94,0.94,
1,1,1,1,
1,1,1,1,
0.944,0.944,0.944,0.944,
0.994,0.994,0.994,0.994,
0.999,1,1,0.902,
0.943,0.943,0.943,0.941,
0.766,0.766,0.766,0.766,
0.991,0.991,0.991,0.991,
0.914,0.916,0.916,0.849,
1,1,1,1,
0.963,0.963,0.963,0.963,
0.988,0.988,0.988,0.986,
0.719,0.719,0.719,0.719,
0.983,0.983,0.983,0.983,
0.93,0.93,0.93,0.917,
1,1,1,1,
1,1,1,1,
0.867,0.867,0.867,0.867,
0.954,0.954,0.954,0.954,
0.879,0.879,0.879,0.871,
0.967,0.967,0.967,0.967,
0.968,0.968,0.968,0.968,
0.997,0.997,0.997,0.997,
0.961,0.961,0.961,0.961,
1,1,1,1,
0.978,0.978,0.978,0.978,
0.919,0.919,0.919,0.919,
0.94,0.94,0.94,0.94,
0.907,0.907,0.907,0.907,
0.865,0.865,0.865,0.865,
0.954,0.954,0.954,0.954,
0.984,0.984,0.984,0.984,
0.975,0.975,0.975,0.97,
1,1,1,1,
0.862,0.862,0.862,0.862,
0.742,0.743,0.743,0.677,
1,1,1,0.987,
1,1,1,1,
0.946,0.947,0.947,0.885,
1,1,1,1,
0.823,0.823,0.823,0.823,
0.875,0.875,0.875,0.875,
1,1,1,1,
0.987,0.987,0.987,0.987,
0.933,0.933,0.933,0.933,
0.97,0.97,0.97,0.97,
0.845,0.845,0.845,0.845,
0.947,0.947,0.947,0.947,
0.974,0.974,0.974,0.974,
1,1,1,1,
0.97,0.97,0.97,0.97,
0.956,0.956,0.956,0.912,
1,1,1,1,
0.798,0.798,0.798,0.798,
0.91,0.911,0.911,0.867,
0.913,0.913,0.913,0.913,
0.986,0.992,0.998,0.956,
0.96,0.96,0.96,0.947,
0.94,0.94,0.94,0.94,
0.908,0.908,0.908,0.908,
0.972,0.972,0.972,0.972,
0.979,0.979,0.979,0.979,
0.893,0.893,0.893,0.893,
0.967,0.967,0.967,0.967,
1,1,1,1,
0.993,0.993,0.993,0.993,
0.828,0.828,0.828,0.828,
0.82,0.821,0.821,0.744,
1,1,1,1,
0.782,0.782,0.782,0.782,
1,1,1,1,
1,1,1,1,
0.943,0.943,0.943,0.943,
1,1,1,1,
0.988,0.989,0.989,0.967,
0.823,0.823,0.823,0.823,
0.935,0.935,0.935,0.935,
0.997,0.997,0.997,0.997,
0.921,0.921,0.921,0.921,
1,1,1,1,
0.919,0.925,0.925,0.757,
0.951,0.951,0.951,0.951,
0.94,0.94,0.94,0.94,
0.959,0.959,0.959,0.959,
0.963,0.963,0.963,0.963,
0.978,0.978,0.978,0.978,
0.967,0.967,0.967,0.967,
0.933,0.933,0.933,0.933,
0.848,0.848,0.848,0.848,
1,1,1,0.955,
0.994,0.995,0.995,0.953,
0.991,0.991,0.991,0.978,
0.924,0.924,0.924,0.924,
0.97,0.97,0.97,0.97,
0.955,0.955,0.955,0.955,
1,1,1,1,
0.915,0.915,0.915,0.915,
0.947,0.947,0.947,0.947,
1,1,1,1,
0.993,0.993,0.993,0.993,
1,1,1,1,
0.895,0.895,0.895,0.895,
0.914,0.914,0.914,0.895,
0.922,0.922,0.922,0.922,
0.84,0.84,0.84,0.84,
0.761,0.761,0.761,0.761,
0.979,0.979,0.979,0.979,
0.987,0.987,0.987,0.987,
0.984,0.984,0.984,0.984,
0.958,0.958,0.958,0.958,
0.999,1,1,0.935,
1,1,1,1,
0.994,0.994,0.994,0.994,
0.988,0.988,0.988,0.988,
1,1,1,1,
1,1,1,1,
0.844,0.844,0.844,0.844,
1,1,1,1,
1,1,1,1,
0.883,0.883,0.883,0.883,
0.983,0.983,0.983,0.983,
0.782,0.782,0.782,0.782,
0.962,0.962,0.962,0.962,
0.996,0.997,0.997,0.926,
0.947,0.947,0.947,0.947,
0.966,0.968,0.968,0.899,
1,1,1,0.994,
0.927,0.927,0.927,0.927,
0.808,0.808,0.808,0.808,
0.762,0.763,0.763,0.713,
1,1,1,1,
0.969,0.97,0.97,0.911,
0.965,0.965,0.965,0.965,
0.93,0.93,0.93,0.93,
0.914,0.914,0.914,0.914,
0.972,0.972,0.972,0.972,
0.932,0.932,0.932,0.932,
1,1,1,1,
1,1,1,0.986,
1,1,1,1,
1,1,1,0.965,
0.953,0.953,0.953,0.953,
0.901,0.901,0.901,0.901,
1,1,1,1,
1,1,1,1,
0.954,0.954,0.954,0.954,
0.973,0.974,0.978,0.969,
0.952,0.952,0.952,0.932,
0.995,0.995,0.995,0.995,
0.958,0.958,0.958,0.958,
0.967,0.967,0.967,0.962,
0.998,1,1,0.961,
0.997,0.997,0.997,0.997,
0.946,0.946,0.946,0.946,
1,1,1,1,
0.994,0.994,0.994,0.994,
0.996,0.996,0.996,0.996,
0.897,0.897,0.897,0.897,
0.855,0.855,0.855,0.855,
0.996,0.996,0.996,0.996,
0.971,0.971,0.971,0.971,
1,1,1,1,
1,1,1,1,
0.981,0.981,0.981,0.981,
0.991,0.993,0.993,0.962,
1,1,1,1,
0.872,0.872,0.872,0.872,
0.979,0.979,0.979,0.979,
0.926,0.926,0.926,0.926,
0.975,0.975,0.975,0.975,
0.981,0.981,0.981,0.981,
0.965,0.965,0.965,0.965,
0.999,1,1,0.956,
1,1,1,1,
0.985,0.985,0.985,0.985,
1,1,1,0.966,
0.999,1,1,0.95,
0.983,0.983,0.983,0.983,
0.689,0.689,0.689,0.689,
0.911,0.911,0.911,0.911,
0.934,0.95,0.95,0.881,
0.969,0.969,0.969,0.969,
0.917,0.917,0.917,0.917,
0.989,0.989,0.989,0.989,
0.982,0.983,0.983,0.902,
0.999,1,1,0.954,
1,1,1,0.996,
1,1,1,1,
0.916,0.916,0.916,0.904,
0.944,0.944,0.944,0.944,
0.994,0.994,0.994,0.994,
0.913,0.913,0.913,0.892,
0.991,0.992,0.992,0.948,
0.958,0.958,0.958,0.958,
0.958,0.958,0.958,0.958,
1,1,1,1,
0.945,0.945,0.945,0.945,
0.865,0.865,0.865,0.86,
0.96,0.96,0.96,0.96,
0.985,0.985,0.985,0.985,
0.986,0.986,0.986,0.986,
1,1,1,1,
0.936,0.936,0.936,0.936,
1,1,1,1,
1,1,1,1,
0.986,0.987,0.987,0.947,
0.987,0.987,1,0.987,
0.994,0.994,0.994,0.994,
0.828,0.828,0.828,0.813,
0.944,0.944,0.944,0.944,
0.932,0.932,0.932,0.932,
0.987,0.987,0.987,0.987,
0.962,0.962,0.962,0.962,
0.927,0.927,0.927,0.912,
0.962,0.962,0.962,0.962,
0.895,0.895,0.895,0.895,
1,1,1,1,
0.864,0.864,0.864,0.864,
0.975,0.975,0.975,0.975,
0.867,0.867,0.867,0.867,
0.776,0.776,0.776,0.776,
0.851,0.851,0.851,0.851,
0.967,0.967,0.967,0.967,
1,1,1,1,
0.997,1,1,0.834,
0.837,0.837,0.837,0.837,
0.963,0.963,0.963,0.956,
1,1,1,0.979,
1,1,1,1,
0.945,0.945,0.945,0.912,
0.98,0.98,1,0.961,
0.957,0.957,0.957,0.929,
0.979,0.979,0.979,0.979,
0.937,0.937,0.937,0.919,
0.976,0.976,0.976,0.976,
0.91,0.91,0.91,0.883,
0.985,0.985,0.985,0.985,
1,1,1,1,
1,1,1,1,
0.872,0.872,0.872,0.872,
0.826,0.827,0.827,0.755,
0.865,0.865,0.865,0.865,
1,1,1,1,
0.825,0.825,0.825,0.825,
1,1,1,1,
0.935,0.937,0.937,0.864,
0.919,0.919,0.919,0.919,
1,1,1,0.968,
0.926,0.926,0.926,0.919,
0.995,0.995,0.995,0.995,
0.769,0.769,0.769,0.769,
0.918,0.918,0.918,0.918,
0.999,1,1,0.945,
0.888,0.888,0.888,0.888,
0.991,0.991,0.991,0.991,
0.906,0.906,0.906,0.906,
0.867,0.867,0.867,0.867,
0.993,0.993,0.993,0.993,
0.969,0.969,0.969,0.969,
0.859,0.859,0.859,0.825,
0.997,1,1,0.963,
1,1,1,1,
1,1,1,0.967,
0.851,0.851,0.851,0.851,
0.95,0.95,0.95,0.95,
0.914,0.914,0.914,0.914,
0.943,0.943,0.943,0.943,
0.91,0.91,0.91,0.91,
0.906,0.906,0.906,0.906,
0.924,0.924,0.924,0.899,
1,1,1,1,
1,1,1,1,
0.987,0.987,0.987,0.987,
0.972,0.972,0.972,0.972,
0.979,0.98,0.98,0.906,
0.933,0.933,0.933,0.933,
1,1,1,1,
1,1,1,1,
0.988,0.988,0.988,0.988,
0.964,0.964,0.969,0.959,
0.962,0.962,0.962,0.962,
0.861,0.861,0.861,0.861,
1,1,1,1,
0.852,0.852,0.852,0.852,
0.962,0.962,0.962,0.93,
1,1,1,1,
0.984,0.984,0.984,0.984,
1,1,1,1,
0.936,0.936,0.936,0.936,
0.904,0.904,0.904,0.904,
0.909,0.909,0.909,0.909,
0.972,0.972,0.972,0.972,
0.907,0.907,0.907,0.907,
0.936,0.936,0.936,0.936,
1,1,1,1,
0.963,0.963,0.963,0.963,
1,1,1,1,
0.933,0.933,0.933,0.933,
0.789,0.789,0.789,0.789,
0.87,0.87,0.87,0.87,
1,1,1,1,
0.984,0.984,0.984,0.984,
0.94,0.94,0.94,0.94,
1,1,1,1,
0.811,0.811,0.811,0.811,
0.923,0.923,0.923,0.923,
0.989,0.995,1,0.971,
0.987,0.987,0.987,0.987,
0.98,0.98,0.98,0.98,
0.991,0.991,0.991,0.991,
0.897,0.897,0.897,0.897,
0.972,0.972,0.972,0.972,
1,1,1,0.992,
0.943,0.943,0.943,0.943,
0.916,0.916,0.916,0.916,
0.962,0.962,0.962,0.962,
1,1,1,1,
1,1,1,1,
0.957,0.957,0.957,0.957,
0.976,0.976,0.976,0.976,
1,1,1,1,
0.764,0.764,0.764,0.764,
0.981,0.981,0.981,0.981,
1,1,1,1,
1,1,1,1,
0.971,0.971,0.971,0.971,
0.812,0.812,0.812,0.812,
1,1,1,1,
0.925,0.936,0.961,0.887,
0.837,0.85,0.85,0.798,
1,1,1,1,
0.942,0.942,0.942,0.942,
0.889,0.889,0.889,0.889,
0.979,0.979,0.979,0.979,
1,1,1,0.985,
1,1,1,0.992,
0.946,0.946,0.946,0.946,
0.938,0.938,0.938,0.938,
0.859,0.859,0.859,0.859,
0.984,0.984,0.984,0.984,
1,1,1,0.973,
0.902,0.902,0.902,0.902,
0.933,0.933,0.933,0.933,
0.935,0.935,0.935,0.935,
0.993,0.993,0.993,0.993,
0.973,0.973,0.973,0.973,
0.964,0.964,0.964,0.964,
0.862,0.862,0.862,0.857,
1,1,1,1,
0.863,0.863,0.863,0.863,
0.975,0.975,0.975,0.975,
0.972,0.973,0.973,0.9,
0.913,0.913,0.913,0.913,
1,1,1,1,
1,1,1,1,
0.893,0.893,0.893,0.893,
0.954,0.954,0.954,0.954,
0.981,0.981,0.981,0.981,
0.945,0.945,0.945,0.945,
0.952,0.952,0.952,0.952,
1,1,1,0.967,
0.994,0.994,0.994,0.994,
0.946,0.946,0.946,0.946,
0.822,0.822,0.822,0.822,
0.979,0.979,0.979,0.979,
0.856,0.856,0.856,0.856,
0.958,0.958,0.958,0.958,
0.862,0.862,0.862,0.862,
1,1,1,1,
0.992,0.992,0.992,0.992,
0.993,0.993,0.993,0.993,
1,1,1,1,
1,1,1,1,
1,1,1,0.998,
1,1,1,1,
0.822,0.822,0.822,0.822,
0.893,0.893,0.893,0.893,
0.95,0.95,0.95,0.95,
1,1,1,1,
1,1,1,1,
0.804,0.804,0.804,0.804,
0.726,0.726,0.726,0.726,
0.877,0.877,0.877,0.877,
0.938,0.938,0.938,0.938,
0.991,0.991,0.991,0.991,
0.999,1,1,0.978,
0.943,0.943,0.943,0.943,
0.977,0.977,0.977,0.977,
0.896,0.896,0.896,0.896,
0.945,0.945,0.945,0.945,
1,1,1,1,
0.944,0.944,0.944,0.944,
0.95,0.95,0.95,0.95,
0.957,0.958,0.958,0.895,
0.96,0.96,0.96,0.96,
0.976,0.976,0.976,0.976,
0.978,0.978,0.978,0.978,
0.967,0.967,0.967,0.967,
0.969,0.969,0.969,0.969,
0.978,0.978,0.978,0.978,
0.959,0.959,0.959,0.959,
0.848,0.848,0.848,0.839,
0.878,0.878,0.878,0.878,
0.926,0.926,0.926,0.926,
0.977,0.977,0.977,0.977,
0.999,1,1,0.939,
1,1,1,1,
0.965,0.965,0.965,0.965,
1,1,1,1,
0.998,0.998,0.998,0.998,
0.899,0.899,0.899,0.889,
0.736,0.736,0.736,0.736,
1,1,1,1,
0.989,0.991,0.991,0.908,
0.923,0.923,0.923,0.923,
0.734,0.734,0.734,0.728,
1,1,1,1,
0.996,0.996,0.996,0.996,
0.948,0.948,0.948,0.948,
1,1,1,0.968,
0.849,0.849,0.849,0.849,
1,1,1,1,
0.961,0.961,0.961,0.951,
0.998,0.998,0.998,0.998,
0.952,0.952,0.952,0.952,
0.923,0.923,0.923,0.923,
1,1,1,1,
0.935,0.935,0.935,0.926,
1,1,1,1,
0.929,0.929,0.929,0.901,
1,1,1,1,
0.93,0.93,0.93,0.93,
1,1,1,1,
1,1,1,1,
0.973,0.973,0.973,0.973,
0.929,0.929,0.929,0.929,
0.915,0.918,0.918,0.841,
0.88,0.88,0.88,0.88,
1,1,1,1,
0.945,0.945,0.945,0.945,
0.985,0.985,0.985,0.975,
0.955,0.957,0.957,0.883,
1,1,1,0.988,
0.94,0.94,0.94,0.94,
0.877,0.877,0.878,0.877,
1,1,1,1,
0.971,0.971,0.971,0.971,
0.843,0.843,0.843,0.843,
0.986,0.986,0.986,0.986,
0.975,0.975,0.975,0.975,
0.999,1,1,0.958,
0.931,0.931,0.931,0.931,
1,1,1,1,
0.989,0.989,0.989,0.989,
0.863,0.863,0.863,0.863,
0.966,0.966,0.966,0.966,
1,1,1,1,
0.927,0.927,0.927,0.927,
1,1,1,1,
1,1,1,1,
1,1,1,0.984,
0.962,0.962,0.962,0.962,
0.982,0.982,0.982,0.982,
0.7,0.7,0.7,0.7,
0.934,0.934,0.934,0.934,
1,1,1,1,
0.921,0.921,0.921,0.921,
0.911,0.911,0.911,0.911,
0.858,0.858,0.858,0.858,
0.834,0.834,0.834,0.821,
1,1,1,0.981,
1,1,1,1,
0.879,0.879,0.879,0.879,
0.996,0.996,0.996,0.996,
0.993,0.993,0.993,0.993,
0.819,0.819,0.819,0.819,
0.911,0.911,0.911,0.911,
0.833,0.833,0.833,0.833,
1,1,1,1,
1,1,1,1,
1,1,1,1,
0.909,0.909,0.909,0.909,
0.894,0.894,0.894,0.894,
0.997,0.997,0.997,0.997,
1,1,1,1,




Further Data analysis of all test cases 
avg med max min 
AVGs,0.992,1,1,0.863,
MEDs,0.993,1,1,0.863,
MAXs,0.994,1,1,0.863,
MINs,0.977,0.994,1,0.797,


AVGs,0.992,1,1,0.863,
MEDs,0.993,1,1,0.863,
MAXs,0.994,1,1,0.863,
MINs,0.977,0.994,1,0.797,


AVGs,0.948,0.969,1,0.689,
MEDs,0.948,0.969,1,0.689,
MAXs,0.948,0.969,1,0.689,
MINs,0.941,0.962,1,0.677,



