

Data analysis for each instance 
AVG,MED,MAX,MIN
0.969,0.969,0.969,0.969,
0.921,0.921,0.921,0.921,
0.994,0.994,0.994,0.994,
0.988,0.988,0.988,0.988,
0.949,0.949,0.949,0.949,
0.927,0.927,0.927,0.927,
0.956,0.956,0.956,0.956,
0.933,0.933,0.933,0.933,
0.979,0.979,0.979,0.979,
0.949,0.949,0.949,0.949,
0.957,0.957,0.957,0.957,
0.914,0.914,0.914,0.914,
0.917,0.917,0.917,0.917,
0.99,0.99,0.99,0.99,
0.899,0.899,0.899,0.899,
0.959,0.959,0.959,0.959,
0.99,0.99,0.99,0.99,
0.977,0.977,0.977,0.977,
0.999,0.999,0.999,0.999,
0.934,0.934,0.934,0.934,
0.975,0.975,0.975,0.975,
0.972,0.972,0.972,0.972,
0.933,0.933,0.933,0.933,
1,1,1,1,
0.967,0.967,0.967,0.967,
0.949,0.949,0.949,0.949,
0.967,0.967,0.967,0.967,
0.978,0.978,0.978,0.978,
0.921,0.921,0.921,0.921,
0.966,0.966,0.966,0.966,
1,1,1,1,
0.951,0.951,0.951,0.951,
0.969,0.969,0.969,0.969,
0.992,0.992,0.992,0.992,
0.9,0.9,0.9,0.9,
0.929,0.929,0.929,0.929,
0.956,0.956,0.956,0.956,
0.961,0.961,0.961,0.961,
0.962,0.962,0.962,0.962,
0.916,0.916,0.916,0.916,
0.965,0.965,0.965,0.965,
0.979,0.979,0.979,0.979,
0.944,0.944,0.944,0.944,
0.987,0.987,0.987,0.987,
0.971,0.971,0.971,0.971,
0.974,0.974,0.974,0.974,
0.927,0.927,0.927,0.927,
0.988,0.988,0.988,0.988,
0.933,0.933,0.933,0.933,
0.866,0.866,0.866,0.866,
0.998,0.998,0.998,0.998,
0.905,0.905,0.905,0.905,
0.996,0.996,0.996,0.996,
0.982,0.982,0.982,0.982,
0.94,0.94,0.94,0.94,
0.967,0.967,0.967,0.967,
0.999,0.999,0.999,0.999,
0.937,0.937,0.937,0.937,
0.961,0.961,0.961,0.961,
0.941,0.941,0.941,0.941,
0.979,0.979,0.979,0.979,
0.927,0.927,0.927,0.927,
0.938,0.938,0.938,0.938,
0.969,0.969,0.969,0.969,
0.967,0.967,0.967,0.967,
0.938,0.938,0.938,0.938,
0.987,0.987,0.987,0.987,
0.909,0.909,0.909,0.909,
0.995,0.995,0.995,0.995,
1,1,1,1,
0.993,0.993,0.993,0.993,
0.935,0.935,0.935,0.935,
0.929,0.929,0.929,0.929,
0.94,0.94,0.94,0.94,
0.959,0.959,0.959,0.959,
1,1,1,1,
0.901,0.901,0.901,0.901,
1,1,1,1,
0.922,0.922,0.922,0.922,
1,1,1,1,
0.971,0.971,0.971,0.971,
1,1,1,1,
0.994,0.994,0.994,0.994,
0.984,0.984,0.984,0.984,
0.971,0.971,0.971,0.971,
0.96,0.96,0.96,0.96,
0.921,0.921,0.921,0.921,
0.914,0.914,0.914,0.914,
0.931,0.931,0.931,0.931,
0.949,0.949,0.949,0.949,
0.987,0.987,0.987,0.987,
0.888,0.888,0.888,0.888,
0.94,0.94,0.94,0.94,
0.928,0.928,0.928,0.928,
0.98,0.98,0.98,0.98,
0.969,0.969,0.969,0.969,
0.919,0.919,0.919,0.919,
0.951,0.951,0.951,0.951,
0.965,0.965,0.965,0.965,
0.928,0.928,0.928,0.928,


0.978,0.978,0.978,0.978,
1,1,1,1,
0.999,0.999,0.999,0.999,
0.999,0.999,0.999,0.999,
1,1,1,1,
0.959,0.959,0.959,0.959,
0.979,0.979,0.979,0.979,
0.931,0.931,0.931,0.931,
0.975,0.975,0.975,0.975,
0.977,0.977,0.977,0.977,
1,1,1,1,
0.952,0.952,0.952,0.952,
1,1,1,1,
0.99,0.99,0.99,0.99,
0.969,0.969,0.969,0.969,
0.955,0.955,0.955,0.955,
0.993,0.993,0.993,0.993,
1,1,1,1,
0.996,0.996,0.996,0.996,
0.946,0.946,0.946,0.946,
1,1,1,1,
0.997,0.997,0.997,0.997,
0.925,0.925,0.925,0.925,
0.978,0.978,0.978,0.978,
0.994,0.994,0.994,0.994,
1,1,1,1,
0.994,0.994,0.994,0.994,
0.983,0.983,0.983,0.983,
1,1,1,1,
1,1,1,1,
1,1,1,1,
0.959,0.959,0.959,0.959,
0.99,0.99,0.99,0.99,
1,1,1,1,
0.928,0.928,0.928,0.928,
0.933,0.933,0.933,0.933,
1,1,1,1,
0.962,0.962,0.962,0.962,
0.956,0.956,0.956,0.956,
1,1,1,1,
0.986,0.986,0.986,0.986,
0.99,0.99,0.99,0.99,
0.928,0.928,0.928,0.928,
0.987,0.987,0.987,0.987,
0.983,0.983,0.983,0.983,
0.982,0.982,0.982,0.982,
1,1,1,1,
0.988,0.988,0.988,0.988,
0.965,0.965,0.965,0.965,
0.86,0.86,0.86,0.86,
1,1,1,1,
0.913,0.913,0.913,0.913,
0.965,0.965,0.965,0.965,
1,1,1,1,
0.96,0.96,0.96,0.96,
0.976,0.976,0.976,0.976,
0.999,0.999,0.999,0.999,
1,1,1,1,
1,1,1,1,
0.97,0.97,0.97,0.97,
0.987,0.987,0.987,0.987,
1,1,1,1,
1,1,1,1,
0.989,0.989,0.989,0.989,
0.976,0.976,0.976,0.976,
1,1,1,1,
0.995,0.995,0.995,0.995,
0.95,0.95,0.95,0.95,
0.977,0.977,0.977,0.977,
0.996,0.996,0.996,0.996,
0.994,0.994,0.994,0.994,
1,1,1,1,
1,1,1,1,
0.982,0.982,0.982,0.982,
0.981,0.981,0.981,0.981,
0.947,0.947,0.947,0.947,
0.981,0.981,0.981,0.981,
0.992,0.992,0.992,0.992,
0.993,0.993,0.993,0.993,
0.997,0.997,0.997,0.997,
1,1,1,1,
0.998,0.998,0.998,0.998,
0.985,0.985,0.985,0.985,
0.984,0.984,0.984,0.984,
0.974,0.974,0.974,0.974,
0.972,0.972,0.972,0.972,
0.959,0.959,0.959,0.959,
0.99,0.99,0.99,0.99,
0.928,0.928,0.928,0.928,
0.955,0.955,0.955,0.955,
1,1,1,1,
0.906,0.906,0.906,0.906,
0.989,0.989,0.989,0.989,
0.941,0.941,0.941,0.941,
0.949,0.949,0.949,0.949,
0.986,0.986,0.986,0.986,
1,1,1,1,
1,1,1,1,
0.983,0.983,0.983,0.983,
0.966,0.966,0.966,0.966,


1,1,1,1,
0.927,0.927,0.927,0.927,
0.99,0.99,0.99,0.99,
0.923,0.923,0.923,0.923,
0.873,0.873,0.873,0.873,
0.992,0.992,0.992,0.992,
0.951,0.951,0.951,0.951,
0.935,0.935,0.935,0.935,
0.99,0.99,0.99,0.99,
0.963,0.963,0.963,0.963,
0.945,0.945,0.945,0.945,
0.954,0.954,0.954,0.954,
0.929,0.929,0.929,0.929,
0.999,0.999,0.999,0.999,
0.996,0.996,0.996,0.996,
0.956,0.956,0.956,0.956,
0.979,0.979,0.979,0.979,
0.988,0.988,0.988,0.988,
1,1,1,1,
0.984,0.984,0.984,0.984,
0.978,0.978,0.978,0.978,
0.99,0.99,0.99,0.99,
0.926,0.926,0.926,0.926,
0.944,0.944,0.944,0.944,
0.99,0.99,0.99,0.99,
0.964,0.964,0.964,0.964,
0.98,0.98,0.98,0.98,
0.978,0.978,0.978,0.978,
0.931,0.931,0.931,0.931,
0.905,0.905,0.905,0.905,
0.997,0.997,0.997,0.997,
0.955,0.955,0.955,0.955,
0.986,0.986,0.986,0.986,
0.986,0.986,0.986,0.986,
0.989,0.989,0.989,0.989,
0.991,0.991,0.991,0.991,
0.977,0.977,0.977,0.977,
0.964,0.964,0.964,0.964,
0.944,0.944,0.944,0.944,
0.936,0.936,0.936,0.936,
0.98,0.98,0.98,0.98,
0.99,0.99,0.99,0.99,
1,1,1,1,
0.98,0.98,0.98,0.98,
0.979,0.979,0.979,0.979,
0.985,0.985,0.985,0.985,
0.909,0.909,0.909,0.909,
1,1,1,1,
0.961,0.961,0.961,0.961,
0.855,0.855,0.855,0.855,
0.999,0.999,0.999,0.999,
0.901,0.901,0.901,0.901,
0.999,0.999,0.999,0.999,
0.966,0.966,0.966,0.966,
0.98,0.98,0.98,0.98,
0.988,0.988,0.988,0.988,
1,1,1,1,
0.933,0.933,0.933,0.933,
0.958,0.958,0.958,0.958,
0.923,0.923,0.923,0.923,
0.972,0.972,0.972,0.972,
0.942,0.942,0.942,0.942,
0.941,0.941,0.941,0.941,
1,1,1,1,
0.987,0.987,0.987,0.987,
0.942,0.942,0.942,0.942,
1,1,1,1,
0.959,0.959,0.959,0.959,
0.998,0.998,0.998,0.998,
0.981,0.981,0.981,0.981,
1,1,1,1,
0.925,0.925,0.925,0.925,
0.926,0.926,0.926,0.926,
0.995,0.995,0.995,0.995,
0.973,0.973,0.973,0.973,
0.961,0.961,0.961,0.961,
0.976,0.976,0.976,0.976,
0.987,0.987,0.987,0.987,
0.921,0.921,0.921,0.921,
0.915,0.915,0.915,0.915,
0.952,0.952,0.952,0.952,
0.998,0.998,0.998,0.998,
1,1,1,1,
0.986,0.986,0.986,0.986,
0.975,0.975,0.975,0.975,
0.957,0.957,0.957,0.957,
0.933,0.933,0.933,0.933,
0.973,0.973,0.973,0.973,
0.986,0.986,0.986,0.986,
0.917,0.917,0.917,0.917,
0.914,0.914,0.914,0.914,
0.921,0.921,0.921,0.921,
1,1,1,1,
0.912,0.912,0.912,0.912,
0.949,0.949,0.949,0.949,
0.997,0.997,0.997,0.997,
0.988,0.988,0.988,0.988,
0.939,0.939,0.939,0.939,
0.95,0.95,0.95,0.95,
0.954,0.954,0.954,0.954,


0.988,0.988,0.988,0.988,
0.928,0.928,0.928,0.928,
0.996,0.996,0.996,0.996,
0.935,0.935,0.935,0.935,
0.955,0.955,0.955,0.955,
1,1,1,1,
0.91,0.91,0.91,0.91,
1,1,1,1,
0.988,0.988,0.988,0.988,
0.97,0.97,0.97,0.97,
0.944,0.944,0.944,0.944,
0.969,0.969,0.969,0.969,
0.946,0.946,0.946,0.946,
0.999,0.999,0.999,0.999,
1,1,1,1,
1,1,1,1,
0.993,0.993,0.993,0.993,
0.988,0.988,0.988,0.988,
0.976,0.976,0.976,0.976,
1,1,1,1,
0.995,0.995,0.995,0.995,
1,1,1,1,
0.924,0.924,0.924,0.924,
0.943,0.943,0.943,0.943,
1,1,1,1,
0.975,0.975,0.975,0.975,
1,1,1,1,
0.993,0.993,0.993,0.993,
0.94,0.94,0.94,0.94,
0.898,0.898,0.898,0.898,
0.997,0.997,0.997,0.997,
1,1,1,1,
1,1,1,1,
0.954,0.954,0.954,0.954,
1,1,1,1,
1,1,1,1,
0.992,0.992,0.992,0.992,
1,1,1,1,
0.944,0.944,0.944,0.944,
0.942,0.942,0.942,0.942,
0.985,0.985,0.985,0.985,
0.998,0.998,0.998,0.998,
0.979,0.979,0.979,0.979,
0.98,0.98,0.98,0.98,
0.987,0.987,0.987,0.987,
0.99,0.99,0.99,0.99,
0.915,0.915,0.915,0.915,
0.986,0.986,0.986,0.986,
0.998,0.998,0.998,0.998,
0.855,0.855,0.855,0.855,
0.999,0.999,0.999,0.999,
0.914,0.914,0.914,0.914,
1,1,1,1,
0.962,0.962,0.962,0.962,
1,1,1,1,
1,1,1,1,
1,1,1,1,
0.92,0.92,0.92,0.92,
0.964,0.964,0.964,0.964,
0.911,0.911,0.911,0.911,
0.985,0.985,0.985,0.985,
0.977,0.977,0.977,0.977,
0.944,0.944,0.944,0.944,
0.981,0.981,0.981,0.981,
1,1,1,1,
0.951,0.951,0.951,0.951,
0.995,0.995,0.995,0.995,
0.912,0.912,0.912,0.912,
1,1,1,1,
0.981,0.981,0.981,0.981,
1,1,1,1,
0.928,0.928,0.928,0.928,
0.929,0.929,0.929,0.929,
1,1,1,1,
1,1,1,1,
0.928,0.928,0.928,0.928,
0.943,0.943,0.943,0.943,
0.989,0.989,0.989,0.989,
1,1,1,1,
0.919,0.919,0.919,0.919,
0.955,0.955,0.955,0.955,
0.998,0.998,0.998,0.998,
0.986,0.986,0.986,0.986,
0.986,0.986,0.986,0.986,
1,1,1,1,
0.955,0.955,0.955,0.955,
0.935,0.935,0.935,0.935,
0.981,0.981,0.981,0.981,
1,1,1,1,
0.975,0.975,0.975,0.975,
0.915,0.915,0.915,0.915,
0.925,0.925,0.925,0.925,
0.983,0.983,0.983,0.983,
0.915,0.915,0.915,0.915,
1,1,1,1,
1,1,1,1,
0.986,0.986,0.986,0.986,
0.964,0.964,0.964,0.964,
0.968,0.968,0.968,0.968,
0.963,0.963,0.963,0.963,


0.97,0.97,0.97,0.97,
0.958,0.958,0.958,0.958,
0.96,0.96,0.96,0.96,
0.97,0.97,0.97,0.97,
0.901,0.901,0.901,0.901,
0.924,0.924,0.924,0.924,
0.967,0.967,0.967,0.967,
0.937,0.937,0.937,0.937,
0.989,0.989,0.989,0.989,
1,1,1,1,
0.974,0.974,0.974,0.974,
0.986,0.986,0.986,0.986,
0.943,0.943,0.943,0.943,
0.959,0.959,0.959,0.959,
0.964,0.964,0.964,0.964,
0.986,0.986,0.986,0.986,
0.982,0.982,0.982,0.982,
0.995,0.995,0.995,0.995,
0.984,0.984,0.984,0.984,
0.967,0.967,0.967,0.967,
0.98,0.98,0.98,0.98,
0.97,0.97,0.97,0.97,
1,1,1,1,
0.983,0.983,0.983,0.983,
0.971,0.971,0.971,0.971,
0.949,0.949,0.949,0.949,
0.981,0.981,0.981,0.981,
0.932,0.932,0.932,0.932,
0.941,0.941,0.941,0.941,
0.889,0.889,0.889,0.889,
0.974,0.974,0.974,0.974,
0.956,0.956,0.956,0.956,
0.98,0.98,0.98,0.98,
0.922,0.922,0.922,0.922,
0.918,0.918,0.918,0.918,
0.957,0.957,0.957,0.957,
0.973,0.973,0.973,0.973,
0.988,0.988,0.988,0.988,
1,1,1,1,
0.941,0.941,0.941,0.941,
0.983,0.983,0.983,0.983,
0.989,0.989,0.989,0.989,
0.965,0.965,0.965,0.965,
1,1,1,1,
0.983,0.983,0.983,0.983,
1,1,1,1,
0.934,0.934,0.934,0.934,
0.974,0.974,0.974,0.974,
1,1,1,1,
1,1,1,1,
0.981,0.981,0.981,0.981,
1,1,1,1,
0.989,0.989,0.989,0.989,
0.937,0.937,0.937,0.937,
0.946,0.946,0.946,0.946,
1,1,1,1,
0.997,0.997,0.997,0.997,
0.956,0.956,0.956,0.956,
0.945,0.945,0.945,0.945,
1,1,1,1,
0.975,0.975,0.975,0.975,
0.896,0.896,0.896,0.896,
0.949,0.949,0.949,0.949,
0.948,0.948,0.948,0.948,
0.967,0.967,0.967,0.967,
0.926,0.926,0.926,0.926,
0.991,0.991,0.991,0.991,
0.989,0.989,0.989,0.989,
0.95,0.95,0.95,0.95,
0.978,0.978,0.978,0.978,
0.988,0.988,0.988,0.988,
0.918,0.918,0.918,0.918,
0.914,0.914,0.914,0.914,
0.975,0.975,0.975,0.975,
0.943,0.943,0.943,0.943,
0.948,0.948,0.948,0.948,
0.912,0.912,0.912,0.912,
0.965,0.965,0.965,0.965,
0.918,0.918,0.918,0.918,
0.898,0.898,0.898,0.898,
0.996,0.996,0.996,0.996,
0.996,0.996,0.996,0.996,
0.974,0.974,0.974,0.974,
0.982,0.982,0.982,0.982,
0.979,0.979,0.979,0.979,
1,1,1,1,
1,1,1,1,
0.931,0.931,0.931,0.931,
0.866,0.866,0.866,0.866,
1,1,1,1,
0.865,0.865,0.865,0.865,
0.929,0.929,0.929,0.929,
0.971,0.971,0.971,0.971,
0.927,0.927,0.927,0.927,
0.941,0.941,0.941,0.941,
0.978,0.978,0.978,0.978,
0.948,0.948,0.948,0.948,
0.943,0.943,0.943,0.943,
1,1,1,1,
1,1,1,1,


0.983,0.983,0.983,0.983,
0.917,0.917,0.917,0.917,
1,1,1,1,
1,1,1,1,
0.958,0.958,0.958,0.958,
0.955,0.955,0.955,0.955,
1,1,1,1,
0.98,0.98,0.98,0.98,
1,1,1,1,
0.963,0.963,0.963,0.963,
0.944,0.944,0.944,0.944,
1,1,1,1,
0.945,0.945,0.945,0.945,
1,1,1,1,
0.978,0.978,0.978,0.978,
0.919,0.919,0.919,0.919,
1,1,1,1,
0.992,0.992,0.992,0.992,
0.977,0.977,0.977,0.977,
0.941,0.941,0.941,0.941,
0.995,0.995,0.995,0.995,
1,1,1,1,
0.922,0.922,0.922,0.922,
0.943,0.943,0.943,0.943,
0.98,0.98,0.98,0.98,
0.96,0.96,0.96,0.96,
0.99,0.99,0.99,0.99,
1,1,1,1,
0.946,0.946,0.946,0.946,
0.912,0.912,0.912,0.912,
1,1,1,1,
0.968,0.968,0.968,0.968,
0.998,0.998,0.998,0.998,
0.951,0.951,0.951,0.951,
0.993,0.993,0.993,0.993,
0.923,0.923,0.923,0.923,
0.987,0.987,0.987,0.987,
0.967,0.967,0.967,0.967,
0.934,0.934,0.934,0.934,
0.966,0.966,0.966,0.966,
1,1,1,1,
1,1,1,1,
0.972,0.972,0.972,0.972,
0.98,0.98,0.98,0.98,
1,1,1,1,
0.994,0.994,0.994,0.994,
0.921,0.921,0.921,0.921,
0.983,0.983,0.983,0.983,
0.989,0.989,0.989,0.989,
0.855,0.855,0.855,0.855,
0.991,0.991,0.991,0.991,
0.912,0.912,0.912,0.912,
1,1,1,1,
0.957,0.957,0.957,0.957,
0.985,0.985,0.985,0.985,
0.974,0.974,0.974,0.974,
1,1,1,1,
0.957,0.957,0.957,0.957,
0.973,0.973,0.973,0.973,
0.967,0.967,0.967,0.967,
1,1,1,1,
0.925,0.925,0.925,0.925,
0.957,0.957,0.957,0.957,
0.979,0.979,0.979,0.979,
0.995,0.995,0.995,0.995,
0.956,0.956,0.956,0.956,
0.995,0.995,0.995,0.995,
1,1,1,1,
0.998,0.998,0.998,0.998,
0.998,0.998,0.998,0.998,
0.995,0.995,0.995,0.995,
0.933,0.933,0.933,0.933,
0.934,0.934,0.934,0.934,
0.98,0.98,0.98,0.98,
0.992,0.992,0.992,0.992,
0.942,0.942,0.942,0.942,
1,1,1,1,
0.992,0.992,0.992,0.992,
0.931,0.931,0.931,0.931,
0.92,0.92,0.92,0.92,
0.985,0.985,0.985,0.985,
0.998,0.998,0.998,0.998,
0.988,0.988,0.988,0.988,
1,1,1,1,
0.974,0.974,0.974,0.974,
0.965,0.965,0.965,0.965,
0.933,0.933,0.933,0.933,
1,1,1,1,
0.935,0.935,0.935,0.935,
0.977,0.977,0.977,0.977,
0.998,0.998,0.998,0.998,
1,1,1,1,
0.967,0.967,0.967,0.967,
1,1,1,1,
0.949,0.949,0.949,0.949,
0.997,0.997,0.997,0.997,
0.991,0.991,0.991,0.991,
0.969,0.969,0.969,0.969,
0.978,0.978,0.978,0.978,
0.962,0.962,0.962,0.962,




Further Data analysis of all test cases 
avg med max min 
AVGs,0.957,0.961,1,0.866,
MEDs,0.957,0.961,1,0.866,
MEDs,0.957,0.961,1,0.866,
MEDs,0.957,0.961,1,0.866,


AVGs,0.979,0.987,1,0.86,
MEDs,0.979,0.987,1,0.86,
MEDs,0.979,0.987,1,0.86,
MEDs,0.979,0.987,1,0.86,


AVGs,0.964,0.974,1,0.855,
MEDs,0.964,0.974,1,0.855,
MEDs,0.964,0.974,1,0.855,
MEDs,0.964,0.974,1,0.855,


AVGs,0.971,0.985,1,0.855,
MEDs,0.971,0.985,1,0.855,
MEDs,0.971,0.985,1,0.855,
MEDs,0.971,0.985,1,0.855,


AVGs,0.963,0.97,1,0.865,
MEDs,0.963,0.97,1,0.865,
MEDs,0.963,0.97,1,0.865,
MEDs,0.963,0.97,1,0.865,


AVGs,0.972,0.98,1,0.855,
MEDs,0.972,0.98,1,0.855,
MEDs,0.972,0.98,1,0.855,
MEDs,0.972,0.98,1,0.855,



