

Data analysis for each instance 
AVG,MED,MAX,MIN
0.29,0.29,0.29,0.29,
0.252,0.252,0.252,0.252,
0.321,0.321,0.321,0.321,
0.323,0.323,0.323,0.323,
0.271,0.271,0.271,0.271,
0.32,0.32,0.32,0.32,
0.262,0.262,0.262,0.262,
0.313,0.313,0.313,0.313,
0.313,0.313,0.313,0.313,
0.306,0.306,0.306,0.306,
0.314,0.314,0.314,0.314,
0.281,0.281,0.281,0.281,
0.298,0.298,0.298,0.298,
0.28,0.28,0.28,0.28,
0.295,0.295,0.295,0.295,
0.3,0.3,0.3,0.3,
0.291,0.291,0.291,0.291,
0.346,0.346,0.346,0.346,
0.334,0.334,0.334,0.334,
0.306,0.306,0.306,0.306,
0.269,0.269,0.269,0.269,
0.317,0.317,0.317,0.317,
0.348,0.348,0.348,0.348,
0.267,0.267,0.267,0.267,
0.311,0.311,0.311,0.311,
0.285,0.285,0.285,0.285,
0.266,0.266,0.266,0.266,
0.276,0.276,0.276,0.276,
0.291,0.291,0.291,0.291,
0.355,0.355,0.355,0.355,
0.347,0.347,0.347,0.347,
0.276,0.276,0.276,0.276,
0.283,0.283,0.283,0.283,
0.265,0.265,0.265,0.265,
0.323,0.323,0.323,0.323,
0.287,0.287,0.287,0.287,
0.275,0.275,0.275,0.275,
0.322,0.322,0.322,0.322,
0.321,0.321,0.321,0.321,
0.276,0.276,0.276,0.276,
0.265,0.265,0.265,0.265,
0.265,0.265,0.265,0.265,
0.29,0.29,0.29,0.29,
0.238,0.238,0.238,0.238,
0.293,0.293,0.293,0.293,
0.303,0.303,0.303,0.303,
0.284,0.284,0.284,0.284,
0.274,0.274,0.274,0.274,
0.273,0.273,0.273,0.273,
0.277,0.277,0.277,0.277,
0.329,0.329,0.329,0.329,
0.275,0.275,0.275,0.275,
0.309,0.309,0.309,0.309,
0.328,0.328,0.328,0.328,
0.29,0.29,0.29,0.29,
0.258,0.258,0.258,0.258,
0.302,0.302,0.302,0.302,
0.268,0.268,0.268,0.268,
0.313,0.313,0.313,0.313,
0.325,0.325,0.325,0.325,
0.294,0.294,0.294,0.294,
0.28,0.28,0.28,0.28,
0.276,0.276,0.276,0.276,
0.309,0.309,0.309,0.309,
0.28,0.28,0.28,0.28,
0.257,0.257,0.257,0.257,
0.348,0.348,0.348,0.348,
0.299,0.299,0.299,0.299,
0.284,0.284,0.284,0.284,
0.253,0.253,0.253,0.253,
0.263,0.263,0.263,0.263,
0.291,0.291,0.291,0.291,
0.283,0.283,0.283,0.283,
0.263,0.263,0.263,0.263,
0.258,0.258,0.258,0.258,
0.337,0.337,0.337,0.337,
0.291,0.291,0.291,0.291,
0.262,0.262,0.262,0.262,
0.284,0.284,0.284,0.284,
0.293,0.293,0.293,0.293,
0.27,0.27,0.27,0.27,
0.335,0.335,0.335,0.335,
0.282,0.282,0.282,0.282,
0.32,0.32,0.32,0.32,
0.288,0.288,0.288,0.288,
0.342,0.342,0.342,0.342,
0.309,0.309,0.309,0.309,
0.277,0.277,0.277,0.277,
0.228,0.228,0.228,0.228,
0.291,0.291,0.291,0.291,
0.316,0.316,0.316,0.316,
0.286,0.286,0.286,0.286,
0.312,0.312,0.312,0.312,
0.309,0.309,0.309,0.309,
0.32,0.32,0.32,0.32,
0.271,0.271,0.271,0.271,
0.278,0.278,0.278,0.278,
0.316,0.316,0.316,0.316,
0.284,0.284,0.284,0.284,
0.28,0.28,0.28,0.28,


-0.29,-0.29,-0.29,-0.29,
-0.252,-0.252,-0.252,-0.252,
-0.321,-0.321,-0.321,-0.321,
-0.323,-0.323,-0.323,-0.323,
-0.271,-0.271,-0.271,-0.271,
-0.32,-0.32,-0.32,-0.32,
-0.262,-0.262,-0.262,-0.262,
-0.313,-0.313,-0.313,-0.313,
-0.313,-0.313,-0.313,-0.313,
-0.306,-0.306,-0.306,-0.306,
-0.314,-0.314,-0.314,-0.314,
-0.281,-0.281,-0.281,-0.281,
-0.298,-0.298,-0.298,-0.298,
-0.28,-0.28,-0.28,-0.28,
-0.295,-0.295,-0.295,-0.295,
-0.3,-0.3,-0.3,-0.3,
-0.291,-0.291,-0.291,-0.291,
-0.346,-0.346,-0.346,-0.346,
-0.334,-0.334,-0.334,-0.334,
-0.306,-0.306,-0.306,-0.306,
-0.269,-0.269,-0.269,-0.269,
-0.317,-0.317,-0.317,-0.317,
-0.348,-0.348,-0.348,-0.348,
-0.267,-0.267,-0.267,-0.267,
-0.311,-0.311,-0.311,-0.311,
-0.285,-0.285,-0.285,-0.285,
-0.266,-0.266,-0.266,-0.266,
-0.276,-0.276,-0.276,-0.276,
-0.291,-0.291,-0.291,-0.291,
-0.355,-0.355,-0.355,-0.355,
-0.347,-0.347,-0.347,-0.347,
-0.276,-0.276,-0.276,-0.276,
-0.283,-0.283,-0.283,-0.283,
-0.265,-0.265,-0.265,-0.265,
-0.323,-0.323,-0.323,-0.323,
-0.287,-0.287,-0.287,-0.287,
-0.275,-0.275,-0.275,-0.275,
-0.322,-0.322,-0.322,-0.322,
-0.321,-0.321,-0.321,-0.321,
-0.276,-0.276,-0.276,-0.276,
-0.265,-0.265,-0.265,-0.265,
-0.265,-0.265,-0.265,-0.265,
-0.29,-0.29,-0.29,-0.29,
-0.238,-0.238,-0.238,-0.238,
-0.293,-0.293,-0.293,-0.293,
-0.303,-0.303,-0.303,-0.303,
-0.284,-0.284,-0.284,-0.284,
-0.274,-0.274,-0.274,-0.274,
-0.273,-0.273,-0.273,-0.273,
-0.277,-0.277,-0.277,-0.277,
-0.329,-0.329,-0.329,-0.329,
-0.275,-0.275,-0.275,-0.275,
-0.309,-0.309,-0.309,-0.309,
-0.328,-0.328,-0.328,-0.328,
-0.29,-0.29,-0.29,-0.29,
-0.258,-0.258,-0.258,-0.258,
-0.302,-0.302,-0.302,-0.302,
-0.268,-0.268,-0.268,-0.268,
-0.313,-0.313,-0.313,-0.313,
-0.325,-0.325,-0.325,-0.325,
-0.294,-0.294,-0.294,-0.294,
-0.28,-0.28,-0.28,-0.28,
-0.276,-0.276,-0.276,-0.276,
-0.309,-0.309,-0.309,-0.309,
-0.28,-0.28,-0.28,-0.28,
-0.257,-0.257,-0.257,-0.257,
-0.348,-0.348,-0.348,-0.348,
-0.299,-0.299,-0.299,-0.299,
-0.284,-0.284,-0.284,-0.284,
-0.253,-0.253,-0.253,-0.253,
-0.263,-0.263,-0.263,-0.263,
-0.291,-0.291,-0.291,-0.291,
-0.283,-0.283,-0.283,-0.283,
-0.263,-0.263,-0.263,-0.263,
-0.258,-0.258,-0.258,-0.258,
-0.337,-0.337,-0.337,-0.337,
-0.291,-0.291,-0.291,-0.291,
-0.262,-0.262,-0.262,-0.262,
-0.284,-0.284,-0.284,-0.284,
-0.293,-0.293,-0.293,-0.293,
-0.27,-0.27,-0.27,-0.27,
-0.335,-0.335,-0.335,-0.335,
-0.282,-0.282,-0.282,-0.282,
-0.32,-0.32,-0.32,-0.32,
-0.288,-0.288,-0.288,-0.288,
-0.342,-0.342,-0.342,-0.342,
-0.309,-0.309,-0.309,-0.309,
-0.277,-0.277,-0.277,-0.277,
-0.228,-0.228,-0.228,-0.228,
-0.291,-0.291,-0.291,-0.291,
-0.316,-0.316,-0.316,-0.316,
-0.286,-0.286,-0.286,-0.286,
-0.312,-0.312,-0.312,-0.312,
-0.309,-0.309,-0.309,-0.309,
-0.32,-0.32,-0.32,-0.32,
-0.271,-0.271,-0.271,-0.271,
-0.278,-0.278,-0.278,-0.278,
-0.316,-0.316,-0.316,-0.316,
-0.284,-0.284,-0.284,-0.284,
-0.28,-0.28,-0.28,-0.28,


0.307,0.307,0.307,0.307,
0.331,0.331,0.331,0.331,
0.298,0.298,0.298,0.298,
0.282,0.282,0.282,0.282,
0.313,0.313,0.313,0.313,
0.267,0.267,0.267,0.267,
0.3,0.3,0.3,0.3,
0.257,0.257,0.257,0.257,
0.287,0.287,0.287,0.287,
0.29,0.29,0.29,0.29,
0.251,0.251,0.251,0.251,
0.244,0.244,0.244,0.244,
0.337,0.337,0.337,0.337,
0.358,0.358,0.358,0.358,
0.296,0.296,0.296,0.296,
0.326,0.326,0.326,0.326,
0.379,0.379,0.379,0.379,
0.28,0.28,0.28,0.28,
0.348,0.348,0.348,0.348,
0.347,0.347,0.347,0.347,
0.345,0.345,0.345,0.345,
0.308,0.308,0.308,0.308,
0.329,0.329,0.329,0.329,
0.286,0.286,0.286,0.286,
0.262,0.262,0.262,0.262,
0.349,0.349,0.349,0.349,
0.303,0.303,0.303,0.303,
0.355,0.355,0.355,0.355,
0.268,0.268,0.268,0.268,
0.337,0.337,0.337,0.337,
0.293,0.293,0.293,0.293,
0.337,0.337,0.337,0.337,
0.232,0.232,0.232,0.232,
0.301,0.301,0.301,0.301,
0.342,0.342,0.342,0.342,
0.284,0.284,0.284,0.284,
0.296,0.296,0.296,0.296,
0.338,0.338,0.338,0.338,
0.375,0.375,0.375,0.375,
0.265,0.265,0.265,0.265,
0.285,0.285,0.285,0.285,
0.348,0.348,0.348,0.348,
0.324,0.324,0.324,0.324,
0.331,0.331,0.331,0.331,
0.313,0.313,0.313,0.313,
0.281,0.281,0.281,0.281,
0.3,0.3,0.3,0.3,
0.316,0.316,0.316,0.316,
0.349,0.349,0.349,0.349,
0.301,0.301,0.301,0.301,
0.383,0.383,0.383,0.383,
0.347,0.347,0.347,0.347,
0.264,0.264,0.264,0.264,
0.324,0.324,0.324,0.324,
0.295,0.295,0.295,0.295,
0.287,0.287,0.287,0.287,
0.327,0.327,0.327,0.327,
0.32,0.32,0.32,0.32,
0.322,0.322,0.322,0.322,
0.346,0.346,0.346,0.346,
0.313,0.313,0.313,0.313,
0.318,0.318,0.318,0.318,
0.367,0.367,0.367,0.367,
0.292,0.292,0.292,0.292,
0.301,0.301,0.301,0.301,
0.251,0.251,0.251,0.251,
0.324,0.324,0.324,0.324,
0.28,0.28,0.28,0.28,
0.259,0.259,0.259,0.259,
0.252,0.252,0.252,0.252,
0.237,0.237,0.237,0.237,
0.272,0.272,0.272,0.272,
0.308,0.308,0.308,0.308,
0.267,0.267,0.267,0.267,
0.347,0.347,0.347,0.347,
0.313,0.313,0.313,0.313,
0.273,0.273,0.273,0.273,
0.28,0.28,0.28,0.28,
0.256,0.256,0.256,0.256,
0.252,0.252,0.252,0.252,
0.274,0.274,0.274,0.274,
0.32,0.32,0.32,0.32,
0.259,0.259,0.259,0.259,
0.281,0.281,0.281,0.281,
0.281,0.281,0.281,0.281,
0.376,0.376,0.376,0.376,
0.25,0.25,0.25,0.25,
0.265,0.265,0.265,0.265,
0.225,0.225,0.225,0.225,
0.32,0.32,0.32,0.32,
0.308,0.308,0.308,0.308,
0.318,0.318,0.318,0.318,
0.296,0.296,0.296,0.296,
0.266,0.266,0.266,0.266,
0.329,0.329,0.329,0.329,
0.279,0.279,0.279,0.279,
0.321,0.321,0.321,0.321,
0.318,0.318,0.318,0.318,
0.29,0.29,0.29,0.29,
0.342,0.342,0.342,0.342,


0,0,0,0,
-0.081,-0.081,-0.081,-0.081,
-0.056,-0.056,-0.056,-0.056,
0.019,0.019,0.019,0.019,
-0.058,-0.058,-0.058,-0.058,
0.059,0.059,0.059,0.059,
0.01,0.01,0.01,0.01,
0.075,0.075,0.075,0.075,
0.036,0.036,0.036,0.036,
0.062,0.062,0.062,0.062,
0.084,0.084,0.084,0.084,
0.049,0.049,0.049,0.049,
-0.056,-0.056,-0.056,-0.056,
-0.108,-0.108,-0.108,-0.108,
-0.006,-0.006,-0.006,-0.006,
-0.019,-0.019,-0.019,-0.019,
-0.124,-0.124,-0.124,-0.124,
0.092,0.092,0.092,0.092,
-0.021,-0.021,-0.021,-0.021,
-0.059,-0.059,-0.059,-0.059,
-0.104,-0.104,-0.104,-0.104,
0.007,0.007,0.007,0.007,
0.028,0.028,0.028,0.028,
0.039,0.039,0.039,0.039,
0.06,0.06,0.06,0.06,
-0.108,-0.108,-0.108,-0.108,
-0.049,-0.049,-0.049,-0.049,
-0.093,-0.093,-0.093,-0.093,
0.025,0.025,0.025,0.025,
0.027,0.027,0.027,0.027,
0.076,0.076,0.076,0.076,
-0.084,-0.084,-0.084,-0.084,
0.066,0.066,0.066,0.066,
-0.05,-0.05,-0.05,-0.05,
-0.028,-0.028,-0.028,-0.028,
0.004,0.004,0.004,0.004,
-0.024,-0.024,-0.024,-0.024,
-0.053,-0.053,-0.053,-0.053,
-0.081,-0.081,-0.081,-0.081,
0.048,0.048,0.048,0.048,
-0.027,-0.027,-0.027,-0.027,
-0.113,-0.113,-0.113,-0.113,
-0.003,-0.003,-0.003,-0.003,
-0.122,-0.122,-0.122,-0.122,
-0.028,-0.028,-0.028,-0.028,
0.031,0.031,0.031,0.031,
0.106,0.106,0.106,0.106,
-0.058,-0.058,-0.058,-0.058,
-0.121,-0.121,-0.121,-0.121,
-0.033,-0.033,-0.033,-0.033,
-0.08,-0.08,-0.08,-0.08,
-0.099,-0.099,-0.099,-0.099,
0.03,0.03,0.03,0.03,
0.006,0.006,0.006,0.006,
-0.007,-0.007,-0.007,-0.007,
-0.043,-0.043,-0.043,-0.043,
-0.036,-0.036,-0.036,-0.036,
-0.07,-0.07,-0.07,-0.07,
-0.013,-0.013,-0.013,-0.013,
-0.051,-0.051,-0.051,-0.051,
0.019,0.019,0.019,0.019,
-0.059,-0.059,-0.059,-0.059,
-0.148,-0.148,-0.148,-0.148,
0.024,0.024,0.024,0.024,
-0.028,-0.028,-0.028,-0.028,
0.008,0.008,0.008,0.008,
0.036,0.036,0.036,0.036,
0.026,0.026,0.026,0.026,
0.034,0.034,0.034,0.034,
0.001,0.001,0.001,0.001,
0.028,0.028,0.028,0.028,
0.026,0.026,0.026,0.026,
-0.017,-0.017,-0.017,-0.017,
-0.005,-0.005,-0.005,-0.005,
-0.12,-0.12,-0.12,-0.12,
-0.058,-0.058,-0.058,-0.058,
-0.005,-0.005,-0.005,-0.005,
0.013,0.013,0.013,0.013,
0.013,0.013,0.013,0.013,
0.055,0.055,0.055,0.055,
0.032,0.032,0.032,0.032,
0.022,0.022,0.022,0.022,
0.031,0.031,0.031,0.031,
0.054,0.054,0.054,0.054,
0.018,0.018,0.018,0.018,
-0.052,-0.052,-0.052,-0.052,
0.079,0.079,0.079,0.079,
0.016,0.016,0.016,0.016,
0.004,0.004,0.004,0.004,
-0.057,-0.057,-0.057,-0.057,
0.025,0.025,0.025,0.025,
-0.07,-0.07,-0.07,-0.07,
0.023,0.023,0.023,0.023,
0.059,0.059,0.059,0.059,
-0.013,-0.013,-0.013,-0.013,
-0.011,-0.011,-0.011,-0.011,
-0.009,-0.009,-0.009,-0.009,
-0.016,-0.016,-0.016,-0.016,
0.007,0.007,0.007,0.007,
-0.086,-0.086,-0.086,-0.086,


-0.056,-0.053,-0.031,-0.087,
-0.002,-0.007,0.01,-0.011,
-0.007,-0.012,0.035,-0.012,
-0.034,-0.037,0.004,-0.056,
-0.011,-0.014,0.018,-0.021,
-0.055,-0.057,-0.039,-0.057,
-0.06,-0.065,-0.035,-0.07,
-0.072,-0.074,-0.056,-0.079,
-0.043,-0.041,-0.003,-0.065,
-0.096,-0.092,-0.062,-0.126,
-0.07,-0.08,-0.02,-0.095,
-0.016,-0.007,0.019,-0.076,
-0.041,-0.037,0.009,-0.064,
-0.021,-0.012,0.031,-0.071,
-0.039,-0.038,-0.006,-0.066,
-0.064,-0.065,-0.039,-0.082,
-0.018,-0.011,0.013,-0.05,
-0.072,-0.07,-0.033,-0.1,
-0.065,-0.066,-0.022,-0.083,
-0.038,-0.03,-0.013,-0.061,
0.027,0.028,0.055,0.018,
-0.036,-0.036,0.045,-0.072,
-0.151,-0.167,-0.08,-0.197,
-0.056,-0.059,-0.032,-0.059,
-0.047,-0.04,-0.036,-0.072,
-0.012,-0.011,0.041,-0.041,
0.012,0.009,0.075,-0.02,
-0.029,-0.026,-0.014,-0.057,
0.016,0.013,0.057,-0.018,
-0.063,-0.064,-0.026,-0.094,
-0.148,-0.159,-0.105,-0.199,
-0.009,-0.016,0.017,-0.024,
-0.023,-0.021,0.025,-0.062,
-0.004,-0.005,0.018,-0.016,
-0.061,-0.064,-0.015,-0.084,
-0.023,-0.026,-0.01,-0.026,
-0.016,-0.011,0.004,-0.051,
-0.033,-0.032,-0.022,-0.058,
-0.07,-0.07,-0.048,-0.102,
-0.048,-0.044,-0.022,-0.075,
0.033,0.034,0.046,0.018,
0.013,0.011,0.022,0.004,
-0.063,-0.064,-0.048,-0.078,
0.007,-0.014,0.139,-0.064,
0.027,0.041,0.041,-0.034,
-0.029,-0.024,-0.024,-0.05,
-0.14,-0.138,-0.112,-0.159,
0.03,0.032,0.043,0.018,
0.028,0.027,0.034,0.027,
0.06,0.054,0.08,0.05,
-0.062,-0.055,-0.039,-0.097,
-0.009,-0.014,0.011,-0.029,
-0.027,-0.029,0.001,-0.051,
-0.098,-0.098,-0.04,-0.113,
-0.035,-0.031,-0.026,-0.051,
-0.015,-0.02,0.058,-0.031,
-0.076,-0.069,-0.041,-0.14,
-0.038,-0.027,0.022,-0.093,
-0.054,-0.052,-0.035,-0.064,
-0.062,-0.059,-0.035,-0.093,
-0.059,-0.06,-0.052,-0.061,
-0.004,-0.003,0.01,-0.026,
0.014,0.011,0.031,-0.005,
-0.051,-0.051,-0.029,-0.066,
-0.005,-0.009,0.013,-0.027,
0.007,0.007,0.016,0,
-0.1,-0.098,-0.061,-0.158,
-0.051,-0.05,-0.04,-0.068,
-0.007,0.001,0.01,-0.069,
0.025,0.022,0.055,-0.003,
0.017,0.018,0.054,-0.034,
-0.022,-0.026,0.003,-0.033,
-0.018,-0.022,0.007,-0.029,
0.016,0.017,0.037,0.003,
0.078,0.073,0.093,0.065,
-0.017,-0.022,0.016,-0.048,
0.007,0.009,0.036,-0.011,
-0.033,-0.033,-0.021,-0.053,
0.004,0.001,0.018,-0.019,
-0.038,-0.041,-0.028,-0.043,
-0.03,-0.03,-0.013,-0.038,
-0.12,-0.119,-0.042,-0.164,
-0,-0.004,0.036,-0.004,
-0.051,-0.049,-0.044,-0.067,
-0.017,-0.019,0,-0.019,
-0.094,-0.092,-0.077,-0.107,
-0.018,-0.013,-0.001,-0.051,
-0.004,-0.008,0.026,-0.032,
0.112,0.117,0.167,0.053,
-0.001,0,0,-0.007,
-0.052,-0.044,-0.013,-0.163,
0.008,0.009,0.025,-0.016,
-0.057,-0.06,-0.032,-0.073,
-0.057,-0.053,-0.023,-0.098,
-0.104,-0.119,-0.031,-0.157,
0.024,0.014,0.092,0.014,
-0.068,-0.065,-0.046,-0.087,
-0.054,-0.057,-0.024,-0.06,
-0.047,-0.057,0.007,-0.057,
0.009,0.012,0.018,0.001,




Further Data analysis of all test cases 
avg med max min 
AVGs,0.294,0.29,0.355,0.228,
MEDs,0.294,0.29,0.355,0.228,
MEDs,0.294,0.29,0.355,0.228,
MEDs,0.294,0.29,0.355,0.228,


AVGs,-0.294,-0.29,-0.228,-0.355,
MEDs,-0.294,-0.29,-0.228,-0.355,
MEDs,-0.294,-0.29,-0.228,-0.355,
MEDs,-0.294,-0.29,-0.228,-0.355,


AVGs,0.303,0.301,0.383,0.225,
MEDs,0.303,0.301,0.383,0.225,
MEDs,0.303,0.301,0.383,0.225,
MEDs,0.303,0.301,0.383,0.225,


AVGs,-0.012,-0.005,0.106,-0.148,
MEDs,-0.012,-0.005,0.106,-0.148,
MEDs,-0.012,-0.005,0.106,-0.148,
MEDs,-0.012,-0.005,0.106,-0.148,


AVGs,-0.03,-0.029,0.112,-0.151,
MEDs,-0.031,-0.028,0.117,-0.167,
MAXs,-0,0,0.167,-0.112,
MINs,-0.055,-0.057,0.065,-0.199,



