0.0,0.0,0.0,1.0,
0.0,0.0,0.0,1.0,
0.0,0.0,0.0,1.0,
0.0,0.0,0.0,1.0,
0.0,0.0,0.0,1.0,
0.0,0.0,0.0,1.0,
0.0,0.0,0.0,1.0,
0.0,0.0,0.0,1.0,
0.0,0.0,0.0,1.0,
0.0,0.0,0.0,1.0,
0.0,0.0,0.0,1.0,
0.0,0.0,0.0,1.0,
0.0,0.0,0.0,1.0,
0.0,0.0,0.0,1.0,
0.0,0.0,0.0,1.0,
0.0,0.0,0.0,1.0,
0.0,0.0,0.0,1.0,
0.0,0.0,0.0,1.0,
0.0,0.0,0.0,1.0,
0.0,0.0,0.0,1.0,
0.0,0.0,0.0,1.0,
0.0,0.0,0.0,1.0,
0.0,0.0,0.0,1.0,
0.0,0.0,0.0,1.0,
0.0,0.0,0.0,1.0,
0.0,0.0,0.0,1.0,
0.0,0.0,0.0,1.0,
0.0,0.0,0.0,1.0,
0.0,0.0,0.0,1.0,
0.0,0.0,0.0,1.0,
0.0,0.0,0.0,1.0,
0.0,0.0,0.0,1.0,
0.0,0.0,0.0,1.0,
0.0,0.0,0.0,1.0,
0.0,0.0,0.0,1.0,
0.0,0.0,0.0,1.0,
0.0,0.0,0.0,1.0,
0.0,0.0,0.0,1.0,
0.0,0.0,0.0,1.0,
0.0,0.0,0.0,1.0,
0.0,0.0,0.0,1.0,
0.0,0.0,0.0,1.0,
0.0,0.0,0.0,1.0,
0.0,0.0,0.0,1.0,
0.0,0.0,0.0,1.0,
0.0,0.0,0.0,1.0,
0.0,0.0,0.0,1.0,
0.0,0.0,0.0,1.0,
0.0,0.0,0.0,1.0,
0.0,0.0,0.0,1.0,
0.0,0.0,0.0,1.0,
0.0,0.0,0.0,1.0,
0.0,0.0,0.0,1.0,
0.0,0.0,0.0,1.0,
0.0,0.0,0.0,1.0,
0.0,0.0,0.0,1.0,
0.0,0.0,0.0,1.0,
0.0,0.0,0.0,1.0,
0.0,0.0,0.0,1.0,
0.0,0.0,0.0,1.0,
0.0,0.0,0.0,1.0,
0.0,0.0,0.0,1.0,
0.0,0.0,0.0,1.0,
0.0,0.0,0.0,1.0,
0.0,0.0,0.0,1.0,
0.0,0.0,0.0,1.0,
0.0,0.0,0.0,1.0,
0.0,0.0,0.0,1.0,
0.0,0.0,0.0,1.0,
0.0,0.0,0.0,1.0,
0.0,0.0,0.0,1.0,
0.0,0.0,0.0,1.0,
0.0,0.0,0.0,1.0,
0.0,0.0,0.0,1.0,
0.0,0.0,0.0,1.0,
0.0,0.0,0.0,1.0,
0.0,0.0,0.0,1.0,
0.0,0.0,0.0,1.0,
0.0,0.0,0.0,1.0,
0.0,0.0,0.0,1.0,
0.0,0.0,0.0,1.0,
0.0,0.0,0.0,1.0,
0.0,0.0,0.0,1.0,
0.0,0.0,0.0,1.0,
0.0,0.0,0.0,1.0,
0.0,0.0,0.0,1.0,
0.0,0.0,0.0,1.0,
0.0,0.0,0.0,1.0,
0.0,0.0,0.0,1.0,
0.0,0.0,0.0,1.0,
0.0,0.0,0.0,1.0,
0.0,0.0,0.0,1.0,
0.0,0.0,0.0,1.0,
0.0,0.0,0.0,1.0,
0.0,0.0,0.0,1.0,
0.0,0.0,0.0,1.0,
0.0,0.0,0.0,1.0,
0.0,0.0,0.0,1.0,
0.0,0.0,0.0,1.0,
0.0,0.0,0.0,1.0,

0.0,0.0,0.0,1.0,270.0,
0.0,0.0,0.0,1.0,340.0,
0.0,0.0,0.0,1.0,190.0,
0.0,0.0,0.0,1.0,280.0,
0.0,0.0,0.0,1.0,230.0,
0.0,0.0,0.0,1.0,420.0,
0.0,0.0,0.0,1.0,290.0,
0.0,0.0,0.0,1.0,320.0,
0.0,0.0,0.0,1.0,280.0,
0.0,0.0,0.0,1.0,160.0,
0.0,0.0,0.0,1.0,180.0,
0.0,0.0,0.0,1.0,200.0,
0.0,0.0,0.0,1.0,320.0,
0.0,0.0,0.0,1.0,110.0,
0.0,0.0,0.0,1.0,390.0,
0.0,0.0,0.0,1.0,400.0,
0.0,0.0,0.0,1.0,130.0,
0.0,0.0,0.0,1.0,190.0,
0.0,0.0,0.0,1.0,170.0,
0.0,0.0,0.0,1.0,180.0,
0.0,0.0,0.0,1.0,230.0,
0.0,0.0,0.0,1.0,160.0,
0.0,0.0,0.0,1.0,170.0,
0.0,0.0,0.0,1.0,250.0,
0.0,0.0,0.0,1.0,290.0,
0.0,0.0,0.0,1.0,360.0,
0.0,0.0,0.0,1.0,300.0,
0.0,0.0,0.0,1.0,300.0,
0.0,0.0,0.0,1.0,200.0,
0.0,0.0,0.0,1.0,150.0,
0.0,0.0,0.0,1.0,110.0,
0.0,0.0,0.0,1.0,290.0,
0.0,0.0,0.0,1.0,250.0,
0.0,0.0,0.0,1.0,430.0,
0.0,0.0,0.0,1.0,370.0,
0.0,0.0,0.0,1.0,380.0,
0.0,0.0,0.0,1.0,280.0,
0.0,0.0,0.0,1.0,410.0,
0.0,0.0,0.0,1.0,320.0,
0.0,0.0,0.0,1.0,360.0,
0.0,0.0,0.0,1.0,290.0,
0.0,0.0,0.0,1.0,150.0,
0.0,0.0,0.0,1.0,420.0,
0.0,0.0,0.0,1.0,160.0,
0.0,0.0,0.0,1.0,170.0,
0.0,0.0,0.0,1.0,400.0,
0.0,0.0,0.0,1.0,210.0,
0.0,0.0,0.0,1.0,160.0,
0.0,0.0,0.0,1.0,420.0,
0.0,0.0,0.0,1.0,120.0,
0.0,0.0,0.0,1.0,230.0,
0.0,0.0,0.0,1.0,240.0,
0.0,0.0,0.0,1.0,330.0,
0.0,0.0,0.0,1.0,190.0,
0.0,0.0,0.0,1.0,280.0,
0.0,0.0,0.0,1.0,200.0,
0.0,0.0,0.0,1.0,100.0,
0.0,0.0,0.0,1.0,270.0,
0.0,0.0,0.0,1.0,230.0,
0.0,0.0,0.0,1.0,350.0,
0.0,0.0,0.0,1.0,350.0,
0.0,0.0,0.0,1.0,390.0,
0.0,0.0,0.0,1.0,290.0,
0.0,0.0,0.0,1.0,270.0,
0.0,0.0,0.0,1.0,470.0,
0.0,0.0,0.0,1.0,370.0,
0.0,0.0,0.0,1.0,120.0,
0.0,0.0,0.0,1.0,240.0,
0.0,0.0,0.0,1.0,100.0,
0.0,0.0,0.0,1.0,150.0,
0.0,0.0,0.0,1.0,180.0,
0.0,0.0,0.0,1.0,280.0,
0.0,0.0,0.0,1.0,290.0,
0.0,0.0,0.0,1.0,350.0,
0.0,0.0,0.0,1.0,170.0,
0.0,0.0,0.0,1.0,200.0,
0.0,0.0,0.0,1.0,290.0,
0.0,0.0,0.0,1.0,320.0,
0.0,0.0,0.0,1.0,390.0,
0.0,0.0,0.0,1.0,200.0,
0.0,0.0,0.0,1.0,400.0,
0.0,0.0,0.0,1.0,130.0,
0.0,0.0,0.0,1.0,120.0,
0.0,0.0,0.0,1.0,260.0,
0.0,0.0,0.0,1.0,420.0,
0.0,0.0,0.0,1.0,220.0,
0.0,0.0,0.0,1.0,170.0,
0.0,0.0,0.0,1.0,200.0,
0.0,0.0,0.0,1.0,130.0,
0.0,0.0,0.0,1.0,260.0,
0.0,0.0,0.0,1.0,140.0,
0.0,0.0,0.0,1.0,390.0,
0.0,0.0,0.0,1.0,410.0,
0.0,0.0,0.0,1.0,230.0,
0.0,0.0,0.0,1.0,70.0,
0.0,0.0,0.0,1.0,150.0,
0.0,0.0,0.0,1.0,370.0,
0.0,0.0,0.0,1.0,270.0,
0.0,0.0,0.0,1.0,230.0,
0.0,0.0,0.0,1.0,300.0,

0.0,0.0,0.0,1.0,
0.0,0.0,0.0,1.0,
0.0,0.0,0.0,1.0,
0.0,0.0,0.0,1.0,
0.0,0.0,0.0,1.0,
0.0,0.0,0.0,1.0,
0.0,0.0,0.0,1.0,
0.0,0.0,0.0,1.0,
0.0,0.0,0.0,1.0,
0.0,0.0,0.0,1.0,
0.0,0.0,0.0,1.0,
0.0,0.0,0.0,1.0,
0.0,0.0,0.0,1.0,
0.0,0.0,0.0,1.0,
0.0,0.0,0.0,1.0,
0.0,0.0,0.0,1.0,
0.0,0.0,0.0,1.0,
0.0,0.0,0.0,1.0,
0.0,0.0,0.0,1.0,
0.0,0.0,0.0,1.0,
0.0,0.0,0.0,1.0,
0.0,0.0,0.0,1.0,
0.0,0.0,0.0,1.0,
0.0,0.0,0.0,1.0,
0.0,0.0,0.0,1.0,
0.0,0.0,0.0,1.0,
0.0,0.0,0.0,1.0,
0.0,0.0,0.0,1.0,
0.0,0.0,0.0,1.0,
0.0,0.0,0.0,1.0,
0.0,0.0,0.0,1.0,
0.0,0.0,0.0,1.0,
0.0,0.0,0.0,1.0,
0.0,0.0,0.0,1.0,
0.0,0.0,0.0,1.0,
0.0,0.0,0.0,1.0,
0.0,0.0,0.0,1.0,
0.0,0.0,0.0,1.0,
0.0,0.0,0.0,1.0,
0.0,0.0,0.0,1.0,
0.0,0.0,0.0,1.0,
0.0,0.0,0.0,1.0,
0.0,0.0,0.0,1.0,
0.0,0.0,0.0,1.0,
0.0,0.0,0.0,1.0,
0.0,0.0,0.0,1.0,
0.0,0.0,0.0,1.0,
0.0,0.0,0.0,1.0,
0.0,0.0,0.0,1.0,
0.0,0.0,0.0,1.0,
0.0,0.0,0.0,1.0,
0.0,0.0,0.0,1.0,
0.0,0.0,0.0,1.0,
0.0,0.0,0.0,1.0,
0.0,0.0,0.0,1.0,
0.0,0.0,0.0,1.0,
0.0,0.0,0.0,1.0,
0.0,0.0,0.0,1.0,
0.0,0.0,0.0,1.0,
0.0,0.0,0.0,1.0,
0.0,0.0,0.0,1.0,
0.0,0.0,0.0,1.0,
0.0,0.0,0.0,1.0,
0.0,0.0,0.0,1.0,
0.0,0.0,0.0,1.0,
0.0,0.0,0.0,1.0,
0.0,0.0,0.0,1.0,
0.0,0.0,0.0,1.0,
0.0,0.0,0.0,1.0,
0.0,0.0,0.0,1.0,
0.0,0.0,0.0,1.0,
0.0,0.0,0.0,1.0,
0.0,0.0,0.0,1.0,
0.0,0.0,0.0,1.0,
0.0,0.0,0.0,1.0,
0.0,0.0,0.0,1.0,
0.0,0.0,0.0,1.0,
0.0,0.0,0.0,1.0,
0.0,0.0,0.0,1.0,
0.0,0.0,0.0,1.0,
0.0,0.0,0.0,1.0,
0.0,0.0,0.0,1.0,
0.0,0.0,0.0,1.0,
0.0,0.0,0.0,1.0,
0.0,0.0,0.0,1.0,
0.0,0.0,0.0,1.0,
0.0,0.0,0.0,1.0,
0.0,0.0,0.0,1.0,
0.0,0.0,0.0,1.0,
0.0,0.0,0.0,1.0,
0.0,0.0,0.0,1.0,
0.0,0.0,0.0,1.0,
0.0,0.0,0.0,1.0,
0.0,0.0,0.0,1.0,
0.0,0.0,0.0,1.0,
0.0,0.0,0.0,1.0,
0.0,0.0,0.0,1.0,
0.0,0.0,0.0,1.0,
0.0,0.0,0.0,1.0,
0.0,0.0,0.0,1.0,

0.0,0.0,0.0,1.0,290.0,
0.0,0.0,0.0,1.0,290.0,
0.0,0.0,0.0,1.0,190.0,
0.0,0.0,0.0,1.0,280.0,
0.0,0.0,0.0,1.0,230.0,
0.0,0.0,0.0,1.0,400.0,
0.0,0.0,0.0,1.0,300.0,
0.0,0.0,0.0,1.0,290.0,
0.0,0.0,0.0,1.0,270.0,
0.0,0.0,0.0,1.0,160.0,
0.0,0.0,0.0,1.0,210.0,
0.0,0.0,0.0,1.0,180.0,
0.0,0.0,0.0,1.0,320.0,
0.0,0.0,0.0,1.0,120.0,
0.0,0.0,0.0,1.0,370.0,
0.0,0.0,0.0,1.0,380.0,
0.0,0.0,0.0,1.0,130.0,
0.0,0.0,0.0,1.0,190.0,
0.0,0.0,0.0,1.0,150.0,
0.0,0.0,0.0,1.0,180.0,
0.0,0.0,0.0,1.0,230.0,
0.0,0.0,0.0,1.0,130.0,
0.0,0.0,0.0,1.0,180.0,
0.0,0.0,0.0,1.0,240.0,
0.0,0.0,0.0,1.0,260.0,
0.0,0.0,0.0,1.0,360.0,
0.0,0.0,0.0,1.0,300.0,
0.0,0.0,0.0,1.0,310.0,
0.0,0.0,0.0,1.0,210.0,
0.0,0.0,0.0,1.0,150.0,
0.0,0.0,0.0,1.0,100.0,
0.0,0.0,0.0,1.0,300.0,
0.0,0.0,0.0,1.0,220.0,
0.0,0.0,0.0,1.0,380.0,
0.0,0.0,0.0,1.0,370.0,
0.0,0.0,0.0,1.0,370.0,
0.0,0.0,0.0,1.0,300.0,
0.0,0.0,0.0,1.0,400.0,
0.0,0.0,0.0,1.0,330.0,
0.0,0.0,0.0,1.0,380.0,
0.0,0.0,0.0,1.0,290.0,
0.0,0.0,0.0,1.0,180.0,
0.0,0.0,0.0,1.0,420.0,
0.0,0.0,0.0,1.0,190.0,
0.0,0.0,0.0,1.0,140.0,
0.0,0.0,0.0,1.0,390.0,
0.0,0.0,0.0,1.0,180.0,
0.0,0.0,0.0,1.0,180.0,
0.0,0.0,0.0,1.0,440.0,
0.0,0.0,0.0,1.0,120.0,
0.0,0.0,0.0,1.0,240.0,
0.0,0.0,0.0,1.0,260.0,
0.0,0.0,0.0,1.0,310.0,
0.0,0.0,0.0,1.0,180.0,
0.0,0.0,0.0,1.0,260.0,
0.0,0.0,0.0,1.0,200.0,
0.0,0.0,0.0,1.0,100.0,
0.0,0.0,0.0,1.0,280.0,
0.0,0.0,0.0,1.0,190.0,
0.0,0.0,0.0,1.0,350.0,
0.0,0.0,0.0,1.0,330.0,
0.0,0.0,0.0,1.0,370.0,
0.0,0.0,0.0,1.0,290.0,
0.0,0.0,0.0,1.0,270.0,
0.0,0.0,0.0,1.0,500.0,
0.0,0.0,0.0,1.0,370.0,
0.0,0.0,0.0,1.0,90.0,
0.0,0.0,0.0,1.0,230.0,
0.0,0.0,0.0,1.0,100.0,
0.0,0.0,0.0,1.0,140.0,
0.0,0.0,0.0,1.0,150.0,
0.0,0.0,0.0,1.0,250.0,
0.0,0.0,0.0,1.0,280.0,
0.0,0.0,0.0,1.0,350.0,
0.0,0.0,0.0,1.0,230.0,
0.0,0.0,0.0,1.0,200.0,
0.0,0.0,0.0,1.0,280.0,
0.0,0.0,0.0,1.0,320.0,
0.0,0.0,0.0,1.0,370.0,
0.0,0.0,0.0,1.0,190.0,
0.0,0.0,0.0,1.0,340.0,
0.0,0.0,0.0,1.0,130.0,
0.0,0.0,0.0,1.0,120.0,
0.0,0.0,0.0,1.0,200.0,
0.0,0.0,0.0,1.0,390.0,
0.0,0.0,0.0,1.0,240.0,
0.0,0.0,0.0,1.0,160.0,
0.0,0.0,0.0,1.0,220.0,
0.0,0.0,0.0,1.0,130.0,
0.0,0.0,0.0,1.0,290.0,
0.0,0.0,0.0,1.0,130.0,
0.0,0.0,0.0,1.0,360.0,
0.0,0.0,0.0,1.0,390.0,
0.0,0.0,0.0,1.0,230.0,
0.0,0.0,0.0,1.0,70.0,
0.0,0.0,0.0,1.0,130.0,
0.0,0.0,0.0,1.0,380.0,
0.0,0.0,0.0,1.0,270.0,
0.0,0.0,0.0,1.0,220.0,
0.0,0.0,0.0,1.0,320.0,

0.0,0.0,0.0,1.0,290.0,
0.0,0.0,0.0,1.0,340.0,
0.0,0.0,0.0,1.0,170.0,
0.0,0.0,0.0,1.0,280.0,
0.0,0.0,0.0,1.0,230.0,
0.0,0.0,0.0,1.0,420.0,
0.0,0.0,0.0,1.0,300.0,
0.0,0.0,0.0,1.0,320.0,
0.0,0.0,0.0,1.0,280.0,
0.0,0.0,0.0,1.0,150.0,
0.0,0.0,0.0,1.0,180.0,
0.0,0.0,0.0,1.0,200.0,
0.0,0.0,0.0,1.0,320.0,
0.0,0.0,0.0,1.0,110.0,
0.0,0.0,0.0,1.0,370.0,
0.0,0.0,0.0,1.0,380.0,
0.0,0.0,0.0,1.0,130.0,
0.0,0.0,0.0,1.0,190.0,
0.0,0.0,0.0,1.0,170.0,
0.0,0.0,0.0,1.0,180.0,
0.0,0.0,0.0,1.0,230.0,
0.0,0.0,0.0,1.0,160.0,
0.0,0.0,0.0,1.0,170.0,
0.0,0.0,0.0,1.0,230.0,
0.0,0.0,0.0,1.0,280.0,
0.0,0.0,0.0,1.0,360.0,
0.0,0.0,0.0,1.0,300.0,
0.0,0.0,0.0,1.0,230.0,
0.0,0.0,0.0,1.0,210.0,
0.0,0.0,0.0,1.0,150.0,
0.0,0.0,0.0,1.0,110.0,
0.0,0.0,0.0,1.0,290.0,
0.0,0.0,0.0,1.0,250.0,
0.0,0.0,0.0,1.0,410.0,
0.0,0.0,0.0,1.0,370.0,
0.0,0.0,0.0,1.0,380.0,
0.0,0.0,0.0,1.0,300.0,
0.0,0.0,0.0,1.0,390.0,
0.0,0.0,0.0,1.0,310.0,
0.0,0.0,0.0,1.0,390.0,
0.0,0.0,0.0,1.0,290.0,
0.0,0.0,0.0,1.0,150.0,
0.0,0.0,0.0,1.0,470.0,
0.0,0.0,0.0,1.0,160.0,
0.0,0.0,0.0,1.0,170.0,
0.0,0.0,0.0,1.0,420.0,
0.0,0.0,0.0,1.0,230.0,
0.0,0.0,0.0,1.0,160.0,
0.0,0.0,0.0,1.0,420.0,
0.0,0.0,0.0,1.0,120.0,
0.0,0.0,0.0,1.0,230.0,
0.0,0.0,0.0,1.0,240.0,
0.0,0.0,0.0,1.0,300.0,
0.0,0.0,0.0,1.0,190.0,
0.0,0.0,0.0,1.0,290.0,
0.0,0.0,0.0,1.0,200.0,
0.0,0.0,0.0,1.0,100.0,
0.0,0.0,0.0,1.0,270.0,
0.0,0.0,0.0,1.0,230.0,
0.0,0.0,0.0,1.0,340.0,
0.0,0.0,0.0,1.0,370.0,
0.0,0.0,0.0,1.0,390.0,
0.0,0.0,0.0,1.0,260.0,
0.0,0.0,0.0,1.0,270.0,
0.0,0.0,0.0,1.0,500.0,
0.0,0.0,0.0,1.0,370.0,
0.0,0.0,0.0,1.0,120.0,
0.0,0.0,0.0,1.0,240.0,
0.0,0.0,0.0,1.0,100.0,
0.0,0.0,0.0,1.0,150.0,
0.0,0.0,0.0,1.0,180.0,
0.0,0.0,0.0,1.0,280.0,
0.0,0.0,0.0,1.0,270.0,
0.0,0.0,0.0,1.0,350.0,
0.0,0.0,0.0,1.0,170.0,
0.0,0.0,0.0,1.0,210.0,
0.0,0.0,0.0,1.0,290.0,
0.0,0.0,0.0,1.0,310.0,
0.0,0.0,0.0,1.0,370.0,
0.0,0.0,0.0,1.0,200.0,
0.0,0.0,0.0,1.0,420.0,
0.0,0.0,0.0,1.0,130.0,
0.0,0.0,0.0,1.0,120.0,
0.0,0.0,0.0,1.0,260.0,
0.0,0.0,0.0,1.0,450.0,
0.0,0.0,0.0,1.0,220.0,
0.0,0.0,0.0,1.0,170.0,
0.0,0.0,0.0,1.0,220.0,
0.0,0.0,0.0,1.0,130.0,
0.0,0.0,0.0,1.0,260.0,
0.0,0.0,0.0,1.0,150.0,
0.0,0.0,0.0,1.0,370.0,
0.0,0.0,0.0,1.0,410.0,
0.0,0.0,0.0,1.0,230.0,
0.0,0.0,0.0,1.0,70.0,
0.0,0.0,0.0,1.0,150.0,
0.0,0.0,0.0,1.0,370.0,
0.0,0.0,0.0,1.0,280.0,
0.0,0.0,0.0,1.0,270.0,
0.0,0.0,0.0,1.0,300.0,

0.0,0.0,0.0,1.0,167.0,
0.0,0.0,0.0,1.0,219.0,
0.0,0.0,0.0,1.0,101.0,
0.0,0.0,0.0,1.0,124.0,
0.0,0.0,0.0,1.0,130.0,
0.0,0.0,0.0,1.0,219.0,
0.0,0.0,0.0,1.0,150.0,
0.0,0.0,0.0,1.0,170.0,
0.0,0.0,0.0,1.0,152.0,
0.0,0.0,0.0,1.0,83.0,
0.0,0.0,0.0,1.0,108.0,
0.0,0.0,0.0,1.0,115.0,
0.0,0.0,0.0,1.0,158.0,
0.0,0.0,0.0,1.0,68.0,
0.0,0.0,0.0,1.0,160.0,
0.0,0.0,0.0,1.0,177.0,
0.0,0.0,0.0,1.0,80.0,
0.0,0.0,0.0,1.0,108.0,
0.0,0.0,0.0,1.0,115.0,
0.0,0.0,0.0,1.0,120.0,
0.0,0.0,0.0,1.0,101.0,
0.0,0.0,0.0,1.0,87.0,
0.0,0.0,0.0,1.0,60.0,
0.0,0.0,0.0,1.0,110.0,
0.0,0.0,0.0,1.0,154.0,
0.0,0.0,0.0,1.0,159.0,
0.0,0.0,0.0,1.0,180.0,
0.0,0.0,0.0,1.0,181.0,
0.0,0.0,0.0,1.0,110.0,
0.0,0.0,0.0,1.0,80.0,
0.0,0.0,0.0,1.0,60.0,
0.0,0.0,0.0,1.0,169.0,
0.0,0.0,0.0,1.0,139.0,
0.0,0.0,0.0,1.0,240.0,
0.0,0.0,0.0,1.0,179.0,
0.0,0.0,0.0,1.0,205.0,
0.0,0.0,0.0,1.0,166.0,
0.0,0.0,0.0,1.0,185.0,
0.0,0.0,0.0,1.0,133.0,
0.0,0.0,0.0,1.0,184.0,
0.0,0.0,0.0,1.0,173.0,
0.0,0.0,0.0,1.0,85.0,
0.0,0.0,0.0,1.0,218.0,
0.0,0.0,0.0,1.0,70.0,
0.0,0.0,0.0,1.0,100.0,
0.0,0.0,0.0,1.0,224.0,
0.0,0.0,0.0,1.0,95.0,
0.0,0.0,0.0,1.0,99.0,
0.0,0.0,0.0,1.0,230.0,
0.0,0.0,0.0,1.0,50.0,
0.0,0.0,0.0,1.0,100.0,
0.0,0.0,0.0,1.0,107.0,
0.0,0.0,0.0,1.0,149.0,
0.0,0.0,0.0,1.0,70.0,
0.0,0.0,0.0,1.0,113.0,
0.0,0.0,0.0,1.0,100.0,
0.0,0.0,0.0,1.0,40.0,
0.0,0.0,0.0,1.0,99.0,
0.0,0.0,0.0,1.0,126.0,
0.0,0.0,0.0,1.0,155.0,
0.0,0.0,0.0,1.0,164.0,
0.0,0.0,0.0,1.0,200.0,
0.0,0.0,0.0,1.0,146.0,
0.0,0.0,0.0,1.0,141.0,
0.0,0.0,0.0,1.0,282.0,
0.0,0.0,0.0,1.0,179.0,
0.0,0.0,0.0,1.0,50.0,
0.0,0.0,0.0,1.0,88.0,
0.0,0.0,0.0,1.0,70.0,
0.0,0.0,0.0,1.0,70.0,
0.0,0.0,0.0,1.0,100.0,
0.0,0.0,0.0,1.0,151.0,
0.0,0.0,0.0,1.0,164.0,
0.0,0.0,0.0,1.0,200.0,
0.0,0.0,0.0,1.0,130.0,
0.0,0.0,0.0,1.0,102.0,
0.0,0.0,0.0,1.0,130.0,
0.0,0.0,0.0,1.0,151.0,
0.0,0.0,0.0,1.0,196.0,
0.0,0.0,0.0,1.0,120.0,
0.0,0.0,0.0,1.0,213.0,
0.0,0.0,0.0,1.0,70.0,
0.0,0.0,0.0,1.0,91.0,
0.0,0.0,0.0,1.0,125.0,
0.0,0.0,0.0,1.0,221.0,
0.0,0.0,0.0,1.0,108.0,
0.0,0.0,0.0,1.0,89.0,
0.0,0.0,0.0,1.0,116.0,
0.0,0.0,0.0,1.0,83.0,
0.0,0.0,0.0,1.0,120.0,
0.0,0.0,0.0,1.0,60.0,
0.0,0.0,0.0,1.0,159.0,
0.0,0.0,0.0,1.0,229.0,
0.0,0.0,0.0,1.0,107.0,
0.0,0.0,0.0,1.0,60.0,
0.0,0.0,0.0,1.0,80.0,
0.0,0.0,0.0,1.0,181.0,
0.0,0.0,0.0,1.0,150.0,
0.0,0.0,0.0,1.0,91.0,
0.0,0.0,0.0,1.0,164.0,


