1.0,1.0,1.0,1.0,1.0,1.0,1.0,1.0,1.0,1.0,
1.0,1.0,1.0,1.0,1.0,1.0,1.0,1.0,1.0,1.0,
1.0,1.0,1.0,1.0,1.0,1.0,1.0,1.0,1.0,1.0,
0.973,0.973,0.973,0.973,0.973,0.973,0.973,0.973,0.973,0.973,
0.965,0.965,0.965,0.965,0.965,0.965,0.965,0.965,0.965,0.965,
1.0,1.0,1.0,1.0,1.0,1.0,1.0,1.0,1.0,1.0,
0.987,0.987,0.987,0.987,0.987,0.987,0.987,0.987,0.987,0.987,
0.994,0.994,0.994,0.994,0.994,0.994,0.994,0.994,0.994,0.994,
0.987,0.987,0.987,0.987,0.987,0.987,0.987,0.987,0.987,0.987,
0.957,0.957,0.957,0.957,0.957,0.957,0.957,0.957,0.957,0.957,
0.985,0.985,0.985,0.985,0.985,0.985,0.985,0.985,0.985,0.985,
0.984,0.984,0.984,0.984,0.984,0.984,0.984,0.984,0.984,0.984,
0.965,0.965,0.965,0.965,0.965,0.965,0.965,0.965,0.965,0.965,
0.955,0.955,0.955,0.955,0.955,0.955,0.955,0.955,0.955,0.955,
0.951,0.951,0.951,0.951,0.951,0.951,0.951,0.951,0.951,0.951,
0.992,0.992,0.992,0.992,0.992,0.992,0.992,0.992,0.992,0.992,
1.0,1.0,1.0,1.0,1.0,1.0,1.0,1.0,1.0,1.0,
1.0,1.0,1.0,1.0,1.0,1.0,1.0,1.0,1.0,1.0,
0.964,0.964,0.964,0.964,0.964,0.964,0.964,0.964,0.964,0.964,
1.0,1.0,1.0,1.0,1.0,1.0,1.0,1.0,1.0,1.0,
1.0,1.0,1.0,1.0,1.0,1.0,1.0,1.0,1.0,1.0,
1.0,1.0,1.0,1.0,1.0,1.0,1.0,1.0,1.0,1.0,
0.975,0.975,0.975,0.975,0.975,0.975,0.975,0.975,0.975,0.975,
0.962,0.962,0.962,0.962,0.962,0.962,0.962,0.962,0.962,0.962,
0.995,0.995,0.995,0.995,0.995,0.995,0.995,0.995,0.995,0.995,
1.0,1.0,1.0,1.0,1.0,1.0,1.0,1.0,1.0,1.0,
0.969,0.969,0.969,0.969,0.969,0.969,0.969,0.969,0.969,0.969,
0.998,0.998,0.998,0.998,0.998,0.998,0.998,0.998,0.998,0.998,
1.0,1.0,1.0,1.0,1.0,1.0,1.0,1.0,1.0,1.0,
0.974,0.974,0.974,0.974,0.974,0.974,0.974,0.974,0.974,0.974,
0.95,0.95,0.95,0.95,0.95,0.95,0.95,0.95,0.95,0.95,
0.988,0.988,0.988,0.988,0.988,0.988,0.988,0.988,0.988,0.988,
0.973,0.973,0.973,0.973,0.973,0.973,0.973,0.973,0.973,0.973,
0.986,0.986,0.986,0.986,0.986,0.986,0.986,0.986,0.986,0.986,
1.0,1.0,1.0,1.0,1.0,1.0,1.0,1.0,1.0,1.0,
1.0,1.0,1.0,1.0,1.0,1.0,1.0,1.0,1.0,1.0,
0.987,0.987,0.987,0.987,0.987,0.987,0.987,0.987,0.987,0.987,
1.0,1.0,1.0,1.0,1.0,1.0,1.0,1.0,1.0,1.0,
1.0,1.0,1.0,1.0,1.0,1.0,1.0,1.0,1.0,1.0,
0.997,0.997,0.997,0.997,0.997,0.997,0.997,0.997,0.997,0.997,
0.968,0.968,0.968,0.968,0.968,0.968,0.968,0.968,0.968,0.968,
0.98,0.98,0.98,0.98,0.98,0.98,0.98,0.98,0.98,0.98,
1.0,1.0,1.0,1.0,1.0,1.0,1.0,1.0,1.0,1.0,
1.0,1.0,1.0,1.0,1.0,1.0,1.0,1.0,1.0,1.0,
1.0,1.0,1.0,1.0,1.0,1.0,1.0,1.0,1.0,1.0,
0.937,0.937,0.937,0.937,0.937,0.937,0.937,0.937,0.937,0.937,
0.998,0.998,0.998,0.998,0.998,0.998,0.998,0.998,0.998,0.998,
1.0,1.0,1.0,1.0,1.0,1.0,1.0,1.0,1.0,1.0,
0.987,0.987,0.987,0.987,0.987,0.987,0.987,0.987,0.987,0.987,
0.981,0.981,0.981,0.981,0.981,0.981,0.981,0.981,0.981,0.981,
0.978,0.978,0.978,0.978,0.978,0.978,0.978,0.978,0.978,0.978,
0.999,0.999,0.999,0.999,0.999,0.999,0.999,0.999,0.999,0.999,
0.944,0.944,0.944,0.944,0.944,0.944,0.944,0.944,0.944,0.944,
1.0,1.0,1.0,1.0,1.0,1.0,1.0,1.0,1.0,1.0,
0.979,0.979,0.979,0.979,0.979,0.979,0.979,0.979,0.979,0.979,
1.0,1.0,1.0,1.0,1.0,1.0,1.0,1.0,1.0,1.0,
0.968,0.968,0.968,0.968,0.968,0.968,0.968,0.968,0.968,0.968,
0.985,0.985,0.985,0.985,0.985,0.985,0.985,0.985,0.985,0.985,
0.947,0.947,0.947,0.947,0.947,0.947,0.947,0.947,0.947,0.947,
1.0,1.0,1.0,1.0,1.0,1.0,1.0,1.0,1.0,1.0,
0.975,0.975,0.975,0.975,0.975,0.975,0.975,0.975,0.975,0.975,
1.0,1.0,1.0,1.0,1.0,1.0,1.0,1.0,1.0,1.0,
0.981,0.981,0.981,0.981,0.981,0.981,0.981,0.981,0.981,0.981,
0.996,0.996,0.996,0.996,0.996,0.996,0.996,0.996,0.996,0.996,
1.0,1.0,1.0,1.0,1.0,1.0,1.0,1.0,1.0,1.0,
0.957,0.957,0.957,0.957,0.957,0.957,0.957,0.957,0.957,0.957,
0.9,0.9,0.9,0.9,0.9,0.9,0.9,0.9,0.9,0.9,
0.979,0.979,0.979,0.979,0.979,0.979,0.979,0.979,0.979,0.979,
0.943,0.943,0.943,0.943,0.943,0.943,0.943,0.943,0.943,0.943,
0.977,0.977,0.977,0.977,0.977,0.977,0.977,0.977,0.977,0.977,
0.988,0.988,0.988,0.988,0.988,0.988,0.988,0.988,0.988,0.988,
0.989,0.989,0.989,0.989,0.989,0.989,0.989,0.989,0.989,0.989,
0.969,0.969,0.969,0.969,0.969,0.969,0.969,0.969,0.969,0.969,
1.0,1.0,1.0,1.0,1.0,1.0,1.0,1.0,1.0,1.0,
1.0,1.0,1.0,1.0,1.0,1.0,1.0,1.0,1.0,1.0,
0.976,0.976,0.976,0.976,0.976,0.976,0.976,0.976,0.976,0.976,
1.0,1.0,1.0,1.0,1.0,1.0,1.0,1.0,1.0,1.0,
0.988,0.988,0.988,0.988,0.988,0.988,0.988,0.988,0.988,0.988,
1.0,1.0,1.0,1.0,1.0,1.0,1.0,1.0,1.0,1.0,
0.983,0.983,0.983,0.983,0.983,0.983,0.983,0.983,0.983,0.983,
0.994,0.994,0.994,0.994,0.994,0.994,0.994,0.994,0.994,0.994,
0.976,0.976,0.976,0.976,0.976,0.976,0.976,0.976,0.976,0.976,
0.952,0.952,0.952,0.952,0.952,0.952,0.952,0.952,0.952,0.952,
0.992,0.992,0.992,0.992,0.992,0.992,0.992,0.992,0.992,0.992,
1.0,1.0,1.0,1.0,1.0,1.0,1.0,1.0,1.0,1.0,
1.0,1.0,1.0,1.0,1.0,1.0,1.0,1.0,1.0,1.0,
0.905,0.905,0.905,0.905,0.905,0.905,0.905,0.905,0.905,0.905,
1.0,1.0,1.0,1.0,1.0,1.0,1.0,1.0,1.0,1.0,
0.958,0.958,0.958,0.958,0.958,0.958,0.958,0.958,0.958,0.958,
1.0,1.0,1.0,1.0,1.0,1.0,1.0,1.0,1.0,1.0,
1.0,1.0,1.0,1.0,1.0,1.0,1.0,1.0,1.0,1.0,
0.97,0.97,0.97,0.97,0.97,0.97,0.97,0.97,0.97,0.97,
0.997,0.997,0.997,0.997,0.997,0.997,0.997,0.997,0.997,0.997,
0.981,0.981,0.981,0.981,0.981,0.981,0.981,0.981,0.981,0.981,
1.0,1.0,1.0,1.0,1.0,1.0,1.0,1.0,1.0,1.0,
1.0,1.0,1.0,1.0,1.0,1.0,1.0,1.0,1.0,1.0,
0.969,0.969,0.969,0.969,0.969,0.969,0.969,0.969,0.969,0.969,
1.0,1.0,1.0,1.0,1.0,1.0,1.0,1.0,1.0,1.0,
0.953,0.953,0.953,0.953,0.953,0.953,0.953,0.953,0.953,0.953,
0.988,0.988,0.988,0.988,0.988,0.988,0.988,0.988,0.988,0.988,

0.928,0.928,0.928,0.928,0.928,0.928,0.928,0.928,0.928,0.928,
0.968,0.968,0.968,0.968,0.968,0.968,0.968,0.968,0.968,0.968,
0.946,0.946,0.946,0.946,0.946,0.946,0.946,0.946,0.946,0.946,
1.0,1.0,1.0,1.0,1.0,1.0,1.0,1.0,1.0,1.0,
0.953,0.953,0.953,0.953,0.953,0.953,0.953,0.953,0.953,0.953,
0.991,0.991,0.991,0.991,0.991,0.991,0.991,0.991,0.991,0.991,
0.995,0.995,0.995,0.995,0.995,0.995,0.995,0.995,0.995,0.995,
0.988,0.988,0.988,0.988,0.988,0.988,0.988,0.988,0.988,0.988,
0.993,0.993,0.993,0.993,0.993,0.993,0.993,0.993,0.993,0.993,
0.935,0.935,0.935,0.935,0.935,0.935,0.935,0.935,0.935,0.935,
0.986,0.986,0.986,0.986,0.986,0.986,0.986,0.986,0.986,0.986,
0.966,0.966,0.966,0.966,0.966,0.966,0.966,0.966,0.966,0.966,
0.954,0.954,0.954,0.954,0.954,0.954,0.954,0.954,0.954,0.954,
1.0,1.0,1.0,1.0,1.0,1.0,1.0,1.0,1.0,1.0,
0.952,0.952,0.952,0.952,0.952,0.952,0.952,0.952,0.952,0.952,
0.986,0.986,0.986,0.986,0.986,0.986,0.986,0.986,0.986,0.986,
0.88,0.88,0.88,0.88,0.88,0.88,0.88,0.88,0.88,0.88,
0.967,0.967,0.967,0.967,0.967,0.967,0.967,0.967,0.967,0.967,
0.974,0.974,0.974,0.974,0.974,0.974,0.974,0.974,0.974,0.974,
0.915,0.915,0.915,0.915,0.915,0.915,0.915,0.915,0.915,0.915,
0.988,0.988,0.988,0.988,0.988,0.988,0.988,0.988,0.988,0.988,
0.978,0.978,0.978,0.978,0.978,0.978,0.978,0.978,0.978,0.978,
0.969,0.969,0.969,0.969,0.969,0.969,0.969,0.969,0.969,0.969,
0.946,0.946,0.946,0.946,0.946,0.946,0.946,0.946,0.946,0.946,
0.991,0.991,0.991,0.991,0.991,0.991,0.991,0.991,0.991,0.991,
0.956,0.956,0.956,0.956,0.956,0.956,0.956,0.956,0.956,0.956,
0.966,0.966,0.966,0.966,0.966,0.966,0.966,0.966,0.966,0.966,
0.967,0.967,0.967,0.967,0.967,0.967,0.967,0.967,0.967,0.967,
0.985,0.985,0.985,0.985,0.985,0.985,0.985,0.985,0.985,0.985,
0.983,0.983,0.983,0.983,0.983,0.983,0.983,0.983,0.983,0.983,
0.947,0.947,0.947,0.947,0.947,0.947,0.947,0.947,0.947,0.947,
0.995,0.995,0.995,0.995,0.995,0.995,0.995,0.995,0.995,0.995,
0.97,0.97,0.97,0.97,0.97,0.97,0.97,0.97,0.97,0.97,
0.984,0.984,0.984,0.984,0.984,0.984,0.984,0.984,0.984,0.984,
0.961,0.961,0.961,0.961,0.961,0.961,0.961,0.961,0.961,0.961,
0.969,0.969,0.969,0.969,0.969,0.969,0.969,0.969,0.969,0.969,
0.981,0.981,0.981,0.981,0.981,0.981,0.981,0.981,0.981,0.981,
0.977,0.977,0.977,0.977,0.977,0.977,0.977,0.977,0.977,0.977,
0.956,0.956,0.956,0.956,0.956,0.956,0.956,0.956,0.956,0.956,
0.964,0.964,0.964,0.964,0.964,0.964,0.964,0.964,0.964,0.964,
0.959,0.959,0.959,0.959,0.959,0.959,0.959,0.959,0.959,0.959,
0.955,0.955,0.955,0.955,0.955,0.955,0.955,0.955,0.955,0.955,
0.976,0.976,0.976,0.976,0.976,0.976,0.976,0.976,0.976,0.976,
0.953,0.953,0.953,0.953,0.953,0.953,0.953,0.953,0.953,0.953,
0.983,0.983,0.983,0.983,0.983,0.983,0.983,0.983,0.983,0.983,
0.948,0.948,0.948,0.948,0.948,0.948,0.948,0.948,0.948,0.948,
0.959,0.959,0.959,0.959,0.959,0.959,0.959,0.959,0.959,0.959,
0.998,0.998,0.998,0.998,0.998,0.998,0.998,0.998,0.998,0.998,
0.991,0.991,0.991,0.991,0.991,0.991,0.991,0.991,0.991,0.991,
0.943,0.943,0.943,0.943,0.943,0.943,0.943,0.943,0.943,0.943,
1.0,1.0,1.0,1.0,1.0,1.0,1.0,1.0,1.0,1.0,
0.967,0.967,0.967,0.967,0.967,0.967,0.967,0.967,0.967,0.967,
0.946,0.946,0.946,0.946,0.946,0.946,0.946,0.946,0.946,0.946,
0.971,0.971,0.971,0.971,0.971,0.971,0.971,0.971,0.971,0.971,
0.982,0.982,0.982,0.982,0.982,0.982,0.982,0.982,0.982,0.982,
0.983,0.983,0.983,0.983,0.983,0.983,0.983,0.983,0.983,0.983,
0.965,0.965,0.965,0.965,0.965,0.965,0.965,0.965,0.965,0.965,
0.96,0.96,0.96,0.96,0.96,0.96,0.96,0.96,0.96,0.96,
0.925,0.925,0.925,0.925,0.925,0.925,0.925,0.925,0.925,0.925,
0.983,0.983,0.983,0.983,0.983,0.983,0.983,0.983,0.983,0.983,
0.956,0.956,0.956,0.956,0.956,0.956,0.956,0.956,0.956,0.956,
0.975,0.975,0.975,0.975,0.975,0.975,0.975,0.975,0.975,0.975,
0.979,0.979,0.979,0.979,0.979,0.979,0.979,0.979,0.979,0.979,
1.0,1.0,1.0,1.0,1.0,1.0,1.0,1.0,1.0,1.0,
0.981,0.981,0.981,0.981,0.981,0.981,0.981,0.981,0.981,0.981,
0.972,0.972,0.972,0.972,0.972,0.972,0.972,0.972,0.972,0.972,
0.88,0.88,0.88,0.88,0.88,0.88,0.88,0.88,0.88,0.88,
0.989,0.989,0.989,0.989,0.989,0.989,0.989,0.989,0.989,0.989,
0.915,0.915,0.915,0.915,0.915,0.915,0.915,0.915,0.915,0.915,
0.952,0.952,0.952,0.952,0.952,0.952,0.952,0.952,0.952,0.952,
0.984,0.984,0.984,0.984,0.984,0.984,0.984,0.984,0.984,0.984,
0.982,0.982,0.982,0.982,0.982,0.982,0.982,0.982,0.982,0.982,
0.981,0.981,0.981,0.981,0.981,0.981,0.981,0.981,0.981,0.981,
0.963,0.963,0.963,0.963,0.963,0.963,0.963,0.963,0.963,0.963,
0.997,0.997,0.997,0.997,0.997,0.997,0.997,0.997,0.997,0.997,
0.948,0.948,0.948,0.948,0.948,0.948,0.948,0.948,0.948,0.948,
0.989,0.989,0.989,0.989,0.989,0.989,0.989,0.989,0.989,0.989,
1.0,1.0,1.0,1.0,1.0,1.0,1.0,1.0,1.0,1.0,
0.992,0.992,0.992,0.992,0.992,0.992,0.992,0.992,0.992,0.992,
1.0,1.0,1.0,1.0,1.0,1.0,1.0,1.0,1.0,1.0,
0.964,0.964,0.964,0.964,0.964,0.964,0.964,0.964,0.964,0.964,
0.979,0.979,0.979,0.979,0.979,0.979,0.979,0.979,0.979,0.979,
0.986,0.986,0.986,0.986,0.986,0.986,0.986,0.986,0.986,0.986,
1.0,1.0,1.0,1.0,1.0,1.0,1.0,1.0,1.0,1.0,
0.983,0.983,0.983,0.983,0.983,0.983,0.983,0.983,0.983,0.983,
0.97,0.97,0.97,0.97,0.97,0.97,0.97,0.97,0.97,0.97,
0.895,0.895,0.895,0.895,0.895,0.895,0.895,0.895,0.895,0.895,
0.944,0.944,0.944,0.944,0.944,0.944,0.944,0.944,0.944,0.944,
0.939,0.939,0.939,0.939,0.939,0.939,0.939,0.939,0.939,0.939,
0.958,0.958,0.958,0.958,0.958,0.958,0.958,0.958,0.958,0.958,
0.976,0.976,0.976,0.976,0.976,0.976,0.976,0.976,0.976,0.976,
0.944,0.944,0.944,0.944,0.944,0.944,0.944,0.944,0.944,0.944,
0.967,0.967,0.967,0.967,0.967,0.967,0.967,0.967,0.967,0.967,
0.927,0.927,0.927,0.927,0.927,0.927,0.927,0.927,0.927,0.927,
0.929,0.929,0.929,0.929,0.929,0.929,0.929,0.929,0.929,0.929,
0.985,0.985,0.985,0.985,0.985,0.985,0.985,0.985,0.985,0.985,
0.973,0.973,0.973,0.973,0.973,0.973,0.973,0.973,0.973,0.973,
0.97,0.97,0.97,0.97,0.97,0.97,0.97,0.97,0.97,0.97,
0.954,0.954,0.954,0.954,0.954,0.954,0.954,0.954,0.954,0.954,
0.997,0.997,0.997,0.997,0.997,0.997,0.997,0.997,0.997,0.997,

0.958,0.958,0.958,0.958,0.958,0.958,0.958,0.958,0.958,0.958,
0.983,0.983,0.983,0.983,0.983,0.983,0.983,0.983,0.983,0.983,
0.959,0.959,0.959,0.959,0.959,0.959,0.959,0.959,0.959,0.959,
0.953,0.953,0.953,0.953,0.953,0.953,0.953,0.953,0.953,0.953,
0.929,0.929,0.929,0.929,0.929,0.929,0.929,0.929,0.929,0.929,
0.971,0.971,0.971,0.971,0.971,0.971,0.971,0.971,0.971,0.971,
1.0,1.0,1.0,1.0,1.0,1.0,1.0,1.0,1.0,1.0,
1.0,1.0,1.0,1.0,1.0,1.0,1.0,1.0,1.0,1.0,
0.942,0.942,0.942,0.942,0.942,0.942,0.942,0.942,0.942,0.942,
0.957,0.957,0.957,0.957,0.957,0.957,0.957,0.957,0.957,0.957,
0.976,0.976,0.976,0.976,0.976,0.976,0.976,0.976,0.976,0.976,
1.0,1.0,1.0,1.0,1.0,1.0,1.0,1.0,1.0,1.0,
0.955,0.955,0.955,0.955,0.955,0.955,0.955,0.955,0.955,0.955,
0.934,0.934,0.934,0.934,0.934,0.934,0.934,0.934,0.934,0.934,
0.965,0.965,0.965,0.965,0.965,0.965,0.965,0.965,0.965,0.965,
0.966,0.966,0.966,0.966,0.966,0.966,0.966,0.966,0.966,0.966,
0.864,0.864,0.864,0.864,0.864,0.864,0.864,0.864,0.864,0.864,
0.953,0.953,0.953,0.953,0.953,0.953,0.953,0.953,0.953,0.953,
0.963,0.963,0.963,0.963,0.963,0.963,0.963,0.963,0.963,0.963,
0.952,0.952,0.952,0.952,0.952,0.952,0.952,0.952,0.952,0.952,
0.965,0.965,0.965,0.965,0.965,0.965,0.965,0.965,0.965,0.965,
0.996,0.996,0.996,0.996,0.996,0.996,0.996,0.996,0.996,0.996,
0.978,0.978,0.978,0.978,0.978,0.978,0.978,0.978,0.978,0.978,
0.967,0.967,0.967,0.967,0.967,0.967,0.967,0.967,0.967,0.967,
0.997,0.997,0.997,0.997,0.997,0.997,0.997,0.997,0.997,0.997,
0.985,0.985,0.985,0.985,0.985,0.985,0.985,0.985,0.985,0.985,
0.989,0.989,0.989,0.989,0.989,0.989,0.989,0.989,0.989,0.989,
0.953,0.953,0.953,0.953,0.953,0.953,0.953,0.953,0.953,0.953,
0.981,0.981,0.981,0.981,0.981,0.981,0.981,0.981,0.981,0.981,
0.981,0.981,0.981,0.981,0.981,0.981,0.981,0.981,0.981,0.981,
1.0,1.0,1.0,1.0,1.0,1.0,1.0,1.0,1.0,1.0,
1.0,1.0,1.0,1.0,1.0,1.0,1.0,1.0,1.0,1.0,
1.0,1.0,1.0,1.0,1.0,1.0,1.0,1.0,1.0,1.0,
0.994,0.994,0.994,0.994,0.994,0.994,0.994,0.994,0.994,0.994,
0.97,0.97,0.97,0.97,0.97,0.97,0.97,0.97,0.97,0.97,
0.942,0.942,0.942,0.942,0.942,0.942,0.942,0.942,0.942,0.942,
0.983,0.983,0.983,0.983,0.983,0.983,0.983,0.983,0.983,0.983,
0.974,0.974,0.974,0.974,0.974,0.974,0.974,0.974,0.974,0.974,
0.944,0.944,0.944,0.944,0.944,0.944,0.944,0.944,0.944,0.944,
0.963,0.963,0.963,0.963,0.963,0.963,0.963,0.963,0.963,0.963,
0.97,0.97,0.97,0.97,0.97,0.97,0.97,0.97,0.97,0.97,
0.959,0.959,0.959,0.959,0.959,0.959,0.959,0.959,0.959,0.959,
0.984,0.984,0.984,0.984,0.984,0.984,0.984,0.984,0.984,0.984,
0.964,0.964,0.964,0.964,0.964,0.964,0.964,0.964,0.964,0.964,
0.997,0.997,0.997,0.997,0.997,0.997,0.997,0.997,0.997,0.997,
0.969,0.969,0.969,0.969,0.969,0.969,0.969,0.969,0.969,0.969,
1.0,1.0,1.0,1.0,1.0,1.0,1.0,1.0,1.0,1.0,
0.974,0.974,0.974,0.974,0.974,0.974,0.974,0.974,0.974,0.974,
0.992,0.992,0.992,0.992,0.992,0.992,0.992,0.992,0.992,0.992,
0.962,0.962,0.962,0.962,0.962,0.962,0.962,0.962,0.962,0.962,
0.965,0.965,0.965,0.965,0.965,0.965,0.965,0.965,0.965,0.965,
1.0,1.0,1.0,1.0,1.0,1.0,1.0,1.0,1.0,1.0,
0.941,0.941,0.941,0.941,0.941,0.941,0.941,0.941,0.941,0.941,
0.994,0.994,0.994,0.994,0.994,0.994,0.994,0.994,0.994,0.994,
0.988,0.988,0.988,0.988,0.988,0.988,0.988,0.988,0.988,0.988,
0.964,0.964,0.964,0.964,0.964,0.964,0.964,0.964,0.964,0.964,
1.0,1.0,1.0,1.0,1.0,1.0,1.0,1.0,1.0,1.0,
1.0,1.0,1.0,1.0,1.0,1.0,1.0,1.0,1.0,1.0,
0.933,0.933,0.933,0.933,0.933,0.933,0.933,0.933,0.933,0.933,
0.971,0.971,0.971,0.971,0.971,0.971,0.971,0.971,0.971,0.971,
0.933,0.933,0.933,0.933,0.933,0.933,0.933,0.933,0.933,0.933,
0.973,0.973,0.973,0.973,0.973,0.973,0.973,0.973,0.973,0.973,
0.978,0.978,0.978,0.978,0.978,0.978,0.978,0.978,0.978,0.978,
0.944,0.944,0.944,0.944,0.944,0.944,0.944,0.944,0.944,0.944,
0.982,0.982,0.982,0.982,0.982,0.982,0.982,0.982,0.982,0.982,
0.959,0.959,0.959,0.959,0.959,0.959,0.959,0.959,0.959,0.959,
0.9,0.9,0.9,0.9,0.9,0.9,0.9,0.9,0.9,0.9,
0.971,0.971,0.971,0.971,0.971,0.971,0.971,0.971,0.971,0.971,
0.929,0.929,0.929,0.929,0.929,0.929,0.929,0.929,0.929,0.929,
1.0,1.0,1.0,1.0,1.0,1.0,1.0,1.0,1.0,1.0,
0.976,0.976,0.976,0.976,0.976,0.976,0.976,0.976,0.976,0.976,
1.0,1.0,1.0,1.0,1.0,1.0,1.0,1.0,1.0,1.0,
1.0,1.0,1.0,1.0,1.0,1.0,1.0,1.0,1.0,1.0,
0.961,0.961,0.961,0.961,0.961,0.961,0.961,0.961,0.961,0.961,
0.97,0.97,0.97,0.97,0.97,0.97,0.97,0.97,0.97,0.97,
1.0,1.0,1.0,1.0,1.0,1.0,1.0,1.0,1.0,1.0,
0.971,0.971,0.971,0.971,0.971,0.971,0.971,0.971,0.971,0.971,
0.967,0.967,0.967,0.967,0.967,0.967,0.967,0.967,0.967,0.967,
0.983,0.983,0.983,0.983,0.983,0.983,0.983,0.983,0.983,0.983,
0.917,0.917,0.917,0.917,0.917,0.917,0.917,0.917,0.917,0.917,
0.994,0.994,0.994,0.994,0.994,0.994,0.994,0.994,0.994,0.994,
1.0,1.0,1.0,1.0,1.0,1.0,1.0,1.0,1.0,1.0,
0.956,0.956,0.956,0.956,0.956,0.956,0.956,0.956,0.956,0.956,
0.978,0.978,0.978,0.978,0.978,0.978,0.978,0.978,0.978,0.978,
0.982,0.982,0.982,0.982,0.982,0.982,0.982,0.982,0.982,0.982,
0.948,0.948,0.948,0.948,0.948,0.948,0.948,0.948,0.948,0.948,
1.0,1.0,1.0,1.0,1.0,1.0,1.0,1.0,1.0,1.0,
0.959,0.959,0.959,0.959,0.959,0.959,0.959,0.959,0.959,0.959,
0.88,0.88,0.88,0.88,0.88,0.88,0.88,0.88,0.88,0.88,
0.984,0.984,0.984,0.984,0.984,0.984,0.984,0.984,0.984,0.984,
0.97,0.97,0.97,0.97,0.97,0.97,0.97,0.97,0.97,0.97,
0.952,0.952,0.952,0.952,0.952,0.952,0.952,0.952,0.952,0.952,
0.999,0.999,0.999,0.999,0.999,0.999,0.999,0.999,0.999,0.999,
0.94,0.94,0.94,0.94,0.94,0.94,0.94,0.94,0.94,0.94,
0.928,0.928,0.928,0.928,0.928,0.928,0.928,0.928,0.928,0.928,
0.988,0.988,0.988,0.988,0.988,0.988,0.988,0.988,0.988,0.988,
0.998,0.998,0.998,0.998,0.998,0.998,0.998,0.998,0.998,0.998,
0.965,0.965,0.965,0.965,0.965,0.965,0.965,0.965,0.965,0.965,
0.95,0.95,0.95,0.95,0.95,0.95,0.95,0.95,0.95,0.95,
1.0,1.0,1.0,1.0,1.0,1.0,1.0,1.0,1.0,1.0,

0.933,0.933,0.933,0.933,0.933,0.933,0.933,0.933,0.933,0.933,
0.988,0.988,0.988,0.988,0.988,0.988,0.988,0.988,0.988,0.988,
0.972,0.972,0.972,0.972,0.972,0.972,0.972,0.972,0.972,0.972,
0.967,0.967,0.967,0.967,0.967,0.967,0.967,0.967,0.967,0.967,
0.938,0.938,0.938,0.938,0.938,0.938,0.938,0.938,0.938,0.938,
0.974,0.974,0.974,0.974,0.974,0.974,0.974,0.974,0.974,0.974,
0.997,0.997,0.997,0.997,0.997,0.997,0.997,0.997,0.997,0.997,
0.987,0.987,0.987,0.987,0.987,0.987,0.987,0.987,0.987,0.987,
0.958,0.958,0.958,0.958,0.958,0.958,0.958,0.958,0.958,0.958,
1.0,1.0,1.0,1.0,1.0,1.0,1.0,1.0,1.0,1.0,
1.0,1.0,1.0,1.0,1.0,1.0,1.0,1.0,1.0,1.0,
0.983,0.983,0.983,0.983,0.983,0.983,0.983,0.983,0.983,0.983,
0.942,0.942,0.942,0.942,0.942,0.942,0.942,0.942,0.942,0.942,
0.922,0.922,0.922,0.922,0.922,0.922,0.922,0.922,0.922,0.922,
0.957,0.957,0.957,0.957,0.957,0.957,0.957,0.957,0.957,0.957,
1.0,1.0,1.0,1.0,1.0,1.0,1.0,1.0,1.0,1.0,
0.864,0.864,0.864,0.864,0.864,0.864,0.864,0.864,0.864,0.864,
0.972,0.972,0.972,0.972,0.972,0.972,0.972,0.972,0.972,0.972,
1.0,1.0,1.0,1.0,1.0,1.0,1.0,1.0,1.0,1.0,
0.936,0.936,0.936,0.936,0.936,0.936,0.936,0.936,0.936,0.936,
0.969,0.969,0.969,0.969,0.969,0.969,0.969,0.969,0.969,0.969,
0.939,0.939,0.939,0.939,0.939,0.939,0.939,0.939,0.939,0.939,
1.0,1.0,1.0,1.0,1.0,1.0,1.0,1.0,1.0,1.0,
0.985,0.985,0.985,0.985,0.985,0.985,0.985,0.985,0.985,0.985,
1.0,1.0,1.0,1.0,1.0,1.0,1.0,1.0,1.0,1.0,
0.989,0.989,0.989,0.989,0.989,0.989,0.989,0.989,0.989,0.989,
0.994,0.994,0.994,0.994,0.994,0.994,0.994,0.994,0.994,0.994,
0.96,0.96,0.96,0.96,0.96,0.96,0.96,0.96,0.96,0.96,
0.991,0.991,0.991,0.991,0.991,0.991,0.991,0.991,0.991,0.991,
0.977,0.977,0.977,0.977,0.977,0.977,0.977,0.977,0.977,0.977,
0.961,0.961,0.961,0.961,0.961,0.961,0.961,0.961,0.961,0.961,
0.963,0.963,0.963,0.963,0.963,0.963,0.963,0.963,0.963,0.963,
0.975,0.975,0.975,0.975,0.975,0.975,0.975,0.975,0.975,0.975,
1.0,1.0,1.0,1.0,1.0,1.0,1.0,1.0,1.0,1.0,
0.992,0.992,0.992,0.992,0.992,0.992,0.992,0.992,0.992,0.992,
0.961,0.961,0.961,0.961,0.961,0.961,0.961,0.961,0.961,0.961,
1.0,1.0,1.0,1.0,1.0,1.0,1.0,1.0,1.0,1.0,
0.965,0.965,0.965,0.965,0.965,0.965,0.965,0.965,0.965,0.965,
0.977,0.977,0.977,0.977,0.977,0.977,0.977,0.977,0.977,0.977,
0.958,0.958,0.958,0.958,0.958,0.958,0.958,0.958,0.958,0.958,
1.0,1.0,1.0,1.0,1.0,1.0,1.0,1.0,1.0,1.0,
0.962,0.962,0.962,0.962,0.962,0.962,0.962,0.962,0.962,0.962,
0.992,0.992,0.992,0.992,0.992,0.992,0.992,0.992,0.992,0.992,
0.972,0.972,0.972,0.972,0.972,0.972,0.972,0.972,0.972,0.972,
0.987,0.987,0.987,0.987,0.987,0.987,0.987,0.987,0.987,0.987,
0.961,0.961,0.961,0.961,0.961,0.961,0.961,0.961,0.961,0.961,
0.948,0.948,0.948,0.948,0.948,0.948,0.948,0.948,0.948,0.948,
0.967,0.967,0.967,0.967,0.967,0.967,0.967,0.967,0.967,0.967,
1.0,1.0,1.0,1.0,1.0,1.0,1.0,1.0,1.0,1.0,
1.0,1.0,1.0,1.0,1.0,1.0,1.0,1.0,1.0,1.0,
0.953,0.953,0.953,0.953,0.953,0.953,0.953,0.953,0.953,0.953,
0.964,0.964,0.964,0.964,0.964,0.964,0.964,0.964,0.964,0.964,
0.962,0.962,0.962,0.962,0.962,0.962,0.962,0.962,0.962,0.962,
0.975,0.975,0.975,0.975,0.975,0.975,0.975,0.975,0.975,0.975,
1.0,1.0,1.0,1.0,1.0,1.0,1.0,1.0,1.0,1.0,
0.947,0.947,0.947,0.947,0.947,0.947,0.947,0.947,0.947,0.947,
0.976,0.976,0.976,0.976,0.976,0.976,0.976,0.976,0.976,0.976,
0.96,0.96,0.96,0.96,0.96,0.96,0.96,0.96,0.96,0.96,
0.955,0.955,0.955,0.955,0.955,0.955,0.955,0.955,0.955,0.955,
0.977,0.977,0.977,0.977,0.977,0.977,0.977,0.977,0.977,0.977,
0.936,0.936,0.936,0.936,0.936,0.936,0.936,0.936,0.936,0.936,
0.969,0.969,0.969,0.969,0.969,0.969,0.969,0.969,0.969,0.969,
1.0,1.0,1.0,1.0,1.0,1.0,1.0,1.0,1.0,1.0,
0.98,0.98,0.98,0.98,0.98,0.98,0.98,0.98,0.98,0.98,
0.984,0.984,0.984,0.984,0.984,0.984,0.984,0.984,0.984,0.984,
0.961,0.961,0.961,0.961,0.961,0.961,0.961,0.961,0.961,0.961,
0.881,0.881,0.881,0.881,0.881,0.881,0.881,0.881,0.881,0.881,
0.992,0.992,0.992,0.992,0.992,0.992,0.992,0.992,0.992,0.992,
0.885,0.885,0.885,0.885,0.885,0.885,0.885,0.885,0.885,0.885,
0.987,0.987,0.987,0.987,0.987,0.987,0.987,0.987,0.987,0.987,
0.968,0.968,0.968,0.968,0.968,0.968,0.968,0.968,0.968,0.968,
0.968,0.968,0.968,0.968,0.968,0.968,0.968,0.968,0.968,0.968,
0.983,0.983,0.983,0.983,0.983,0.983,0.983,0.983,0.983,0.983,
0.952,0.952,0.952,0.952,0.952,0.952,0.952,0.952,0.952,0.952,
0.99,0.99,0.99,0.99,0.99,0.99,0.99,0.99,0.99,0.99,
0.998,0.998,0.998,0.998,0.998,0.998,0.998,0.998,0.998,0.998,
0.993,0.993,0.993,0.993,0.993,0.993,0.993,0.993,0.993,0.993,
0.99,0.99,0.99,0.99,0.99,0.99,0.99,0.99,0.99,0.99,
0.983,0.983,0.983,0.983,0.983,0.983,0.983,0.983,0.983,0.983,
0.946,0.946,0.946,0.946,0.946,0.946,0.946,0.946,0.946,0.946,
0.991,0.991,0.991,0.991,0.991,0.991,0.991,0.991,0.991,0.991,
0.971,0.971,0.971,0.971,0.971,0.971,0.971,0.971,0.971,0.971,
0.956,0.956,0.956,0.956,0.956,0.956,0.956,0.956,0.956,0.956,
0.974,0.974,0.974,0.974,0.974,0.974,0.974,0.974,0.974,0.974,
0.963,0.963,0.963,0.963,0.963,0.963,0.963,0.963,0.963,0.963,
0.985,0.985,0.985,0.985,0.985,0.985,0.985,0.985,0.985,0.985,
0.904,0.904,0.904,0.904,0.904,0.904,0.904,0.904,0.904,0.904,
0.979,0.979,0.979,0.979,0.979,0.979,0.979,0.979,0.979,0.979,
0.964,0.964,0.964,0.964,0.964,0.964,0.964,0.964,0.964,0.964,
0.965,0.965,0.965,0.965,0.965,0.965,0.965,0.965,0.965,0.965,
0.993,0.993,0.993,0.993,0.993,0.993,0.993,0.993,0.993,0.993,
0.959,0.959,0.959,0.959,0.959,0.959,0.959,0.959,0.959,0.959,
1.0,1.0,1.0,1.0,1.0,1.0,1.0,1.0,1.0,1.0,
0.947,0.947,0.947,0.947,0.947,0.947,0.947,0.947,0.947,0.947,
0.933,0.933,0.933,0.933,0.933,0.933,0.933,0.933,0.933,0.933,
0.968,0.968,0.968,0.968,0.968,0.968,0.968,0.968,0.968,0.968,
0.995,0.995,0.995,0.995,0.995,0.995,0.995,0.995,0.995,0.995,
0.969,0.969,0.969,0.969,0.969,0.969,0.969,0.969,0.969,0.969,
0.954,0.954,0.954,0.954,0.954,0.954,0.954,0.954,0.954,0.954,
0.964,0.964,0.964,0.964,0.964,0.964,0.964,0.964,0.964,0.964,

0.93,0.93,0.93,0.93,0.93,0.93,0.93,0.93,0.93,0.93,
0.952,0.952,0.952,0.952,0.952,0.952,0.952,0.952,0.952,0.952,
0.976,0.976,0.976,0.976,0.976,0.976,0.976,0.976,0.976,0.976,
0.961,0.961,0.961,0.961,0.961,0.961,0.961,0.961,0.961,0.961,
1.0,1.0,1.0,1.0,1.0,1.0,1.0,1.0,1.0,1.0,
0.958,0.958,0.958,0.958,0.958,0.958,0.958,0.958,0.958,0.958,
0.982,0.982,0.982,0.982,0.982,0.982,0.982,0.982,0.982,0.982,
0.997,0.997,0.997,0.997,0.997,0.997,0.997,0.997,0.997,0.997,
1.0,1.0,1.0,1.0,1.0,1.0,1.0,1.0,1.0,1.0,
0.934,0.934,0.934,0.934,0.934,0.934,0.934,0.934,0.934,0.934,
0.976,0.976,0.976,0.976,0.976,0.976,0.976,0.976,0.976,0.976,
0.963,0.963,0.963,0.963,0.963,0.963,0.963,0.963,0.963,0.963,
1.0,1.0,1.0,1.0,1.0,1.0,1.0,1.0,1.0,1.0,
0.917,0.917,0.917,0.917,0.917,0.917,0.917,0.917,0.917,0.917,
1.0,1.0,1.0,1.0,1.0,1.0,1.0,1.0,1.0,1.0,
0.965,0.965,0.965,0.965,0.965,0.965,0.965,0.965,0.965,0.965,
0.924,0.924,0.924,0.924,0.924,0.924,0.924,0.924,0.924,0.924,
0.959,0.959,0.959,0.959,0.959,0.959,0.959,0.959,0.959,0.959,
0.957,0.957,0.957,0.957,0.957,0.957,0.957,0.957,0.957,0.957,
0.933,0.933,0.933,0.933,0.933,0.933,0.933,0.933,0.933,0.933,
0.996,0.996,0.996,0.996,0.996,0.996,0.996,0.996,0.996,0.996,
0.977,0.977,0.977,0.977,0.977,0.977,0.977,0.977,0.977,0.977,
0.949,0.949,0.949,0.949,0.949,0.949,0.949,0.949,0.949,0.949,
1.0,1.0,1.0,1.0,1.0,1.0,1.0,1.0,1.0,1.0,
0.994,0.994,0.994,0.994,0.994,0.994,0.994,0.994,0.994,0.994,
0.98,0.98,0.98,0.98,0.98,0.98,0.98,0.98,0.98,0.98,
1.0,1.0,1.0,1.0,1.0,1.0,1.0,1.0,1.0,1.0,
1.0,1.0,1.0,1.0,1.0,1.0,1.0,1.0,1.0,1.0,
0.988,0.988,0.988,0.988,0.988,0.988,0.988,0.988,0.988,0.988,
0.982,0.982,0.982,0.982,0.982,0.982,0.982,0.982,0.982,0.982,
0.94,0.94,0.94,0.94,0.94,0.94,0.94,0.94,0.94,0.94,
0.976,0.976,0.976,0.976,0.976,0.976,0.976,0.976,0.976,0.976,
0.95,0.95,0.95,0.95,0.95,0.95,0.95,0.95,0.95,0.95,
0.981,0.981,0.981,0.981,0.981,0.981,0.981,0.981,0.981,0.981,
0.961,0.961,0.961,0.961,0.961,0.961,0.961,0.961,0.961,0.961,
0.973,0.973,0.973,0.973,0.973,0.973,0.973,0.973,0.973,0.973,
0.969,0.969,0.969,0.969,0.969,0.969,0.969,0.969,0.969,0.969,
0.969,0.969,0.969,0.969,0.969,0.969,0.969,0.969,0.969,0.969,
0.977,0.977,0.977,0.977,0.977,0.977,0.977,0.977,0.977,0.977,
1.0,1.0,1.0,1.0,1.0,1.0,1.0,1.0,1.0,1.0,
0.98,0.98,0.98,0.98,0.98,0.98,0.98,0.98,0.98,0.98,
0.951,0.951,0.951,0.951,0.951,0.951,0.951,0.951,0.951,0.951,
0.979,0.979,0.979,0.979,0.979,0.979,0.979,0.979,0.979,0.979,
0.931,0.931,0.931,0.931,0.931,0.931,0.931,0.931,0.931,0.931,
0.959,0.959,0.959,0.959,0.959,0.959,0.959,0.959,0.959,0.959,
1.0,1.0,1.0,1.0,1.0,1.0,1.0,1.0,1.0,1.0,
0.967,0.967,0.967,0.967,0.967,0.967,0.967,0.967,0.967,0.967,
0.926,0.926,0.926,0.926,0.926,0.926,0.926,0.926,0.926,0.926,
0.995,0.995,0.995,0.995,0.995,0.995,0.995,0.995,0.995,0.995,
0.901,0.901,0.901,0.901,0.901,0.901,0.901,0.901,0.901,0.901,
0.977,0.977,0.977,0.977,0.977,0.977,0.977,0.977,0.977,0.977,
0.986,0.986,0.986,0.986,0.986,0.986,0.986,0.986,0.986,0.986,
0.938,0.938,0.938,0.938,0.938,0.938,0.938,0.938,0.938,0.938,
0.98,0.98,0.98,0.98,0.98,0.98,0.98,0.98,0.98,0.98,
0.983,0.983,0.983,0.983,0.983,0.983,0.983,0.983,0.983,0.983,
0.982,0.982,0.982,0.982,0.982,0.982,0.982,0.982,0.982,0.982,
0.984,0.984,0.984,0.984,0.984,0.984,0.984,0.984,0.984,0.984,
0.999,0.999,0.999,0.999,0.999,0.999,0.999,0.999,0.999,0.999,
1.0,1.0,1.0,1.0,1.0,1.0,1.0,1.0,1.0,1.0,
0.979,0.979,0.979,0.979,0.979,0.979,0.979,0.979,0.979,0.979,
1.0,1.0,1.0,1.0,1.0,1.0,1.0,1.0,1.0,1.0,
0.988,0.988,0.988,0.988,0.988,0.988,0.988,0.988,0.988,0.988,
0.995,0.995,0.995,0.995,0.995,0.995,0.995,0.995,0.995,0.995,
0.986,0.986,0.986,0.986,0.986,0.986,0.986,0.986,0.986,0.986,
0.997,0.997,0.997,0.997,0.997,0.997,0.997,0.997,0.997,0.997,
1.0,1.0,1.0,1.0,1.0,1.0,1.0,1.0,1.0,1.0,
1.0,1.0,1.0,1.0,1.0,1.0,1.0,1.0,1.0,1.0,
0.974,0.974,0.974,0.974,0.974,0.974,0.974,0.974,0.974,0.974,
1.0,1.0,1.0,1.0,1.0,1.0,1.0,1.0,1.0,1.0,
0.975,0.975,0.975,0.975,0.975,0.975,0.975,0.975,0.975,0.975,
1.0,1.0,1.0,1.0,1.0,1.0,1.0,1.0,1.0,1.0,
0.962,0.962,0.962,0.962,0.962,0.962,0.962,0.962,0.962,0.962,
0.961,0.961,0.961,0.961,0.961,0.961,0.961,0.961,0.961,0.961,
0.951,0.951,0.951,0.951,0.951,0.951,0.951,0.951,0.951,0.951,
0.997,0.997,0.997,0.997,0.997,0.997,0.997,0.997,0.997,0.997,
0.96,0.96,0.96,0.96,0.96,0.96,0.96,0.96,0.96,0.96,
0.966,0.966,0.966,0.966,0.966,0.966,0.966,0.966,0.966,0.966,
0.965,0.965,0.965,0.965,0.965,0.965,0.965,0.965,0.965,0.965,
0.997,0.997,0.997,0.997,0.997,0.997,0.997,0.997,0.997,0.997,
0.943,0.943,0.943,0.943,0.943,0.943,0.943,0.943,0.943,0.943,
1.0,1.0,1.0,1.0,1.0,1.0,1.0,1.0,1.0,1.0,
0.981,0.981,0.981,0.981,0.981,0.981,0.981,0.981,0.981,0.981,
0.962,0.962,0.962,0.962,0.962,0.962,0.962,0.962,0.962,0.962,
0.989,0.989,0.989,0.989,0.989,0.989,0.989,0.989,0.989,0.989,
0.951,0.951,0.951,0.951,0.951,0.951,0.951,0.951,0.951,0.951,
0.962,0.962,0.962,0.962,0.962,0.962,0.962,0.962,0.962,0.962,
0.952,0.952,0.952,0.952,0.952,0.952,0.952,0.952,0.952,0.952,
0.978,0.978,0.978,0.978,0.978,0.978,0.978,0.978,0.978,0.978,
1.0,1.0,1.0,1.0,1.0,1.0,1.0,1.0,1.0,1.0,
1.0,1.0,1.0,1.0,1.0,1.0,1.0,1.0,1.0,1.0,
0.986,0.986,0.986,0.986,0.986,0.986,0.986,0.986,0.986,0.986,
1.0,1.0,1.0,1.0,1.0,1.0,1.0,1.0,1.0,1.0,
0.985,0.985,0.985,0.985,0.985,0.985,0.985,0.985,0.985,0.985,
0.947,0.947,0.947,0.947,0.947,0.947,0.947,0.947,0.947,0.947,
0.961,0.961,0.961,0.961,0.961,0.961,0.961,0.961,0.961,0.961,
0.97,0.97,0.97,0.97,0.97,0.97,0.97,0.97,0.97,0.97,
1.0,1.0,1.0,1.0,1.0,1.0,1.0,1.0,1.0,1.0,
0.959,0.959,0.959,0.959,0.959,0.959,0.959,0.959,0.959,0.959,
1.0,1.0,1.0,1.0,1.0,1.0,1.0,1.0,1.0,1.0,
0.965,0.965,0.965,0.965,0.965,0.965,0.965,0.965,0.965,0.965,

0.967,0.967,0.967,0.967,0.967,0.967,0.967,0.967,0.967,0.967,
0.951,0.951,0.951,0.951,0.951,0.951,0.951,0.951,0.951,0.951,
0.945,0.945,0.945,0.945,0.945,0.945,0.945,0.945,0.945,0.945,
0.989,0.989,0.989,0.989,0.989,0.989,0.989,0.989,0.989,0.989,
0.962,0.962,0.962,0.962,0.962,0.962,0.962,0.962,0.962,0.962,
0.961,0.961,0.961,0.961,0.961,0.961,0.961,0.961,0.961,0.961,
0.98,0.98,0.98,0.98,0.98,0.98,0.98,0.98,0.98,0.98,
0.984,0.984,0.984,0.984,0.984,0.984,0.984,0.984,0.984,0.984,
0.948,0.948,0.948,0.948,0.948,0.948,0.948,0.948,0.948,0.948,
0.947,0.947,0.947,0.947,0.947,0.947,0.947,0.947,0.947,0.947,
0.981,0.981,0.981,0.981,0.981,0.981,0.981,0.981,0.981,0.981,
0.95,0.95,0.95,0.95,0.95,0.95,0.95,0.95,0.95,0.95,
0.972,0.972,0.972,0.972,0.972,0.972,0.972,0.972,0.972,0.972,
0.911,0.911,0.911,0.911,0.911,0.911,0.911,0.911,0.911,0.911,
0.957,0.957,0.957,0.957,0.957,0.957,0.957,0.957,0.957,0.957,
0.972,0.972,0.972,0.972,0.972,0.972,0.972,0.972,0.972,0.972,
0.856,0.856,0.856,0.856,0.856,0.856,0.856,0.856,0.856,0.856,
0.962,0.962,0.962,0.962,0.962,0.962,0.962,0.962,0.962,0.962,
0.948,0.948,0.948,0.948,0.948,0.948,0.948,0.948,0.948,0.948,
0.964,0.964,0.964,0.964,0.964,0.964,0.964,0.964,0.964,0.964,
0.981,0.981,0.981,0.981,0.981,0.981,0.981,0.981,0.981,0.981,
0.957,0.957,0.957,0.957,0.957,0.957,0.957,0.957,0.957,0.957,
0.971,0.971,0.971,0.971,0.971,0.971,0.971,0.971,0.971,0.971,
0.962,0.962,0.962,0.962,0.962,0.962,0.962,0.962,0.962,0.962,
0.987,0.987,0.987,0.987,0.987,0.987,0.987,0.987,0.987,0.987,
0.983,0.983,0.983,0.983,0.983,0.983,0.983,0.983,0.983,0.983,
0.975,0.975,0.975,0.975,0.975,0.975,0.975,0.975,0.975,0.975,
0.949,0.949,0.949,0.949,0.949,0.949,0.949,0.949,0.949,0.949,
0.98,0.98,0.98,0.98,0.98,0.98,0.98,0.98,0.98,0.98,
1.0,1.0,1.0,1.0,1.0,1.0,1.0,1.0,1.0,1.0,
0.935,0.935,0.935,0.935,0.935,0.935,0.935,0.935,0.935,0.935,
0.979,0.979,0.979,0.979,0.979,0.979,0.979,0.979,0.979,0.979,
0.97,0.97,0.97,0.97,0.97,0.97,0.97,0.97,0.97,0.97,
0.995,0.995,0.995,0.995,0.995,0.995,0.995,0.995,0.995,0.995,
0.967,0.967,0.967,0.967,0.967,0.967,0.967,0.967,0.967,0.967,
0.956,0.956,0.956,0.956,0.956,0.956,0.956,0.956,0.956,0.956,
0.976,0.976,0.976,0.976,0.976,0.976,0.976,0.976,0.976,0.976,
0.98,0.98,0.98,0.98,0.98,0.98,0.98,0.98,0.98,0.98,
0.937,0.937,0.937,0.937,0.937,0.937,0.937,0.937,0.937,0.937,
0.949,0.949,0.949,0.949,0.949,0.949,0.949,0.949,0.949,0.949,
0.984,0.984,0.984,0.984,0.984,0.984,0.984,0.984,0.984,0.984,
1.0,1.0,1.0,1.0,1.0,1.0,1.0,1.0,1.0,1.0,
0.986,0.986,0.986,0.986,0.986,0.986,0.986,0.986,0.986,0.986,
0.969,0.969,0.969,0.969,0.969,0.969,0.969,0.969,0.969,0.969,
0.993,0.993,0.993,0.993,0.993,0.993,0.993,0.993,0.993,0.993,
0.949,0.949,0.949,0.949,0.949,0.949,0.949,0.949,0.949,0.949,
0.961,0.961,0.961,0.961,0.961,0.961,0.961,0.961,0.961,0.961,
0.997,0.997,0.997,0.997,0.997,0.997,0.997,0.997,0.997,0.997,
0.987,0.987,0.987,0.987,0.987,0.987,0.987,0.987,0.987,0.987,
1.0,1.0,1.0,1.0,1.0,1.0,1.0,1.0,1.0,1.0,
0.999,0.999,0.999,0.999,0.999,0.999,0.999,0.999,0.999,0.999,
0.983,0.983,0.983,0.983,0.983,0.983,0.983,0.983,0.983,0.983,
1.0,1.0,1.0,1.0,1.0,1.0,1.0,1.0,1.0,1.0,
0.972,0.972,0.972,0.972,0.972,0.972,0.972,0.972,0.972,0.972,
0.982,0.982,0.982,0.982,0.982,0.982,0.982,0.982,0.982,0.982,
0.985,0.985,0.985,0.985,0.985,0.985,0.985,0.985,0.985,0.985,
0.976,0.976,0.976,0.976,0.976,0.976,0.976,0.976,0.976,0.976,
0.971,0.971,0.971,0.971,0.971,0.971,0.971,0.971,0.971,0.971,
0.933,0.933,0.933,0.933,0.933,0.933,0.933,0.933,0.933,0.933,
0.989,0.989,0.989,0.989,0.989,0.989,0.989,0.989,0.989,0.989,
0.97,0.97,0.97,0.97,0.97,0.97,0.97,0.97,0.97,0.97,
0.97,0.97,0.97,0.97,0.97,0.97,0.97,0.97,0.97,0.97,
0.978,0.978,0.978,0.978,0.978,0.978,0.978,0.978,0.978,0.978,
0.999,0.999,0.999,0.999,0.999,0.999,0.999,0.999,0.999,0.999,
0.942,0.942,0.942,0.942,0.942,0.942,0.942,0.942,0.942,0.942,
0.974,0.974,0.974,0.974,0.974,0.974,0.974,0.974,0.974,0.974,
0.888,0.888,0.888,0.888,0.888,0.888,0.888,0.888,0.888,0.888,
1.0,1.0,1.0,1.0,1.0,1.0,1.0,1.0,1.0,1.0,
0.915,0.915,0.915,0.915,0.915,0.915,0.915,0.915,0.915,0.915,
0.981,0.981,0.981,0.981,0.981,0.981,0.981,0.981,0.981,0.981,
0.971,0.971,0.971,0.971,0.971,0.971,0.971,0.971,0.971,0.971,
0.955,0.955,0.955,0.955,0.955,0.955,0.955,0.955,0.955,0.955,
0.982,0.982,0.982,0.982,0.982,0.982,0.982,0.982,0.982,0.982,
0.986,0.986,0.986,0.986,0.986,0.986,0.986,0.986,0.986,0.986,
0.998,0.998,0.998,0.998,0.998,0.998,0.998,0.998,0.998,0.998,
0.968,0.968,0.968,0.968,0.968,0.968,0.968,0.968,0.968,0.968,
0.977,0.977,0.977,0.977,0.977,0.977,0.977,0.977,0.977,0.977,
0.979,0.979,0.979,0.979,0.979,0.979,0.979,0.979,0.979,0.979,
0.996,0.996,0.996,0.996,0.996,0.996,0.996,0.996,0.996,0.996,
0.97,0.97,0.97,0.97,0.97,0.97,0.97,0.97,0.97,0.97,
0.971,0.971,0.971,0.971,0.971,0.971,0.971,0.971,0.971,0.971,
0.982,0.982,0.982,0.982,0.982,0.982,0.982,0.982,0.982,0.982,
1.0,1.0,1.0,1.0,1.0,1.0,1.0,1.0,1.0,1.0,
0.99,0.99,0.99,0.99,0.99,0.99,0.99,0.99,0.99,0.99,
0.968,0.968,0.968,0.968,0.968,0.968,0.968,0.968,0.968,0.968,
0.972,0.972,0.972,0.972,0.972,0.972,0.972,0.972,0.972,0.972,
0.891,0.891,0.891,0.891,0.891,0.891,0.891,0.891,0.891,0.891,
0.933,0.933,0.933,0.933,0.933,0.933,0.933,0.933,0.933,0.933,
0.924,0.924,0.924,0.924,0.924,0.924,0.924,0.924,0.924,0.924,
0.959,0.959,0.959,0.959,0.959,0.959,0.959,0.959,0.959,0.959,
0.967,0.967,0.967,0.967,0.967,0.967,0.967,0.967,0.967,0.967,
0.945,0.945,0.945,0.945,0.945,0.945,0.945,0.945,0.945,0.945,
0.971,0.971,0.971,0.971,0.971,0.971,0.971,0.971,0.971,0.971,
1.0,1.0,1.0,1.0,1.0,1.0,1.0,1.0,1.0,1.0,
0.927,0.927,0.927,0.927,0.927,0.927,0.927,0.927,0.927,0.927,
0.989,0.989,0.989,0.989,0.989,0.989,0.989,0.989,0.989,0.989,
0.98,0.98,0.98,0.98,0.98,0.98,0.98,0.98,0.98,0.98,
0.97,0.97,0.97,0.97,0.97,0.97,0.97,0.97,0.97,0.97,
0.98,0.98,0.98,0.98,0.98,0.98,0.98,0.98,0.98,0.98,
0.975,0.975,0.975,0.975,0.975,0.975,0.975,0.975,0.975,0.975,


