0.945,0.945,0.945,0.945,0.945,0.945,0.945,0.945,0.945,0.945,
1.0,1.0,1.0,1.0,1.0,1.0,1.0,1.0,1.0,1.0,
0.704,0.704,0.704,0.704,0.704,0.704,0.704,0.704,0.704,0.704,
0.993,0.993,0.993,0.993,0.993,0.993,0.993,0.993,0.993,0.993,
0.919,0.919,0.919,0.919,0.919,0.919,0.919,0.919,0.919,0.919,
1.0,1.0,1.0,1.0,1.0,1.0,1.0,1.0,1.0,1.0,
1.0,1.0,1.0,1.0,1.0,1.0,1.0,1.0,1.0,1.0,
0.89,0.89,0.89,0.89,0.89,0.89,0.89,0.89,0.89,0.89,
1.0,1.0,1.0,1.0,1.0,1.0,1.0,1.0,1.0,1.0,
0.982,0.982,0.982,0.982,0.982,0.982,0.982,0.982,0.982,0.982,
0.916,0.916,0.916,0.916,0.916,0.916,0.916,0.916,0.916,0.916,
0.975,0.975,0.975,0.975,0.975,0.975,0.975,0.975,0.975,0.975,
0.958,0.958,0.958,0.958,0.958,0.958,0.958,0.958,0.958,0.958,
0.771,0.771,0.771,0.771,0.771,0.771,0.771,0.771,0.771,0.771,
1.0,1.0,1.0,1.0,1.0,1.0,1.0,1.0,1.0,1.0,
0.945,0.945,0.945,0.945,0.945,0.945,0.945,0.945,0.945,0.945,
1.0,1.0,1.0,1.0,1.0,1.0,1.0,1.0,1.0,1.0,
1.0,1.0,1.0,1.0,1.0,1.0,1.0,1.0,1.0,1.0,
0.988,0.988,0.988,0.988,0.988,0.988,0.988,0.988,0.988,0.988,
0.917,0.917,0.917,0.917,0.917,0.917,0.917,0.917,0.917,0.917,
1.0,1.0,1.0,1.0,1.0,1.0,1.0,1.0,1.0,1.0,
0.912,0.912,0.912,0.912,0.912,0.912,0.912,0.912,0.912,0.912,
0.975,0.975,0.975,0.975,0.975,0.975,0.975,0.975,0.975,0.975,
0.822,0.822,0.822,0.822,0.822,0.822,0.822,0.822,0.822,0.822,
0.961,0.961,0.961,0.961,0.961,0.961,0.961,0.961,0.961,0.961,
0.948,0.948,0.948,0.948,0.948,0.948,0.948,0.948,0.948,0.948,
1.0,1.0,1.0,1.0,1.0,1.0,1.0,1.0,1.0,1.0,
1.0,1.0,1.0,1.0,1.0,1.0,1.0,1.0,1.0,1.0,
1.0,1.0,1.0,1.0,1.0,1.0,1.0,1.0,1.0,1.0,
0.871,0.871,0.871,0.871,0.871,0.871,0.871,0.871,0.871,0.871,
0.916,0.916,0.916,0.916,0.916,0.916,0.916,0.916,0.916,0.916,
1.0,1.0,1.0,1.0,1.0,1.0,1.0,1.0,1.0,1.0,
0.977,0.977,0.977,0.977,0.977,0.977,0.977,0.977,0.977,0.977,
0.755,0.755,0.755,0.755,0.755,0.755,0.755,0.755,0.755,0.755,
1.0,1.0,1.0,1.0,1.0,1.0,1.0,1.0,1.0,1.0,
1.0,1.0,1.0,1.0,1.0,1.0,1.0,1.0,1.0,1.0,
0.967,0.967,0.967,0.967,0.967,0.967,0.967,0.967,0.967,0.967,
0.933,0.933,0.933,0.933,0.933,0.933,0.933,0.933,0.933,0.933,
0.973,0.973,0.973,0.973,0.973,0.973,0.973,0.973,0.973,0.973,
0.94,0.94,0.94,0.94,0.94,0.94,0.94,0.94,0.94,0.94,
1.0,1.0,1.0,1.0,1.0,1.0,1.0,1.0,1.0,1.0,
1.0,1.0,1.0,1.0,1.0,1.0,1.0,1.0,1.0,1.0,
0.993,0.993,0.993,0.993,0.993,0.993,0.993,0.993,0.993,0.993,
0.879,0.879,0.879,0.879,0.879,0.879,0.879,0.879,0.879,0.879,
1.0,1.0,1.0,1.0,1.0,1.0,1.0,1.0,1.0,1.0,
0.98,0.98,0.98,0.98,0.98,0.98,0.98,0.98,0.98,0.98,
1.0,1.0,1.0,1.0,1.0,1.0,1.0,1.0,1.0,1.0,
0.915,0.915,0.915,0.915,0.915,0.915,0.915,0.915,0.915,0.915,
0.93,0.93,0.93,0.93,0.93,0.93,0.93,0.93,0.93,0.93,
1.0,1.0,1.0,1.0,1.0,1.0,1.0,1.0,1.0,1.0,
0.999,0.999,0.999,0.999,0.999,0.999,0.999,0.999,0.999,0.999,
0.999,0.999,0.999,0.999,0.999,0.999,0.999,0.999,0.999,0.999,
0.98,0.98,0.98,0.98,0.98,0.98,0.98,0.98,0.98,0.98,
1.0,1.0,1.0,1.0,1.0,1.0,1.0,1.0,1.0,1.0,
1.0,1.0,1.0,1.0,1.0,1.0,1.0,1.0,1.0,1.0,
0.969,0.969,0.969,0.969,0.969,0.969,0.969,0.969,0.969,0.969,
1.0,1.0,1.0,1.0,1.0,1.0,1.0,1.0,1.0,1.0,
1.0,1.0,1.0,1.0,1.0,1.0,1.0,1.0,1.0,1.0,
0.914,0.914,0.914,0.914,0.914,0.914,0.914,0.914,0.914,0.914,
0.976,0.976,0.976,0.976,0.976,0.976,0.976,0.976,0.976,0.976,
0.937,0.937,0.937,0.937,0.937,0.937,0.937,0.937,0.937,0.937,
1.0,1.0,1.0,1.0,1.0,1.0,1.0,1.0,1.0,1.0,
0.908,0.908,0.908,0.908,0.908,0.908,0.908,0.908,0.908,0.908,
0.937,0.937,0.937,0.937,0.937,0.937,0.937,0.937,0.937,0.937,
0.982,0.982,0.982,0.982,0.982,0.982,0.982,0.982,0.982,0.982,
0.986,0.986,0.986,0.986,0.986,0.986,0.986,0.986,0.986,0.986,
0.945,0.945,0.945,0.945,0.945,0.945,0.945,0.945,0.945,0.945,
0.972,0.972,0.972,0.972,0.972,0.972,0.972,0.972,0.972,0.972,
0.898,0.898,0.898,0.898,0.898,0.898,0.898,0.898,0.898,0.898,
0.965,0.965,0.965,0.965,0.965,0.965,0.965,0.965,0.965,0.965,
1.0,1.0,1.0,1.0,1.0,1.0,1.0,1.0,1.0,1.0,
0.868,0.868,0.868,0.868,0.868,0.868,0.868,0.868,0.868,0.868,
1.0,1.0,1.0,1.0,1.0,1.0,1.0,1.0,1.0,1.0,
0.975,0.975,0.975,0.975,0.975,0.975,0.975,0.975,0.975,0.975,
0.971,0.971,0.971,0.971,0.971,0.971,0.971,0.971,0.971,0.971,
0.977,0.977,0.977,0.977,0.977,0.977,0.977,0.977,0.977,0.977,
0.997,0.997,0.997,0.997,0.997,0.997,0.997,0.997,0.997,0.997,
0.988,0.988,0.988,0.988,0.988,0.988,0.988,0.988,0.988,0.988,
0.891,0.891,0.891,0.891,0.891,0.891,0.891,0.891,0.891,0.891,
0.916,0.916,0.916,0.916,0.916,0.916,0.916,0.916,0.916,0.916,
0.953,0.953,0.953,0.953,0.953,0.953,0.953,0.953,0.953,0.953,
0.972,0.972,0.972,0.972,0.972,0.972,0.972,0.972,0.972,0.972,
0.956,0.956,0.956,0.956,0.956,0.956,0.956,0.956,0.956,0.956,
0.981,0.981,0.981,0.981,0.981,0.981,0.981,0.981,0.981,0.981,
0.979,0.979,0.979,0.979,0.979,0.979,0.979,0.979,0.979,0.979,
0.857,0.857,0.857,0.857,0.857,0.857,0.857,0.857,0.857,0.857,
0.936,0.936,0.936,0.936,0.936,0.936,0.936,0.936,0.936,0.936,
1.0,1.0,1.0,1.0,1.0,1.0,1.0,1.0,1.0,1.0,
0.974,0.974,0.974,0.974,0.974,0.974,0.974,0.974,0.974,0.974,
0.961,0.961,0.961,0.961,0.961,0.961,0.961,0.961,0.961,0.961,
0.839,0.839,0.839,0.839,0.839,0.839,0.839,0.839,0.839,0.839,
0.954,0.954,0.954,0.954,0.954,0.954,0.954,0.954,0.954,0.954,
1.0,1.0,1.0,1.0,1.0,1.0,1.0,1.0,1.0,1.0,
0.919,0.919,0.919,0.919,0.919,0.919,0.919,0.919,0.919,0.919,
0.945,0.945,0.945,0.945,0.945,0.945,0.945,0.945,0.945,0.945,
0.997,0.997,0.997,0.997,0.997,0.997,0.997,0.997,0.997,0.997,
0.991,0.991,0.991,0.991,0.991,0.991,0.991,0.991,0.991,0.991,
1.0,1.0,1.0,1.0,1.0,1.0,1.0,1.0,1.0,1.0,
0.824,0.824,0.824,0.824,0.824,0.824,0.824,0.824,0.824,0.824,
0.944,0.944,0.944,0.944,0.944,0.944,0.944,0.944,0.944,0.944,

1.0,1.0,1.0,1.0,1.0,1.0,1.0,1.0,1.0,1.0,
0.934,0.934,0.934,0.934,0.934,0.934,0.934,0.934,0.934,0.934,
0.739,0.739,0.739,0.739,0.739,0.739,0.739,0.739,0.739,0.739,
0.983,0.983,0.983,0.983,0.983,0.983,0.983,0.983,0.983,0.983,
0.886,0.886,0.886,0.886,0.886,0.886,0.886,0.886,0.886,0.886,
0.935,0.935,0.935,0.935,0.935,0.935,0.935,0.935,0.935,0.935,
0.954,0.954,0.954,0.954,0.954,0.954,0.954,0.954,0.954,0.954,
1.0,1.0,1.0,1.0,1.0,1.0,1.0,1.0,1.0,1.0,
0.897,0.897,0.897,0.897,0.897,0.897,0.897,0.897,0.897,0.897,
0.991,0.991,0.991,0.991,0.991,0.991,0.991,0.991,0.991,0.991,
0.855,0.855,0.855,0.855,0.855,0.855,0.855,0.855,0.855,0.855,
1.0,1.0,1.0,1.0,1.0,1.0,1.0,1.0,1.0,1.0,
0.912,0.912,0.912,0.912,0.912,0.912,0.912,0.912,0.912,0.912,
0.771,0.771,0.771,0.771,0.771,0.771,0.771,0.771,0.771,0.771,
0.935,0.935,0.935,0.935,0.935,0.935,0.935,0.935,0.935,0.935,
0.973,0.973,0.973,0.973,0.973,0.973,0.973,0.973,0.973,0.973,
0.907,0.907,0.907,0.907,0.907,0.907,0.907,0.907,0.907,0.907,
0.927,0.927,0.927,0.927,0.927,0.927,0.927,0.927,0.927,0.927,
0.978,0.978,0.978,0.978,0.978,0.978,0.978,0.978,0.978,0.978,
0.955,0.955,0.955,0.955,0.955,0.955,0.955,0.955,0.955,0.955,
0.925,0.925,0.925,0.925,0.925,0.925,0.925,0.925,0.925,0.925,
0.865,0.865,0.865,0.865,0.865,0.865,0.865,0.865,0.865,0.865,
0.958,0.958,0.958,0.958,0.958,0.958,0.958,0.958,0.958,0.958,
0.804,0.804,0.804,0.804,0.804,0.804,0.804,0.804,0.804,0.804,
0.997,0.997,0.997,0.997,0.997,0.997,0.997,0.997,0.997,0.997,
0.937,0.937,0.937,0.937,0.937,0.937,0.937,0.937,0.937,0.937,
0.926,0.926,0.926,0.926,0.926,0.926,0.926,0.926,0.926,0.926,
0.982,0.982,0.982,0.982,0.982,0.982,0.982,0.982,0.982,0.982,
0.932,0.932,0.932,0.932,0.932,0.932,0.932,0.932,0.932,0.932,
0.818,0.818,0.818,0.818,0.818,0.818,0.818,0.818,0.818,0.818,
0.916,0.916,0.916,0.916,0.916,0.916,0.916,0.916,0.916,0.916,
0.925,0.925,0.925,0.925,0.925,0.925,0.925,0.925,0.925,0.925,
1.0,1.0,1.0,1.0,1.0,1.0,1.0,1.0,1.0,1.0,
0.755,0.755,0.755,0.755,0.755,0.755,0.755,0.755,0.755,0.755,
0.988,0.988,0.988,0.988,0.988,0.988,0.988,0.988,0.988,0.988,
0.978,0.978,0.978,0.978,0.978,0.978,0.978,0.978,0.978,0.978,
0.922,0.922,0.922,0.922,0.922,0.922,0.922,0.922,0.922,0.922,
0.9,0.9,0.9,0.9,0.9,0.9,0.9,0.9,0.9,0.9,
0.962,0.962,0.962,0.962,0.962,0.962,0.962,0.962,0.962,0.962,
0.902,0.902,0.902,0.902,0.902,0.902,0.902,0.902,0.902,0.902,
0.927,0.927,0.927,0.927,0.927,0.927,0.927,0.927,0.927,0.927,
0.937,0.937,0.937,0.937,0.937,0.937,0.937,0.937,0.937,0.937,
0.972,0.972,0.972,0.972,0.972,0.972,0.972,0.972,0.972,0.972,
0.879,0.879,0.879,0.879,0.879,0.879,0.879,0.879,0.879,0.879,
0.953,0.953,0.953,0.953,0.953,0.953,0.953,0.953,0.953,0.953,
0.954,0.954,0.954,0.954,0.954,0.954,0.954,0.954,0.954,0.954,
0.883,0.883,0.883,0.883,0.883,0.883,0.883,0.883,0.883,0.883,
0.915,0.915,0.915,0.915,0.915,0.915,0.915,0.915,0.915,0.915,
1.0,1.0,1.0,1.0,1.0,1.0,1.0,1.0,1.0,1.0,
1.0,1.0,1.0,1.0,1.0,1.0,1.0,1.0,1.0,1.0,
1.0,1.0,1.0,1.0,1.0,1.0,1.0,1.0,1.0,1.0,
0.965,0.965,0.965,0.965,0.965,0.965,0.965,0.965,0.965,0.965,
0.971,0.971,0.971,0.971,0.971,0.971,0.971,0.971,0.971,0.971,
0.822,0.822,0.822,0.822,0.822,0.822,0.822,0.822,0.822,0.822,
0.98,0.98,0.98,0.98,0.98,0.98,0.98,0.98,0.98,0.98,
0.976,0.976,0.976,0.976,0.976,0.976,0.976,0.976,0.976,0.976,
1.0,1.0,1.0,1.0,1.0,1.0,1.0,1.0,1.0,1.0,
0.945,0.945,0.945,0.945,0.945,0.945,0.945,0.945,0.945,0.945,
0.907,0.907,0.907,0.907,0.907,0.907,0.907,0.907,0.907,0.907,
1.0,1.0,1.0,1.0,1.0,1.0,1.0,1.0,1.0,1.0,
0.906,0.906,0.906,0.906,0.906,0.906,0.906,0.906,0.906,0.906,
0.914,0.914,0.914,0.914,0.914,0.914,0.914,0.914,0.914,0.914,
0.841,0.841,0.841,0.841,0.841,0.841,0.841,0.841,0.841,0.841,
0.878,0.878,0.878,0.878,0.878,0.878,0.878,0.878,0.878,0.878,
0.944,0.944,0.944,0.944,0.944,0.944,0.944,0.944,0.944,0.944,
0.968,0.968,0.968,0.968,0.968,0.968,0.968,0.968,0.968,0.968,
0.914,0.914,0.914,0.914,0.914,0.914,0.914,0.914,0.914,0.914,
1.0,1.0,1.0,1.0,1.0,1.0,1.0,1.0,1.0,1.0,
1.0,1.0,1.0,1.0,1.0,1.0,1.0,1.0,1.0,1.0,
0.951,0.951,0.951,0.951,0.951,0.951,0.951,0.951,0.951,0.951,
0.963,0.963,0.963,0.963,0.963,0.963,0.963,0.963,0.963,0.963,
0.838,0.838,0.838,0.838,0.838,0.838,0.838,0.838,0.838,0.838,
0.871,0.871,0.871,0.871,0.871,0.871,0.871,0.871,0.871,0.871,
0.989,0.989,0.989,0.989,0.989,0.989,0.989,0.989,0.989,0.989,
0.927,0.927,0.927,0.927,0.927,0.927,0.927,0.927,0.927,0.927,
0.95,0.95,0.95,0.95,0.95,0.95,0.95,0.95,0.95,0.95,
0.935,0.935,0.935,0.935,0.935,0.935,0.935,0.935,0.935,0.935,
1.0,1.0,1.0,1.0,1.0,1.0,1.0,1.0,1.0,1.0,
0.972,0.972,0.972,0.972,0.972,0.972,0.972,0.972,0.972,0.972,
0.926,0.926,0.926,0.926,0.926,0.926,0.926,0.926,0.926,0.926,
1.0,1.0,1.0,1.0,1.0,1.0,1.0,1.0,1.0,1.0,
0.972,0.972,0.972,0.972,0.972,0.972,0.972,0.972,0.972,0.972,
0.938,0.938,0.938,0.938,0.938,0.938,0.938,0.938,0.938,0.938,
0.969,0.969,0.969,0.969,0.969,0.969,0.969,0.969,0.969,0.969,
0.948,0.948,0.948,0.948,0.948,0.948,0.948,0.948,0.948,0.948,
0.863,0.863,0.863,0.863,0.863,0.863,0.863,0.863,0.863,0.863,
0.906,0.906,0.906,0.906,0.906,0.906,0.906,0.906,0.906,0.906,
0.966,0.966,0.966,0.966,0.966,0.966,0.966,0.966,0.966,0.966,
0.929,0.929,0.929,0.929,0.929,0.929,0.929,0.929,0.929,0.929,
0.947,0.947,0.947,0.947,0.947,0.947,0.947,0.947,0.947,0.947,
0.823,0.823,0.823,0.823,0.823,0.823,0.823,0.823,0.823,0.823,
1.0,1.0,1.0,1.0,1.0,1.0,1.0,1.0,1.0,1.0,
0.959,0.959,0.959,0.959,0.959,0.959,0.959,0.959,0.959,0.959,
0.977,0.977,0.977,0.977,0.977,0.977,0.977,0.977,0.977,0.977,
0.8,0.8,0.8,0.8,0.8,0.8,0.8,0.8,0.8,0.8,
1.0,1.0,1.0,1.0,1.0,1.0,1.0,1.0,1.0,1.0,
0.962,0.962,0.962,0.962,0.962,0.962,0.962,0.962,0.962,0.962,
0.952,0.952,0.952,0.952,0.952,0.952,0.952,0.952,0.952,0.952,
0.828,0.828,0.828,0.828,0.828,0.828,0.828,0.828,0.828,0.828,
0.906,0.906,0.906,0.906,0.906,0.906,0.906,0.906,0.906,0.906,

0.926,0.926,0.926,0.926,0.926,0.926,0.926,0.926,0.926,0.926,
0.954,0.954,0.954,0.954,0.954,0.954,0.954,0.954,0.954,0.954,
0.727,0.727,0.727,0.727,0.727,0.727,0.727,0.727,0.727,0.727,
0.984,0.984,0.984,0.984,0.984,0.984,0.984,0.984,0.984,0.984,
0.97,0.97,0.97,0.97,0.97,0.97,0.97,0.97,0.97,0.97,
0.983,0.983,0.983,0.983,0.983,0.983,0.983,0.983,0.983,0.983,
0.972,0.972,0.972,0.972,0.972,0.972,0.972,0.972,0.972,0.972,
0.898,0.898,0.898,0.898,0.898,0.898,0.898,0.898,0.898,0.898,
0.986,0.986,0.986,0.986,0.986,0.986,0.986,0.986,0.986,0.986,
0.999,0.999,0.999,0.999,0.999,0.999,0.999,0.999,0.999,0.999,
0.894,0.894,0.894,0.894,0.894,0.894,0.894,0.894,0.894,0.894,
0.939,0.939,0.939,0.939,0.939,0.939,0.939,0.939,0.939,0.939,
1.0,1.0,1.0,1.0,1.0,1.0,1.0,1.0,1.0,1.0,
0.722,0.722,0.722,0.722,0.722,0.722,0.722,0.722,0.722,0.722,
0.943,0.943,0.943,0.943,0.943,0.943,0.943,0.943,0.943,0.943,
0.962,0.962,0.962,0.962,0.962,0.962,0.962,0.962,0.962,0.962,
0.933,0.933,0.933,0.933,0.933,0.933,0.933,0.933,0.933,0.933,
0.995,0.995,0.995,0.995,0.995,0.995,0.995,0.995,0.995,0.995,
0.936,0.936,0.936,0.936,0.936,0.936,0.936,0.936,0.936,0.936,
0.884,0.884,0.884,0.884,0.884,0.884,0.884,0.884,0.884,0.884,
0.943,0.943,0.943,0.943,0.943,0.943,0.943,0.943,0.943,0.943,
0.877,0.877,0.877,0.877,0.877,0.877,0.877,0.877,0.877,0.877,
0.998,0.998,0.998,0.998,0.998,0.998,0.998,0.998,0.998,0.998,
0.847,0.847,0.847,0.847,0.847,0.847,0.847,0.847,0.847,0.847,
0.93,0.93,0.93,0.93,0.93,0.93,0.93,0.93,0.93,0.93,
0.919,0.919,0.919,0.919,0.919,0.919,0.919,0.919,0.919,0.919,
0.987,0.987,0.987,0.987,0.987,0.987,0.987,0.987,0.987,0.987,
0.997,0.997,0.997,0.997,0.997,0.997,0.997,0.997,0.997,0.997,
1.0,1.0,1.0,1.0,1.0,1.0,1.0,1.0,1.0,1.0,
0.84,0.84,0.84,0.84,0.84,0.84,0.84,0.84,0.84,0.84,
0.955,0.955,0.955,0.955,0.955,0.955,0.955,0.955,0.955,0.955,
0.945,0.945,0.945,0.945,0.945,0.945,0.945,0.945,0.945,0.945,
0.966,0.966,0.966,0.966,0.966,0.966,0.966,0.966,0.966,0.966,
0.751,0.751,0.751,0.751,0.751,0.751,0.751,0.751,0.751,0.751,
0.956,0.956,0.956,0.956,0.956,0.956,0.956,0.956,0.956,0.956,
0.967,0.967,0.967,0.967,0.967,0.967,0.967,0.967,0.967,0.967,
0.976,0.976,0.976,0.976,0.976,0.976,0.976,0.976,0.976,0.976,
0.934,0.934,0.934,0.934,0.934,0.934,0.934,0.934,0.934,0.934,
1.0,1.0,1.0,1.0,1.0,1.0,1.0,1.0,1.0,1.0,
0.909,0.909,0.909,0.909,0.909,0.909,0.909,0.909,0.909,0.909,
0.887,0.887,0.887,0.887,0.887,0.887,0.887,0.887,0.887,0.887,
0.943,0.943,0.943,0.943,0.943,0.943,0.943,0.943,0.943,0.943,
0.947,0.947,0.947,0.947,0.947,0.947,0.947,0.947,0.947,0.947,
0.87,0.87,0.87,0.87,0.87,0.87,0.87,0.87,0.87,0.87,
0.953,0.953,0.953,0.953,0.953,0.953,0.953,0.953,0.953,0.953,
0.957,0.957,0.957,0.957,0.957,0.957,0.957,0.957,0.957,0.957,
0.875,0.875,0.875,0.875,0.875,0.875,0.875,0.875,0.875,0.875,
1.0,1.0,1.0,1.0,1.0,1.0,1.0,1.0,1.0,1.0,
0.928,0.928,0.928,0.928,0.928,0.928,0.928,0.928,0.928,0.928,
0.958,0.958,0.958,0.958,0.958,0.958,0.958,0.958,0.958,0.958,
0.988,0.988,0.988,0.988,0.988,0.988,0.988,0.988,0.988,0.988,
1.0,1.0,1.0,1.0,1.0,1.0,1.0,1.0,1.0,1.0,
0.919,0.919,0.919,0.919,0.919,0.919,0.919,0.919,0.919,0.919,
0.936,0.936,0.936,0.936,0.936,0.936,0.936,0.936,0.936,0.936,
0.975,0.975,0.975,0.975,0.975,0.975,0.975,0.975,0.975,0.975,
0.957,0.957,0.957,0.957,0.957,0.957,0.957,0.957,0.957,0.957,
0.975,0.975,0.975,0.975,0.975,0.975,0.975,0.975,0.975,0.975,
0.938,0.938,0.938,0.938,0.938,0.938,0.938,0.938,0.938,0.938,
0.923,0.923,0.923,0.923,0.923,0.923,0.923,0.923,0.923,0.923,
0.996,0.996,0.996,0.996,0.996,0.996,0.996,0.996,0.996,0.996,
0.98,0.98,0.98,0.98,0.98,0.98,0.98,0.98,0.98,0.98,
0.941,0.941,0.941,0.941,0.941,0.941,0.941,0.941,0.941,0.941,
0.943,0.943,0.943,0.943,0.943,0.943,0.943,0.943,0.943,0.943,
0.922,0.922,0.922,0.922,0.922,0.922,0.922,0.922,0.922,0.922,
0.952,0.952,0.952,0.952,0.952,0.952,0.952,0.952,0.952,0.952,
0.993,0.993,0.993,0.993,0.993,0.993,0.993,0.993,0.993,0.993,
1.0,1.0,1.0,1.0,1.0,1.0,1.0,1.0,1.0,1.0,
0.884,0.884,0.884,0.884,0.884,0.884,0.884,0.884,0.884,0.884,
0.947,0.947,0.947,0.947,0.947,0.947,0.947,0.947,0.947,0.947,
0.935,0.935,0.935,0.935,0.935,0.935,0.935,0.935,0.935,0.935,
0.944,0.944,0.944,0.944,0.944,0.944,0.944,0.944,0.944,0.944,
1.0,1.0,1.0,1.0,1.0,1.0,1.0,1.0,1.0,1.0,
0.94,0.94,0.94,0.94,0.94,0.94,0.94,0.94,0.94,0.94,
0.994,0.994,0.994,0.994,0.994,0.994,0.994,0.994,0.994,0.994,
0.972,0.972,0.972,0.972,0.972,0.972,0.972,0.972,0.972,0.972,
0.942,0.942,0.942,0.942,0.942,0.942,0.942,0.942,0.942,0.942,
0.966,0.966,0.966,0.966,0.966,0.966,0.966,0.966,0.966,0.966,
0.926,0.926,0.926,0.926,0.926,0.926,0.926,0.926,0.926,0.926,
0.983,0.983,0.983,0.983,0.983,0.983,0.983,0.983,0.983,0.983,
0.9,0.9,0.9,0.9,0.9,0.9,0.9,0.9,0.9,0.9,
0.951,0.951,0.951,0.951,0.951,0.951,0.951,0.951,0.951,0.951,
0.972,0.972,0.972,0.972,0.972,0.972,0.972,0.972,0.972,0.972,
0.889,0.889,0.889,0.889,0.889,0.889,0.889,0.889,0.889,0.889,
1.0,1.0,1.0,1.0,1.0,1.0,1.0,1.0,1.0,1.0,
0.976,0.976,0.976,0.976,0.976,0.976,0.976,0.976,0.976,0.976,
0.863,0.863,0.863,0.863,0.863,0.863,0.863,0.863,0.863,0.863,
0.906,0.906,0.906,0.906,0.906,0.906,0.906,0.906,0.906,0.906,
0.95,0.95,0.95,0.95,0.95,0.95,0.95,0.95,0.95,0.95,
0.929,0.929,0.929,0.929,0.929,0.929,0.929,0.929,0.929,0.929,
0.974,0.974,0.974,0.974,0.974,0.974,0.974,0.974,0.974,0.974,
0.83,0.83,0.83,0.83,0.83,0.83,0.83,0.83,0.83,0.83,
0.934,0.934,0.934,0.934,0.934,0.934,0.934,0.934,0.934,0.934,
0.963,0.963,0.963,0.963,0.963,0.963,0.963,0.963,0.963,0.963,
0.949,0.949,0.949,0.949,0.949,0.949,0.949,0.949,0.949,0.949,
0.8,0.8,0.8,0.8,0.8,0.8,0.8,0.8,0.8,0.8,
0.991,0.991,0.991,0.991,0.991,0.991,0.991,0.991,0.991,0.991,
0.932,0.932,0.932,0.932,0.932,0.932,0.932,0.932,0.932,0.932,
0.958,0.958,0.958,0.958,0.958,0.958,0.958,0.958,0.958,0.958,
0.855,0.855,0.855,0.855,0.855,0.855,0.855,0.855,0.855,0.855,
0.964,0.964,0.964,0.964,0.964,0.964,0.964,0.964,0.964,0.964,

0.884,0.884,0.884,0.884,0.884,0.884,0.884,0.884,0.884,0.884,
0.933,0.933,0.933,0.933,0.933,0.933,0.933,0.933,0.933,0.933,
0.71,0.71,0.71,0.71,0.71,0.71,0.71,0.71,0.71,0.71,
0.977,0.977,0.977,0.977,0.977,0.977,0.977,0.977,0.977,0.977,
0.857,0.857,0.857,0.857,0.857,0.857,0.857,0.857,0.857,0.857,
0.96,0.96,0.96,0.96,0.96,0.96,0.96,0.96,0.96,0.96,
0.965,0.965,0.965,0.965,0.965,0.965,0.965,0.965,0.965,0.965,
0.922,0.922,0.922,0.922,0.922,0.922,0.922,0.922,0.922,0.922,
0.886,0.886,0.886,0.886,0.886,0.886,0.886,0.886,0.886,0.886,
0.999,0.999,0.999,0.999,0.999,0.999,0.999,0.999,0.999,0.999,
0.886,0.886,0.886,0.886,0.886,0.886,0.886,0.886,0.886,0.886,
0.939,0.939,0.939,0.939,0.939,0.939,0.939,0.939,0.939,0.939,
0.906,0.906,0.906,0.906,0.906,0.906,0.906,0.906,0.906,0.906,
0.722,0.722,0.722,0.722,0.722,0.722,0.722,0.722,0.722,0.722,
0.937,0.937,0.937,0.937,0.937,0.937,0.937,0.937,0.937,0.937,
0.92,0.92,0.92,0.92,0.92,0.92,0.92,0.92,0.92,0.92,
0.917,0.917,0.917,0.917,0.917,0.917,0.917,0.917,0.917,0.917,
0.964,0.964,0.964,0.964,0.964,0.964,0.964,0.964,0.964,0.964,
0.955,0.955,0.955,0.955,0.955,0.955,0.955,0.955,0.955,0.955,
0.843,0.843,0.843,0.843,0.843,0.843,0.843,0.843,0.843,0.843,
0.876,0.876,0.876,0.876,0.876,0.876,0.876,0.876,0.876,0.876,
0.877,0.877,0.877,0.877,0.877,0.877,0.877,0.877,0.877,0.877,
1.0,1.0,1.0,1.0,1.0,1.0,1.0,1.0,1.0,1.0,
0.872,0.872,0.872,0.872,0.872,0.872,0.872,0.872,0.872,0.872,
1.0,1.0,1.0,1.0,1.0,1.0,1.0,1.0,1.0,1.0,
0.923,0.923,0.923,0.923,0.923,0.923,0.923,0.923,0.923,0.923,
0.932,0.932,0.932,0.932,0.932,0.932,0.932,0.932,0.932,0.932,
0.953,0.953,0.953,0.953,0.953,0.953,0.953,0.953,0.953,0.953,
0.911,0.911,0.911,0.911,0.911,0.911,0.911,0.911,0.911,0.911,
0.871,0.871,0.871,0.871,0.871,0.871,0.871,0.871,0.871,0.871,
0.955,0.955,0.955,0.955,0.955,0.955,0.955,0.955,0.955,0.955,
0.918,0.918,0.918,0.918,0.918,0.918,0.918,0.918,0.918,0.918,
0.907,0.907,0.907,0.907,0.907,0.907,0.907,0.907,0.907,0.907,
0.781,0.781,0.781,0.781,0.781,0.781,0.781,0.781,0.781,0.781,
0.955,0.955,0.955,0.955,0.955,0.955,0.955,0.955,0.955,0.955,
0.932,0.932,0.932,0.932,0.932,0.932,0.932,0.932,0.932,0.932,
0.934,0.934,0.934,0.934,0.934,0.934,0.934,0.934,0.934,0.934,
0.908,0.908,0.908,0.908,0.908,0.908,0.908,0.908,0.908,0.908,
0.977,0.977,0.977,0.977,0.977,0.977,0.977,0.977,0.977,0.977,
0.913,0.913,0.913,0.913,0.913,0.913,0.913,0.913,0.913,0.913,
0.96,0.96,0.96,0.96,0.96,0.96,0.96,0.96,0.96,0.96,
0.878,0.878,0.878,0.878,0.878,0.878,0.878,0.878,0.878,0.878,
0.951,0.951,0.951,0.951,0.951,0.951,0.951,0.951,0.951,0.951,
0.87,0.87,0.87,0.87,0.87,0.87,0.87,0.87,0.87,0.87,
0.953,0.953,0.953,0.953,0.953,0.953,0.953,0.953,0.953,0.953,
0.959,0.959,0.959,0.959,0.959,0.959,0.959,0.959,0.959,0.959,
0.922,0.922,0.922,0.922,0.922,0.922,0.922,0.922,0.922,0.922,
0.963,0.963,0.963,0.963,0.963,0.963,0.963,0.963,0.963,0.963,
0.911,0.911,0.911,0.911,0.911,0.911,0.911,0.911,0.911,0.911,
0.958,0.958,0.958,0.958,0.958,0.958,0.958,0.958,0.958,0.958,
0.988,0.988,0.988,0.988,0.988,0.988,0.988,0.988,0.988,0.988,
0.985,0.985,0.985,0.985,0.985,0.985,0.985,0.985,0.985,0.985,
0.934,0.934,0.934,0.934,0.934,0.934,0.934,0.934,0.934,0.934,
0.869,0.869,0.869,0.869,0.869,0.869,0.869,0.869,0.869,0.869,
0.93,0.93,0.93,0.93,0.93,0.93,0.93,0.93,0.93,0.93,
1.0,1.0,1.0,1.0,1.0,1.0,1.0,1.0,1.0,1.0,
0.975,0.975,0.975,0.975,0.975,0.975,0.975,0.975,0.975,0.975,
0.998,0.998,0.998,0.998,0.998,0.998,0.998,0.998,0.998,0.998,
0.875,0.875,0.875,0.875,0.875,0.875,0.875,0.875,0.875,0.875,
0.998,0.998,0.998,0.998,0.998,0.998,0.998,0.998,0.998,0.998,
0.89,0.89,0.89,0.89,0.89,0.89,0.89,0.89,0.89,0.89,
0.946,0.946,0.946,0.946,0.946,0.946,0.946,0.946,0.946,0.946,
0.89,0.89,0.89,0.89,0.89,0.89,0.89,0.89,0.89,0.89,
0.919,0.919,0.919,0.919,0.919,0.919,0.919,0.919,0.919,0.919,
0.966,0.966,0.966,0.966,0.966,0.966,0.966,0.966,0.966,0.966,
0.924,0.924,0.924,0.924,0.924,0.924,0.924,0.924,0.924,0.924,
0.914,0.914,0.914,0.914,0.914,0.914,0.914,0.914,0.914,0.914,
0.884,0.884,0.884,0.884,0.884,0.884,0.884,0.884,0.884,0.884,
0.947,0.947,0.947,0.947,0.947,0.947,0.947,0.947,0.947,0.947,
0.935,0.935,0.935,0.935,0.935,0.935,0.935,0.935,0.935,0.935,
0.944,0.944,0.944,0.944,0.944,0.944,0.944,0.944,0.944,0.944,
0.853,0.853,0.853,0.853,0.853,0.853,0.853,0.853,0.853,0.853,
0.925,0.925,0.925,0.925,0.925,0.925,0.925,0.925,0.925,0.925,
1.0,1.0,1.0,1.0,1.0,1.0,1.0,1.0,1.0,1.0,
0.952,0.952,0.952,0.952,0.952,0.952,0.952,0.952,0.952,0.952,
1.0,1.0,1.0,1.0,1.0,1.0,1.0,1.0,1.0,1.0,
0.928,0.928,0.928,0.928,0.928,0.928,0.928,0.928,0.928,0.928,
0.941,0.941,0.941,0.941,0.941,0.941,0.941,0.941,0.941,0.941,
0.884,0.884,0.884,0.884,0.884,0.884,0.884,0.884,0.884,0.884,
0.925,0.925,0.925,0.925,0.925,0.925,0.925,0.925,0.925,0.925,
0.933,0.933,0.933,0.933,0.933,0.933,0.933,0.933,0.933,0.933,
0.972,0.972,0.972,0.972,0.972,0.972,0.972,0.972,0.972,0.972,
1.0,1.0,1.0,1.0,1.0,1.0,1.0,1.0,1.0,1.0,
0.919,0.919,0.919,0.919,0.919,0.919,0.919,0.919,0.919,0.919,
0.964,0.964,0.964,0.964,0.964,0.964,0.964,0.964,0.964,0.964,
0.814,0.814,0.814,0.814,0.814,0.814,0.814,0.814,0.814,0.814,
1.0,1.0,1.0,1.0,1.0,1.0,1.0,1.0,1.0,1.0,
0.789,0.789,0.789,0.789,0.789,0.789,0.789,0.789,0.789,0.789,
0.929,0.929,0.929,0.929,0.929,0.929,0.929,0.929,0.929,0.929,
0.938,0.938,0.938,0.938,0.938,0.938,0.938,0.938,0.938,0.938,
0.808,0.808,0.808,0.808,0.808,0.808,0.808,0.808,0.808,0.808,
0.949,0.949,0.949,0.949,0.949,0.949,0.949,0.949,0.949,0.949,
0.961,0.961,0.961,0.961,0.961,0.961,0.961,0.961,0.961,0.961,
0.938,0.938,0.938,0.938,0.938,0.938,0.938,0.938,0.938,0.938,
0.904,0.904,0.904,0.904,0.904,0.904,0.904,0.904,0.904,0.904,
0.973,0.973,0.973,0.973,0.973,0.973,0.973,0.973,0.973,0.973,
0.935,0.935,0.935,0.935,0.935,0.935,0.935,0.935,0.935,0.935,
0.938,0.938,0.938,0.938,0.938,0.938,0.938,0.938,0.938,0.938,
0.837,0.837,0.837,0.837,0.837,0.837,0.837,0.837,0.837,0.837,
0.935,0.935,0.935,0.935,0.935,0.935,0.935,0.935,0.935,0.935,

0.968,0.968,0.968,0.968,0.968,0.968,0.968,0.968,0.968,0.968,
0.994,0.994,0.994,0.994,0.994,0.994,0.994,0.994,0.994,0.994,
1.0,1.0,1.0,1.0,1.0,1.0,1.0,1.0,1.0,1.0,
1.0,1.0,1.0,1.0,1.0,1.0,1.0,1.0,1.0,1.0,
1.0,1.0,1.0,1.0,1.0,1.0,1.0,1.0,1.0,1.0,
0.96,0.96,0.96,0.96,0.96,0.96,0.96,0.96,0.96,0.96,
0.941,0.941,0.941,0.941,0.941,0.941,0.941,0.941,0.941,0.941,
0.911,0.911,0.911,0.911,0.911,0.911,0.911,0.911,0.911,0.911,
0.898,0.898,0.898,0.898,0.898,0.898,0.898,0.898,0.898,0.898,
0.941,0.941,0.941,0.941,0.941,0.941,0.941,0.941,0.941,0.941,
1.0,1.0,1.0,1.0,1.0,1.0,1.0,1.0,1.0,1.0,
0.975,0.975,0.975,0.975,0.975,0.975,0.975,0.975,0.975,0.975,
0.919,0.919,0.919,0.919,0.919,0.919,0.919,0.919,0.919,0.919,
1.0,1.0,1.0,1.0,1.0,1.0,1.0,1.0,1.0,1.0,
0.959,0.959,0.959,0.959,0.959,0.959,0.959,0.959,0.959,0.959,
1.0,1.0,1.0,1.0,1.0,1.0,1.0,1.0,1.0,1.0,
0.985,0.985,0.985,0.985,0.985,0.985,0.985,0.985,0.985,0.985,
0.932,0.932,0.932,0.932,0.932,0.932,0.932,0.932,0.932,0.932,
0.938,0.938,0.938,0.938,0.938,0.938,0.938,0.938,0.938,0.938,
1.0,1.0,1.0,1.0,1.0,1.0,1.0,1.0,1.0,1.0,
0.926,0.926,0.926,0.926,0.926,0.926,0.926,0.926,0.926,0.926,
1.0,1.0,1.0,1.0,1.0,1.0,1.0,1.0,1.0,1.0,
0.923,0.923,0.923,0.923,0.923,0.923,0.923,0.923,0.923,0.923,
1.0,1.0,1.0,1.0,1.0,1.0,1.0,1.0,1.0,1.0,
0.968,0.968,0.968,0.968,0.968,0.968,0.968,0.968,0.968,0.968,
1.0,1.0,1.0,1.0,1.0,1.0,1.0,1.0,1.0,1.0,
0.963,0.963,0.963,0.963,0.963,0.963,0.963,0.963,0.963,0.963,
0.965,0.965,0.965,0.965,0.965,0.965,0.965,0.965,0.965,0.965,
0.987,0.987,0.987,0.987,0.987,0.987,0.987,0.987,0.987,0.987,
1.0,1.0,1.0,1.0,1.0,1.0,1.0,1.0,1.0,1.0,
1.0,1.0,1.0,1.0,1.0,1.0,1.0,1.0,1.0,1.0,
0.917,0.917,0.917,0.917,0.917,0.917,0.917,0.917,0.917,0.917,
0.931,0.931,0.931,0.931,0.931,0.931,0.931,0.931,0.931,0.931,
1.0,1.0,1.0,1.0,1.0,1.0,1.0,1.0,1.0,1.0,
0.952,0.952,0.952,0.952,0.952,0.952,0.952,0.952,0.952,0.952,
0.978,0.978,0.978,0.978,0.978,0.978,0.978,0.978,0.978,0.978,
1.0,1.0,1.0,1.0,1.0,1.0,1.0,1.0,1.0,1.0,
1.0,1.0,1.0,1.0,1.0,1.0,1.0,1.0,1.0,1.0,
0.941,0.941,0.941,0.941,0.941,0.941,0.941,0.941,0.941,0.941,
1.0,1.0,1.0,1.0,1.0,1.0,1.0,1.0,1.0,1.0,
0.929,0.929,0.929,0.929,0.929,0.929,0.929,0.929,0.929,0.929,
0.941,0.941,0.941,0.941,0.941,0.941,0.941,0.941,0.941,0.941,
1.0,1.0,1.0,1.0,1.0,1.0,1.0,1.0,1.0,1.0,
1.0,1.0,1.0,1.0,1.0,1.0,1.0,1.0,1.0,1.0,
0.903,0.903,0.903,0.903,0.903,0.903,0.903,0.903,0.903,0.903,
1.0,1.0,1.0,1.0,1.0,1.0,1.0,1.0,1.0,1.0,
0.934,0.934,0.934,0.934,0.934,0.934,0.934,0.934,0.934,0.934,
0.981,0.981,0.981,0.981,0.981,0.981,0.981,0.981,0.981,0.981,
0.915,0.915,0.915,0.915,0.915,0.915,0.915,0.915,0.915,0.915,
1.0,1.0,1.0,1.0,1.0,1.0,1.0,1.0,1.0,1.0,
0.947,0.947,0.947,0.947,0.947,0.947,0.947,0.947,0.947,0.947,
0.964,0.964,0.964,0.964,0.964,0.964,0.964,0.964,0.964,0.964,
1.0,1.0,1.0,1.0,1.0,1.0,1.0,1.0,1.0,1.0,
0.963,0.963,0.963,0.963,0.963,0.963,0.963,0.963,0.963,0.963,
0.956,0.956,0.956,0.956,0.956,0.956,0.956,0.956,0.956,0.956,
0.92,0.92,0.92,0.92,0.92,0.92,0.92,0.92,0.92,0.92,
0.99,0.99,0.99,0.99,0.99,0.99,0.99,0.99,0.99,0.99,
0.952,0.952,0.952,0.952,0.952,0.952,0.952,0.952,0.952,0.952,
1.0,1.0,1.0,1.0,1.0,1.0,1.0,1.0,1.0,1.0,
0.966,0.966,0.966,0.966,0.966,0.966,0.966,0.966,0.966,0.966,
1.0,1.0,1.0,1.0,1.0,1.0,1.0,1.0,1.0,1.0,
0.927,0.927,0.927,0.927,0.927,0.927,0.927,0.927,0.927,0.927,
1.0,1.0,1.0,1.0,1.0,1.0,1.0,1.0,1.0,1.0,
1.0,1.0,1.0,1.0,1.0,1.0,1.0,1.0,1.0,1.0,
0.978,0.978,0.978,0.978,0.978,0.978,0.978,0.978,0.978,0.978,
1.0,1.0,1.0,1.0,1.0,1.0,1.0,1.0,1.0,1.0,
0.989,0.989,0.989,0.989,0.989,0.989,0.989,0.989,0.989,0.989,
0.896,0.896,0.896,0.896,0.896,0.896,0.896,0.896,0.896,0.896,
1.0,1.0,1.0,1.0,1.0,1.0,1.0,1.0,1.0,1.0,
1.0,1.0,1.0,1.0,1.0,1.0,1.0,1.0,1.0,1.0,
0.987,0.987,0.987,0.987,0.987,0.987,0.987,0.987,0.987,0.987,
0.997,0.997,0.997,0.997,0.997,0.997,0.997,0.997,0.997,0.997,
0.96,0.96,0.96,0.96,0.96,0.96,0.96,0.96,0.96,0.96,
0.962,0.962,0.962,0.962,0.962,0.962,0.962,0.962,0.962,0.962,
1.0,1.0,1.0,1.0,1.0,1.0,1.0,1.0,1.0,1.0,
0.993,0.993,0.993,0.993,0.993,0.993,0.993,0.993,0.993,0.993,
1.0,1.0,1.0,1.0,1.0,1.0,1.0,1.0,1.0,1.0,
0.986,0.986,0.986,0.986,0.986,0.986,0.986,0.986,0.986,0.986,
1.0,1.0,1.0,1.0,1.0,1.0,1.0,1.0,1.0,1.0,
1.0,1.0,1.0,1.0,1.0,1.0,1.0,1.0,1.0,1.0,
0.917,0.917,0.917,0.917,0.917,0.917,0.917,0.917,0.917,0.917,
1.0,1.0,1.0,1.0,1.0,1.0,1.0,1.0,1.0,1.0,
0.941,0.941,0.941,0.941,0.941,0.941,0.941,0.941,0.941,0.941,
0.911,0.911,0.911,0.911,0.911,0.911,0.911,0.911,0.911,0.911,
0.957,0.957,0.957,0.957,0.957,0.957,0.957,0.957,0.957,0.957,
1.0,1.0,1.0,1.0,1.0,1.0,1.0,1.0,1.0,1.0,
0.927,0.927,0.927,0.927,0.927,0.927,0.927,0.927,0.927,0.927,
0.96,0.96,0.96,0.96,0.96,0.96,0.96,0.96,0.96,0.96,
1.0,1.0,1.0,1.0,1.0,1.0,1.0,1.0,1.0,1.0,
1.0,1.0,1.0,1.0,1.0,1.0,1.0,1.0,1.0,1.0,
1.0,1.0,1.0,1.0,1.0,1.0,1.0,1.0,1.0,1.0,
0.947,0.947,0.947,0.947,0.947,0.947,0.947,0.947,0.947,0.947,
0.951,0.951,0.951,0.951,0.951,0.951,0.951,0.951,0.951,0.951,
1.0,1.0,1.0,1.0,1.0,1.0,1.0,1.0,1.0,1.0,
1.0,1.0,1.0,1.0,1.0,1.0,1.0,1.0,1.0,1.0,
0.985,0.985,0.985,0.985,0.985,0.985,0.985,0.985,0.985,0.985,
1.0,1.0,1.0,1.0,1.0,1.0,1.0,1.0,1.0,1.0,
0.919,0.919,0.919,0.919,0.919,0.919,0.919,0.919,0.919,0.919,
1.0,1.0,1.0,1.0,1.0,1.0,1.0,1.0,1.0,1.0,
1.0,1.0,1.0,1.0,1.0,1.0,1.0,1.0,1.0,1.0,

0.903,0.903,0.903,0.903,0.903,0.903,0.903,0.903,0.903,0.903,
0.936,0.936,0.936,0.936,0.936,0.936,0.936,0.936,0.936,0.936,
0.723,0.723,0.723,0.723,0.723,0.723,0.723,0.723,0.723,0.723,
0.953,0.953,0.953,0.953,0.953,0.953,0.953,0.953,0.953,0.953,
0.869,0.869,0.869,0.869,0.869,0.869,0.869,0.869,0.869,0.869,
0.975,0.975,0.975,0.975,0.975,0.975,0.975,0.975,0.975,0.975,
0.944,0.944,0.944,0.944,0.944,0.944,0.944,0.944,0.944,0.944,
0.948,0.948,0.948,0.948,0.948,0.948,0.948,0.948,0.948,0.948,
0.905,0.905,0.905,0.905,0.905,0.905,0.905,0.905,0.905,0.905,
1.0,1.0,1.0,1.0,1.0,1.0,1.0,1.0,1.0,1.0,
0.856,0.856,0.856,0.856,0.856,0.856,0.856,0.856,0.856,0.856,
0.969,0.969,0.969,0.969,0.969,0.969,0.969,0.969,0.969,0.969,
0.922,0.922,0.922,0.922,0.922,0.922,0.922,0.922,0.922,0.922,
0.764,0.764,0.764,0.764,0.764,0.764,0.764,0.764,0.764,0.764,
0.955,0.955,0.955,0.955,0.955,0.955,0.955,0.955,0.955,0.955,
0.951,0.951,0.951,0.951,0.951,0.951,0.951,0.951,0.951,0.951,
0.924,0.924,0.924,0.924,0.924,0.924,0.924,0.924,0.924,0.924,
0.943,0.943,0.943,0.943,0.943,0.943,0.943,0.943,0.943,0.943,
1.0,1.0,1.0,1.0,1.0,1.0,1.0,1.0,1.0,1.0,
0.916,0.916,0.916,0.916,0.916,0.916,0.916,0.916,0.916,0.916,
0.921,0.921,0.921,0.921,0.921,0.921,0.921,0.921,0.921,0.921,
0.877,0.877,0.877,0.877,0.877,0.877,0.877,0.877,0.877,0.877,
0.954,0.954,0.954,0.954,0.954,0.954,0.954,0.954,0.954,0.954,
0.816,0.816,0.816,0.816,0.816,0.816,0.816,0.816,0.816,0.816,
0.989,0.989,0.989,0.989,0.989,0.989,0.989,0.989,0.989,0.989,
0.913,0.913,0.913,0.913,0.913,0.913,0.913,0.913,0.913,0.913,
0.941,0.941,0.941,0.941,0.941,0.941,0.941,0.941,0.941,0.941,
0.955,0.955,0.955,0.955,0.955,0.955,0.955,0.955,0.955,0.955,
0.948,0.948,0.948,0.948,0.948,0.948,0.948,0.948,0.948,0.948,
0.863,0.863,0.863,0.863,0.863,0.863,0.863,0.863,0.863,0.863,
0.916,0.916,0.916,0.916,0.916,0.916,0.916,0.916,0.916,0.916,
0.935,0.935,0.935,0.935,0.935,0.935,0.935,0.935,0.935,0.935,
0.91,0.91,0.91,0.91,0.91,0.91,0.91,0.91,0.91,0.91,
0.756,0.756,0.756,0.756,0.756,0.756,0.756,0.756,0.756,0.756,
0.933,0.933,0.933,0.933,0.933,0.933,0.933,0.933,0.933,0.933,
0.979,0.979,0.979,0.979,0.979,0.979,0.979,0.979,0.979,0.979,
0.949,0.949,0.949,0.949,0.949,0.949,0.949,0.949,0.949,0.949,
0.881,0.881,0.881,0.881,0.881,0.881,0.881,0.881,0.881,0.881,
0.946,0.946,0.946,0.946,0.946,0.946,0.946,0.946,0.946,0.946,
0.894,0.894,0.894,0.894,0.894,0.894,0.894,0.894,0.894,0.894,
0.936,0.936,0.936,0.936,0.936,0.936,0.936,0.936,0.936,0.936,
0.916,0.916,0.916,0.916,0.916,0.916,0.916,0.916,0.916,0.916,
0.935,0.935,0.935,0.935,0.935,0.935,0.935,0.935,0.935,0.935,
0.87,0.87,0.87,0.87,0.87,0.87,0.87,0.87,0.87,0.87,
0.953,0.953,0.953,0.953,0.953,0.953,0.953,0.953,0.953,0.953,
0.933,0.933,0.933,0.933,0.933,0.933,0.933,0.933,0.933,0.933,
0.922,0.922,0.922,0.922,0.922,0.922,0.922,0.922,0.922,0.922,
0.959,0.959,0.959,0.959,0.959,0.959,0.959,0.959,0.959,0.959,
0.885,0.885,0.885,0.885,0.885,0.885,0.885,0.885,0.885,0.885,
0.958,0.958,0.958,0.958,0.958,0.958,0.958,0.958,0.958,0.958,
0.933,0.933,0.933,0.933,0.933,0.933,0.933,0.933,0.933,0.933,
0.939,0.939,0.939,0.939,0.939,0.939,0.939,0.939,0.939,0.939,
0.913,0.913,0.913,0.913,0.913,0.913,0.913,0.913,0.913,0.913,
0.844,0.844,0.844,0.844,0.844,0.844,0.844,0.844,0.844,0.844,
0.963,0.963,0.963,0.963,0.963,0.963,0.963,0.963,0.963,0.963,
0.985,0.985,0.985,0.985,0.985,0.985,0.985,0.985,0.985,0.985,
0.975,0.975,0.975,0.975,0.975,0.975,0.975,0.975,0.975,0.975,
0.977,0.977,0.977,0.977,0.977,0.977,0.977,0.977,0.977,0.977,
0.907,0.907,0.907,0.907,0.907,0.907,0.907,0.907,0.907,0.907,
0.97,0.97,0.97,0.97,0.97,0.97,0.97,0.97,0.97,0.97,
0.916,0.916,0.916,0.916,0.916,0.916,0.916,0.916,0.916,0.916,
0.904,0.904,0.904,0.904,0.904,0.904,0.904,0.904,0.904,0.904,
0.908,0.908,0.908,0.908,0.908,0.908,0.908,0.908,0.908,0.908,
0.875,0.875,0.875,0.875,0.875,0.875,0.875,0.875,0.875,0.875,
1.0,1.0,1.0,1.0,1.0,1.0,1.0,1.0,1.0,1.0,
0.941,0.941,0.941,0.941,0.941,0.941,0.941,0.941,0.941,0.941,
0.914,0.914,0.914,0.914,0.914,0.914,0.914,0.914,0.914,0.914,
0.907,0.907,0.907,0.907,0.907,0.907,0.907,0.907,0.907,0.907,
0.947,0.947,0.947,0.947,0.947,0.947,0.947,0.947,0.947,0.947,
0.951,0.951,0.951,0.951,0.951,0.951,0.951,0.951,0.951,0.951,
0.954,0.954,0.954,0.954,0.954,0.954,0.954,0.954,0.954,0.954,
0.828,0.828,0.828,0.828,0.828,0.828,0.828,0.828,0.828,0.828,
0.883,0.883,0.883,0.883,0.883,0.883,0.883,0.883,0.883,0.883,
0.979,0.979,0.979,0.979,0.979,0.979,0.979,0.979,0.979,0.979,
0.961,0.961,0.961,0.961,0.961,0.961,0.961,0.961,0.961,0.961,
0.95,0.95,0.95,0.95,0.95,0.95,0.95,0.95,0.95,0.95,
0.928,0.928,0.928,0.928,0.928,0.928,0.928,0.928,0.928,0.928,
0.939,0.939,0.939,0.939,0.939,0.939,0.939,0.939,0.939,0.939,
0.906,0.906,0.906,0.906,0.906,0.906,0.906,0.906,0.906,0.906,
0.925,0.925,0.925,0.925,0.925,0.925,0.925,0.925,0.925,0.925,
0.931,0.931,0.931,0.931,0.931,0.931,0.931,0.931,0.931,0.931,
0.972,0.972,0.972,0.972,0.972,0.972,0.972,0.972,0.972,0.972,
1.0,1.0,1.0,1.0,1.0,1.0,1.0,1.0,1.0,1.0,
0.934,0.934,0.934,0.934,0.934,0.934,0.934,0.934,0.934,0.934,
1.0,1.0,1.0,1.0,1.0,1.0,1.0,1.0,1.0,1.0,
0.835,0.835,0.835,0.835,0.835,0.835,0.835,0.835,0.835,0.835,
0.906,0.906,0.906,0.906,0.906,0.906,0.906,0.906,0.906,0.906,
0.873,0.873,0.873,0.873,0.873,0.873,0.873,0.873,0.873,0.873,
0.929,0.929,0.929,0.929,0.929,0.929,0.929,0.929,0.929,0.929,
0.931,0.931,0.931,0.931,0.931,0.931,0.931,0.931,0.931,0.931,
0.817,0.817,0.817,0.817,0.817,0.817,0.817,0.817,0.817,0.817,
0.927,0.927,0.927,0.927,0.927,0.927,0.927,0.927,0.927,0.927,
0.944,0.944,0.944,0.944,0.944,0.944,0.944,0.944,0.944,0.944,
0.938,0.938,0.938,0.938,0.938,0.938,0.938,0.938,0.938,0.938,
0.8,0.8,0.8,0.8,0.8,0.8,0.8,0.8,0.8,0.8,
0.991,0.991,0.991,0.991,0.991,0.991,0.991,0.991,0.991,0.991,
0.927,0.927,0.927,0.927,0.927,0.927,0.927,0.927,0.927,0.927,
0.917,0.917,0.917,0.917,0.917,0.917,0.917,0.917,0.917,0.917,
0.803,0.803,0.803,0.803,0.803,0.803,0.803,0.803,0.803,0.803,
0.957,0.957,0.957,0.957,0.957,0.957,0.957,0.957,0.957,0.957,


