0.947,0.947,0.947,0.947,0.947,0.947,0.947,0.947,0.947,0.947,
1.0,1.0,1.0,1.0,1.0,1.0,1.0,1.0,1.0,1.0,
0.704,0.704,0.704,0.704,0.704,0.704,0.704,0.704,0.704,0.704,
0.996,0.996,0.996,0.996,0.996,0.996,0.996,0.996,0.996,0.996,
0.92,0.92,0.92,0.92,0.92,0.92,0.92,0.92,0.92,0.92,
1.0,1.0,1.0,1.0,1.0,1.0,1.0,1.0,1.0,1.0,
0.957,0.957,0.957,0.957,0.957,0.957,0.957,0.957,0.957,0.957,
0.899,0.899,0.899,0.899,0.899,0.899,0.899,0.899,0.899,0.899,
1.0,1.0,1.0,1.0,1.0,1.0,1.0,1.0,1.0,1.0,
0.984,0.984,0.984,0.984,0.984,0.984,0.984,0.984,0.984,0.984,
0.918,0.918,0.918,0.918,0.918,0.918,0.918,0.918,0.918,0.918,
0.973,0.973,0.973,0.973,0.973,0.973,0.973,0.973,0.973,0.973,
0.971,0.971,0.971,0.971,0.971,0.971,0.971,0.971,0.971,0.971,
0.772,0.772,0.772,0.772,0.772,0.772,0.772,0.772,0.772,0.772,
1.0,1.0,1.0,1.0,1.0,1.0,1.0,1.0,1.0,1.0,
0.943,0.943,0.943,0.943,0.943,0.943,0.943,0.943,0.943,0.943,
1.0,1.0,1.0,1.0,1.0,1.0,1.0,1.0,1.0,1.0,
1.0,1.0,1.0,1.0,1.0,1.0,1.0,1.0,1.0,1.0,
0.985,0.985,0.985,0.985,0.985,0.985,0.985,0.985,0.985,0.985,
0.918,0.918,0.918,0.918,0.918,0.918,0.918,0.918,0.918,0.918,
1.0,1.0,1.0,1.0,1.0,1.0,1.0,1.0,1.0,1.0,
0.913,0.913,0.913,0.913,0.913,0.913,0.913,0.913,0.913,0.913,
0.975,0.975,0.975,0.975,0.975,0.975,0.975,0.975,0.975,0.975,
0.822,0.822,0.822,0.822,0.822,0.822,0.822,0.822,0.822,0.822,
0.953,0.953,0.953,0.953,0.953,0.953,0.953,0.953,0.953,0.953,
0.949,0.949,0.949,0.949,0.949,0.949,0.949,0.949,0.949,0.949,
1.0,1.0,1.0,1.0,1.0,1.0,1.0,1.0,1.0,1.0,
0.997,0.997,0.997,0.997,0.997,0.997,0.997,0.997,0.997,0.997,
1.0,1.0,1.0,1.0,1.0,1.0,1.0,1.0,1.0,1.0,
0.871,0.871,0.871,0.871,0.871,0.871,0.871,0.871,0.871,0.871,
0.917,0.917,0.917,0.917,0.917,0.917,0.917,0.917,0.917,0.917,
1.0,1.0,1.0,1.0,1.0,1.0,1.0,1.0,1.0,1.0,
0.978,0.978,0.978,0.978,0.978,0.978,0.978,0.978,0.978,0.978,
0.777,0.777,0.777,0.777,0.777,0.777,0.777,0.777,0.777,0.777,
1.0,1.0,1.0,1.0,1.0,1.0,1.0,1.0,1.0,1.0,
1.0,1.0,1.0,1.0,1.0,1.0,1.0,1.0,1.0,1.0,
0.966,0.966,0.966,0.966,0.966,0.966,0.966,0.966,0.966,0.966,
0.943,0.943,0.943,0.943,0.943,0.943,0.943,0.943,0.943,0.943,
0.952,0.952,0.952,0.952,0.952,0.952,0.952,0.952,0.952,0.952,
0.99,0.99,0.99,0.99,0.99,0.99,0.99,0.99,0.99,0.99,
1.0,1.0,1.0,1.0,1.0,1.0,1.0,1.0,1.0,1.0,
1.0,1.0,1.0,1.0,1.0,1.0,1.0,1.0,1.0,1.0,
0.993,0.993,0.993,0.993,0.993,0.993,0.993,0.993,0.993,0.993,
0.878,0.878,0.878,0.878,0.878,0.878,0.878,0.878,0.878,0.878,
1.0,1.0,1.0,1.0,1.0,1.0,1.0,1.0,1.0,1.0,
0.981,0.981,0.981,0.981,0.981,0.981,0.981,0.981,0.981,0.981,
1.0,1.0,1.0,1.0,1.0,1.0,1.0,1.0,1.0,1.0,
0.917,0.917,0.917,0.917,0.917,0.917,0.917,0.917,0.917,0.917,
0.929,0.929,0.929,0.929,0.929,0.929,0.929,0.929,0.929,0.929,
1.0,1.0,1.0,1.0,1.0,1.0,1.0,1.0,1.0,1.0,
1.0,1.0,1.0,1.0,1.0,1.0,1.0,1.0,1.0,1.0,
0.998,0.998,0.998,0.998,0.998,0.998,0.998,0.998,0.998,0.998,
0.997,0.997,0.997,0.997,0.997,0.997,0.997,0.997,0.997,0.997,
1.0,1.0,1.0,1.0,1.0,1.0,1.0,1.0,1.0,1.0,
1.0,1.0,1.0,1.0,1.0,1.0,1.0,1.0,1.0,1.0,
0.969,0.969,0.969,0.969,0.969,0.969,0.969,0.969,0.969,0.969,
1.0,1.0,1.0,1.0,1.0,1.0,1.0,1.0,1.0,1.0,
1.0,1.0,1.0,1.0,1.0,1.0,1.0,1.0,1.0,1.0,
0.915,0.915,0.915,0.915,0.915,0.915,0.915,0.915,0.915,0.915,
0.962,0.962,0.962,0.962,0.962,0.962,0.962,0.962,0.962,0.962,
0.94,0.94,0.94,0.94,0.94,0.94,0.94,0.94,0.94,0.94,
1.0,1.0,1.0,1.0,1.0,1.0,1.0,1.0,1.0,1.0,
0.907,0.907,0.907,0.907,0.907,0.907,0.907,0.907,0.907,0.907,
0.934,0.934,0.934,0.934,0.934,0.934,0.934,0.934,0.934,0.934,
0.983,0.983,0.983,0.983,0.983,0.983,0.983,0.983,0.983,0.983,
0.993,0.993,0.993,0.993,0.993,0.993,0.993,0.993,0.993,0.993,
0.946,0.946,0.946,0.946,0.946,0.946,0.946,0.946,0.946,0.946,
0.973,0.973,0.973,0.973,0.973,0.973,0.973,0.973,0.973,0.973,
0.898,0.898,0.898,0.898,0.898,0.898,0.898,0.898,0.898,0.898,
0.965,0.965,0.965,0.965,0.965,0.965,0.965,0.965,0.965,0.965,
1.0,1.0,1.0,1.0,1.0,1.0,1.0,1.0,1.0,1.0,
0.867,0.867,0.867,0.867,0.867,0.867,0.867,0.867,0.867,0.867,
1.0,1.0,1.0,1.0,1.0,1.0,1.0,1.0,1.0,1.0,
0.945,0.945,0.945,0.945,0.945,0.945,0.945,0.945,0.945,0.945,
0.969,0.969,0.969,0.969,0.969,0.969,0.969,0.969,0.969,0.969,
0.977,0.977,0.977,0.977,0.977,0.977,0.977,0.977,0.977,0.977,
0.999,0.999,0.999,0.999,0.999,0.999,0.999,0.999,0.999,0.999,
0.988,0.988,0.988,0.988,0.988,0.988,0.988,0.988,0.988,0.988,
0.884,0.884,0.884,0.884,0.884,0.884,0.884,0.884,0.884,0.884,
0.917,0.917,0.917,0.917,0.917,0.917,0.917,0.917,0.917,0.917,
0.954,0.954,0.954,0.954,0.954,0.954,0.954,0.954,0.954,0.954,
0.972,0.972,0.972,0.972,0.972,0.972,0.972,0.972,0.972,0.972,
0.956,0.956,0.956,0.956,0.956,0.956,0.956,0.956,0.956,0.956,
0.992,0.992,0.992,0.992,0.992,0.992,0.992,0.992,0.992,0.992,
0.997,0.997,0.997,0.997,0.997,0.997,0.997,0.997,0.997,0.997,
0.855,0.855,0.855,0.855,0.855,0.855,0.855,0.855,0.855,0.855,
0.935,0.935,0.935,0.935,0.935,0.935,0.935,0.935,0.935,0.935,
1.0,1.0,1.0,1.0,1.0,1.0,1.0,1.0,1.0,1.0,
0.974,0.974,0.974,0.974,0.974,0.974,0.974,0.974,0.974,0.974,
0.963,0.963,0.963,0.963,0.963,0.963,0.963,0.963,0.963,0.963,
0.839,0.839,0.839,0.839,0.839,0.839,0.839,0.839,0.839,0.839,
0.957,0.957,0.957,0.957,0.957,0.957,0.957,0.957,0.957,0.957,
1.0,1.0,1.0,1.0,1.0,1.0,1.0,1.0,1.0,1.0,
0.92,0.92,0.92,0.92,0.92,0.92,0.92,0.92,0.92,0.92,
0.945,0.945,0.945,0.945,0.945,0.945,0.945,0.945,0.945,0.945,
0.997,0.997,0.997,0.997,0.997,0.997,0.997,0.997,0.997,0.997,
0.995,0.995,0.995,0.995,0.995,0.995,0.995,0.995,0.995,0.995,
1.0,1.0,1.0,1.0,1.0,1.0,1.0,1.0,1.0,1.0,
0.826,0.826,0.826,0.826,0.826,0.826,0.826,0.826,0.826,0.826,
0.944,0.944,0.944,0.944,0.944,0.944,0.944,0.944,0.944,0.944,

1.0,1.0,1.0,1.0,1.0,1.0,1.0,1.0,1.0,1.0,
0.937,0.937,0.937,0.937,0.937,0.937,0.937,0.937,0.937,0.937,
0.739,0.739,0.739,0.739,0.739,0.739,0.739,0.739,0.739,0.739,
0.985,0.985,0.985,0.985,0.985,0.985,0.985,0.985,0.985,0.985,
0.887,0.887,0.887,0.887,0.887,0.887,0.887,0.887,0.887,0.887,
0.934,0.934,0.934,0.934,0.934,0.934,0.934,0.934,0.934,0.934,
1.0,1.0,1.0,1.0,1.0,1.0,1.0,1.0,1.0,1.0,
1.0,1.0,1.0,1.0,1.0,1.0,1.0,1.0,1.0,1.0,
0.896,0.896,0.896,0.896,0.896,0.896,0.896,0.896,0.896,0.896,
0.993,0.993,0.993,0.993,0.993,0.993,0.993,0.993,0.993,0.993,
0.855,0.855,0.855,0.855,0.855,0.855,0.855,0.855,0.855,0.855,
1.0,1.0,1.0,1.0,1.0,1.0,1.0,1.0,1.0,1.0,
0.927,0.927,0.927,0.927,0.927,0.927,0.927,0.927,0.927,0.927,
0.772,0.772,0.772,0.772,0.772,0.772,0.772,0.772,0.772,0.772,
0.969,0.969,0.969,0.969,0.969,0.969,0.969,0.969,0.969,0.969,
0.955,0.955,0.955,0.955,0.955,0.955,0.955,0.955,0.955,0.955,
0.908,0.908,0.908,0.908,0.908,0.908,0.908,0.908,0.908,0.908,
0.926,0.926,0.926,0.926,0.926,0.926,0.926,0.926,0.926,0.926,
0.974,0.974,0.974,0.974,0.974,0.974,0.974,0.974,0.974,0.974,
0.955,0.955,0.955,0.955,0.955,0.955,0.955,0.955,0.955,0.955,
0.926,0.926,0.926,0.926,0.926,0.926,0.926,0.926,0.926,0.926,
0.865,0.865,0.865,0.865,0.865,0.865,0.865,0.865,0.865,0.865,
0.958,0.958,0.958,0.958,0.958,0.958,0.958,0.958,0.958,0.958,
0.804,0.804,0.804,0.804,0.804,0.804,0.804,0.804,0.804,0.804,
0.965,0.965,0.965,0.965,0.965,0.965,0.965,0.965,0.965,0.965,
0.939,0.939,0.939,0.939,0.939,0.939,0.939,0.939,0.939,0.939,
0.927,0.927,0.927,0.927,0.927,0.927,0.927,0.927,0.927,0.927,
0.986,0.986,0.986,0.986,0.986,0.986,0.986,0.986,0.986,0.986,
0.933,0.933,0.933,0.933,0.933,0.933,0.933,0.933,0.933,0.933,
0.817,0.817,0.817,0.817,0.817,0.817,0.817,0.817,0.817,0.817,
0.917,0.917,0.917,0.917,0.917,0.917,0.917,0.917,0.917,0.917,
0.926,0.926,0.926,0.926,0.926,0.926,0.926,0.926,0.926,0.926,
1.0,1.0,1.0,1.0,1.0,1.0,1.0,1.0,1.0,1.0,
0.754,0.754,0.754,0.754,0.754,0.754,0.754,0.754,0.754,0.754,
0.988,0.988,0.988,0.988,0.988,0.988,0.988,0.988,0.988,0.988,
0.958,0.958,0.958,0.958,0.958,0.958,0.958,0.958,0.958,0.958,
0.921,0.921,0.921,0.921,0.921,0.921,0.921,0.921,0.921,0.921,
0.894,0.894,0.894,0.894,0.894,0.894,0.894,0.894,0.894,0.894,
0.963,0.963,0.963,0.963,0.963,0.963,0.963,0.963,0.963,0.963,
0.942,0.942,0.942,0.942,0.942,0.942,0.942,0.942,0.942,0.942,
0.947,0.947,0.947,0.947,0.947,0.947,0.947,0.947,0.947,0.947,
0.917,0.917,0.917,0.917,0.917,0.917,0.917,0.917,0.917,0.917,
0.936,0.936,0.936,0.936,0.936,0.936,0.936,0.936,0.936,0.936,
0.878,0.878,0.878,0.878,0.878,0.878,0.878,0.878,0.878,0.878,
0.953,0.953,0.953,0.953,0.953,0.953,0.953,0.953,0.953,0.953,
0.976,0.976,0.976,0.976,0.976,0.976,0.976,0.976,0.976,0.976,
0.884,0.884,0.884,0.884,0.884,0.884,0.884,0.884,0.884,0.884,
0.917,0.917,0.917,0.917,0.917,0.917,0.917,0.917,0.917,0.917,
1.0,1.0,1.0,1.0,1.0,1.0,1.0,1.0,1.0,1.0,
1.0,1.0,1.0,1.0,1.0,1.0,1.0,1.0,1.0,1.0,
1.0,1.0,1.0,1.0,1.0,1.0,1.0,1.0,1.0,1.0,
0.965,0.965,0.965,0.965,0.965,0.965,0.965,0.965,0.965,0.965,
0.971,0.971,0.971,0.971,0.971,0.971,0.971,0.971,0.971,0.971,
0.822,0.822,0.822,0.822,0.822,0.822,0.822,0.822,0.822,0.822,
0.977,0.977,0.977,0.977,0.977,0.977,0.977,0.977,0.977,0.977,
0.976,0.976,0.976,0.976,0.976,0.976,0.976,0.976,0.976,0.976,
1.0,1.0,1.0,1.0,1.0,1.0,1.0,1.0,1.0,1.0,
0.944,0.944,0.944,0.944,0.944,0.944,0.944,0.944,0.944,0.944,
0.907,0.907,0.907,0.907,0.907,0.907,0.907,0.907,0.907,0.907,
0.985,0.985,0.985,0.985,0.985,0.985,0.985,0.985,0.985,0.985,
0.906,0.906,0.906,0.906,0.906,0.906,0.906,0.906,0.906,0.906,
0.918,0.918,0.918,0.918,0.918,0.918,0.918,0.918,0.918,0.918,
0.93,0.93,0.93,0.93,0.93,0.93,0.93,0.93,0.93,0.93,
0.877,0.877,0.877,0.877,0.877,0.877,0.877,0.877,0.877,0.877,
0.947,0.947,0.947,0.947,0.947,0.947,0.947,0.947,0.947,0.947,
1.0,1.0,1.0,1.0,1.0,1.0,1.0,1.0,1.0,1.0,
0.915,0.915,0.915,0.915,0.915,0.915,0.915,0.915,0.915,0.915,
1.0,1.0,1.0,1.0,1.0,1.0,1.0,1.0,1.0,1.0,
1.0,1.0,1.0,1.0,1.0,1.0,1.0,1.0,1.0,1.0,
0.951,0.951,0.951,0.951,0.951,0.951,0.951,0.951,0.951,0.951,
0.962,0.962,0.962,0.962,0.962,0.962,0.962,0.962,0.962,0.962,
0.834,0.834,0.834,0.834,0.834,0.834,0.834,0.834,0.834,0.834,
0.871,0.871,0.871,0.871,0.871,0.871,0.871,0.871,0.871,0.871,
0.938,0.938,0.938,0.938,0.938,0.938,0.938,0.938,0.938,0.938,
0.925,0.925,0.925,0.925,0.925,0.925,0.925,0.925,0.925,0.925,
0.949,0.949,0.949,0.949,0.949,0.949,0.949,0.949,0.949,0.949,
0.934,0.934,0.934,0.934,0.934,0.934,0.934,0.934,0.934,0.934,
1.0,1.0,1.0,1.0,1.0,1.0,1.0,1.0,1.0,1.0,
0.972,0.972,0.972,0.972,0.972,0.972,0.972,0.972,0.972,0.972,
0.927,0.927,0.927,0.927,0.927,0.927,0.927,0.927,0.927,0.927,
1.0,1.0,1.0,1.0,1.0,1.0,1.0,1.0,1.0,1.0,
0.972,0.972,0.972,0.972,0.972,0.972,0.972,0.972,0.972,0.972,
0.938,0.938,0.938,0.938,0.938,0.938,0.938,0.938,0.938,0.938,
0.979,0.979,0.979,0.979,0.979,0.979,0.979,0.979,0.979,0.979,
0.959,0.959,0.959,0.959,0.959,0.959,0.959,0.959,0.959,0.959,
0.864,0.864,0.864,0.864,0.864,0.864,0.864,0.864,0.864,0.864,
0.906,0.906,0.906,0.906,0.906,0.906,0.906,0.906,0.906,0.906,
0.967,0.967,0.967,0.967,0.967,0.967,0.967,0.967,0.967,0.967,
0.929,0.929,0.929,0.929,0.929,0.929,0.929,0.929,0.929,0.929,
0.946,0.946,0.946,0.946,0.946,0.946,0.946,0.946,0.946,0.946,
0.823,0.823,0.823,0.823,0.823,0.823,0.823,0.823,0.823,0.823,
1.0,1.0,1.0,1.0,1.0,1.0,1.0,1.0,1.0,1.0,
0.961,0.961,0.961,0.961,0.961,0.961,0.961,0.961,0.961,0.961,
0.978,0.978,0.978,0.978,0.978,0.978,0.978,0.978,0.978,0.978,
0.8,0.8,0.8,0.8,0.8,0.8,0.8,0.8,0.8,0.8,
1.0,1.0,1.0,1.0,1.0,1.0,1.0,1.0,1.0,1.0,
0.965,0.965,0.965,0.965,0.965,0.965,0.965,0.965,0.965,0.965,
0.997,0.997,0.997,0.997,0.997,0.997,0.997,0.997,0.997,0.997,
0.829,0.829,0.829,0.829,0.829,0.829,0.829,0.829,0.829,0.829,
0.908,0.908,0.908,0.908,0.908,0.908,0.908,0.908,0.908,0.908,

0.927,0.927,0.927,0.927,0.927,0.927,0.927,0.927,0.927,0.927,
0.956,0.956,0.956,0.956,0.956,0.956,0.956,0.956,0.956,0.956,
0.727,0.727,0.727,0.727,0.727,0.727,0.727,0.727,0.727,0.727,
0.987,0.987,0.987,0.987,0.987,0.987,0.987,0.987,0.987,0.987,
0.969,0.969,0.969,0.969,0.969,0.969,0.969,0.969,0.969,0.969,
0.981,0.981,0.981,0.981,0.981,0.981,0.981,0.981,0.981,0.981,
0.916,0.916,0.916,0.916,0.916,0.916,0.916,0.916,0.916,0.916,
0.909,0.909,0.909,0.909,0.909,0.909,0.909,0.909,0.909,0.909,
0.977,0.977,0.977,0.977,0.977,0.977,0.977,0.977,0.977,0.977,
1.0,1.0,1.0,1.0,1.0,1.0,1.0,1.0,1.0,1.0,
0.885,0.885,0.885,0.885,0.885,0.885,0.885,0.885,0.885,0.885,
0.939,0.939,0.939,0.939,0.939,0.939,0.939,0.939,0.939,0.939,
1.0,1.0,1.0,1.0,1.0,1.0,1.0,1.0,1.0,1.0,
0.723,0.723,0.723,0.723,0.723,0.723,0.723,0.723,0.723,0.723,
0.974,0.974,0.974,0.974,0.974,0.974,0.974,0.974,0.974,0.974,
0.96,0.96,0.96,0.96,0.96,0.96,0.96,0.96,0.96,0.96,
0.933,0.933,0.933,0.933,0.933,0.933,0.933,0.933,0.933,0.933,
0.996,0.996,0.996,0.996,0.996,0.996,0.996,0.996,0.996,0.996,
0.934,0.934,0.934,0.934,0.934,0.934,0.934,0.934,0.934,0.934,
0.884,0.884,0.884,0.884,0.884,0.884,0.884,0.884,0.884,0.884,
0.943,0.943,0.943,0.943,0.943,0.943,0.943,0.943,0.943,0.943,
0.877,0.877,0.877,0.877,0.877,0.877,0.877,0.877,0.877,0.877,
0.997,0.997,0.997,0.997,0.997,0.997,0.997,0.997,0.997,0.997,
0.844,0.844,0.844,0.844,0.844,0.844,0.844,0.844,0.844,0.844,
0.93,0.93,0.93,0.93,0.93,0.93,0.93,0.93,0.93,0.93,
0.921,0.921,0.921,0.921,0.921,0.921,0.921,0.921,0.921,0.921,
0.988,0.988,0.988,0.988,0.988,0.988,0.988,0.988,0.988,0.988,
1.0,1.0,1.0,1.0,1.0,1.0,1.0,1.0,1.0,1.0,
0.944,0.944,0.944,0.944,0.944,0.944,0.944,0.944,0.944,0.944,
0.839,0.839,0.839,0.839,0.839,0.839,0.839,0.839,0.839,0.839,
0.956,0.956,0.956,0.956,0.956,0.956,0.956,0.956,0.956,0.956,
0.945,0.945,0.945,0.945,0.945,0.945,0.945,0.945,0.945,0.945,
0.964,0.964,0.964,0.964,0.964,0.964,0.964,0.964,0.964,0.964,
0.754,0.754,0.754,0.754,0.754,0.754,0.754,0.754,0.754,0.754,
0.957,0.957,0.957,0.957,0.957,0.957,0.957,0.957,0.957,0.957,
0.964,0.964,0.964,0.964,0.964,0.964,0.964,0.964,0.964,0.964,
0.947,0.947,0.947,0.947,0.947,0.947,0.947,0.947,0.947,0.947,
0.933,0.933,0.933,0.933,0.933,0.933,0.933,0.933,0.933,0.933,
1.0,1.0,1.0,1.0,1.0,1.0,1.0,1.0,1.0,1.0,
0.946,0.946,0.946,0.946,0.946,0.946,0.946,0.946,0.946,0.946,
0.906,0.906,0.906,0.906,0.906,0.906,0.906,0.906,0.906,0.906,
0.943,0.943,0.943,0.943,0.943,0.943,0.943,0.943,0.943,0.943,
0.945,0.945,0.945,0.945,0.945,0.945,0.945,0.945,0.945,0.945,
0.869,0.869,0.869,0.869,0.869,0.869,0.869,0.869,0.869,0.869,
0.953,0.953,0.953,0.953,0.953,0.953,0.953,0.953,0.953,0.953,
0.952,0.952,0.952,0.952,0.952,0.952,0.952,0.952,0.952,0.952,
0.875,0.875,0.875,0.875,0.875,0.875,0.875,0.875,0.875,0.875,
1.0,1.0,1.0,1.0,1.0,1.0,1.0,1.0,1.0,1.0,
0.93,0.93,0.93,0.93,0.93,0.93,0.93,0.93,0.93,0.93,
0.957,0.957,0.957,0.957,0.957,0.957,0.957,0.957,0.957,0.957,
0.989,0.989,0.989,0.989,0.989,0.989,0.989,0.989,0.989,0.989,
1.0,1.0,1.0,1.0,1.0,1.0,1.0,1.0,1.0,1.0,
0.917,0.917,0.917,0.917,0.917,0.917,0.917,0.917,0.917,0.917,
0.937,0.937,0.937,0.937,0.937,0.937,0.937,0.937,0.937,0.937,
0.972,0.972,0.972,0.972,0.972,0.972,0.972,0.972,0.972,0.972,
0.957,0.957,0.957,0.957,0.957,0.957,0.957,0.957,0.957,0.957,
0.974,0.974,0.974,0.974,0.974,0.974,0.974,0.974,0.974,0.974,
0.938,0.938,0.938,0.938,0.938,0.938,0.938,0.938,0.938,0.938,
0.923,0.923,0.923,0.923,0.923,0.923,0.923,0.923,0.923,0.923,
0.98,0.98,0.98,0.98,0.98,0.98,0.98,0.98,0.98,0.98,
0.982,0.982,0.982,0.982,0.982,0.982,0.982,0.982,0.982,0.982,
0.944,0.944,0.944,0.944,0.944,0.944,0.944,0.944,0.944,0.944,
0.957,0.957,0.957,0.957,0.957,0.957,0.957,0.957,0.957,0.957,
0.923,0.923,0.923,0.923,0.923,0.923,0.923,0.923,0.923,0.923,
0.955,0.955,0.955,0.955,0.955,0.955,0.955,0.955,0.955,0.955,
0.98,0.98,0.98,0.98,0.98,0.98,0.98,0.98,0.98,0.98,
1.0,1.0,1.0,1.0,1.0,1.0,1.0,1.0,1.0,1.0,
0.886,0.886,0.886,0.886,0.886,0.886,0.886,0.886,0.886,0.886,
0.948,0.948,0.948,0.948,0.948,0.948,0.948,0.948,0.948,0.948,
0.936,0.936,0.936,0.936,0.936,0.936,0.936,0.936,0.936,0.936,
0.943,0.943,0.943,0.943,0.943,0.943,0.943,0.943,0.943,0.943,
1.0,1.0,1.0,1.0,1.0,1.0,1.0,1.0,1.0,1.0,
0.94,0.94,0.94,0.94,0.94,0.94,0.94,0.94,0.94,0.94,
0.963,0.963,0.963,0.963,0.963,0.963,0.963,0.963,0.963,0.963,
0.97,0.97,0.97,0.97,0.97,0.97,0.97,0.97,0.97,0.97,
0.942,0.942,0.942,0.942,0.942,0.942,0.942,0.942,0.942,0.942,
0.966,0.966,0.966,0.966,0.966,0.966,0.966,0.966,0.966,0.966,
0.928,0.928,0.928,0.928,0.928,0.928,0.928,0.928,0.928,0.928,
0.982,0.982,0.982,0.982,0.982,0.982,0.982,0.982,0.982,0.982,
0.9,0.9,0.9,0.9,0.9,0.9,0.9,0.9,0.9,0.9,
0.951,0.951,0.951,0.951,0.951,0.951,0.951,0.951,0.951,0.951,
0.972,0.972,0.972,0.972,0.972,0.972,0.972,0.972,0.972,0.972,
0.889,0.889,0.889,0.889,0.889,0.889,0.889,0.889,0.889,0.889,
1.0,1.0,1.0,1.0,1.0,1.0,1.0,1.0,1.0,1.0,
0.975,0.975,0.975,0.975,0.975,0.975,0.975,0.975,0.975,0.975,
0.864,0.864,0.864,0.864,0.864,0.864,0.864,0.864,0.864,0.864,
0.906,0.906,0.906,0.906,0.906,0.906,0.906,0.906,0.906,0.906,
0.951,0.951,0.951,0.951,0.951,0.951,0.951,0.951,0.951,0.951,
0.929,0.929,0.929,0.929,0.929,0.929,0.929,0.929,0.929,0.929,
0.976,0.976,0.976,0.976,0.976,0.976,0.976,0.976,0.976,0.976,
0.831,0.831,0.831,0.831,0.831,0.831,0.831,0.831,0.831,0.831,
0.934,0.934,0.934,0.934,0.934,0.934,0.934,0.934,0.934,0.934,
0.964,0.964,0.964,0.964,0.964,0.964,0.964,0.964,0.964,0.964,
0.948,0.948,0.948,0.948,0.948,0.948,0.948,0.948,0.948,0.948,
0.8,0.8,0.8,0.8,0.8,0.8,0.8,0.8,0.8,0.8,
0.989,0.989,0.989,0.989,0.989,0.989,0.989,0.989,0.989,0.989,
0.932,0.932,0.932,0.932,0.932,0.932,0.932,0.932,0.932,0.932,
0.957,0.957,0.957,0.957,0.957,0.957,0.957,0.957,0.957,0.957,
0.841,0.841,0.841,0.841,0.841,0.841,0.841,0.841,0.841,0.841,
0.964,0.964,0.964,0.964,0.964,0.964,0.964,0.964,0.964,0.964,

0.884,0.884,0.884,0.884,0.884,0.884,0.884,0.884,0.884,0.884,
0.935,0.935,0.935,0.935,0.935,0.935,0.935,0.935,0.935,0.935,
0.71,0.71,0.71,0.71,0.71,0.71,0.71,0.71,0.71,0.71,
0.951,0.951,0.951,0.951,0.951,0.951,0.951,0.951,0.951,0.951,
0.857,0.857,0.857,0.857,0.857,0.857,0.857,0.857,0.857,0.857,
0.959,0.959,0.959,0.959,0.959,0.959,0.959,0.959,0.959,0.959,
0.922,0.922,0.922,0.922,0.922,0.922,0.922,0.922,0.922,0.922,
0.88,0.88,0.88,0.88,0.88,0.88,0.88,0.88,0.88,0.88,
0.884,0.884,0.884,0.884,0.884,0.884,0.884,0.884,0.884,0.884,
1.0,1.0,1.0,1.0,1.0,1.0,1.0,1.0,1.0,1.0,
0.885,0.885,0.885,0.885,0.885,0.885,0.885,0.885,0.885,0.885,
0.939,0.939,0.939,0.939,0.939,0.939,0.939,0.939,0.939,0.939,
0.943,0.943,0.943,0.943,0.943,0.943,0.943,0.943,0.943,0.943,
0.723,0.723,0.723,0.723,0.723,0.723,0.723,0.723,0.723,0.723,
0.972,0.972,0.972,0.972,0.972,0.972,0.972,0.972,0.972,0.972,
0.918,0.918,0.918,0.918,0.918,0.918,0.918,0.918,0.918,0.918,
0.918,0.918,0.918,0.918,0.918,0.918,0.918,0.918,0.918,0.918,
0.964,0.964,0.964,0.964,0.964,0.964,0.964,0.964,0.964,0.964,
0.954,0.954,0.954,0.954,0.954,0.954,0.954,0.954,0.954,0.954,
0.844,0.844,0.844,0.844,0.844,0.844,0.844,0.844,0.844,0.844,
0.876,0.876,0.876,0.876,0.876,0.876,0.876,0.876,0.876,0.876,
0.877,0.877,0.877,0.877,0.877,0.877,0.877,0.877,0.877,0.877,
1.0,1.0,1.0,1.0,1.0,1.0,1.0,1.0,1.0,1.0,
0.871,0.871,0.871,0.871,0.871,0.871,0.871,0.871,0.871,0.871,
1.0,1.0,1.0,1.0,1.0,1.0,1.0,1.0,1.0,1.0,
0.923,0.923,0.923,0.923,0.923,0.923,0.923,0.923,0.923,0.923,
0.941,0.941,0.941,0.941,0.941,0.941,0.941,0.941,0.941,0.941,
0.958,0.958,0.958,0.958,0.958,0.958,0.958,0.958,0.958,0.958,
0.911,0.911,0.911,0.911,0.911,0.911,0.911,0.911,0.911,0.911,
0.871,0.871,0.871,0.871,0.871,0.871,0.871,0.871,0.871,0.871,
0.956,0.956,0.956,0.956,0.956,0.956,0.956,0.956,0.956,0.956,
0.918,0.918,0.918,0.918,0.918,0.918,0.918,0.918,0.918,0.918,
0.908,0.908,0.908,0.908,0.908,0.908,0.908,0.908,0.908,0.908,
0.78,0.78,0.78,0.78,0.78,0.78,0.78,0.78,0.78,0.78,
0.954,0.954,0.954,0.954,0.954,0.954,0.954,0.954,0.954,0.954,
0.928,0.928,0.928,0.928,0.928,0.928,0.928,0.928,0.928,0.928,
0.934,0.934,0.934,0.934,0.934,0.934,0.934,0.934,0.934,0.934,
0.906,0.906,0.906,0.906,0.906,0.906,0.906,0.906,0.906,0.906,
0.978,0.978,0.978,0.978,0.978,0.978,0.978,0.978,0.978,0.978,
0.952,0.952,0.952,0.952,0.952,0.952,0.952,0.952,0.952,0.952,
0.982,0.982,0.982,0.982,0.982,0.982,0.982,0.982,0.982,0.982,
0.916,0.916,0.916,0.916,0.916,0.916,0.916,0.916,0.916,0.916,
0.948,0.948,0.948,0.948,0.948,0.948,0.948,0.948,0.948,0.948,
0.869,0.869,0.869,0.869,0.869,0.869,0.869,0.869,0.869,0.869,
0.953,0.953,0.953,0.953,0.953,0.953,0.953,0.953,0.953,0.953,
0.957,0.957,0.957,0.957,0.957,0.957,0.957,0.957,0.957,0.957,
0.923,0.923,0.923,0.923,0.923,0.923,0.923,0.923,0.923,0.923,
0.963,0.963,0.963,0.963,0.963,0.963,0.963,0.963,0.963,0.963,
0.872,0.872,0.872,0.872,0.872,0.872,0.872,0.872,0.872,0.872,
0.957,0.957,0.957,0.957,0.957,0.957,0.957,0.957,0.957,0.957,
0.989,0.989,0.989,0.989,0.989,0.989,0.989,0.989,0.989,0.989,
0.984,0.984,0.984,0.984,0.984,0.984,0.984,0.984,0.984,0.984,
0.965,0.965,0.965,0.965,0.965,0.965,0.965,0.965,0.965,0.965,
0.868,0.868,0.868,0.868,0.868,0.868,0.868,0.868,0.868,0.868,
0.93,0.93,0.93,0.93,0.93,0.93,0.93,0.93,0.93,0.93,
1.0,1.0,1.0,1.0,1.0,1.0,1.0,1.0,1.0,1.0,
0.974,0.974,0.974,0.974,0.974,0.974,0.974,0.974,0.974,0.974,
1.0,1.0,1.0,1.0,1.0,1.0,1.0,1.0,1.0,1.0,
0.835,0.835,0.835,0.835,0.835,0.835,0.835,0.835,0.835,0.835,
1.0,1.0,1.0,1.0,1.0,1.0,1.0,1.0,1.0,1.0,
0.942,0.942,0.942,0.942,0.942,0.942,0.942,0.942,0.942,0.942,
0.947,0.947,0.947,0.947,0.947,0.947,0.947,0.947,0.947,0.947,
0.89,0.89,0.89,0.89,0.89,0.89,0.89,0.89,0.89,0.89,
0.905,0.905,0.905,0.905,0.905,0.905,0.905,0.905,0.905,0.905,
0.972,0.972,0.972,0.972,0.972,0.972,0.972,0.972,0.972,0.972,
0.913,0.913,0.913,0.913,0.913,0.913,0.913,0.913,0.913,0.913,
0.915,0.915,0.915,0.915,0.915,0.915,0.915,0.915,0.915,0.915,
0.886,0.886,0.886,0.886,0.886,0.886,0.886,0.886,0.886,0.886,
0.948,0.948,0.948,0.948,0.948,0.948,0.948,0.948,0.948,0.948,
0.936,0.936,0.936,0.936,0.936,0.936,0.936,0.936,0.936,0.936,
0.943,0.943,0.943,0.943,0.943,0.943,0.943,0.943,0.943,0.943,
0.851,0.851,0.851,0.851,0.851,0.851,0.851,0.851,0.851,0.851,
0.925,0.925,0.925,0.925,0.925,0.925,0.925,0.925,0.925,0.925,
0.944,0.944,0.944,0.944,0.944,0.944,0.944,0.944,0.944,0.944,
0.954,0.954,0.954,0.954,0.954,0.954,0.954,0.954,0.954,0.954,
1.0,1.0,1.0,1.0,1.0,1.0,1.0,1.0,1.0,1.0,
0.927,0.927,0.927,0.927,0.927,0.927,0.927,0.927,0.927,0.927,
0.965,0.965,0.965,0.965,0.965,0.965,0.965,0.965,0.965,0.965,
0.858,0.858,0.858,0.858,0.858,0.858,0.858,0.858,0.858,0.858,
0.886,0.886,0.886,0.886,0.886,0.886,0.886,0.886,0.886,0.886,
0.934,0.934,0.934,0.934,0.934,0.934,0.934,0.934,0.934,0.934,
0.972,0.972,0.972,0.972,0.972,0.972,0.972,0.972,0.972,0.972,
1.0,1.0,1.0,1.0,1.0,1.0,1.0,1.0,1.0,1.0,
0.928,0.928,0.928,0.928,0.928,0.928,0.928,0.928,0.928,0.928,
0.965,0.965,0.965,0.965,0.965,0.965,0.965,0.965,0.965,0.965,
0.813,0.813,0.813,0.813,0.813,0.813,0.813,0.813,0.813,0.813,
1.0,1.0,1.0,1.0,1.0,1.0,1.0,1.0,1.0,1.0,
0.791,0.791,0.791,0.791,0.791,0.791,0.791,0.791,0.791,0.791,
0.929,0.929,0.929,0.929,0.929,0.929,0.929,0.929,0.929,0.929,
0.938,0.938,0.938,0.938,0.938,0.938,0.938,0.938,0.938,0.938,
0.808,0.808,0.808,0.808,0.808,0.808,0.808,0.808,0.808,0.808,
0.95,0.95,0.95,0.95,0.95,0.95,0.95,0.95,0.95,0.95,
0.961,0.961,0.961,0.961,0.961,0.961,0.961,0.961,0.961,0.961,
0.937,0.937,0.937,0.937,0.937,0.937,0.937,0.937,0.937,0.937,
0.904,0.904,0.904,0.904,0.904,0.904,0.904,0.904,0.904,0.904,
0.973,0.973,0.973,0.973,0.973,0.973,0.973,0.973,0.973,0.973,
0.947,0.947,0.947,0.947,0.947,0.947,0.947,0.947,0.947,0.947,
0.938,0.938,0.938,0.938,0.938,0.938,0.938,0.938,0.938,0.938,
0.819,0.819,0.819,0.819,0.819,0.819,0.819,0.819,0.819,0.819,
0.933,0.933,0.933,0.933,0.933,0.933,0.933,0.933,0.933,0.933,

0.967,0.967,0.967,0.967,0.967,0.967,0.967,0.967,0.967,0.967,
0.997,0.997,0.997,0.997,0.997,0.997,0.997,0.997,0.997,0.997,
1.0,1.0,1.0,1.0,1.0,1.0,1.0,1.0,1.0,1.0,
1.0,1.0,1.0,1.0,1.0,1.0,1.0,1.0,1.0,1.0,
1.0,1.0,1.0,1.0,1.0,1.0,1.0,1.0,1.0,1.0,
0.959,0.959,0.959,0.959,0.959,0.959,0.959,0.959,0.959,0.959,
0.9,0.9,0.9,0.9,0.9,0.9,0.9,0.9,0.9,0.9,
0.921,0.921,0.921,0.921,0.921,0.921,0.921,0.921,0.921,0.921,
0.897,0.897,0.897,0.897,0.897,0.897,0.897,0.897,0.897,0.897,
0.942,0.942,0.942,0.942,0.942,0.942,0.942,0.942,0.942,0.942,
1.0,1.0,1.0,1.0,1.0,1.0,1.0,1.0,1.0,1.0,
0.973,0.973,0.973,0.973,0.973,0.973,0.973,0.973,0.973,0.973,
0.931,0.931,0.931,0.931,0.931,0.931,0.931,0.931,0.931,0.931,
1.0,1.0,1.0,1.0,1.0,1.0,1.0,1.0,1.0,1.0,
0.992,0.992,0.992,0.992,0.992,0.992,0.992,0.992,0.992,0.992,
1.0,1.0,1.0,1.0,1.0,1.0,1.0,1.0,1.0,1.0,
0.985,0.985,0.985,0.985,0.985,0.985,0.985,0.985,0.985,0.985,
0.933,0.933,0.933,0.933,0.933,0.933,0.933,0.933,0.933,0.933,
0.934,0.934,0.934,0.934,0.934,0.934,0.934,0.934,0.934,0.934,
1.0,1.0,1.0,1.0,1.0,1.0,1.0,1.0,1.0,1.0,
0.927,0.927,0.927,0.927,0.927,0.927,0.927,0.927,0.927,0.927,
1.0,1.0,1.0,1.0,1.0,1.0,1.0,1.0,1.0,1.0,
0.926,0.926,0.926,0.926,0.926,0.926,0.926,0.926,0.926,0.926,
1.0,1.0,1.0,1.0,1.0,1.0,1.0,1.0,1.0,1.0,
0.967,0.967,0.967,0.967,0.967,0.967,0.967,0.967,0.967,0.967,
1.0,1.0,1.0,1.0,1.0,1.0,1.0,1.0,1.0,1.0,
0.963,0.963,0.963,0.963,0.963,0.963,0.963,0.963,0.963,0.963,
0.967,0.967,0.967,0.967,0.967,0.967,0.967,0.967,0.967,0.967,
0.988,0.988,0.988,0.988,0.988,0.988,0.988,0.988,0.988,0.988,
1.0,1.0,1.0,1.0,1.0,1.0,1.0,1.0,1.0,1.0,
1.0,1.0,1.0,1.0,1.0,1.0,1.0,1.0,1.0,1.0,
0.957,0.957,0.957,0.957,0.957,0.957,0.957,0.957,0.957,0.957,
0.93,0.93,0.93,0.93,0.93,0.93,0.93,0.93,0.93,0.93,
1.0,1.0,1.0,1.0,1.0,1.0,1.0,1.0,1.0,1.0,
0.951,0.951,0.951,0.951,0.951,0.951,0.951,0.951,0.951,0.951,
0.973,0.973,0.973,0.973,0.973,0.973,0.973,0.973,0.973,0.973,
1.0,1.0,1.0,1.0,1.0,1.0,1.0,1.0,1.0,1.0,
1.0,1.0,1.0,1.0,1.0,1.0,1.0,1.0,1.0,1.0,
0.942,0.942,0.942,0.942,0.942,0.942,0.942,0.942,0.942,0.942,
1.0,1.0,1.0,1.0,1.0,1.0,1.0,1.0,1.0,1.0,
0.949,0.949,0.949,0.949,0.949,0.949,0.949,0.949,0.949,0.949,
0.943,0.943,0.943,0.943,0.943,0.943,0.943,0.943,0.943,0.943,
1.0,1.0,1.0,1.0,1.0,1.0,1.0,1.0,1.0,1.0,
1.0,1.0,1.0,1.0,1.0,1.0,1.0,1.0,1.0,1.0,
0.903,0.903,0.903,0.903,0.903,0.903,0.903,0.903,0.903,0.903,
1.0,1.0,1.0,1.0,1.0,1.0,1.0,1.0,1.0,1.0,
0.936,0.936,0.936,0.936,0.936,0.936,0.936,0.936,0.936,0.936,
0.982,0.982,0.982,0.982,0.982,0.982,0.982,0.982,0.982,0.982,
0.917,0.917,0.917,0.917,0.917,0.917,0.917,0.917,0.917,0.917,
1.0,1.0,1.0,1.0,1.0,1.0,1.0,1.0,1.0,1.0,
0.947,0.947,0.947,0.947,0.947,0.947,0.947,0.947,0.947,0.947,
0.965,0.965,0.965,0.965,0.965,0.965,0.965,0.965,0.965,0.965,
1.0,1.0,1.0,1.0,1.0,1.0,1.0,1.0,1.0,1.0,
0.964,0.964,0.964,0.964,0.964,0.964,0.964,0.964,0.964,0.964,
0.953,0.953,0.953,0.953,0.953,0.953,0.953,0.953,0.953,0.953,
0.92,0.92,0.92,0.92,0.92,0.92,0.92,0.92,0.92,0.92,
0.99,0.99,0.99,0.99,0.99,0.99,0.99,0.99,0.99,0.99,
0.951,0.951,0.951,0.951,0.951,0.951,0.951,0.951,0.951,0.951,
1.0,1.0,1.0,1.0,1.0,1.0,1.0,1.0,1.0,1.0,
0.952,0.952,0.952,0.952,0.952,0.952,0.952,0.952,0.952,0.952,
1.0,1.0,1.0,1.0,1.0,1.0,1.0,1.0,1.0,1.0,
0.927,0.927,0.927,0.927,0.927,0.927,0.927,0.927,0.927,0.927,
1.0,1.0,1.0,1.0,1.0,1.0,1.0,1.0,1.0,1.0,
1.0,1.0,1.0,1.0,1.0,1.0,1.0,1.0,1.0,1.0,
0.982,0.982,0.982,0.982,0.982,0.982,0.982,0.982,0.982,0.982,
0.99,0.99,0.99,0.99,0.99,0.99,0.99,0.99,0.99,0.99,
0.989,0.989,0.989,0.989,0.989,0.989,0.989,0.989,0.989,0.989,
0.898,0.898,0.898,0.898,0.898,0.898,0.898,0.898,0.898,0.898,
1.0,1.0,1.0,1.0,1.0,1.0,1.0,1.0,1.0,1.0,
1.0,1.0,1.0,1.0,1.0,1.0,1.0,1.0,1.0,1.0,
0.986,0.986,0.986,0.986,0.986,0.986,0.986,0.986,0.986,0.986,
0.996,0.996,0.996,0.996,0.996,0.996,0.996,0.996,0.996,0.996,
0.959,0.959,0.959,0.959,0.959,0.959,0.959,0.959,0.959,0.959,
1.0,1.0,1.0,1.0,1.0,1.0,1.0,1.0,1.0,1.0,
1.0,1.0,1.0,1.0,1.0,1.0,1.0,1.0,1.0,1.0,
0.992,0.992,0.992,0.992,0.992,0.992,0.992,0.992,0.992,0.992,
1.0,1.0,1.0,1.0,1.0,1.0,1.0,1.0,1.0,1.0,
0.986,0.986,0.986,0.986,0.986,0.986,0.986,0.986,0.986,0.986,
1.0,1.0,1.0,1.0,1.0,1.0,1.0,1.0,1.0,1.0,
1.0,1.0,1.0,1.0,1.0,1.0,1.0,1.0,1.0,1.0,
0.918,0.918,0.918,0.918,0.918,0.918,0.918,0.918,0.918,0.918,
1.0,1.0,1.0,1.0,1.0,1.0,1.0,1.0,1.0,1.0,
0.941,0.941,0.941,0.941,0.941,0.941,0.941,0.941,0.941,0.941,
0.922,0.922,0.922,0.922,0.922,0.922,0.922,0.922,0.922,0.922,
0.957,0.957,0.957,0.957,0.957,0.957,0.957,0.957,0.957,0.957,
1.0,1.0,1.0,1.0,1.0,1.0,1.0,1.0,1.0,1.0,
0.926,0.926,0.926,0.926,0.926,0.926,0.926,0.926,0.926,0.926,
0.96,0.96,0.96,0.96,0.96,0.96,0.96,0.96,0.96,0.96,
1.0,1.0,1.0,1.0,1.0,1.0,1.0,1.0,1.0,1.0,
1.0,1.0,1.0,1.0,1.0,1.0,1.0,1.0,1.0,1.0,
1.0,1.0,1.0,1.0,1.0,1.0,1.0,1.0,1.0,1.0,
0.949,0.949,0.949,0.949,0.949,0.949,0.949,0.949,0.949,0.949,
0.951,0.951,0.951,0.951,0.951,0.951,0.951,0.951,0.951,0.951,
1.0,1.0,1.0,1.0,1.0,1.0,1.0,1.0,1.0,1.0,
1.0,1.0,1.0,1.0,1.0,1.0,1.0,1.0,1.0,1.0,
0.985,0.985,0.985,0.985,0.985,0.985,0.985,0.985,0.985,0.985,
1.0,1.0,1.0,1.0,1.0,1.0,1.0,1.0,1.0,1.0,
0.919,0.919,0.919,0.919,0.919,0.919,0.919,0.919,0.919,0.919,
1.0,1.0,1.0,1.0,1.0,1.0,1.0,1.0,1.0,1.0,
1.0,1.0,1.0,1.0,1.0,1.0,1.0,1.0,1.0,1.0,

0.904,0.904,0.904,0.904,0.904,0.904,0.904,0.904,0.904,0.904,
0.938,0.938,0.938,0.938,0.938,0.938,0.938,0.938,0.938,0.938,
0.722,0.722,0.722,0.722,0.722,0.722,0.722,0.722,0.722,0.722,
0.955,0.955,0.955,0.955,0.955,0.955,0.955,0.955,0.955,0.955,
0.87,0.87,0.87,0.87,0.87,0.87,0.87,0.87,0.87,0.87,
0.939,0.939,0.939,0.939,0.939,0.939,0.939,0.939,0.939,0.939,
0.907,0.907,0.907,0.907,0.907,0.907,0.907,0.907,0.907,0.907,
0.959,0.959,0.959,0.959,0.959,0.959,0.959,0.959,0.959,0.959,
0.903,0.903,0.903,0.903,0.903,0.903,0.903,0.903,0.903,0.903,
1.0,1.0,1.0,1.0,1.0,1.0,1.0,1.0,1.0,1.0,
0.857,0.857,0.857,0.857,0.857,0.857,0.857,0.857,0.857,0.857,
0.969,0.969,0.969,0.969,0.969,0.969,0.969,0.969,0.969,0.969,
0.934,0.934,0.934,0.934,0.934,0.934,0.934,0.934,0.934,0.934,
0.765,0.765,0.765,0.765,0.765,0.765,0.765,0.765,0.765,0.765,
0.983,0.983,0.983,0.983,0.983,0.983,0.983,0.983,0.983,0.983,
0.936,0.936,0.936,0.936,0.936,0.936,0.936,0.936,0.936,0.936,
0.926,0.926,0.926,0.926,0.926,0.926,0.926,0.926,0.926,0.926,
0.944,0.944,0.944,0.944,0.944,0.944,0.944,0.944,0.944,0.944,
1.0,1.0,1.0,1.0,1.0,1.0,1.0,1.0,1.0,1.0,
0.916,0.916,0.916,0.916,0.916,0.916,0.916,0.916,0.916,0.916,
0.921,0.921,0.921,0.921,0.921,0.921,0.921,0.921,0.921,0.921,
0.877,0.877,0.877,0.877,0.877,0.877,0.877,0.877,0.877,0.877,
0.955,0.955,0.955,0.955,0.955,0.955,0.955,0.955,0.955,0.955,
0.818,0.818,0.818,0.818,0.818,0.818,0.818,0.818,0.818,0.818,
0.99,0.99,0.99,0.99,0.99,0.99,0.99,0.99,0.99,0.99,
0.923,0.923,0.923,0.923,0.923,0.923,0.923,0.923,0.923,0.923,
0.941,0.941,0.941,0.941,0.941,0.941,0.941,0.941,0.941,0.941,
0.96,0.96,0.96,0.96,0.96,0.96,0.96,0.96,0.96,0.96,
0.947,0.947,0.947,0.947,0.947,0.947,0.947,0.947,0.947,0.947,
0.863,0.863,0.863,0.863,0.863,0.863,0.863,0.863,0.863,0.863,
0.917,0.917,0.917,0.917,0.917,0.917,0.917,0.917,0.917,0.917,
0.934,0.934,0.934,0.934,0.934,0.934,0.934,0.934,0.934,0.934,
0.909,0.909,0.909,0.909,0.909,0.909,0.909,0.909,0.909,0.909,
0.758,0.758,0.758,0.758,0.758,0.758,0.758,0.758,0.758,0.758,
0.933,0.933,0.933,0.933,0.933,0.933,0.933,0.933,0.933,0.933,
0.977,0.977,0.977,0.977,0.977,0.977,0.977,0.977,0.977,0.977,
0.942,0.942,0.942,0.942,0.942,0.942,0.942,0.942,0.942,0.942,
0.88,0.88,0.88,0.88,0.88,0.88,0.88,0.88,0.88,0.88,
0.948,0.948,0.948,0.948,0.948,0.948,0.948,0.948,0.948,0.948,
0.931,0.931,0.931,0.931,0.931,0.931,0.931,0.931,0.931,0.931,
0.957,0.957,0.957,0.957,0.957,0.957,0.957,0.957,0.957,0.957,
0.927,0.927,0.927,0.927,0.927,0.927,0.927,0.927,0.927,0.927,
0.933,0.933,0.933,0.933,0.933,0.933,0.933,0.933,0.933,0.933,
0.869,0.869,0.869,0.869,0.869,0.869,0.869,0.869,0.869,0.869,
0.953,0.953,0.953,0.953,0.953,0.953,0.953,0.953,0.953,0.953,
0.931,0.931,0.931,0.931,0.931,0.931,0.931,0.931,0.931,0.931,
0.923,0.923,0.923,0.923,0.923,0.923,0.923,0.923,0.923,0.923,
0.96,0.96,0.96,0.96,0.96,0.96,0.96,0.96,0.96,0.96,
0.884,0.884,0.884,0.884,0.884,0.884,0.884,0.884,0.884,0.884,
0.957,0.957,0.957,0.957,0.957,0.957,0.957,0.957,0.957,0.957,
0.932,0.932,0.932,0.932,0.932,0.932,0.932,0.932,0.932,0.932,
0.938,0.938,0.938,0.938,0.938,0.938,0.938,0.938,0.938,0.938,
0.899,0.899,0.899,0.899,0.899,0.899,0.899,0.899,0.899,0.899,
0.843,0.843,0.843,0.843,0.843,0.843,0.843,0.843,0.843,0.843,
0.96,0.96,0.96,0.96,0.96,0.96,0.96,0.96,0.96,0.96,
0.985,0.985,0.985,0.985,0.985,0.985,0.985,0.985,0.985,0.985,
0.974,0.974,0.974,0.974,0.974,0.974,0.974,0.974,0.974,0.974,
0.977,0.977,0.977,0.977,0.977,0.977,0.977,0.977,0.977,0.977,
0.907,0.907,0.907,0.907,0.907,0.907,0.907,0.907,0.907,0.907,
0.956,0.956,0.956,0.956,0.956,0.956,0.956,0.956,0.956,0.956,
0.916,0.916,0.916,0.916,0.916,0.916,0.916,0.916,0.916,0.916,
0.904,0.904,0.904,0.904,0.904,0.904,0.904,0.904,0.904,0.904,
0.909,0.909,0.909,0.909,0.909,0.909,0.909,0.909,0.909,0.909,
0.874,0.874,0.874,0.874,0.874,0.874,0.874,0.874,0.874,0.874,
1.0,1.0,1.0,1.0,1.0,1.0,1.0,1.0,1.0,1.0,
0.929,0.929,0.929,0.929,0.929,0.929,0.929,0.929,0.929,0.929,
0.915,0.915,0.915,0.915,0.915,0.915,0.915,0.915,0.915,0.915,
0.909,0.909,0.909,0.909,0.909,0.909,0.909,0.909,0.909,0.909,
0.948,0.948,0.948,0.948,0.948,0.948,0.948,0.948,0.948,0.948,
0.951,0.951,0.951,0.951,0.951,0.951,0.951,0.951,0.951,0.951,
0.952,0.952,0.952,0.952,0.952,0.952,0.952,0.952,0.952,0.952,
0.826,0.826,0.826,0.826,0.826,0.826,0.826,0.826,0.826,0.826,
0.881,0.881,0.881,0.881,0.881,0.881,0.881,0.881,0.881,0.881,
0.945,0.945,0.945,0.945,0.945,0.945,0.945,0.945,0.945,0.945,
0.96,0.96,0.96,0.96,0.96,0.96,0.96,0.96,0.96,0.96,
0.949,0.949,0.949,0.949,0.949,0.949,0.949,0.949,0.949,0.949,
0.927,0.927,0.927,0.927,0.927,0.927,0.927,0.927,0.927,0.927,
0.939,0.939,0.939,0.939,0.939,0.939,0.939,0.939,0.939,0.939,
0.897,0.897,0.897,0.897,0.897,0.897,0.897,0.897,0.897,0.897,
0.925,0.925,0.925,0.925,0.925,0.925,0.925,0.925,0.925,0.925,
0.93,0.93,0.93,0.93,0.93,0.93,0.93,0.93,0.93,0.93,
0.972,0.972,0.972,0.972,0.972,0.972,0.972,0.972,0.972,0.972,
1.0,1.0,1.0,1.0,1.0,1.0,1.0,1.0,1.0,1.0,
0.945,0.945,0.945,0.945,0.945,0.945,0.945,0.945,0.945,0.945,
1.0,1.0,1.0,1.0,1.0,1.0,1.0,1.0,1.0,1.0,
0.836,0.836,0.836,0.836,0.836,0.836,0.836,0.836,0.836,0.836,
0.906,0.906,0.906,0.906,0.906,0.906,0.906,0.906,0.906,0.906,
0.874,0.874,0.874,0.874,0.874,0.874,0.874,0.874,0.874,0.874,
0.929,0.929,0.929,0.929,0.929,0.929,0.929,0.929,0.929,0.929,
0.928,0.928,0.928,0.928,0.928,0.928,0.928,0.928,0.928,0.928,
0.818,0.818,0.818,0.818,0.818,0.818,0.818,0.818,0.818,0.818,
0.936,0.936,0.936,0.936,0.936,0.936,0.936,0.936,0.936,0.936,
0.944,0.944,0.944,0.944,0.944,0.944,0.944,0.944,0.944,0.944,
0.939,0.939,0.939,0.939,0.939,0.939,0.939,0.939,0.939,0.939,
0.8,0.8,0.8,0.8,0.8,0.8,0.8,0.8,0.8,0.8,
0.989,0.989,0.989,0.989,0.989,0.989,0.989,0.989,0.989,0.989,
0.939,0.939,0.939,0.939,0.939,0.939,0.939,0.939,0.939,0.939,
0.918,0.918,0.918,0.918,0.918,0.918,0.918,0.918,0.918,0.918,
0.805,0.805,0.805,0.805,0.805,0.805,0.805,0.805,0.805,0.805,
0.955,0.955,0.955,0.955,0.955,0.955,0.955,0.955,0.955,0.955,


