-0.055,-0.055,-0.055,-0.055,-0.055,-0.055,-0.055,-0.055,-0.055,-0.055,
0.064,0.064,0.064,0.064,0.064,0.064,0.064,0.064,0.064,0.064,
-0.047,-0.047,-0.047,-0.047,-0.047,-0.047,-0.047,-0.047,-0.047,-0.047,
0.007,0.007,0.007,0.007,0.007,0.007,0.007,0.007,0.007,0.007,
0.036,0.036,0.036,0.036,0.036,0.036,0.036,0.036,0.036,0.036,
0.066,0.066,0.066,0.066,0.066,0.066,0.066,0.066,0.066,0.066,
-0.028,-0.028,-0.028,-0.028,-0.028,-0.028,-0.028,-0.028,-0.028,-0.028,
-0.11,-0.11,-0.11,-0.11,-0.11,-0.11,-0.11,-0.11,-0.11,-0.11,
0.101,0.101,0.101,0.101,0.101,0.101,0.101,0.101,0.101,0.101,
-0.009,-0.009,-0.009,-0.009,-0.009,-0.009,-0.009,-0.009,-0.009,-0.009,
0.066,0.066,0.066,0.066,0.066,0.066,0.066,0.066,0.066,0.066,
-0.024,-0.024,-0.024,-0.024,-0.024,-0.024,-0.024,-0.024,-0.024,-0.024,
0.005,0.005,0.005,0.005,0.005,0.005,0.005,0.005,0.005,0.005,
0.0,0.0,0.0,0.0,0.0,0.0,0.0,0.0,0.0,0.0,
0.062,0.062,0.062,0.062,0.062,0.062,0.062,0.062,0.062,0.062,
-0.016,-0.016,-0.016,-0.016,-0.016,-0.016,-0.016,-0.016,-0.016,-0.016,
0.093,0.093,0.093,0.093,0.093,0.093,0.093,0.093,0.093,0.093,
0.073,0.073,0.073,0.073,0.073,0.073,0.073,0.073,0.073,0.073,
0.01,0.01,0.01,0.01,0.01,0.01,0.01,0.01,0.01,0.01,
-0.039,-0.039,-0.039,-0.039,-0.039,-0.039,-0.039,-0.039,-0.039,-0.039,
0.076,0.076,0.076,0.076,0.076,0.076,0.076,0.076,0.076,0.076,
0.053,0.053,0.053,0.053,0.053,0.053,0.053,0.053,0.053,0.053,
0.016,0.016,0.016,0.016,0.016,0.016,0.016,0.016,0.016,0.016,
0.022,0.022,0.022,0.022,0.022,0.022,0.022,0.022,0.022,0.022,
-0.035,-0.035,-0.035,-0.035,-0.035,-0.035,-0.035,-0.035,-0.035,-0.035,
0.019,0.019,0.019,0.019,0.019,0.019,0.019,0.019,0.019,0.019,
0.074,0.074,0.074,0.074,0.074,0.074,0.074,0.074,0.074,0.074,
0.018,0.018,0.018,0.018,0.018,0.018,0.018,0.018,0.018,0.018,
0.067,0.067,0.067,0.067,0.067,0.067,0.067,0.067,0.067,0.067,
0.06,0.06,0.06,0.06,0.06,0.06,0.06,0.06,0.06,0.06,
0.0,0.0,0.0,0.0,0.0,0.0,0.0,0.0,0.0,0.0,
0.075,0.075,0.075,0.075,0.075,0.075,0.075,0.075,0.075,0.075,
-0.024,-0.024,-0.024,-0.024,-0.024,-0.024,-0.024,-0.024,-0.024,-0.024,
0.0,0.0,0.0,0.0,0.0,0.0,0.0,0.0,0.0,0.0,
0.013,0.013,0.013,0.013,0.013,0.013,0.013,0.013,0.013,0.013,
0.022,0.022,0.022,0.022,0.022,0.022,0.022,0.022,0.022,0.022,
0.047,0.047,0.047,0.047,0.047,0.047,0.047,0.047,0.047,0.047,
0.043,0.043,0.043,0.043,0.043,0.043,0.043,0.043,0.043,0.043,
0.011,0.011,0.011,0.011,0.011,0.011,0.011,0.011,0.011,0.011,
0.041,0.041,0.041,0.041,0.041,0.041,0.041,0.041,0.041,0.041,
0.072,0.072,0.072,0.072,0.072,0.072,0.072,0.072,0.072,0.072,
0.085,0.085,0.085,0.085,0.085,0.085,0.085,0.085,0.085,0.085,
0.018,0.018,0.018,0.018,0.018,0.018,0.018,0.018,0.018,0.018,
0.0,0.0,0.0,0.0,0.0,0.0,0.0,0.0,0.0,0.0,
0.047,0.047,0.047,0.047,0.047,0.047,0.047,0.047,0.047,0.047,
0.023,0.023,0.023,0.023,0.023,0.023,0.023,0.023,0.023,0.023,
0.117,0.117,0.117,0.117,0.117,0.117,0.117,0.117,0.117,0.117,
0.0,0.0,0.0,0.0,0.0,0.0,0.0,0.0,0.0,0.0,
-0.07,-0.07,-0.07,-0.07,-0.07,-0.07,-0.07,-0.07,-0.07,-0.07,
0.0,0.0,0.0,0.0,0.0,0.0,0.0,0.0,0.0,0.0,
-0.001,-0.001,-0.001,-0.001,-0.001,-0.001,-0.001,-0.001,-0.001,-0.001,
0.031,0.031,0.031,0.031,0.031,0.031,0.031,0.031,0.031,0.031,
0.009,0.009,0.009,0.009,0.009,0.009,0.009,0.009,0.009,0.009,
0.178,0.178,0.178,0.178,0.178,0.178,0.178,0.178,0.178,0.178,
0.019,0.019,0.019,0.019,0.019,0.019,0.019,0.019,0.019,0.019,
-0.007,-0.007,-0.007,-0.007,-0.007,-0.007,-0.007,-0.007,-0.007,-0.007,
0.0,0.0,0.0,0.0,0.0,0.0,0.0,0.0,0.0,0.0,
0.048,0.048,0.048,0.048,0.048,0.048,0.048,0.048,0.048,0.048,
0.008,0.008,0.008,0.008,0.008,0.008,0.008,0.008,0.008,0.008,
-0.025,-0.025,-0.025,-0.025,-0.025,-0.025,-0.025,-0.025,-0.025,-0.025,
0.042,0.042,0.042,0.042,0.042,0.042,0.042,0.042,0.042,0.042,
0.098,0.098,0.098,0.098,0.098,0.098,0.098,0.098,0.098,0.098,
0.053,0.053,0.053,0.053,0.053,0.053,0.053,0.053,0.053,0.053,
0.063,0.063,0.063,0.063,0.063,0.063,0.063,0.063,0.063,0.063,
0.016,0.016,0.016,0.016,0.016,0.016,0.016,0.016,0.016,0.016,
0.019,0.019,0.019,0.019,0.019,0.019,0.019,0.019,0.019,0.019,
0.034,0.034,0.034,0.034,0.034,0.034,0.034,0.034,0.034,0.034,
-0.029,-0.029,-0.029,-0.029,-0.029,-0.029,-0.029,-0.029,-0.029,-0.029,
-0.102,-0.102,-0.102,-0.102,-0.102,-0.102,-0.102,-0.102,-0.102,-0.102,
0.015,0.015,0.015,0.015,0.015,0.015,0.015,0.015,0.015,0.015,
0.037,0.037,0.037,0.037,0.037,0.037,0.037,0.037,0.037,0.037,
0.036,0.036,0.036,0.036,0.036,0.036,0.036,0.036,0.036,0.036,
0.129,0.129,0.129,0.129,0.129,0.129,0.129,0.129,0.129,0.129,
-0.015,-0.015,-0.015,-0.015,-0.015,-0.015,-0.015,-0.015,-0.015,-0.015,
0.044,0.044,0.044,0.044,0.044,0.044,0.044,0.044,0.044,0.044,
0.026,0.026,0.026,0.026,0.026,0.026,0.026,0.026,0.026,0.026,
0.062,0.062,0.062,0.062,0.062,0.062,0.062,0.062,0.062,0.062,
-0.011,-0.011,-0.011,-0.011,-0.011,-0.011,-0.011,-0.011,-0.011,-0.011,
-0.082,-0.082,-0.082,-0.082,-0.082,-0.082,-0.082,-0.082,-0.082,-0.082,
-0.013,-0.013,-0.013,-0.013,-0.013,-0.013,-0.013,-0.013,-0.013,-0.013,
-0.047,-0.047,-0.047,-0.047,-0.047,-0.047,-0.047,-0.047,-0.047,-0.047,
0.0,0.0,0.0,0.0,0.0,0.0,0.0,0.0,0.0,0.0,
0.019,0.019,0.019,0.019,0.019,0.019,0.019,0.019,0.019,0.019,
0.011,0.011,0.011,0.011,0.011,0.011,0.011,0.011,0.011,0.011,
0.031,0.031,0.031,0.031,0.031,0.031,0.031,0.031,0.031,0.031,
-0.017,-0.017,-0.017,-0.017,-0.017,-0.017,-0.017,-0.017,-0.017,-0.017,
0.033,0.033,0.033,0.033,0.033,0.033,0.033,0.033,0.033,0.033,
0.034,0.034,0.034,0.034,0.034,0.034,0.034,0.034,0.034,0.034,
0.046,0.046,0.046,0.046,0.046,0.046,0.046,0.046,0.046,0.046,
0.061,0.061,0.061,0.061,0.061,0.061,0.061,0.061,0.061,0.061,
0.019,0.019,0.019,0.019,0.019,0.019,0.019,0.019,0.019,0.019,
-0.009,-0.009,-0.009,-0.009,-0.009,-0.009,-0.009,-0.009,-0.009,-0.009,
0.043,0.043,0.043,0.043,0.043,0.043,0.043,0.043,0.043,0.043,
-0.022,-0.022,-0.022,-0.022,-0.022,-0.022,-0.022,-0.022,-0.022,-0.022,
0.153,0.153,0.153,0.153,0.153,0.153,0.153,0.153,0.153,0.153,
-0.004,-0.004,-0.004,-0.004,-0.004,-0.004,-0.004,-0.004,-0.004,-0.004,
0.029,0.029,0.029,0.029,0.029,0.029,0.029,0.029,0.029,0.029,
0.048,0.048,0.048,0.048,0.048,0.048,0.048,0.048,0.048,0.048,
-0.004,-0.004,-0.004,-0.004,-0.004,-0.004,-0.004,-0.004,-0.004,-0.004,
0.041,0.041,0.041,0.041,0.041,0.041,0.041,0.041,0.041,0.041,

0.073,0.073,0.073,0.073,0.073,0.073,0.073,0.073,0.073,0.073,
-0.02,-0.02,-0.02,-0.02,-0.02,-0.02,-0.02,-0.02,-0.02,-0.02,
0.015,0.015,0.015,0.015,0.015,0.015,0.015,0.015,0.015,0.015,
-0.001,-0.001,-0.001,-0.001,-0.001,-0.001,-0.001,-0.001,-0.001,-0.001,
-0.086,-0.086,-0.086,-0.086,-0.086,-0.086,-0.086,-0.086,-0.086,-0.086,
-0.051,-0.051,-0.051,-0.051,-0.051,-0.051,-0.051,-0.051,-0.051,-0.051,
0.054,0.054,0.054,0.054,0.054,0.054,0.054,0.054,0.054,0.054,
0.102,0.102,0.102,0.102,0.102,0.102,0.102,0.102,0.102,0.102,
-0.082,-0.082,-0.082,-0.082,-0.082,-0.082,-0.082,-0.082,-0.082,-0.082,
-0.007,-0.007,-0.007,-0.007,-0.007,-0.007,-0.007,-0.007,-0.007,-0.007,
-0.045,-0.045,-0.045,-0.045,-0.045,-0.045,-0.045,-0.045,-0.045,-0.045,
0.061,0.061,0.061,0.061,0.061,0.061,0.061,0.061,0.061,0.061,
-0.088,-0.088,-0.088,-0.088,-0.088,-0.088,-0.088,-0.088,-0.088,-0.088,
0.064,0.064,0.064,0.064,0.064,0.064,0.064,0.064,0.064,0.064,
-0.005,-0.005,-0.005,-0.005,-0.005,-0.005,-0.005,-0.005,-0.005,-0.005,
-0.002,-0.002,-0.002,-0.002,-0.002,-0.002,-0.002,-0.002,-0.002,-0.002,
-0.028,-0.028,-0.028,-0.028,-0.028,-0.028,-0.028,-0.028,-0.028,-0.028,
-0.068,-0.068,-0.068,-0.068,-0.068,-0.068,-0.068,-0.068,-0.068,-0.068,
0.042,0.042,0.042,0.042,0.042,0.042,0.042,0.042,0.042,0.042,
0.074,0.074,0.074,0.074,0.074,0.074,0.074,0.074,0.074,0.074,
-0.021,-0.021,-0.021,-0.021,-0.021,-0.021,-0.021,-0.021,-0.021,-0.021,
-0.015,-0.015,-0.015,-0.015,-0.015,-0.015,-0.015,-0.015,-0.015,-0.015,
-0.039,-0.039,-0.039,-0.039,-0.039,-0.039,-0.039,-0.039,-0.039,-0.039,
-0.051,-0.051,-0.051,-0.051,-0.051,-0.051,-0.051,-0.051,-0.051,-0.051,
0.065,0.065,0.065,0.065,0.065,0.065,0.065,0.065,0.065,0.065,
0.019,0.019,0.019,0.019,0.019,0.019,0.019,0.019,0.019,0.019,
-0.062,-0.062,-0.062,-0.062,-0.062,-0.062,-0.062,-0.062,-0.062,-0.062,
-0.014,-0.014,-0.014,-0.014,-0.014,-0.014,-0.014,-0.014,-0.014,-0.014,
-0.067,-0.067,-0.067,-0.067,-0.067,-0.067,-0.067,-0.067,-0.067,-0.067,
-0.026,-0.026,-0.026,-0.026,-0.026,-0.026,-0.026,-0.026,-0.026,-0.026,
-0.041,-0.041,-0.041,-0.041,-0.041,-0.041,-0.041,-0.041,-0.041,-0.041,
-0.021,-0.021,-0.021,-0.021,-0.021,-0.021,-0.021,-0.021,-0.021,-0.021,
0.035,0.035,0.035,0.035,0.035,0.035,0.035,0.035,0.035,0.035,
0.005,0.005,0.005,0.005,0.005,0.005,0.005,0.005,0.005,0.005,
0.032,0.032,0.032,0.032,0.032,0.032,0.032,0.032,0.032,0.032,
0.012,0.012,0.012,0.012,0.012,0.012,0.012,0.012,0.012,0.012,
-0.055,-0.055,-0.055,-0.055,-0.055,-0.055,-0.055,-0.055,-0.055,-0.055,
-0.045,-0.045,-0.045,-0.045,-0.045,-0.045,-0.045,-0.045,-0.045,-0.045,
-0.037,-0.037,-0.037,-0.037,-0.037,-0.037,-0.037,-0.037,-0.037,-0.037,
-0.009,-0.009,-0.009,-0.009,-0.009,-0.009,-0.009,-0.009,-0.009,-0.009,
0.044,0.044,0.044,0.044,0.044,0.044,0.044,0.044,0.044,0.044,
-0.03,-0.03,-0.03,-0.03,-0.03,-0.03,-0.03,-0.03,-0.03,-0.03,
0.028,0.028,0.028,0.028,0.028,0.028,0.028,0.028,0.028,0.028,
0.01,0.01,0.01,0.01,0.01,0.01,0.01,0.01,0.01,0.01,
0.0,0.0,0.0,0.0,0.0,0.0,0.0,0.0,0.0,0.0,
0.0,0.0,0.0,0.0,0.0,0.0,0.0,0.0,0.0,0.0,
0.008,0.008,0.008,0.008,0.008,0.008,0.008,0.008,0.008,0.008,
-0.085,-0.085,-0.085,-0.085,-0.085,-0.085,-0.085,-0.085,-0.085,-0.085,
0.072,0.072,0.072,0.072,0.072,0.072,0.072,0.072,0.072,0.072,
0.042,0.042,0.042,0.042,0.042,0.042,0.042,0.042,0.042,0.042,
0.013,0.013,0.013,0.013,0.013,0.013,0.013,0.013,0.013,0.013,
-0.035,-0.035,-0.035,-0.035,-0.035,-0.035,-0.035,-0.035,-0.035,-0.035,
0.054,0.054,0.054,0.054,0.054,0.054,0.054,0.054,0.054,0.054,
-0.122,-0.122,-0.122,-0.122,-0.122,-0.122,-0.122,-0.122,-0.122,-0.122,
0.005,0.005,0.005,0.005,0.005,0.005,0.005,0.005,0.005,0.005,
0.02,0.02,0.02,0.02,0.02,0.02,0.02,0.02,0.02,0.02,
0.025,0.025,0.025,0.025,0.025,0.025,0.025,0.025,0.025,0.025,
0.01,0.01,0.01,0.01,0.01,0.01,0.01,0.01,0.01,0.01,
-0.017,-0.017,-0.017,-0.017,-0.017,-0.017,-0.017,-0.017,-0.017,-0.017,
0.004,0.004,0.004,0.004,0.004,0.004,0.004,0.004,0.004,0.004,
-0.084,-0.084,-0.084,-0.084,-0.084,-0.084,-0.084,-0.084,-0.084,-0.084,
-0.041,-0.041,-0.041,-0.041,-0.041,-0.041,-0.041,-0.041,-0.041,-0.041,
-0.104,-0.104,-0.104,-0.104,-0.104,-0.104,-0.104,-0.104,-0.104,-0.104,
-0.048,-0.048,-0.048,-0.048,-0.048,-0.048,-0.048,-0.048,-0.048,-0.048,
0.051,0.051,0.051,0.051,0.051,0.051,0.051,0.051,0.051,0.051,
-0.027,-0.027,-0.027,-0.027,-0.027,-0.027,-0.027,-0.027,-0.027,-0.027,
-0.086,-0.086,-0.086,-0.086,-0.086,-0.086,-0.086,-0.086,-0.086,-0.086,
0.115,0.115,0.115,0.115,0.115,0.115,0.115,0.115,0.115,0.115,
0.053,0.053,0.053,0.053,0.053,0.053,0.053,0.053,0.053,0.053,
0.016,0.016,0.016,0.016,0.016,0.016,0.016,0.016,0.016,0.016,
0.021,0.021,0.021,0.021,0.021,0.021,0.021,0.021,0.021,0.021,
-0.162,-0.162,-0.162,-0.162,-0.162,-0.162,-0.162,-0.162,-0.162,-0.162,
-0.074,-0.074,-0.074,-0.074,-0.074,-0.074,-0.074,-0.074,-0.074,-0.074,
-0.005,-0.005,-0.005,-0.005,-0.005,-0.005,-0.005,-0.005,-0.005,-0.005,
-0.045,-0.045,-0.045,-0.045,-0.045,-0.045,-0.045,-0.045,-0.045,-0.045,
0.028,0.028,0.028,0.028,0.028,0.028,0.028,0.028,0.028,0.028,
-0.03,-0.03,-0.03,-0.03,-0.03,-0.03,-0.03,-0.03,-0.03,-0.03,
0.073,0.073,0.073,0.073,0.073,0.073,0.073,0.073,0.073,0.073,
-0.013,-0.013,-0.013,-0.013,-0.013,-0.013,-0.013,-0.013,-0.013,-0.013,
0.029,0.029,0.029,0.029,0.029,0.029,0.029,0.029,0.029,0.029,
0.049,0.049,0.049,0.049,0.049,0.049,0.049,0.049,0.049,0.049,
0.0,0.0,0.0,0.0,0.0,0.0,0.0,0.0,0.0,0.0,
0.053,0.053,0.053,0.053,0.053,0.053,0.053,0.053,0.053,0.053,
-0.031,-0.031,-0.031,-0.031,-0.031,-0.031,-0.031,-0.031,-0.031,-0.031,
-0.03,-0.03,-0.03,-0.03,-0.03,-0.03,-0.03,-0.03,-0.03,-0.03,
0.0,0.0,0.0,0.0,0.0,0.0,0.0,0.0,0.0,0.0,
0.0,0.0,0.0,0.0,0.0,0.0,0.0,0.0,0.0,0.0,
0.018,0.018,0.018,0.018,0.018,0.018,0.018,0.018,0.018,0.018,
0.0,0.0,0.0,0.0,0.0,0.0,0.0,0.0,0.0,0.0,
-0.064,-0.064,-0.064,-0.064,-0.064,-0.064,-0.064,-0.064,-0.064,-0.064,
-0.007,-0.007,-0.007,-0.007,-0.007,-0.007,-0.007,-0.007,-0.007,-0.007,
0.067,0.067,0.067,0.067,0.067,0.067,0.067,0.067,0.067,0.067,
-0.005,-0.005,-0.005,-0.005,-0.005,-0.005,-0.005,-0.005,-0.005,-0.005,
0.031,0.031,0.031,0.031,0.031,0.031,0.031,0.031,0.031,0.031,
0.0,0.0,0.0,0.0,0.0,0.0,0.0,0.0,0.0,0.0,
0.01,0.01,0.01,0.01,0.01,0.01,0.01,0.01,0.01,0.01,
0.029,0.029,0.029,0.029,0.029,0.029,0.029,0.029,0.029,0.029,
-0.006,-0.006,-0.006,-0.006,-0.006,-0.006,-0.006,-0.006,-0.006,-0.006,
-0.034,-0.034,-0.034,-0.034,-0.034,-0.034,-0.034,-0.034,-0.034,-0.034,
-0.059,-0.059,-0.059,-0.059,-0.059,-0.059,-0.059,-0.059,-0.059,-0.059,

0.045,0.045,0.045,0.045,0.045,0.045,0.045,0.045,0.045,0.045,
0.022,0.022,0.022,0.022,0.022,0.022,0.022,0.022,0.022,0.022,
0.026,0.026,0.026,0.026,0.026,0.026,0.026,0.026,0.026,0.026,
0.008,0.008,0.008,0.008,0.008,0.008,0.008,0.008,0.008,0.008,
0.114,0.114,0.114,0.114,0.114,0.114,0.114,0.114,0.114,0.114,
0.024,0.024,0.024,0.024,0.024,0.024,0.024,0.024,0.024,0.024,
0.007,0.007,0.007,0.007,0.007,0.007,0.007,0.007,0.007,0.007,
-0.001,-0.001,-0.001,-0.001,-0.001,-0.001,-0.001,-0.001,-0.001,-0.001,
0.094,0.094,0.094,0.094,0.094,0.094,0.094,0.094,0.094,0.094,
0.0,0.0,0.0,0.0,0.0,0.0,0.0,0.0,0.0,0.0,
0.01,0.01,0.01,0.01,0.01,0.01,0.01,0.01,0.01,0.01,
0.0,0.0,0.0,0.0,0.0,0.0,0.0,0.0,0.0,0.0,
0.047,0.047,0.047,0.047,0.047,0.047,0.047,0.047,0.047,0.047,
0.0,0.0,0.0,0.0,0.0,0.0,0.0,0.0,0.0,0.0,
0.004,0.004,0.004,0.004,0.004,0.004,0.004,0.004,0.004,0.004,
0.044,0.044,0.044,0.044,0.044,0.044,0.044,0.044,0.044,0.044,
0.016,0.016,0.016,0.016,0.016,0.016,0.016,0.016,0.016,0.016,
0.031,0.031,0.031,0.031,0.031,0.031,0.031,0.031,0.031,0.031,
-0.018,-0.018,-0.018,-0.018,-0.018,-0.018,-0.018,-0.018,-0.018,-0.018,
0.045,0.045,0.045,0.045,0.045,0.045,0.045,0.045,0.045,0.045,
0.073,0.073,0.073,0.073,0.073,0.073,0.073,0.073,0.073,0.073,
0.0,0.0,0.0,0.0,0.0,0.0,0.0,0.0,0.0,0.0,
-0.002,-0.002,-0.002,-0.002,-0.002,-0.002,-0.002,-0.002,-0.002,-0.002,
-0.03,-0.03,-0.03,-0.03,-0.03,-0.03,-0.03,-0.03,-0.03,-0.03,
-0.068,-0.068,-0.068,-0.068,-0.068,-0.068,-0.068,-0.068,-0.068,-0.068,
0.007,0.007,0.007,0.007,0.007,0.007,0.007,0.007,0.007,0.007,
0.055,0.055,0.055,0.055,0.055,0.055,0.055,0.055,0.055,0.055,
0.042,0.042,0.042,0.042,0.042,0.042,0.042,0.042,0.042,0.042,
0.089,0.089,0.089,0.089,0.089,0.089,0.089,0.089,0.089,0.089,
-0.034,-0.034,-0.034,-0.034,-0.034,-0.034,-0.034,-0.034,-0.034,-0.034,
0.0,0.0,0.0,0.0,0.0,0.0,0.0,0.0,0.0,0.0,
0.029,0.029,0.029,0.029,0.029,0.029,0.029,0.029,0.029,0.029,
0.06,0.06,0.06,0.06,0.06,0.06,0.06,0.06,0.06,0.06,
-0.037,-0.037,-0.037,-0.037,-0.037,-0.037,-0.037,-0.037,-0.037,-0.037,
0.0,0.0,0.0,0.0,0.0,0.0,0.0,0.0,0.0,0.0,
0.035,0.035,0.035,0.035,0.035,0.035,0.035,0.035,0.035,0.035,
0.043,0.043,0.043,0.043,0.043,0.043,0.043,0.043,0.043,0.043,
0.027,0.027,0.027,0.027,0.027,0.027,0.027,0.027,0.027,0.027,
0.024,0.024,0.024,0.024,0.024,0.024,0.024,0.024,0.024,0.024,
-0.016,-0.016,-0.016,-0.016,-0.016,-0.016,-0.016,-0.016,-0.016,-0.016,
-0.077,-0.077,-0.077,-0.077,-0.077,-0.077,-0.077,-0.077,-0.077,-0.077,
0.069,0.069,0.069,0.069,0.069,0.069,0.069,0.069,0.069,0.069,
0.013,0.013,0.013,0.013,0.013,0.013,0.013,0.013,0.013,0.013,
0.0,0.0,0.0,0.0,0.0,0.0,0.0,0.0,0.0,0.0,
0.0,0.0,0.0,0.0,0.0,0.0,0.0,0.0,0.0,0.0,
-0.002,-0.002,-0.002,-0.002,-0.002,-0.002,-0.002,-0.002,-0.002,-0.002,
-0.05,-0.05,-0.05,-0.05,-0.05,-0.05,-0.05,-0.05,-0.05,-0.05,
0.038,0.038,0.038,0.038,0.038,0.038,0.038,0.038,0.038,0.038,
0.018,0.018,0.018,0.018,0.018,0.018,0.018,0.018,0.018,0.018,
0.0,0.0,0.0,0.0,0.0,0.0,0.0,0.0,0.0,0.0,
0.0,0.0,0.0,0.0,0.0,0.0,0.0,0.0,0.0,0.0,
0.015,0.015,0.015,0.015,0.015,0.015,0.015,0.015,0.015,0.015,
-0.016,-0.016,-0.016,-0.016,-0.016,-0.016,-0.016,-0.016,-0.016,-0.016,
0.073,0.073,0.073,0.073,0.073,0.073,0.073,0.073,0.073,0.073,
0.047,0.047,0.047,0.047,0.047,0.047,0.047,0.047,0.047,0.047,
0.017,0.017,0.017,0.017,0.017,0.017,0.017,0.017,0.017,0.017,
0.0,0.0,0.0,0.0,0.0,0.0,0.0,0.0,0.0,0.0,
-0.062,-0.062,-0.062,-0.062,-0.062,-0.062,-0.062,-0.062,-0.062,-0.062,
0.095,0.095,0.095,0.095,0.095,0.095,0.095,0.095,0.095,0.095,
-0.018,-0.018,-0.018,-0.018,-0.018,-0.018,-0.018,-0.018,-0.018,-0.018,
0.038,0.038,0.038,0.038,0.038,0.038,0.038,0.038,0.038,0.038,
0.036,0.036,0.036,0.036,0.036,0.036,0.036,0.036,0.036,0.036,
0.073,0.073,0.073,0.073,0.073,0.073,0.073,0.073,0.073,0.073,
0.003,0.003,0.003,0.003,0.003,0.003,0.003,0.003,0.003,0.003,
-0.016,-0.016,-0.016,-0.016,-0.016,-0.016,-0.016,-0.016,-0.016,-0.016,
0.071,0.071,0.071,0.071,0.071,0.071,0.071,0.071,0.071,0.071,
0.086,0.086,0.086,0.086,0.086,0.086,0.086,0.086,0.086,0.086,
0.0,0.0,0.0,0.0,0.0,0.0,0.0,0.0,0.0,0.0,
0.0,0.0,0.0,0.0,0.0,0.0,0.0,0.0,0.0,0.0,
0.0,0.0,0.0,0.0,0.0,0.0,0.0,0.0,0.0,0.0,
0.0,0.0,0.0,0.0,0.0,0.0,0.0,0.0,0.0,0.0,
0.146,0.146,0.146,0.146,0.146,0.146,0.146,0.146,0.146,0.146,
0.015,0.015,0.015,0.015,0.015,0.015,0.015,0.015,0.015,0.015,
-0.005,-0.005,-0.005,-0.005,-0.005,-0.005,-0.005,-0.005,-0.005,-0.005,
0.02,0.02,0.02,0.02,0.02,0.02,0.02,0.02,0.02,0.02,
-0.015,-0.015,-0.015,-0.015,-0.015,-0.015,-0.015,-0.015,-0.015,-0.015,
0.038,0.038,0.038,0.038,0.038,0.038,0.038,0.038,0.038,0.038,
-0.038,-0.038,-0.038,-0.038,-0.038,-0.038,-0.038,-0.038,-0.038,-0.038,
0.104,0.104,0.104,0.104,0.104,0.104,0.104,0.104,0.104,0.104,
-0.028,-0.028,-0.028,-0.028,-0.028,-0.028,-0.028,-0.028,-0.028,-0.028,
0.018,0.018,0.018,0.018,0.018,0.018,0.018,0.018,0.018,0.018,
0.0,0.0,0.0,0.0,0.0,0.0,0.0,0.0,0.0,0.0,
-0.112,-0.112,-0.112,-0.112,-0.112,-0.112,-0.112,-0.112,-0.112,-0.112,
0.081,0.081,0.081,0.081,0.081,0.081,0.081,0.081,0.081,0.081,
0.017,0.017,0.017,0.017,0.017,0.017,0.017,0.017,0.017,0.017,
0.057,0.057,0.057,0.057,0.057,0.057,0.057,0.057,0.057,0.057,
-0.095,-0.095,-0.095,-0.095,-0.095,-0.095,-0.095,-0.095,-0.095,-0.095,
0.181,0.181,0.181,0.181,0.181,0.181,0.181,0.181,0.181,0.181,
0.0,0.0,0.0,0.0,0.0,0.0,0.0,0.0,0.0,0.0,
0.038,0.038,0.038,0.038,0.038,0.038,0.038,0.038,0.038,0.038,
0.027,0.027,0.027,0.027,0.027,0.027,0.027,0.027,0.027,0.027,
-0.017,-0.017,-0.017,-0.017,-0.017,-0.017,-0.017,-0.017,-0.017,-0.017,
0.003,0.003,0.003,0.003,0.003,0.003,0.003,0.003,0.003,0.003,
0.009,0.009,0.009,0.009,0.009,0.009,0.009,0.009,0.009,0.009,
-0.115,-0.115,-0.115,-0.115,-0.115,-0.115,-0.115,-0.115,-0.115,-0.115,
0.018,0.018,0.018,0.018,0.018,0.018,0.018,0.018,0.018,0.018,
-0.014,-0.014,-0.014,-0.014,-0.014,-0.014,-0.014,-0.014,-0.014,-0.014,
0.02,0.02,0.02,0.02,0.02,0.02,0.02,0.02,0.02,0.02,
0.041,0.041,0.041,0.041,0.041,0.041,0.041,0.041,0.041,0.041,
0.03,0.03,0.03,0.03,0.03,0.03,0.03,0.03,0.03,0.03,

-0.088,-0.088,-0.088,-0.088,-0.088,-0.088,-0.088,-0.088,-0.088,-0.088,
-0.061,-0.061,-0.061,-0.061,-0.061,-0.061,-0.061,-0.061,-0.061,-0.061,
-0.291,-0.291,-0.291,-0.291,-0.291,-0.291,-0.291,-0.291,-0.291,-0.291,
-0.024,-0.024,-0.024,-0.024,-0.024,-0.024,-0.024,-0.024,-0.024,-0.024,
-0.142,-0.142,-0.142,-0.142,-0.142,-0.142,-0.142,-0.142,-0.142,-0.142,
-0.01,-0.01,-0.01,-0.01,-0.01,-0.01,-0.01,-0.01,-0.01,-0.01,
0.023,0.023,0.023,0.023,0.023,0.023,0.023,0.023,0.023,0.023,
-0.013,-0.013,-0.013,-0.013,-0.013,-0.013,-0.013,-0.013,-0.013,-0.013,
-0.013,-0.013,-0.013,-0.013,-0.013,-0.013,-0.013,-0.013,-0.013,-0.013,
0.057,0.057,0.057,0.057,0.057,0.057,0.057,0.057,0.057,0.057,
-0.113,-0.113,-0.113,-0.113,-0.113,-0.113,-0.113,-0.113,-0.113,-0.113,
-0.037,-0.037,-0.037,-0.037,-0.037,-0.037,-0.037,-0.037,-0.037,-0.037,
0.035,0.035,0.035,0.035,0.035,0.035,0.035,0.035,0.035,0.035,
-0.278,-0.278,-0.278,-0.278,-0.278,-0.278,-0.278,-0.278,-0.278,-0.278,
-0.021,-0.021,-0.021,-0.021,-0.021,-0.021,-0.021,-0.021,-0.021,-0.021,
-0.08,-0.08,-0.08,-0.08,-0.08,-0.08,-0.08,-0.08,-0.08,-0.08,
-0.068,-0.068,-0.068,-0.068,-0.068,-0.068,-0.068,-0.068,-0.068,-0.068,
0.033,0.033,0.033,0.033,0.033,0.033,0.033,0.033,0.033,0.033,
0.016,0.016,0.016,0.016,0.016,0.016,0.016,0.016,0.016,0.016,
-0.157,-0.157,-0.157,-0.157,-0.157,-0.157,-0.157,-0.157,-0.157,-0.157,
-0.056,-0.056,-0.056,-0.056,-0.056,-0.056,-0.056,-0.056,-0.056,-0.056,
-0.123,-0.123,-0.123,-0.123,-0.123,-0.123,-0.123,-0.123,-0.123,-0.123,
0.077,0.077,0.077,0.077,0.077,0.077,0.077,0.077,0.077,0.077,
-0.127,-0.127,-0.127,-0.127,-0.127,-0.127,-0.127,-0.127,-0.127,-0.127,
0.031,0.031,0.031,0.031,0.031,0.031,0.031,0.031,0.031,0.031,
-0.089,-0.089,-0.089,-0.089,-0.089,-0.089,-0.089,-0.089,-0.089,-0.089,
-0.031,-0.031,-0.031,-0.031,-0.031,-0.031,-0.031,-0.031,-0.031,-0.031,
-0.01,-0.01,-0.01,-0.01,-0.01,-0.01,-0.01,-0.01,-0.01,-0.01,
-0.076,-0.076,-0.076,-0.076,-0.076,-0.076,-0.076,-0.076,-0.076,-0.076,
-0.129,-0.129,-0.129,-0.129,-0.129,-0.129,-0.129,-0.129,-0.129,-0.129,
-0.045,-0.045,-0.045,-0.045,-0.045,-0.045,-0.045,-0.045,-0.045,-0.045,
0.0,0.0,0.0,0.0,0.0,0.0,0.0,0.0,0.0,0.0,
-0.026,-0.026,-0.026,-0.026,-0.026,-0.026,-0.026,-0.026,-0.026,-0.026,
-0.219,-0.219,-0.219,-0.219,-0.219,-0.219,-0.219,-0.219,-0.219,-0.219,
0.004,0.004,0.004,0.004,0.004,0.004,0.004,0.004,0.004,0.004,
-0.047,-0.047,-0.047,-0.047,-0.047,-0.047,-0.047,-0.047,-0.047,-0.047,
-0.066,-0.066,-0.066,-0.066,-0.066,-0.066,-0.066,-0.066,-0.066,-0.066,
-0.092,-0.092,-0.092,-0.092,-0.092,-0.092,-0.092,-0.092,-0.092,-0.092,
0.037,0.037,0.037,0.037,0.037,0.037,0.037,0.037,0.037,0.037,
-0.076,-0.076,-0.076,-0.076,-0.076,-0.076,-0.076,-0.076,-0.076,-0.076,
0.033,0.033,0.033,0.033,0.033,0.033,0.033,0.033,0.033,0.033,
-0.068,-0.068,-0.068,-0.068,-0.068,-0.068,-0.068,-0.068,-0.068,-0.068,
-0.066,-0.066,-0.066,-0.066,-0.066,-0.066,-0.066,-0.066,-0.066,-0.066,
-0.13,-0.13,-0.13,-0.13,-0.13,-0.13,-0.13,-0.13,-0.13,-0.13,
0.052,0.052,0.052,0.052,0.052,0.052,0.052,0.052,0.052,0.052,
-0.042,-0.042,-0.042,-0.042,-0.042,-0.042,-0.042,-0.042,-0.042,-0.042,
-0.014,-0.014,-0.014,-0.014,-0.014,-0.014,-0.014,-0.014,-0.014,-0.014,
-0.02,-0.02,-0.02,-0.02,-0.02,-0.02,-0.02,-0.02,-0.02,-0.02,
-0.005,-0.005,-0.005,-0.005,-0.005,-0.005,-0.005,-0.005,-0.005,-0.005,
-0.042,-0.042,-0.042,-0.042,-0.042,-0.042,-0.042,-0.042,-0.042,-0.042,
0.041,0.041,0.041,0.041,0.041,0.041,0.041,0.041,0.041,0.041,
0.02,0.02,0.02,0.02,0.02,0.02,0.02,0.02,0.02,0.02,
-0.07,-0.07,-0.07,-0.07,-0.07,-0.07,-0.07,-0.07,-0.07,-0.07,
-0.099,-0.099,-0.099,-0.099,-0.099,-0.099,-0.099,-0.099,-0.099,-0.099,
-0.028,-0.028,-0.028,-0.028,-0.028,-0.028,-0.028,-0.028,-0.028,-0.028,
0.022,0.022,0.022,0.022,0.022,0.022,0.022,0.022,0.022,0.022,
-0.015,-0.015,-0.015,-0.015,-0.015,-0.015,-0.015,-0.015,-0.015,-0.015,
0.045,0.045,0.045,0.045,0.045,0.045,0.045,0.045,0.045,0.045,
-0.165,-0.165,-0.165,-0.165,-0.165,-0.165,-0.165,-0.165,-0.165,-0.165,
0.048,0.048,0.048,0.048,0.048,0.048,0.048,0.048,0.048,0.048,
-0.057,-0.057,-0.057,-0.057,-0.057,-0.057,-0.057,-0.057,-0.057,-0.057,
-0.021,-0.021,-0.021,-0.021,-0.021,-0.021,-0.021,-0.021,-0.021,-0.021,
-0.109,-0.109,-0.109,-0.109,-0.109,-0.109,-0.109,-0.109,-0.109,-0.109,
-0.081,-0.081,-0.081,-0.081,-0.081,-0.081,-0.081,-0.081,-0.081,-0.081,
-0.007,-0.007,-0.007,-0.007,-0.007,-0.007,-0.007,-0.007,-0.007,-0.007,
-0.076,-0.076,-0.076,-0.076,-0.076,-0.076,-0.076,-0.076,-0.076,-0.076,
-0.076,-0.076,-0.076,-0.076,-0.076,-0.076,-0.076,-0.076,-0.076,-0.076,
-0.012,-0.012,-0.012,-0.012,-0.012,-0.012,-0.012,-0.012,-0.012,-0.012,
-0.053,-0.053,-0.053,-0.053,-0.053,-0.053,-0.053,-0.053,-0.053,-0.053,
-0.065,-0.065,-0.065,-0.065,-0.065,-0.065,-0.065,-0.065,-0.065,-0.065,
-0.045,-0.045,-0.045,-0.045,-0.045,-0.045,-0.045,-0.045,-0.045,-0.045,
-0.143,-0.143,-0.143,-0.143,-0.143,-0.143,-0.143,-0.143,-0.143,-0.143,
-0.035,-0.035,-0.035,-0.035,-0.035,-0.035,-0.035,-0.035,-0.035,-0.035,
0.037,0.037,0.037,0.037,0.037,0.037,0.037,0.037,0.037,0.037,
-0.047,-0.047,-0.047,-0.047,-0.047,-0.047,-0.047,-0.047,-0.047,-0.047,
-0.056,-0.056,-0.056,-0.056,-0.056,-0.056,-0.056,-0.056,-0.056,-0.056,
-0.073,-0.073,-0.073,-0.073,-0.073,-0.073,-0.073,-0.073,-0.073,-0.073,
-0.023,-0.023,-0.023,-0.023,-0.023,-0.023,-0.023,-0.023,-0.023,-0.023,
-0.118,-0.118,-0.118,-0.118,-0.118,-0.118,-0.118,-0.118,-0.118,-0.118,
-0.075,-0.075,-0.075,-0.075,-0.075,-0.075,-0.075,-0.075,-0.075,-0.075,
0.017,0.017,0.017,0.017,0.017,0.017,0.017,0.017,0.017,0.017,
-0.028,-0.028,-0.028,-0.028,-0.028,-0.028,-0.028,-0.028,-0.028,-0.028,
0.059,0.059,0.059,0.059,0.059,0.059,0.059,0.059,0.059,0.059,
0.009,0.009,0.009,0.009,0.009,0.009,0.009,0.009,0.009,0.009,
-0.006,-0.006,-0.006,-0.006,-0.006,-0.006,-0.006,-0.006,-0.006,-0.006,
-0.186,-0.186,-0.186,-0.186,-0.186,-0.186,-0.186,-0.186,-0.186,-0.186,
0.074,0.074,0.074,0.074,0.074,0.074,0.074,0.074,0.074,0.074,
-0.191,-0.191,-0.191,-0.191,-0.191,-0.191,-0.191,-0.191,-0.191,-0.191,
-0.071,-0.071,-0.071,-0.071,-0.071,-0.071,-0.071,-0.071,-0.071,-0.071,
-0.063,-0.063,-0.063,-0.063,-0.063,-0.063,-0.063,-0.063,-0.063,-0.063,
-0.192,-0.192,-0.192,-0.192,-0.192,-0.192,-0.192,-0.192,-0.192,-0.192,
0.002,0.002,0.002,0.002,0.002,0.002,0.002,0.002,0.002,0.002,
0.01,0.01,0.01,0.01,0.01,0.01,0.01,0.01,0.01,0.01,
-0.061,-0.061,-0.061,-0.061,-0.061,-0.061,-0.061,-0.061,-0.061,-0.061,
-0.096,-0.096,-0.096,-0.096,-0.096,-0.096,-0.096,-0.096,-0.096,-0.096,
-0.012,-0.012,-0.012,-0.012,-0.012,-0.012,-0.012,-0.012,-0.012,-0.012,
-0.057,-0.057,-0.057,-0.057,-0.057,-0.057,-0.057,-0.057,-0.057,-0.057,
0.021,0.021,0.021,0.021,0.021,0.021,0.021,0.021,0.021,0.021,
-0.179,-0.179,-0.179,-0.179,-0.179,-0.179,-0.179,-0.179,-0.179,-0.179,
-0.023,-0.023,-0.023,-0.023,-0.023,-0.023,-0.023,-0.023,-0.023,-0.023,

0.068,0.068,0.068,0.068,0.068,0.068,0.068,0.068,0.068,0.068,
0.057,0.057,0.057,0.057,0.057,0.057,0.057,0.057,0.057,0.057,
0.277,0.277,0.277,0.277,0.277,0.277,0.277,0.277,0.277,0.277,
0.047,0.047,0.047,0.047,0.047,0.047,0.047,0.047,0.047,0.047,
0.132,0.132,0.132,0.132,0.132,0.132,0.132,0.132,0.132,0.132,
-0.003,-0.003,-0.003,-0.003,-0.003,-0.003,-0.003,-0.003,-0.003,-0.003,
-0.002,-0.002,-0.002,-0.002,-0.002,-0.002,-0.002,-0.002,-0.002,-0.002,
-0.039,-0.039,-0.039,-0.039,-0.039,-0.039,-0.039,-0.039,-0.039,-0.039,
-0.009,-0.009,-0.009,-0.009,-0.009,-0.009,-0.009,-0.009,-0.009,-0.009,
-0.059,-0.059,-0.059,-0.059,-0.059,-0.059,-0.059,-0.059,-0.059,-0.059,
0.144,0.144,0.144,0.144,0.144,0.144,0.144,0.144,0.144,0.144,
0.005,0.005,0.005,0.005,0.005,0.005,0.005,0.005,0.005,0.005,
-0.002,-0.002,-0.002,-0.002,-0.002,-0.002,-0.002,-0.002,-0.002,-0.002,
0.237,0.237,0.237,0.237,0.237,0.237,0.237,0.237,0.237,0.237,
0.008,0.008,0.008,0.008,0.008,0.008,0.008,0.008,0.008,0.008,
0.049,0.049,0.049,0.049,0.049,0.049,0.049,0.049,0.049,0.049,
0.061,0.061,0.061,0.061,0.061,0.061,0.061,0.061,0.061,0.061,
-0.012,-0.012,-0.012,-0.012,-0.012,-0.012,-0.012,-0.012,-0.012,-0.012,
-0.077,-0.077,-0.077,-0.077,-0.077,-0.077,-0.077,-0.077,-0.077,-0.077,
0.085,0.085,0.085,0.085,0.085,0.085,0.085,0.085,0.085,0.085,
0.008,0.008,0.008,0.008,0.008,0.008,0.008,0.008,0.008,0.008,
0.123,0.123,0.123,0.123,0.123,0.123,0.123,0.123,0.123,0.123,
-0.034,-0.034,-0.034,-0.034,-0.034,-0.034,-0.034,-0.034,-0.034,-0.034,
0.184,0.184,0.184,0.184,0.184,0.184,0.184,0.184,0.184,0.184,
-0.02,-0.02,-0.02,-0.02,-0.02,-0.02,-0.02,-0.02,-0.02,-0.02,
0.089,0.089,0.089,0.089,0.089,0.089,0.089,0.089,0.089,0.089,
0.022,0.022,0.022,0.022,0.022,0.022,0.022,0.022,0.022,0.022,
0.01,0.01,0.01,0.01,0.01,0.01,0.01,0.01,0.01,0.01,
0.041,0.041,0.041,0.041,0.041,0.041,0.041,0.041,0.041,0.041,
0.137,0.137,0.137,0.137,0.137,0.137,0.137,0.137,0.137,0.137,
0.084,0.084,0.084,0.084,0.084,0.084,0.084,0.084,0.084,0.084,
-0.018,-0.018,-0.018,-0.018,-0.018,-0.018,-0.018,-0.018,-0.018,-0.018,
0.025,0.025,0.025,0.025,0.025,0.025,0.025,0.025,0.025,0.025,
0.244,0.244,0.244,0.244,0.244,0.244,0.244,0.244,0.244,0.244,
0.02,0.02,0.02,0.02,0.02,0.02,0.02,0.02,0.02,0.02,
0.0,0.0,0.0,0.0,0.0,0.0,0.0,0.0,0.0,0.0,
0.049,0.049,0.049,0.049,0.049,0.049,0.049,0.049,0.049,0.049,
0.121,0.121,0.121,0.121,0.121,0.121,0.121,0.121,0.121,0.121,
-0.007,-0.007,-0.007,-0.007,-0.007,-0.007,-0.007,-0.007,-0.007,-0.007,
0.106,0.106,0.106,0.106,0.106,0.106,0.106,0.106,0.106,0.106,
-0.006,-0.006,-0.006,-0.006,-0.006,-0.006,-0.006,-0.006,-0.006,-0.006,
0.028,0.028,0.028,0.028,0.028,0.028,0.028,0.028,0.028,0.028,
0.066,0.066,0.066,0.066,0.066,0.066,0.066,0.066,0.066,0.066,
0.13,0.13,0.13,0.13,0.13,0.13,0.13,0.13,0.13,0.13,
-0.052,-0.052,-0.052,-0.052,-0.052,-0.052,-0.052,-0.052,-0.052,-0.052,
0.093,0.093,0.093,0.093,0.093,0.093,0.093,0.093,0.093,0.093,
0.014,0.014,0.014,0.014,0.014,0.014,0.014,0.014,0.014,0.014,
0.023,0.023,0.023,0.023,0.023,0.023,0.023,0.023,0.023,0.023,
0.033,0.033,0.033,0.033,0.033,0.033,0.033,0.033,0.033,0.033,
0.042,0.042,0.042,0.042,0.042,0.042,0.042,0.042,0.042,0.042,
0.015,0.015,0.015,0.015,0.015,0.015,0.015,0.015,0.015,0.015,
0.027,0.027,0.027,0.027,0.027,0.027,0.027,0.027,0.027,0.027,
0.09,0.09,0.09,0.09,0.09,0.09,0.09,0.09,0.09,0.09,
0.125,0.125,0.125,0.125,0.125,0.125,0.125,0.125,0.125,0.125,
-0.007,-0.007,-0.007,-0.007,-0.007,-0.007,-0.007,-0.007,-0.007,-0.007,
-0.056,-0.056,-0.056,-0.056,-0.056,-0.056,-0.056,-0.056,-0.056,-0.056,
0.015,0.015,0.015,0.015,0.015,0.015,0.015,0.015,0.015,0.015,
-0.024,-0.024,-0.024,-0.024,-0.024,-0.024,-0.024,-0.024,-0.024,-0.024,
0.093,0.093,0.093,0.093,0.093,0.093,0.093,0.093,0.093,0.093,
-0.005,-0.005,-0.005,-0.005,-0.005,-0.005,-0.005,-0.005,-0.005,-0.005,
0.079,0.079,0.079,0.079,0.079,0.079,0.079,0.079,0.079,0.079,
0.024,0.024,0.024,0.024,0.024,0.024,0.024,0.024,0.024,0.024,
0.089,0.089,0.089,0.089,0.089,0.089,0.089,0.089,0.089,0.089,
0.125,0.125,0.125,0.125,0.125,0.125,0.125,0.125,0.125,0.125,
-0.024,-0.024,-0.024,-0.024,-0.024,-0.024,-0.024,-0.024,-0.024,-0.024,
0.059,0.059,0.059,0.059,0.059,0.059,0.059,0.059,0.059,0.059,
0.076,0.076,0.076,0.076,0.076,0.076,0.076,0.076,0.076,0.076,
-0.011,-0.011,-0.011,-0.011,-0.011,-0.011,-0.011,-0.011,-0.011,-0.011,
0.053,0.053,0.053,0.053,0.053,0.053,0.053,0.053,0.053,0.053,
0.05,0.05,0.05,0.05,0.05,0.05,0.05,0.05,0.05,0.05,
0.033,0.033,0.033,0.033,0.033,0.033,0.033,0.033,0.033,0.033,
0.169,0.169,0.169,0.169,0.169,0.169,0.169,0.169,0.169,0.169,
0.082,0.082,0.082,0.082,0.082,0.082,0.082,0.082,0.082,0.082,
-0.016,-0.016,-0.016,-0.016,-0.016,-0.016,-0.016,-0.016,-0.016,-0.016,
0.039,0.039,0.039,0.039,0.039,0.039,0.039,0.039,0.039,0.039,
0.044,0.044,0.044,0.044,0.044,0.044,0.044,0.044,0.044,0.044,
0.073,0.073,0.073,0.073,0.073,0.073,0.073,0.073,0.073,0.073,
0.049,0.049,0.049,0.049,0.049,0.049,0.049,0.049,0.049,0.049,
0.096,0.096,0.096,0.096,0.096,0.096,0.096,0.096,0.096,0.096,
0.075,0.075,0.075,0.075,0.075,0.075,0.075,0.075,0.075,0.075,
-0.014,-0.014,-0.014,-0.014,-0.014,-0.014,-0.014,-0.014,-0.014,-0.014,
0.028,0.028,0.028,0.028,0.028,0.028,0.028,0.028,0.028,0.028,
-0.059,-0.059,-0.059,-0.059,-0.059,-0.059,-0.059,-0.059,-0.059,-0.059,
-0.025,-0.025,-0.025,-0.025,-0.025,-0.025,-0.025,-0.025,-0.025,-0.025,
-0.034,-0.034,-0.034,-0.034,-0.034,-0.034,-0.034,-0.034,-0.034,-0.034,
0.165,0.165,0.165,0.165,0.165,0.165,0.165,0.165,0.165,0.165,
0.023,0.023,0.023,0.023,0.023,0.023,0.023,0.023,0.023,0.023,
0.091,0.091,0.091,0.091,0.091,0.091,0.091,0.091,0.091,0.091,
0.071,0.071,0.071,0.071,0.071,0.071,0.071,0.071,0.071,0.071,
0.07,0.07,0.07,0.07,0.07,0.07,0.07,0.07,0.07,0.07,
0.183,0.183,0.183,0.183,0.183,0.183,0.183,0.183,0.183,0.183,
0.022,0.022,0.022,0.022,0.022,0.022,0.022,0.022,0.022,0.022,
-0.02,-0.02,-0.02,-0.02,-0.02,-0.02,-0.02,-0.02,-0.02,-0.02,
0.063,0.063,0.063,0.063,0.063,0.063,0.063,0.063,0.063,0.063,
0.2,0.2,0.2,0.2,0.2,0.2,0.2,0.2,0.2,0.2,
-0.006,-0.006,-0.006,-0.006,-0.006,-0.006,-0.006,-0.006,-0.006,-0.006,
0.076,0.076,0.076,0.076,0.076,0.076,0.076,0.076,0.076,0.076,
0.003,0.003,0.003,0.003,0.003,0.003,0.003,0.003,0.003,0.003,
0.198,0.198,0.198,0.198,0.198,0.198,0.198,0.198,0.198,0.198,
-0.001,-0.001,-0.001,-0.001,-0.001,-0.001,-0.001,-0.001,-0.001,-0.001,


