15591.0,15591.0,15591.0,15591.0,15591.0,15591.0,15591.0,15591.0,15591.0,15591.0,
13977.0,13977.0,13977.0,13977.0,13977.0,13977.0,13977.0,13977.0,13977.0,13977.0,
14381.0,14381.0,14381.0,14381.0,14381.0,14381.0,14381.0,14381.0,14381.0,14381.0,
17110.0,17110.0,17110.0,17110.0,17110.0,17110.0,17110.0,17110.0,17110.0,17110.0,
13937.0,13937.0,13937.0,13937.0,13937.0,13937.0,13937.0,13937.0,13937.0,13937.0,
13666.0,13666.0,13666.0,13666.0,13666.0,13666.0,13666.0,13666.0,13666.0,13666.0,
15166.0,15166.0,15166.0,15166.0,15166.0,15166.0,15166.0,15166.0,15166.0,15166.0,
14556.0,14556.0,14556.0,14556.0,14556.0,14556.0,14556.0,14556.0,14556.0,14556.0,
14630.0,14630.0,14630.0,14630.0,14630.0,14630.0,14630.0,14630.0,14630.0,14630.0,
16759.0,16759.0,16759.0,16759.0,16759.0,16759.0,16759.0,16759.0,16759.0,16759.0,
16892.0,16892.0,16892.0,16892.0,16892.0,16892.0,16892.0,16892.0,16892.0,16892.0,
15098.0,15098.0,15098.0,15098.0,15098.0,15098.0,15098.0,15098.0,15098.0,15098.0,
16200.0,16200.0,16200.0,16200.0,16200.0,16200.0,16200.0,16200.0,16200.0,16200.0,
16323.0,16323.0,16323.0,16323.0,16323.0,16323.0,16323.0,16323.0,16323.0,16323.0,
14423.0,14423.0,14423.0,14423.0,14423.0,14423.0,14423.0,14423.0,14423.0,14423.0,
13967.0,13967.0,13967.0,13967.0,13967.0,13967.0,13967.0,13967.0,13967.0,13967.0,
19402.0,19402.0,19402.0,19402.0,19402.0,19402.0,19402.0,19402.0,19402.0,19402.0,
16880.0,16880.0,16880.0,16880.0,16880.0,16880.0,16880.0,16880.0,16880.0,16880.0,
15975.0,15975.0,15975.0,15975.0,15975.0,15975.0,15975.0,15975.0,15975.0,15975.0,
17596.0,17596.0,17596.0,17596.0,17596.0,17596.0,17596.0,17596.0,17596.0,17596.0,
18062.0,18062.0,18062.0,18062.0,18062.0,18062.0,18062.0,18062.0,18062.0,18062.0,
19011.0,19011.0,19011.0,19011.0,19011.0,19011.0,19011.0,19011.0,19011.0,19011.0,
16539.0,16539.0,16539.0,16539.0,16539.0,16539.0,16539.0,16539.0,16539.0,16539.0,
16666.0,16666.0,16666.0,16666.0,16666.0,16666.0,16666.0,16666.0,16666.0,16666.0,
13540.0,13540.0,13540.0,13540.0,13540.0,13540.0,13540.0,13540.0,13540.0,13540.0,
15457.0,15457.0,15457.0,15457.0,15457.0,15457.0,15457.0,15457.0,15457.0,15457.0,
15598.0,15598.0,15598.0,15598.0,15598.0,15598.0,15598.0,15598.0,15598.0,15598.0,
16021.0,16021.0,16021.0,16021.0,16021.0,16021.0,16021.0,16021.0,16021.0,16021.0,
14477.0,14477.0,14477.0,14477.0,14477.0,14477.0,14477.0,14477.0,14477.0,14477.0,
17925.0,17925.0,17925.0,17925.0,17925.0,17925.0,17925.0,17925.0,17925.0,17925.0,
17476.0,17476.0,17476.0,17476.0,17476.0,17476.0,17476.0,17476.0,17476.0,17476.0,
14416.0,14416.0,14416.0,14416.0,14416.0,14416.0,14416.0,14416.0,14416.0,14416.0,
15729.0,15729.0,15729.0,15729.0,15729.0,15729.0,15729.0,15729.0,15729.0,15729.0,
14548.0,14548.0,14548.0,14548.0,14548.0,14548.0,14548.0,14548.0,14548.0,14548.0,
16699.0,16699.0,16699.0,16699.0,16699.0,16699.0,16699.0,16699.0,16699.0,16699.0,
13988.0,13988.0,13988.0,13988.0,13988.0,13988.0,13988.0,13988.0,13988.0,13988.0,
14663.0,14663.0,14663.0,14663.0,14663.0,14663.0,14663.0,14663.0,14663.0,14663.0,
15471.0,15471.0,15471.0,15471.0,15471.0,15471.0,15471.0,15471.0,15471.0,15471.0,
15234.0,15234.0,15234.0,15234.0,15234.0,15234.0,15234.0,15234.0,15234.0,15234.0,
14357.0,14357.0,14357.0,14357.0,14357.0,14357.0,14357.0,14357.0,14357.0,14357.0,
15309.0,15309.0,15309.0,15309.0,15309.0,15309.0,15309.0,15309.0,15309.0,15309.0,
15688.0,15688.0,15688.0,15688.0,15688.0,15688.0,15688.0,15688.0,15688.0,15688.0,
14613.0,14613.0,14613.0,14613.0,14613.0,14613.0,14613.0,14613.0,14613.0,14613.0,
15987.0,15987.0,15987.0,15987.0,15987.0,15987.0,15987.0,15987.0,15987.0,15987.0,
18063.0,18063.0,18063.0,18063.0,18063.0,18063.0,18063.0,18063.0,18063.0,18063.0,
16074.0,16074.0,16074.0,16074.0,16074.0,16074.0,16074.0,16074.0,16074.0,16074.0,
15953.0,15953.0,15953.0,15953.0,15953.0,15953.0,15953.0,15953.0,15953.0,15953.0,
15437.0,15437.0,15437.0,15437.0,15437.0,15437.0,15437.0,15437.0,15437.0,15437.0,
13933.0,13933.0,13933.0,13933.0,13933.0,13933.0,13933.0,13933.0,13933.0,13933.0,
17379.0,17379.0,17379.0,17379.0,17379.0,17379.0,17379.0,17379.0,17379.0,17379.0,
18034.0,18034.0,18034.0,18034.0,18034.0,18034.0,18034.0,18034.0,18034.0,18034.0,
14165.0,14165.0,14165.0,14165.0,14165.0,14165.0,14165.0,14165.0,14165.0,14165.0,
14889.0,14889.0,14889.0,14889.0,14889.0,14889.0,14889.0,14889.0,14889.0,14889.0,
16266.0,16266.0,16266.0,16266.0,16266.0,16266.0,16266.0,16266.0,16266.0,16266.0,
14454.0,14454.0,14454.0,14454.0,14454.0,14454.0,14454.0,14454.0,14454.0,14454.0,
18496.0,18496.0,18496.0,18496.0,18496.0,18496.0,18496.0,18496.0,18496.0,18496.0,
15657.0,15657.0,15657.0,15657.0,15657.0,15657.0,15657.0,15657.0,15657.0,15657.0,
14527.0,14527.0,14527.0,14527.0,14527.0,14527.0,14527.0,14527.0,14527.0,14527.0,
17408.0,17408.0,17408.0,17408.0,17408.0,17408.0,17408.0,17408.0,17408.0,17408.0,
15535.0,15535.0,15535.0,15535.0,15535.0,15535.0,15535.0,15535.0,15535.0,15535.0,
14912.0,14912.0,14912.0,14912.0,14912.0,14912.0,14912.0,14912.0,14912.0,14912.0,
14399.0,14399.0,14399.0,14399.0,14399.0,14399.0,14399.0,14399.0,14399.0,14399.0,
15813.0,15813.0,15813.0,15813.0,15813.0,15813.0,15813.0,15813.0,15813.0,15813.0,
14783.0,14783.0,14783.0,14783.0,14783.0,14783.0,14783.0,14783.0,14783.0,14783.0,
14368.0,14368.0,14368.0,14368.0,14368.0,14368.0,14368.0,14368.0,14368.0,14368.0,
14453.0,14453.0,14453.0,14453.0,14453.0,14453.0,14453.0,14453.0,14453.0,14453.0,
18048.0,18048.0,18048.0,18048.0,18048.0,18048.0,18048.0,18048.0,18048.0,18048.0,
14211.0,14211.0,14211.0,14211.0,14211.0,14211.0,14211.0,14211.0,14211.0,14211.0,
19510.0,19510.0,19510.0,19510.0,19510.0,19510.0,19510.0,19510.0,19510.0,19510.0,
17471.0,17471.0,17471.0,17471.0,17471.0,17471.0,17471.0,17471.0,17471.0,17471.0,
17059.0,17059.0,17059.0,17059.0,17059.0,17059.0,17059.0,17059.0,17059.0,17059.0,
15066.0,15066.0,15066.0,15066.0,15066.0,15066.0,15066.0,15066.0,15066.0,15066.0,
15908.0,15908.0,15908.0,15908.0,15908.0,15908.0,15908.0,15908.0,15908.0,15908.0,
14990.0,14990.0,14990.0,14990.0,14990.0,14990.0,14990.0,14990.0,14990.0,14990.0,
16997.0,16997.0,16997.0,16997.0,16997.0,16997.0,16997.0,16997.0,16997.0,16997.0,
13833.0,13833.0,13833.0,13833.0,13833.0,13833.0,13833.0,13833.0,13833.0,13833.0,
15067.0,15067.0,15067.0,15067.0,15067.0,15067.0,15067.0,15067.0,15067.0,15067.0,
14588.0,14588.0,14588.0,14588.0,14588.0,14588.0,14588.0,14588.0,14588.0,14588.0,
13551.0,13551.0,13551.0,13551.0,13551.0,13551.0,13551.0,13551.0,13551.0,13551.0,
15051.0,15051.0,15051.0,15051.0,15051.0,15051.0,15051.0,15051.0,15051.0,15051.0,
14810.0,14810.0,14810.0,14810.0,14810.0,14810.0,14810.0,14810.0,14810.0,14810.0,
17313.0,17313.0,17313.0,17313.0,17313.0,17313.0,17313.0,17313.0,17313.0,17313.0,
18135.0,18135.0,18135.0,18135.0,18135.0,18135.0,18135.0,18135.0,18135.0,18135.0,
17051.0,17051.0,17051.0,17051.0,17051.0,17051.0,17051.0,17051.0,17051.0,17051.0,
15527.0,15527.0,15527.0,15527.0,15527.0,15527.0,15527.0,15527.0,15527.0,15527.0,
16080.0,16080.0,16080.0,16080.0,16080.0,16080.0,16080.0,16080.0,16080.0,16080.0,
17345.0,17345.0,17345.0,17345.0,17345.0,17345.0,17345.0,17345.0,17345.0,17345.0,
16507.0,16507.0,16507.0,16507.0,16507.0,16507.0,16507.0,16507.0,16507.0,16507.0,
18850.0,18850.0,18850.0,18850.0,18850.0,18850.0,18850.0,18850.0,18850.0,18850.0,
16307.0,16307.0,16307.0,16307.0,16307.0,16307.0,16307.0,16307.0,16307.0,16307.0,
19640.0,19640.0,19640.0,19640.0,19640.0,19640.0,19640.0,19640.0,19640.0,19640.0,
14151.0,14151.0,14151.0,14151.0,14151.0,14151.0,14151.0,14151.0,14151.0,14151.0,
14616.0,14616.0,14616.0,14616.0,14616.0,14616.0,14616.0,14616.0,14616.0,14616.0,
14035.0,14035.0,14035.0,14035.0,14035.0,14035.0,14035.0,14035.0,14035.0,14035.0,
17395.0,17395.0,17395.0,17395.0,17395.0,17395.0,17395.0,17395.0,17395.0,17395.0,
18214.0,18214.0,18214.0,18214.0,18214.0,18214.0,18214.0,18214.0,18214.0,18214.0,
13933.0,13933.0,13933.0,13933.0,13933.0,13933.0,13933.0,13933.0,13933.0,13933.0,
16470.0,16470.0,16470.0,16470.0,16470.0,16470.0,16470.0,16470.0,16470.0,16470.0,
15663.0,15663.0,15663.0,15663.0,15663.0,15663.0,15663.0,15663.0,15663.0,15663.0,
16393.0,16393.0,16393.0,16393.0,16393.0,16393.0,16393.0,16393.0,16393.0,16393.0,

14848.0,14848.0,14848.0,14848.0,14848.0,14848.0,14848.0,14848.0,14848.0,14848.0,
14342.0,14342.0,14342.0,14342.0,14342.0,14342.0,14342.0,14342.0,14342.0,14342.0,
14409.0,14409.0,14409.0,14409.0,14409.0,14409.0,14409.0,14409.0,14409.0,14409.0,
16536.0,16536.0,16536.0,16536.0,16536.0,16536.0,16536.0,16536.0,16536.0,16536.0,
14025.0,14025.0,14025.0,14025.0,14025.0,14025.0,14025.0,14025.0,14025.0,14025.0,
14101.0,14101.0,14101.0,14101.0,14101.0,14101.0,14101.0,14101.0,14101.0,14101.0,
14758.0,14758.0,14758.0,14758.0,14758.0,14758.0,14758.0,14758.0,14758.0,14758.0,
13907.0,13907.0,13907.0,13907.0,13907.0,13907.0,13907.0,13907.0,13907.0,13907.0,
13980.0,13980.0,13980.0,13980.0,13980.0,13980.0,13980.0,13980.0,13980.0,13980.0,
15838.0,15838.0,15838.0,15838.0,15838.0,15838.0,15838.0,15838.0,15838.0,15838.0,
16320.0,16320.0,16320.0,16320.0,16320.0,16320.0,16320.0,16320.0,16320.0,16320.0,
15328.0,15328.0,15328.0,15328.0,15328.0,15328.0,15328.0,15328.0,15328.0,15328.0,
14968.0,14968.0,14968.0,14968.0,14968.0,14968.0,14968.0,14968.0,14968.0,14968.0,
16870.0,16870.0,16870.0,16870.0,16870.0,16870.0,16870.0,16870.0,16870.0,16870.0,
14532.0,14532.0,14532.0,14532.0,14532.0,14532.0,14532.0,14532.0,14532.0,14532.0,
14021.0,14021.0,14021.0,14021.0,14021.0,14021.0,14021.0,14021.0,14021.0,14021.0,
16440.0,16440.0,16440.0,16440.0,16440.0,16440.0,16440.0,16440.0,16440.0,16440.0,
16125.0,16125.0,16125.0,16125.0,16125.0,16125.0,16125.0,16125.0,16125.0,16125.0,
16062.0,16062.0,16062.0,16062.0,16062.0,16062.0,16062.0,16062.0,16062.0,16062.0,
17596.0,17596.0,17596.0,17596.0,17596.0,17596.0,17596.0,17596.0,17596.0,17596.0,
16073.0,16073.0,16073.0,16073.0,16073.0,16073.0,16073.0,16073.0,16073.0,16073.0,
19226.0,19226.0,19226.0,19226.0,19226.0,19226.0,19226.0,19226.0,19226.0,19226.0,
16057.0,16057.0,16057.0,16057.0,16057.0,16057.0,16057.0,16057.0,16057.0,16057.0,
16492.0,16492.0,16492.0,16492.0,16492.0,16492.0,16492.0,16492.0,16492.0,16492.0,
13395.0,13395.0,13395.0,13395.0,13395.0,13395.0,13395.0,13395.0,13395.0,13395.0,
14867.0,14867.0,14867.0,14867.0,14867.0,14867.0,14867.0,14867.0,14867.0,14867.0,
15531.0,15531.0,15531.0,15531.0,15531.0,15531.0,15531.0,15531.0,15531.0,15531.0,
15719.0,15719.0,15719.0,15719.0,15719.0,15719.0,15719.0,15719.0,15719.0,15719.0,
14417.0,14417.0,14417.0,14417.0,14417.0,14417.0,14417.0,14417.0,14417.0,14417.0,
17925.0,17925.0,17925.0,17925.0,17925.0,17925.0,17925.0,17925.0,17925.0,17925.0,
17025.0,17025.0,17025.0,17025.0,17025.0,17025.0,17025.0,17025.0,17025.0,17025.0,
15122.0,15122.0,15122.0,15122.0,15122.0,15122.0,15122.0,15122.0,15122.0,15122.0,
16163.0,16163.0,16163.0,16163.0,16163.0,16163.0,16163.0,16163.0,16163.0,16163.0,
14607.0,14607.0,14607.0,14607.0,14607.0,14607.0,14607.0,14607.0,14607.0,14607.0,
16696.0,16696.0,16696.0,16696.0,16696.0,16696.0,16696.0,16696.0,16696.0,16696.0,
13180.0,13180.0,13180.0,13180.0,13180.0,13180.0,13180.0,13180.0,13180.0,13180.0,
14386.0,14386.0,14386.0,14386.0,14386.0,14386.0,14386.0,14386.0,14386.0,14386.0,
15975.0,15975.0,15975.0,15975.0,15975.0,15975.0,15975.0,15975.0,15975.0,15975.0,
14801.0,14801.0,14801.0,14801.0,14801.0,14801.0,14801.0,14801.0,14801.0,14801.0,
14479.0,14479.0,14479.0,14479.0,14479.0,14479.0,14479.0,14479.0,14479.0,14479.0,
14044.0,14044.0,14044.0,14044.0,14044.0,14044.0,14044.0,14044.0,14044.0,14044.0,
15821.0,15821.0,15821.0,15821.0,15821.0,15821.0,15821.0,15821.0,15821.0,15821.0,
15089.0,15089.0,15089.0,15089.0,15089.0,15089.0,15089.0,15089.0,15089.0,15089.0,
15270.0,15270.0,15270.0,15270.0,15270.0,15270.0,15270.0,15270.0,15270.0,15270.0,
18253.0,18253.0,18253.0,18253.0,18253.0,18253.0,18253.0,18253.0,18253.0,18253.0,
15338.0,15338.0,15338.0,15338.0,15338.0,15338.0,15338.0,15338.0,15338.0,15338.0,
15668.0,15668.0,15668.0,15668.0,15668.0,15668.0,15668.0,15668.0,15668.0,15668.0,
14902.0,14902.0,14902.0,14902.0,14902.0,14902.0,14902.0,14902.0,14902.0,14902.0,
14610.0,14610.0,14610.0,14610.0,14610.0,14610.0,14610.0,14610.0,14610.0,14610.0,
17379.0,17379.0,17379.0,17379.0,17379.0,17379.0,17379.0,17379.0,17379.0,17379.0,
17458.0,17458.0,17458.0,17458.0,17458.0,17458.0,17458.0,17458.0,17458.0,17458.0,
15088.0,15088.0,15088.0,15088.0,15088.0,15088.0,15088.0,15088.0,15088.0,15088.0,
15024.0,15024.0,15024.0,15024.0,15024.0,15024.0,15024.0,15024.0,15024.0,15024.0,
17576.0,17576.0,17576.0,17576.0,17576.0,17576.0,17576.0,17576.0,17576.0,17576.0,
14936.0,14936.0,14936.0,14936.0,14936.0,14936.0,14936.0,14936.0,14936.0,14936.0,
16961.0,16961.0,16961.0,16961.0,16961.0,16961.0,16961.0,16961.0,16961.0,16961.0,
15699.0,15699.0,15699.0,15699.0,15699.0,15699.0,15699.0,15699.0,15699.0,15699.0,
13946.0,13946.0,13946.0,13946.0,13946.0,13946.0,13946.0,13946.0,13946.0,13946.0,
16126.0,16126.0,16126.0,16126.0,16126.0,16126.0,16126.0,16126.0,16126.0,16126.0,
14998.0,14998.0,14998.0,14998.0,14998.0,14998.0,14998.0,14998.0,14998.0,14998.0,
14529.0,14529.0,14529.0,14529.0,14529.0,14529.0,14529.0,14529.0,14529.0,14529.0,
14234.0,14234.0,14234.0,14234.0,14234.0,14234.0,14234.0,14234.0,14234.0,14234.0,
15129.0,15129.0,15129.0,15129.0,15129.0,15129.0,15129.0,15129.0,15129.0,15129.0,
14676.0,14676.0,14676.0,14676.0,14676.0,14676.0,14676.0,14676.0,14676.0,14676.0,
14296.0,14296.0,14296.0,14296.0,14296.0,14296.0,14296.0,14296.0,14296.0,14296.0,
13862.0,13862.0,13862.0,13862.0,13862.0,13862.0,13862.0,13862.0,13862.0,13862.0,
18978.0,18978.0,18978.0,18978.0,18978.0,18978.0,18978.0,18978.0,18978.0,18978.0,
15015.0,15015.0,15015.0,15015.0,15015.0,15015.0,15015.0,15015.0,15015.0,15015.0,
18767.0,18767.0,18767.0,18767.0,18767.0,18767.0,18767.0,18767.0,18767.0,18767.0,
14974.0,14974.0,14974.0,14974.0,14974.0,14974.0,14974.0,14974.0,14974.0,14974.0,
16353.0,16353.0,16353.0,16353.0,16353.0,16353.0,16353.0,16353.0,16353.0,16353.0,
15044.0,15044.0,15044.0,15044.0,15044.0,15044.0,15044.0,15044.0,15044.0,15044.0,
14118.0,14118.0,14118.0,14118.0,14118.0,14118.0,14118.0,14118.0,14118.0,14118.0,
14039.0,14039.0,14039.0,14039.0,14039.0,14039.0,14039.0,14039.0,14039.0,14039.0,
15745.0,15745.0,15745.0,15745.0,15745.0,15745.0,15745.0,15745.0,15745.0,15745.0,
13091.0,13091.0,13091.0,13091.0,13091.0,13091.0,13091.0,13091.0,13091.0,13091.0,
14436.0,14436.0,14436.0,14436.0,14436.0,14436.0,14436.0,14436.0,14436.0,14436.0,
14875.0,14875.0,14875.0,14875.0,14875.0,14875.0,14875.0,14875.0,14875.0,14875.0,
13313.0,13313.0,13313.0,13313.0,13313.0,13313.0,13313.0,13313.0,13313.0,13313.0,
14167.0,14167.0,14167.0,14167.0,14167.0,14167.0,14167.0,14167.0,14167.0,14167.0,
15297.0,15297.0,15297.0,15297.0,15297.0,15297.0,15297.0,15297.0,15297.0,15297.0,
17725.0,17725.0,17725.0,17725.0,17725.0,17725.0,17725.0,17725.0,17725.0,17725.0,
18907.0,18907.0,18907.0,18907.0,18907.0,18907.0,18907.0,18907.0,18907.0,18907.0,
15628.0,15628.0,15628.0,15628.0,15628.0,15628.0,15628.0,15628.0,15628.0,15628.0,
14547.0,14547.0,14547.0,14547.0,14547.0,14547.0,14547.0,14547.0,14547.0,14547.0,
16108.0,16108.0,16108.0,16108.0,16108.0,16108.0,16108.0,16108.0,16108.0,16108.0,
16476.0,16476.0,16476.0,16476.0,16476.0,16476.0,16476.0,16476.0,16476.0,16476.0,
16094.0,16094.0,16094.0,16094.0,16094.0,16094.0,16094.0,16094.0,16094.0,16094.0,
16958.0,16958.0,16958.0,16958.0,16958.0,16958.0,16958.0,16958.0,16958.0,16958.0,
16146.0,16146.0,16146.0,16146.0,16146.0,16146.0,16146.0,16146.0,16146.0,16146.0,
16968.0,16968.0,16968.0,16968.0,16968.0,16968.0,16968.0,16968.0,16968.0,16968.0,
13318.0,13318.0,13318.0,13318.0,13318.0,13318.0,13318.0,13318.0,13318.0,13318.0,
13806.0,13806.0,13806.0,13806.0,13806.0,13806.0,13806.0,13806.0,13806.0,13806.0,
13889.0,13889.0,13889.0,13889.0,13889.0,13889.0,13889.0,13889.0,13889.0,13889.0,
17205.0,17205.0,17205.0,17205.0,17205.0,17205.0,17205.0,17205.0,17205.0,17205.0,
18173.0,18173.0,18173.0,18173.0,18173.0,18173.0,18173.0,18173.0,18173.0,18173.0,
13778.0,13778.0,13778.0,13778.0,13778.0,13778.0,13778.0,13778.0,13778.0,13778.0,
17269.0,17269.0,17269.0,17269.0,17269.0,17269.0,17269.0,17269.0,17269.0,17269.0,
15228.0,15228.0,15228.0,15228.0,15228.0,15228.0,15228.0,15228.0,15228.0,15228.0,
15769.0,15769.0,15769.0,15769.0,15769.0,15769.0,15769.0,15769.0,15769.0,15769.0,

14063.0,14063.0,14063.0,14063.0,14063.0,14063.0,14063.0,14063.0,14063.0,14063.0,
14344.0,14344.0,14344.0,14344.0,14344.0,14344.0,14344.0,14344.0,14344.0,14344.0,
13933.0,13933.0,13933.0,13933.0,13933.0,13933.0,13933.0,13933.0,13933.0,13933.0,
16784.0,16784.0,16784.0,16784.0,16784.0,16784.0,16784.0,16784.0,16784.0,16784.0,
14065.0,14065.0,14065.0,14065.0,14065.0,14065.0,14065.0,14065.0,14065.0,14065.0,
13904.0,13904.0,13904.0,13904.0,13904.0,13904.0,13904.0,13904.0,13904.0,13904.0,
13711.0,13711.0,13711.0,13711.0,13711.0,13711.0,13711.0,13711.0,13711.0,13711.0,
14343.0,14343.0,14343.0,14343.0,14343.0,14343.0,14343.0,14343.0,14343.0,14343.0,
14936.0,14936.0,14936.0,14936.0,14936.0,14936.0,14936.0,14936.0,14936.0,14936.0,
16012.0,16012.0,16012.0,16012.0,16012.0,16012.0,16012.0,16012.0,16012.0,16012.0,
16307.0,16307.0,16307.0,16307.0,16307.0,16307.0,16307.0,16307.0,16307.0,16307.0,
15228.0,15228.0,15228.0,15228.0,15228.0,15228.0,15228.0,15228.0,15228.0,15228.0,
15442.0,15442.0,15442.0,15442.0,15442.0,15442.0,15442.0,15442.0,15442.0,15442.0,
17137.0,17137.0,17137.0,17137.0,17137.0,17137.0,17137.0,17137.0,17137.0,17137.0,
14187.0,14187.0,14187.0,14187.0,14187.0,14187.0,14187.0,14187.0,14187.0,14187.0,
13899.0,13899.0,13899.0,13899.0,13899.0,13899.0,13899.0,13899.0,13899.0,13899.0,
16879.0,16879.0,16879.0,16879.0,16879.0,16879.0,16879.0,16879.0,16879.0,16879.0,
16075.0,16075.0,16075.0,16075.0,16075.0,16075.0,16075.0,16075.0,16075.0,16075.0,
15357.0,15357.0,15357.0,15357.0,15357.0,15357.0,15357.0,15357.0,15357.0,15357.0,
17678.0,17678.0,17678.0,17678.0,17678.0,17678.0,17678.0,17678.0,17678.0,17678.0,
15723.0,15723.0,15723.0,15723.0,15723.0,15723.0,15723.0,15723.0,15723.0,15723.0,
18701.0,18701.0,18701.0,18701.0,18701.0,18701.0,18701.0,18701.0,18701.0,18701.0,
15896.0,15896.0,15896.0,15896.0,15896.0,15896.0,15896.0,15896.0,15896.0,15896.0,
16721.0,16721.0,16721.0,16721.0,16721.0,16721.0,16721.0,16721.0,16721.0,16721.0,
14328.0,14328.0,14328.0,14328.0,14328.0,14328.0,14328.0,14328.0,14328.0,14328.0,
15294.0,15294.0,15294.0,15294.0,15294.0,15294.0,15294.0,15294.0,15294.0,15294.0,
15062.0,15062.0,15062.0,15062.0,15062.0,15062.0,15062.0,15062.0,15062.0,15062.0,
15603.0,15603.0,15603.0,15603.0,15603.0,15603.0,15603.0,15603.0,15603.0,15603.0,
14648.0,14648.0,14648.0,14648.0,14648.0,14648.0,14648.0,14648.0,14648.0,14648.0,
18766.0,18766.0,18766.0,18766.0,18766.0,18766.0,18766.0,18766.0,18766.0,18766.0,
18993.0,18993.0,18993.0,18993.0,18993.0,18993.0,18993.0,18993.0,18993.0,18993.0,
15035.0,15035.0,15035.0,15035.0,15035.0,15035.0,15035.0,15035.0,15035.0,15035.0,
15791.0,15791.0,15791.0,15791.0,15791.0,15791.0,15791.0,15791.0,15791.0,15791.0,
13971.0,13971.0,13971.0,13971.0,13971.0,13971.0,13971.0,13971.0,13971.0,13971.0,
17056.0,17056.0,17056.0,17056.0,17056.0,17056.0,17056.0,17056.0,17056.0,17056.0,
13576.0,13576.0,13576.0,13576.0,13576.0,13576.0,13576.0,13576.0,13576.0,13576.0,
14138.0,14138.0,14138.0,14138.0,14138.0,14138.0,14138.0,14138.0,14138.0,14138.0,
15334.0,15334.0,15334.0,15334.0,15334.0,15334.0,15334.0,15334.0,15334.0,15334.0,
15659.0,15659.0,15659.0,15659.0,15659.0,15659.0,15659.0,15659.0,15659.0,15659.0,
14312.0,14312.0,14312.0,14312.0,14312.0,14312.0,14312.0,14312.0,14312.0,14312.0,
14062.0,14062.0,14062.0,14062.0,14062.0,14062.0,14062.0,14062.0,14062.0,14062.0,
14788.0,14788.0,14788.0,14788.0,14788.0,14788.0,14788.0,14788.0,14788.0,14788.0,
14528.0,14528.0,14528.0,14528.0,14528.0,14528.0,14528.0,14528.0,14528.0,14528.0,
15601.0,15601.0,15601.0,15601.0,15601.0,15601.0,15601.0,15601.0,15601.0,15601.0,
17153.0,17153.0,17153.0,17153.0,17153.0,17153.0,17153.0,17153.0,17153.0,17153.0,
14983.0,14983.0,14983.0,14983.0,14983.0,14983.0,14983.0,14983.0,14983.0,14983.0,
15073.0,15073.0,15073.0,15073.0,15073.0,15073.0,15073.0,15073.0,15073.0,15073.0,
15149.0,15149.0,15149.0,15149.0,15149.0,15149.0,15149.0,15149.0,15149.0,15149.0,
13973.0,13973.0,13973.0,13973.0,13973.0,13973.0,13973.0,13973.0,13973.0,13973.0,
16437.0,16437.0,16437.0,16437.0,16437.0,16437.0,16437.0,16437.0,16437.0,16437.0,
17032.0,17032.0,17032.0,17032.0,17032.0,17032.0,17032.0,17032.0,17032.0,17032.0,
14182.0,14182.0,14182.0,14182.0,14182.0,14182.0,14182.0,14182.0,14182.0,14182.0,
14781.0,14781.0,14781.0,14781.0,14781.0,14781.0,14781.0,14781.0,14781.0,14781.0,
16518.0,16518.0,16518.0,16518.0,16518.0,16518.0,16518.0,16518.0,16518.0,16518.0,
14752.0,14752.0,14752.0,14752.0,14752.0,14752.0,14752.0,14752.0,14752.0,14752.0,
15038.0,15038.0,15038.0,15038.0,15038.0,15038.0,15038.0,15038.0,15038.0,15038.0,
16654.0,16654.0,16654.0,16654.0,16654.0,16654.0,16654.0,16654.0,16654.0,16654.0,
14111.0,14111.0,14111.0,14111.0,14111.0,14111.0,14111.0,14111.0,14111.0,14111.0,
16761.0,16761.0,16761.0,16761.0,16761.0,16761.0,16761.0,16761.0,16761.0,16761.0,
15161.0,15161.0,15161.0,15161.0,15161.0,15161.0,15161.0,15161.0,15161.0,15161.0,
14830.0,14830.0,14830.0,14830.0,14830.0,14830.0,14830.0,14830.0,14830.0,14830.0,
14896.0,14896.0,14896.0,14896.0,14896.0,14896.0,14896.0,14896.0,14896.0,14896.0,
15668.0,15668.0,15668.0,15668.0,15668.0,15668.0,15668.0,15668.0,15668.0,15668.0,
14366.0,14366.0,14366.0,14366.0,14366.0,14366.0,14366.0,14366.0,14366.0,14366.0,
14056.0,14056.0,14056.0,14056.0,14056.0,14056.0,14056.0,14056.0,14056.0,14056.0,
13842.0,13842.0,13842.0,13842.0,13842.0,13842.0,13842.0,13842.0,13842.0,13842.0,
18101.0,18101.0,18101.0,18101.0,18101.0,18101.0,18101.0,18101.0,18101.0,18101.0,
13734.0,13734.0,13734.0,13734.0,13734.0,13734.0,13734.0,13734.0,13734.0,13734.0,
17687.0,17687.0,17687.0,17687.0,17687.0,17687.0,17687.0,17687.0,17687.0,17687.0,
15301.0,15301.0,15301.0,15301.0,15301.0,15301.0,15301.0,15301.0,15301.0,15301.0,
16000.0,16000.0,16000.0,16000.0,16000.0,16000.0,16000.0,16000.0,16000.0,16000.0,
14601.0,14601.0,14601.0,14601.0,14601.0,14601.0,14601.0,14601.0,14601.0,14601.0,
15209.0,15209.0,15209.0,15209.0,15209.0,15209.0,15209.0,15209.0,15209.0,15209.0,
14430.0,14430.0,14430.0,14430.0,14430.0,14430.0,14430.0,14430.0,14430.0,14430.0,
16520.0,16520.0,16520.0,16520.0,16520.0,16520.0,16520.0,16520.0,16520.0,16520.0,
13227.0,13227.0,13227.0,13227.0,13227.0,13227.0,13227.0,13227.0,13227.0,13227.0,
15236.0,15236.0,15236.0,15236.0,15236.0,15236.0,15236.0,15236.0,15236.0,15236.0,
14856.0,14856.0,14856.0,14856.0,14856.0,14856.0,14856.0,14856.0,14856.0,14856.0,
13501.0,13501.0,13501.0,13501.0,13501.0,13501.0,13501.0,13501.0,13501.0,13501.0,
14056.0,14056.0,14056.0,14056.0,14056.0,14056.0,14056.0,14056.0,14056.0,14056.0,
14622.0,14622.0,14622.0,14622.0,14622.0,14622.0,14622.0,14622.0,14622.0,14622.0,
16796.0,16796.0,16796.0,16796.0,16796.0,16796.0,16796.0,16796.0,16796.0,16796.0,
18540.0,18540.0,18540.0,18540.0,18540.0,18540.0,18540.0,18540.0,18540.0,18540.0,
14198.0,14198.0,14198.0,14198.0,14198.0,14198.0,14198.0,14198.0,14198.0,14198.0,
15394.0,15394.0,15394.0,15394.0,15394.0,15394.0,15394.0,15394.0,15394.0,15394.0,
16439.0,16439.0,16439.0,16439.0,16439.0,16439.0,16439.0,16439.0,16439.0,16439.0,
15603.0,15603.0,15603.0,15603.0,15603.0,15603.0,15603.0,15603.0,15603.0,15603.0,
14745.0,14745.0,14745.0,14745.0,14745.0,14745.0,14745.0,14745.0,14745.0,14745.0,
16283.0,16283.0,16283.0,16283.0,16283.0,16283.0,16283.0,16283.0,16283.0,16283.0,
15804.0,15804.0,15804.0,15804.0,15804.0,15804.0,15804.0,15804.0,15804.0,15804.0,
17262.0,17262.0,17262.0,17262.0,17262.0,17262.0,17262.0,17262.0,17262.0,17262.0,
14151.0,14151.0,14151.0,14151.0,14151.0,14151.0,14151.0,14151.0,14151.0,14151.0,
13691.0,13691.0,13691.0,13691.0,13691.0,13691.0,13691.0,13691.0,13691.0,13691.0,
13779.0,13779.0,13779.0,13779.0,13779.0,13779.0,13779.0,13779.0,13779.0,13779.0,
17468.0,17468.0,17468.0,17468.0,17468.0,17468.0,17468.0,17468.0,17468.0,17468.0,
18539.0,18539.0,18539.0,18539.0,18539.0,18539.0,18539.0,18539.0,18539.0,18539.0,
14214.0,14214.0,14214.0,14214.0,14214.0,14214.0,14214.0,14214.0,14214.0,14214.0,
15953.0,15953.0,15953.0,15953.0,15953.0,15953.0,15953.0,15953.0,15953.0,15953.0,
14500.0,14500.0,14500.0,14500.0,14500.0,14500.0,14500.0,14500.0,14500.0,14500.0,
15607.0,15607.0,15607.0,15607.0,15607.0,15607.0,15607.0,15607.0,15607.0,15607.0,

13353.0,13353.0,13353.0,13353.0,13353.0,13353.0,13353.0,13353.0,13353.0,13353.0,
13804.0,13804.0,13804.0,13804.0,13804.0,13804.0,13804.0,13804.0,13804.0,13804.0,
14047.0,14047.0,14047.0,14047.0,14047.0,14047.0,14047.0,14047.0,14047.0,14047.0,
16784.0,16784.0,16784.0,16784.0,16784.0,16784.0,16784.0,16784.0,16784.0,16784.0,
14801.0,14801.0,14801.0,14801.0,14801.0,14801.0,14801.0,14801.0,14801.0,14801.0,
13841.0,13841.0,13841.0,13841.0,13841.0,13841.0,13841.0,13841.0,13841.0,13841.0,
14115.0,14115.0,14115.0,14115.0,14115.0,14115.0,14115.0,14115.0,14115.0,14115.0,
14069.0,14069.0,14069.0,14069.0,14069.0,14069.0,14069.0,14069.0,14069.0,14069.0,
13924.0,13924.0,13924.0,13924.0,13924.0,13924.0,13924.0,13924.0,13924.0,13924.0,
17264.0,17264.0,17264.0,17264.0,17264.0,17264.0,17264.0,17264.0,17264.0,17264.0,
16307.0,16307.0,16307.0,16307.0,16307.0,16307.0,16307.0,16307.0,16307.0,16307.0,
14837.0,14837.0,14837.0,14837.0,14837.0,14837.0,14837.0,14837.0,14837.0,14837.0,
14766.0,14766.0,14766.0,14766.0,14766.0,14766.0,14766.0,14766.0,14766.0,14766.0,
17137.0,17137.0,17137.0,17137.0,17137.0,17137.0,17137.0,17137.0,17137.0,17137.0,
14327.0,14327.0,14327.0,14327.0,14327.0,14327.0,14327.0,14327.0,14327.0,14327.0,
13878.0,13878.0,13878.0,13878.0,13878.0,13878.0,13878.0,13878.0,13878.0,13878.0,
15920.0,15920.0,15920.0,15920.0,15920.0,15920.0,15920.0,15920.0,15920.0,15920.0,
16290.0,16290.0,16290.0,16290.0,16290.0,16290.0,16290.0,16290.0,16290.0,16290.0,
15279.0,15279.0,15279.0,15279.0,15279.0,15279.0,15279.0,15279.0,15279.0,15279.0,
16416.0,16416.0,16416.0,16416.0,16416.0,16416.0,16416.0,16416.0,16416.0,16416.0,
15204.0,15204.0,15204.0,15204.0,15204.0,15204.0,15204.0,15204.0,15204.0,15204.0,
18595.0,18595.0,18595.0,18595.0,18595.0,18595.0,18595.0,18595.0,18595.0,18595.0,
15897.0,15897.0,15897.0,15897.0,15897.0,15897.0,15897.0,15897.0,15897.0,15897.0,
16530.0,16530.0,16530.0,16530.0,16530.0,16530.0,16530.0,16530.0,16530.0,16530.0,
14369.0,14369.0,14369.0,14369.0,14369.0,14369.0,14369.0,14369.0,14369.0,14369.0,
14693.0,14693.0,14693.0,14693.0,14693.0,14693.0,14693.0,14693.0,14693.0,14693.0,
15750.0,15750.0,15750.0,15750.0,15750.0,15750.0,15750.0,15750.0,15750.0,15750.0,
15218.0,15218.0,15218.0,15218.0,15218.0,15218.0,15218.0,15218.0,15218.0,15218.0,
14417.0,14417.0,14417.0,14417.0,14417.0,14417.0,14417.0,14417.0,14417.0,14417.0,
18455.0,18455.0,18455.0,18455.0,18455.0,18455.0,18455.0,18455.0,18455.0,18455.0,
16518.0,16518.0,16518.0,16518.0,16518.0,16518.0,16518.0,16518.0,16518.0,16518.0,
15004.0,15004.0,15004.0,15004.0,15004.0,15004.0,15004.0,15004.0,15004.0,15004.0,
16276.0,16276.0,16276.0,16276.0,16276.0,16276.0,16276.0,16276.0,16276.0,16276.0,
13583.0,13583.0,13583.0,13583.0,13583.0,13583.0,13583.0,13583.0,13583.0,13583.0,
16927.0,16927.0,16927.0,16927.0,16927.0,16927.0,16927.0,16927.0,16927.0,16927.0,
13534.0,13534.0,13534.0,13534.0,13534.0,13534.0,13534.0,13534.0,13534.0,13534.0,
14384.0,14384.0,14384.0,14384.0,14384.0,14384.0,14384.0,14384.0,14384.0,14384.0,
14551.0,14551.0,14551.0,14551.0,14551.0,14551.0,14551.0,14551.0,14551.0,14551.0,
14759.0,14759.0,14759.0,14759.0,14759.0,14759.0,14759.0,14759.0,14759.0,14759.0,
14259.0,14259.0,14259.0,14259.0,14259.0,14259.0,14259.0,14259.0,14259.0,14259.0,
14165.0,14165.0,14165.0,14165.0,14165.0,14165.0,14165.0,14165.0,14165.0,14165.0,
14788.0,14788.0,14788.0,14788.0,14788.0,14788.0,14788.0,14788.0,14788.0,14788.0,
14237.0,14237.0,14237.0,14237.0,14237.0,14237.0,14237.0,14237.0,14237.0,14237.0,
15601.0,15601.0,15601.0,15601.0,15601.0,15601.0,15601.0,15601.0,15601.0,15601.0,
16577.0,16577.0,16577.0,16577.0,16577.0,16577.0,16577.0,16577.0,16577.0,16577.0,
15094.0,15094.0,15094.0,15094.0,15094.0,15094.0,15094.0,15094.0,15094.0,15094.0,
15383.0,15383.0,15383.0,15383.0,15383.0,15383.0,15383.0,15383.0,15383.0,15383.0,
14520.0,14520.0,14520.0,14520.0,14520.0,14520.0,14520.0,14520.0,14520.0,14520.0,
14042.0,14042.0,14042.0,14042.0,14042.0,14042.0,14042.0,14042.0,14042.0,14042.0,
16437.0,16437.0,16437.0,16437.0,16437.0,16437.0,16437.0,16437.0,16437.0,16437.0,
17032.0,17032.0,17032.0,17032.0,17032.0,17032.0,17032.0,17032.0,17032.0,17032.0,
14408.0,14408.0,14408.0,14408.0,14408.0,14408.0,14408.0,14408.0,14408.0,14408.0,
14772.0,14772.0,14772.0,14772.0,14772.0,14772.0,14772.0,14772.0,14772.0,14772.0,
16149.0,16149.0,16149.0,16149.0,16149.0,16149.0,16149.0,16149.0,16149.0,16149.0,
14660.0,14660.0,14660.0,14660.0,14660.0,14660.0,14660.0,14660.0,14660.0,14660.0,
16066.0,16066.0,16066.0,16066.0,16066.0,16066.0,16066.0,16066.0,16066.0,16066.0,
16654.0,16654.0,16654.0,16654.0,16654.0,16654.0,16654.0,16654.0,16654.0,16654.0,
14550.0,14550.0,14550.0,14550.0,14550.0,14550.0,14550.0,14550.0,14550.0,14550.0,
16725.0,16725.0,16725.0,16725.0,16725.0,16725.0,16725.0,16725.0,16725.0,16725.0,
14986.0,14986.0,14986.0,14986.0,14986.0,14986.0,14986.0,14986.0,14986.0,14986.0,
14690.0,14690.0,14690.0,14690.0,14690.0,14690.0,14690.0,14690.0,14690.0,14690.0,
14398.0,14398.0,14398.0,14398.0,14398.0,14398.0,14398.0,14398.0,14398.0,14398.0,
15224.0,15224.0,15224.0,15224.0,15224.0,15224.0,15224.0,15224.0,15224.0,15224.0,
14546.0,14546.0,14546.0,14546.0,14546.0,14546.0,14546.0,14546.0,14546.0,14546.0,
14230.0,14230.0,14230.0,14230.0,14230.0,14230.0,14230.0,14230.0,14230.0,14230.0,
13602.0,13602.0,13602.0,13602.0,13602.0,13602.0,13602.0,13602.0,13602.0,13602.0,
18101.0,18101.0,18101.0,18101.0,18101.0,18101.0,18101.0,18101.0,18101.0,18101.0,
14351.0,14351.0,14351.0,14351.0,14351.0,14351.0,14351.0,14351.0,14351.0,14351.0,
17687.0,17687.0,17687.0,17687.0,17687.0,17687.0,17687.0,17687.0,17687.0,17687.0,
15301.0,15301.0,15301.0,15301.0,15301.0,15301.0,15301.0,15301.0,15301.0,15301.0,
16000.0,16000.0,16000.0,16000.0,16000.0,16000.0,16000.0,16000.0,16000.0,16000.0,
14372.0,14372.0,14372.0,14372.0,14372.0,14372.0,14372.0,14372.0,14372.0,14372.0,
14691.0,14691.0,14691.0,14691.0,14691.0,14691.0,14691.0,14691.0,14691.0,14691.0,
14195.0,14195.0,14195.0,14195.0,14195.0,14195.0,14195.0,14195.0,14195.0,14195.0,
15648.0,15648.0,15648.0,15648.0,15648.0,15648.0,15648.0,15648.0,15648.0,15648.0,
13951.0,13951.0,13951.0,13951.0,13951.0,13951.0,13951.0,13951.0,13951.0,13951.0,
15327.0,15327.0,15327.0,15327.0,15327.0,15327.0,15327.0,15327.0,15327.0,15327.0,
14779.0,14779.0,14779.0,14779.0,14779.0,14779.0,14779.0,14779.0,14779.0,14779.0,
13499.0,13499.0,13499.0,13499.0,13499.0,13499.0,13499.0,13499.0,13499.0,13499.0,
14237.0,14237.0,14237.0,14237.0,14237.0,14237.0,14237.0,14237.0,14237.0,14237.0,
14294.0,14294.0,14294.0,14294.0,14294.0,14294.0,14294.0,14294.0,14294.0,14294.0,
16796.0,16796.0,16796.0,16796.0,16796.0,16796.0,16796.0,16796.0,16796.0,16796.0,
17524.0,17524.0,17524.0,17524.0,17524.0,17524.0,17524.0,17524.0,17524.0,17524.0,
14149.0,14149.0,14149.0,14149.0,14149.0,14149.0,14149.0,14149.0,14149.0,14149.0,
15297.0,15297.0,15297.0,15297.0,15297.0,15297.0,15297.0,15297.0,15297.0,15297.0,
16623.0,16623.0,16623.0,16623.0,16623.0,16623.0,16623.0,16623.0,16623.0,16623.0,
16810.0,16810.0,16810.0,16810.0,16810.0,16810.0,16810.0,16810.0,16810.0,16810.0,
13961.0,13961.0,13961.0,13961.0,13961.0,13961.0,13961.0,13961.0,13961.0,13961.0,
17727.0,17727.0,17727.0,17727.0,17727.0,17727.0,17727.0,17727.0,17727.0,17727.0,
15205.0,15205.0,15205.0,15205.0,15205.0,15205.0,15205.0,15205.0,15205.0,15205.0,
17262.0,17262.0,17262.0,17262.0,17262.0,17262.0,17262.0,17262.0,17262.0,17262.0,
13820.0,13820.0,13820.0,13820.0,13820.0,13820.0,13820.0,13820.0,13820.0,13820.0,
13925.0,13925.0,13925.0,13925.0,13925.0,13925.0,13925.0,13925.0,13925.0,13925.0,
13998.0,13998.0,13998.0,13998.0,13998.0,13998.0,13998.0,13998.0,13998.0,13998.0,
18361.0,18361.0,18361.0,18361.0,18361.0,18361.0,18361.0,18361.0,18361.0,18361.0,
18539.0,18539.0,18539.0,18539.0,18539.0,18539.0,18539.0,18539.0,18539.0,18539.0,
14629.0,14629.0,14629.0,14629.0,14629.0,14629.0,14629.0,14629.0,14629.0,14629.0,
15420.0,15420.0,15420.0,15420.0,15420.0,15420.0,15420.0,15420.0,15420.0,15420.0,
14418.0,14418.0,14418.0,14418.0,14418.0,14418.0,14418.0,14418.0,14418.0,14418.0,
15366.0,15366.0,15366.0,15366.0,15366.0,15366.0,15366.0,15366.0,15366.0,15366.0,


