25548.0,25548.0,25548.0,25548.0,25548.0,25548.0,25548.0,25548.0,25548.0,25548.0,
22899.0,22899.0,22899.0,22899.0,22899.0,22899.0,22899.0,22899.0,22899.0,22899.0,
22240.0,22240.0,22240.0,22240.0,22240.0,22240.0,22240.0,22240.0,22240.0,22240.0,
31012.0,31012.0,31012.0,31012.0,31012.0,31012.0,31012.0,31012.0,31012.0,31012.0,
21432.0,21432.0,21432.0,21432.0,21432.0,21432.0,21432.0,21432.0,21432.0,21432.0,
21971.0,21971.0,21971.0,21971.0,21971.0,21971.0,21971.0,21971.0,21971.0,21971.0,
21565.0,21565.0,21565.0,21565.0,21565.0,21565.0,21565.0,21565.0,21565.0,21565.0,
23093.0,23093.0,23093.0,23093.0,23093.0,23093.0,23093.0,23093.0,23093.0,23093.0,
22719.0,22719.0,22719.0,22719.0,22719.0,22719.0,22719.0,22719.0,22719.0,22719.0,
28935.0,28935.0,28935.0,28935.0,28935.0,28935.0,28935.0,28935.0,28935.0,28935.0,
26528.0,26528.0,26528.0,26528.0,26528.0,26528.0,26528.0,26528.0,26528.0,26528.0,
24941.0,24941.0,24941.0,24941.0,24941.0,24941.0,24941.0,24941.0,24941.0,24941.0,
27119.0,27119.0,27119.0,27119.0,27119.0,27119.0,27119.0,27119.0,27119.0,27119.0,
31216.0,31216.0,31216.0,31216.0,31216.0,31216.0,31216.0,31216.0,31216.0,31216.0,
24343.0,24343.0,24343.0,24343.0,24343.0,24343.0,24343.0,24343.0,24343.0,24343.0,
22298.0,22298.0,22298.0,22298.0,22298.0,22298.0,22298.0,22298.0,22298.0,22298.0,
30248.0,30248.0,30248.0,30248.0,30248.0,30248.0,30248.0,30248.0,30248.0,30248.0,
27299.0,27299.0,27299.0,27299.0,27299.0,27299.0,27299.0,27299.0,27299.0,27299.0,
28493.0,28493.0,28493.0,28493.0,28493.0,28493.0,28493.0,28493.0,28493.0,28493.0,
32899.0,32899.0,32899.0,32899.0,32899.0,32899.0,32899.0,32899.0,32899.0,32899.0,
26590.0,26590.0,26590.0,26590.0,26590.0,26590.0,26590.0,26590.0,26590.0,26590.0,
36689.0,36689.0,36689.0,36689.0,36689.0,36689.0,36689.0,36689.0,36689.0,36689.0,
25503.0,25503.0,25503.0,25503.0,25503.0,25503.0,25503.0,25503.0,25503.0,25503.0,
30269.0,30269.0,30269.0,30269.0,30269.0,30269.0,30269.0,30269.0,30269.0,30269.0,
21225.0,21225.0,21225.0,21225.0,21225.0,21225.0,21225.0,21225.0,21225.0,21225.0,
26107.0,26107.0,26107.0,26107.0,26107.0,26107.0,26107.0,26107.0,26107.0,26107.0,
26590.0,26590.0,26590.0,26590.0,26590.0,26590.0,26590.0,26590.0,26590.0,26590.0,
29002.0,29002.0,29002.0,29002.0,29002.0,29002.0,29002.0,29002.0,29002.0,29002.0,
23082.0,23082.0,23082.0,23082.0,23082.0,23082.0,23082.0,23082.0,23082.0,23082.0,
33583.0,33583.0,33583.0,33583.0,33583.0,33583.0,33583.0,33583.0,33583.0,33583.0,
30081.0,30081.0,30081.0,30081.0,30081.0,30081.0,30081.0,30081.0,30081.0,30081.0,
21259.0,21259.0,21259.0,21259.0,21259.0,21259.0,21259.0,21259.0,21259.0,21259.0,
27223.0,27223.0,27223.0,27223.0,27223.0,27223.0,27223.0,27223.0,27223.0,27223.0,
22192.0,22192.0,22192.0,22192.0,22192.0,22192.0,22192.0,22192.0,22192.0,22192.0,
30185.0,30185.0,30185.0,30185.0,30185.0,30185.0,30185.0,30185.0,30185.0,30185.0,
21720.0,21720.0,21720.0,21720.0,21720.0,21720.0,21720.0,21720.0,21720.0,21720.0,
23965.0,23965.0,23965.0,23965.0,23965.0,23965.0,23965.0,23965.0,23965.0,23965.0,
25179.0,25179.0,25179.0,25179.0,25179.0,25179.0,25179.0,25179.0,25179.0,25179.0,
26091.0,26091.0,26091.0,26091.0,26091.0,26091.0,26091.0,26091.0,26091.0,26091.0,
24181.0,24181.0,24181.0,24181.0,24181.0,24181.0,24181.0,24181.0,24181.0,24181.0,
22829.0,22829.0,22829.0,22829.0,22829.0,22829.0,22829.0,22829.0,22829.0,22829.0,
26329.0,26329.0,26329.0,26329.0,26329.0,26329.0,26329.0,26329.0,26329.0,26329.0,
24377.0,24377.0,24377.0,24377.0,24377.0,24377.0,24377.0,24377.0,24377.0,24377.0,
29501.0,29501.0,29501.0,29501.0,29501.0,29501.0,29501.0,29501.0,29501.0,29501.0,
29546.0,29546.0,29546.0,29546.0,29546.0,29546.0,29546.0,29546.0,29546.0,29546.0,
26190.0,26190.0,26190.0,26190.0,26190.0,26190.0,26190.0,26190.0,26190.0,26190.0,
27735.0,27735.0,27735.0,27735.0,27735.0,27735.0,27735.0,27735.0,27735.0,27735.0,
25293.0,25293.0,25293.0,25293.0,25293.0,25293.0,25293.0,25293.0,25293.0,25293.0,
23248.0,23248.0,23248.0,23248.0,23248.0,23248.0,23248.0,23248.0,23248.0,23248.0,
30336.0,30336.0,30336.0,30336.0,30336.0,30336.0,30336.0,30336.0,30336.0,30336.0,
34081.0,34081.0,34081.0,34081.0,34081.0,34081.0,34081.0,34081.0,34081.0,34081.0,
25135.0,25135.0,25135.0,25135.0,25135.0,25135.0,25135.0,25135.0,25135.0,25135.0,
22860.0,22860.0,22860.0,22860.0,22860.0,22860.0,22860.0,22860.0,22860.0,22860.0,
29293.0,29293.0,29293.0,29293.0,29293.0,29293.0,29293.0,29293.0,29293.0,29293.0,
21926.0,21926.0,21926.0,21926.0,21926.0,21926.0,21926.0,21926.0,21926.0,21926.0,
24727.0,24727.0,24727.0,24727.0,24727.0,24727.0,24727.0,24727.0,24727.0,24727.0,
31053.0,31053.0,31053.0,31053.0,31053.0,31053.0,31053.0,31053.0,31053.0,31053.0,
23577.0,23577.0,23577.0,23577.0,23577.0,23577.0,23577.0,23577.0,23577.0,23577.0,
25580.0,25580.0,25580.0,25580.0,25580.0,25580.0,25580.0,25580.0,25580.0,25580.0,
25097.0,25097.0,25097.0,25097.0,25097.0,25097.0,25097.0,25097.0,25097.0,25097.0,
23717.0,23717.0,23717.0,23717.0,23717.0,23717.0,23717.0,23717.0,23717.0,23717.0,
26562.0,26562.0,26562.0,26562.0,26562.0,26562.0,26562.0,26562.0,26562.0,26562.0,
25648.0,25648.0,25648.0,25648.0,25648.0,25648.0,25648.0,25648.0,25648.0,25648.0,
24621.0,24621.0,24621.0,24621.0,24621.0,24621.0,24621.0,24621.0,24621.0,24621.0,
22786.0,22786.0,22786.0,22786.0,22786.0,22786.0,22786.0,22786.0,22786.0,22786.0,
21513.0,21513.0,21513.0,21513.0,21513.0,21513.0,21513.0,21513.0,21513.0,21513.0,
35860.0,35860.0,35860.0,35860.0,35860.0,35860.0,35860.0,35860.0,35860.0,35860.0,
21922.0,21922.0,21922.0,21922.0,21922.0,21922.0,21922.0,21922.0,21922.0,21922.0,
38612.0,38612.0,38612.0,38612.0,38612.0,38612.0,38612.0,38612.0,38612.0,38612.0,
27785.0,27785.0,27785.0,27785.0,27785.0,27785.0,27785.0,27785.0,27785.0,27785.0,
27258.0,27258.0,27258.0,27258.0,27258.0,27258.0,27258.0,27258.0,27258.0,27258.0,
25542.0,25542.0,25542.0,25542.0,25542.0,25542.0,25542.0,25542.0,25542.0,25542.0,
25512.0,25512.0,25512.0,25512.0,25512.0,25512.0,25512.0,25512.0,25512.0,25512.0,
24720.0,24720.0,24720.0,24720.0,24720.0,24720.0,24720.0,24720.0,24720.0,24720.0,
26753.0,26753.0,26753.0,26753.0,26753.0,26753.0,26753.0,26753.0,26753.0,26753.0,
22552.0,22552.0,22552.0,22552.0,22552.0,22552.0,22552.0,22552.0,22552.0,22552.0,
25601.0,25601.0,25601.0,25601.0,25601.0,25601.0,25601.0,25601.0,25601.0,25601.0,
27427.0,27427.0,27427.0,27427.0,27427.0,27427.0,27427.0,27427.0,27427.0,27427.0,
21422.0,21422.0,21422.0,21422.0,21422.0,21422.0,21422.0,21422.0,21422.0,21422.0,
20938.0,20938.0,20938.0,20938.0,20938.0,20938.0,20938.0,20938.0,20938.0,20938.0,
23335.0,23335.0,23335.0,23335.0,23335.0,23335.0,23335.0,23335.0,23335.0,23335.0,
32807.0,32807.0,32807.0,32807.0,32807.0,32807.0,32807.0,32807.0,32807.0,32807.0,
35462.0,35462.0,35462.0,35462.0,35462.0,35462.0,35462.0,35462.0,35462.0,35462.0,
24131.0,24131.0,24131.0,24131.0,24131.0,24131.0,24131.0,24131.0,24131.0,24131.0,
26444.0,26444.0,26444.0,26444.0,26444.0,26444.0,26444.0,26444.0,26444.0,26444.0,
27263.0,27263.0,27263.0,27263.0,27263.0,27263.0,27263.0,27263.0,27263.0,27263.0,
28203.0,28203.0,28203.0,28203.0,28203.0,28203.0,28203.0,28203.0,28203.0,28203.0,
21940.0,21940.0,21940.0,21940.0,21940.0,21940.0,21940.0,21940.0,21940.0,21940.0,
29897.0,29897.0,29897.0,29897.0,29897.0,29897.0,29897.0,29897.0,29897.0,29897.0,
25063.0,25063.0,25063.0,25063.0,25063.0,25063.0,25063.0,25063.0,25063.0,25063.0,
30250.0,30250.0,30250.0,30250.0,30250.0,30250.0,30250.0,30250.0,30250.0,30250.0,
23455.0,23455.0,23455.0,23455.0,23455.0,23455.0,23455.0,23455.0,23455.0,23455.0,
23396.0,23396.0,23396.0,23396.0,23396.0,23396.0,23396.0,23396.0,23396.0,23396.0,
23515.0,23515.0,23515.0,23515.0,23515.0,23515.0,23515.0,23515.0,23515.0,23515.0,
34959.0,34959.0,34959.0,34959.0,34959.0,34959.0,34959.0,34959.0,34959.0,34959.0,
35682.0,35682.0,35682.0,35682.0,35682.0,35682.0,35682.0,35682.0,35682.0,35682.0,
23388.0,23388.0,23388.0,23388.0,23388.0,23388.0,23388.0,23388.0,23388.0,23388.0,
26864.0,26864.0,26864.0,26864.0,26864.0,26864.0,26864.0,26864.0,26864.0,26864.0,
24734.0,24734.0,24734.0,24734.0,24734.0,24734.0,24734.0,24734.0,24734.0,24734.0,
24711.0,24711.0,24711.0,24711.0,24711.0,24711.0,24711.0,24711.0,24711.0,24711.0,

19171.0,19171.0,19171.0,19171.0,19171.0,19171.0,19171.0,19171.0,19171.0,19171.0,
18325.0,18325.0,18325.0,18325.0,18325.0,18325.0,18325.0,18325.0,18325.0,18325.0,
17467.0,17467.0,17467.0,17467.0,17467.0,17467.0,17467.0,17467.0,17467.0,17467.0,
18467.0,18467.0,18467.0,18467.0,18467.0,18467.0,18467.0,18467.0,18467.0,18467.0,
18670.0,18670.0,18670.0,18670.0,18670.0,18670.0,18670.0,18670.0,18670.0,18670.0,
16693.0,16693.0,16693.0,16693.0,16693.0,16693.0,16693.0,16693.0,16693.0,16693.0,
19012.0,19012.0,19012.0,19012.0,19012.0,19012.0,19012.0,19012.0,19012.0,19012.0,
17123.0,17123.0,17123.0,17123.0,17123.0,17123.0,17123.0,17123.0,17123.0,17123.0,
17738.0,17738.0,17738.0,17738.0,17738.0,17738.0,17738.0,17738.0,17738.0,17738.0,
17525.0,17525.0,17525.0,17525.0,17525.0,17525.0,17525.0,17525.0,17525.0,17525.0,
17810.0,17810.0,17810.0,17810.0,17810.0,17810.0,17810.0,17810.0,17810.0,17810.0,
18174.0,18174.0,18174.0,18174.0,18174.0,18174.0,18174.0,18174.0,18174.0,18174.0,
17462.0,17462.0,17462.0,17462.0,17462.0,17462.0,17462.0,17462.0,17462.0,17462.0,
17994.0,17994.0,17994.0,17994.0,17994.0,17994.0,17994.0,17994.0,17994.0,17994.0,
16809.0,16809.0,16809.0,16809.0,16809.0,16809.0,16809.0,16809.0,16809.0,16809.0,
16388.0,16388.0,16388.0,16388.0,16388.0,16388.0,16388.0,16388.0,16388.0,16388.0,
18080.0,18080.0,18080.0,18080.0,18080.0,18080.0,18080.0,18080.0,18080.0,18080.0,
17906.0,17906.0,17906.0,17906.0,17906.0,17906.0,17906.0,17906.0,17906.0,17906.0,
19955.0,19955.0,19955.0,19955.0,19955.0,19955.0,19955.0,19955.0,19955.0,19955.0,
19148.0,19148.0,19148.0,19148.0,19148.0,19148.0,19148.0,19148.0,19148.0,19148.0,
21274.0,21274.0,21274.0,21274.0,21274.0,21274.0,21274.0,21274.0,21274.0,21274.0,
19010.0,19010.0,19010.0,19010.0,19010.0,19010.0,19010.0,19010.0,19010.0,19010.0,
19139.0,19139.0,19139.0,19139.0,19139.0,19139.0,19139.0,19139.0,19139.0,19139.0,
20215.0,20215.0,20215.0,20215.0,20215.0,20215.0,20215.0,20215.0,20215.0,20215.0,
18749.0,18749.0,18749.0,18749.0,18749.0,18749.0,18749.0,18749.0,18749.0,18749.0,
19820.0,19820.0,19820.0,19820.0,19820.0,19820.0,19820.0,19820.0,19820.0,19820.0,
18796.0,18796.0,18796.0,18796.0,18796.0,18796.0,18796.0,18796.0,18796.0,18796.0,
17418.0,17418.0,17418.0,17418.0,17418.0,17418.0,17418.0,17418.0,17418.0,17418.0,
17289.0,17289.0,17289.0,17289.0,17289.0,17289.0,17289.0,17289.0,17289.0,17289.0,
20000.0,20000.0,20000.0,20000.0,20000.0,20000.0,20000.0,20000.0,20000.0,20000.0,
19397.0,19397.0,19397.0,19397.0,19397.0,19397.0,19397.0,19397.0,19397.0,19397.0,
16789.0,16789.0,16789.0,16789.0,16789.0,16789.0,16789.0,16789.0,16789.0,16789.0,
18744.0,18744.0,18744.0,18744.0,18744.0,18744.0,18744.0,18744.0,18744.0,18744.0,
16506.0,16506.0,16506.0,16506.0,16506.0,16506.0,16506.0,16506.0,16506.0,16506.0,
17343.0,17343.0,17343.0,17343.0,17343.0,17343.0,17343.0,17343.0,17343.0,17343.0,
16021.0,16021.0,16021.0,16021.0,16021.0,16021.0,16021.0,16021.0,16021.0,16021.0,
16745.0,16745.0,16745.0,16745.0,16745.0,16745.0,16745.0,16745.0,16745.0,16745.0,
18813.0,18813.0,18813.0,18813.0,18813.0,18813.0,18813.0,18813.0,18813.0,18813.0,
17338.0,17338.0,17338.0,17338.0,17338.0,17338.0,17338.0,17338.0,17338.0,17338.0,
16569.0,16569.0,16569.0,16569.0,16569.0,16569.0,16569.0,16569.0,16569.0,16569.0,
18680.0,18680.0,18680.0,18680.0,18680.0,18680.0,18680.0,18680.0,18680.0,18680.0,
20136.0,20136.0,20136.0,20136.0,20136.0,20136.0,20136.0,20136.0,20136.0,20136.0,
17808.0,17808.0,17808.0,17808.0,17808.0,17808.0,17808.0,17808.0,17808.0,17808.0,
21596.0,21596.0,21596.0,21596.0,21596.0,21596.0,21596.0,21596.0,21596.0,21596.0,
17699.0,17699.0,17699.0,17699.0,17699.0,17699.0,17699.0,17699.0,17699.0,17699.0,
16624.0,16624.0,16624.0,16624.0,16624.0,16624.0,16624.0,16624.0,16624.0,16624.0,
19711.0,19711.0,19711.0,19711.0,19711.0,19711.0,19711.0,19711.0,19711.0,19711.0,
19132.0,19132.0,19132.0,19132.0,19132.0,19132.0,19132.0,19132.0,19132.0,19132.0,
16362.0,16362.0,16362.0,16362.0,16362.0,16362.0,16362.0,16362.0,16362.0,16362.0,
17971.0,17971.0,17971.0,17971.0,17971.0,17971.0,17971.0,17971.0,17971.0,17971.0,
18822.0,18822.0,18822.0,18822.0,18822.0,18822.0,18822.0,18822.0,18822.0,18822.0,
19238.0,19238.0,19238.0,19238.0,19238.0,19238.0,19238.0,19238.0,19238.0,19238.0,
17442.0,17442.0,17442.0,17442.0,17442.0,17442.0,17442.0,17442.0,17442.0,17442.0,
18673.0,18673.0,18673.0,18673.0,18673.0,18673.0,18673.0,18673.0,18673.0,18673.0,
16207.0,16207.0,16207.0,16207.0,16207.0,16207.0,16207.0,16207.0,16207.0,16207.0,
17585.0,17585.0,17585.0,17585.0,17585.0,17585.0,17585.0,17585.0,17585.0,17585.0,
17305.0,17305.0,17305.0,17305.0,17305.0,17305.0,17305.0,17305.0,17305.0,17305.0,
19556.0,19556.0,19556.0,19556.0,19556.0,19556.0,19556.0,19556.0,19556.0,19556.0,
17952.0,17952.0,17952.0,17952.0,17952.0,17952.0,17952.0,17952.0,17952.0,17952.0,
17911.0,17911.0,17911.0,17911.0,17911.0,17911.0,17911.0,17911.0,17911.0,17911.0,
17506.0,17506.0,17506.0,17506.0,17506.0,17506.0,17506.0,17506.0,17506.0,17506.0,
16776.0,16776.0,16776.0,16776.0,16776.0,16776.0,16776.0,16776.0,16776.0,16776.0,
19296.0,19296.0,19296.0,19296.0,19296.0,19296.0,19296.0,19296.0,19296.0,19296.0,
17393.0,17393.0,17393.0,17393.0,17393.0,17393.0,17393.0,17393.0,17393.0,17393.0,
16828.0,16828.0,16828.0,16828.0,16828.0,16828.0,16828.0,16828.0,16828.0,16828.0,
18906.0,18906.0,18906.0,18906.0,18906.0,18906.0,18906.0,18906.0,18906.0,18906.0,
20063.0,20063.0,20063.0,20063.0,20063.0,20063.0,20063.0,20063.0,20063.0,20063.0,
16877.0,16877.0,16877.0,16877.0,16877.0,16877.0,16877.0,16877.0,16877.0,16877.0,
17487.0,17487.0,17487.0,17487.0,17487.0,17487.0,17487.0,17487.0,17487.0,17487.0,
20490.0,20490.0,20490.0,20490.0,20490.0,20490.0,20490.0,20490.0,20490.0,20490.0,
15727.0,15727.0,15727.0,15727.0,15727.0,15727.0,15727.0,15727.0,15727.0,15727.0,
16894.0,16894.0,16894.0,16894.0,16894.0,16894.0,16894.0,16894.0,16894.0,16894.0,
17809.0,17809.0,17809.0,17809.0,17809.0,17809.0,17809.0,17809.0,17809.0,17809.0,
17766.0,17766.0,17766.0,17766.0,17766.0,17766.0,17766.0,17766.0,17766.0,17766.0,
21320.0,21320.0,21320.0,21320.0,21320.0,21320.0,21320.0,21320.0,21320.0,21320.0,
18382.0,18382.0,18382.0,18382.0,18382.0,18382.0,18382.0,18382.0,18382.0,18382.0,
20449.0,20449.0,20449.0,20449.0,20449.0,20449.0,20449.0,20449.0,20449.0,20449.0,
16482.0,16482.0,16482.0,16482.0,16482.0,16482.0,16482.0,16482.0,16482.0,16482.0,
17543.0,17543.0,17543.0,17543.0,17543.0,17543.0,17543.0,17543.0,17543.0,17543.0,
16674.0,16674.0,16674.0,16674.0,16674.0,16674.0,16674.0,16674.0,16674.0,16674.0,
16653.0,16653.0,16653.0,16653.0,16653.0,16653.0,16653.0,16653.0,16653.0,16653.0,
18915.0,18915.0,18915.0,18915.0,18915.0,18915.0,18915.0,18915.0,18915.0,18915.0,
19986.0,19986.0,19986.0,19986.0,19986.0,19986.0,19986.0,19986.0,19986.0,19986.0,
17278.0,17278.0,17278.0,17278.0,17278.0,17278.0,17278.0,17278.0,17278.0,17278.0,
17096.0,17096.0,17096.0,17096.0,17096.0,17096.0,17096.0,17096.0,17096.0,17096.0,
17966.0,17966.0,17966.0,17966.0,17966.0,17966.0,17966.0,17966.0,17966.0,17966.0,
16881.0,16881.0,16881.0,16881.0,16881.0,16881.0,16881.0,16881.0,16881.0,16881.0,
18465.0,18465.0,18465.0,18465.0,18465.0,18465.0,18465.0,18465.0,18465.0,18465.0,
26213.0,26213.0,26213.0,26213.0,26213.0,26213.0,26213.0,26213.0,26213.0,26213.0,
16654.0,16654.0,16654.0,16654.0,16654.0,16654.0,16654.0,16654.0,16654.0,16654.0,
17919.0,17919.0,17919.0,17919.0,17919.0,17919.0,17919.0,17919.0,17919.0,17919.0,
16032.0,16032.0,16032.0,16032.0,16032.0,16032.0,16032.0,16032.0,16032.0,16032.0,
16381.0,16381.0,16381.0,16381.0,16381.0,16381.0,16381.0,16381.0,16381.0,16381.0,
16661.0,16661.0,16661.0,16661.0,16661.0,16661.0,16661.0,16661.0,16661.0,16661.0,
18505.0,18505.0,18505.0,18505.0,18505.0,18505.0,18505.0,18505.0,18505.0,18505.0,
22122.0,22122.0,22122.0,22122.0,22122.0,22122.0,22122.0,22122.0,22122.0,22122.0,
16286.0,16286.0,16286.0,16286.0,16286.0,16286.0,16286.0,16286.0,16286.0,16286.0,
19977.0,19977.0,19977.0,19977.0,19977.0,19977.0,19977.0,19977.0,19977.0,19977.0,
16563.0,16563.0,16563.0,16563.0,16563.0,16563.0,16563.0,16563.0,16563.0,16563.0,
18869.0,18869.0,18869.0,18869.0,18869.0,18869.0,18869.0,18869.0,18869.0,18869.0,

25025.0,25025.0,25025.0,25025.0,25025.0,25025.0,25025.0,25025.0,25025.0,25025.0,
22900.0,22900.0,22900.0,22900.0,22900.0,22900.0,22900.0,22900.0,22900.0,22900.0,
22758.0,22758.0,22758.0,22758.0,22758.0,22758.0,22758.0,22758.0,22758.0,22758.0,
28610.0,28610.0,28610.0,28610.0,28610.0,28610.0,28610.0,28610.0,28610.0,28610.0,
22985.0,22985.0,22985.0,22985.0,22985.0,22985.0,22985.0,22985.0,22985.0,22985.0,
22758.0,22758.0,22758.0,22758.0,22758.0,22758.0,22758.0,22758.0,22758.0,22758.0,
23796.0,23796.0,23796.0,23796.0,23796.0,23796.0,23796.0,23796.0,23796.0,23796.0,
22442.0,22442.0,22442.0,22442.0,22442.0,22442.0,22442.0,22442.0,22442.0,22442.0,
21923.0,21923.0,21923.0,21923.0,21923.0,21923.0,21923.0,21923.0,21923.0,21923.0,
25754.0,25754.0,25754.0,25754.0,25754.0,25754.0,25754.0,25754.0,25754.0,25754.0,
23404.0,23404.0,23404.0,23404.0,23404.0,23404.0,23404.0,23404.0,23404.0,23404.0,
23222.0,23222.0,23222.0,23222.0,23222.0,23222.0,23222.0,23222.0,23222.0,23222.0,
25869.0,25869.0,25869.0,25869.0,25869.0,25869.0,25869.0,25869.0,25869.0,25869.0,
25381.0,25381.0,25381.0,25381.0,25381.0,25381.0,25381.0,25381.0,25381.0,25381.0,
22888.0,22888.0,22888.0,22888.0,22888.0,22888.0,22888.0,22888.0,22888.0,22888.0,
23076.0,23076.0,23076.0,23076.0,23076.0,23076.0,23076.0,23076.0,23076.0,23076.0,
30248.0,30248.0,30248.0,30248.0,30248.0,30248.0,30248.0,30248.0,30248.0,30248.0,
25770.0,25770.0,25770.0,25770.0,25770.0,25770.0,25770.0,25770.0,25770.0,25770.0,
28320.0,28320.0,28320.0,28320.0,28320.0,28320.0,28320.0,28320.0,28320.0,28320.0,
29851.0,29851.0,29851.0,29851.0,29851.0,29851.0,29851.0,29851.0,29851.0,29851.0,
25778.0,25778.0,25778.0,25778.0,25778.0,25778.0,25778.0,25778.0,25778.0,25778.0,
30247.0,30247.0,30247.0,30247.0,30247.0,30247.0,30247.0,30247.0,30247.0,30247.0,
25264.0,25264.0,25264.0,25264.0,25264.0,25264.0,25264.0,25264.0,25264.0,25264.0,
29675.0,29675.0,29675.0,29675.0,29675.0,29675.0,29675.0,29675.0,29675.0,29675.0,
21060.0,21060.0,21060.0,21060.0,21060.0,21060.0,21060.0,21060.0,21060.0,21060.0,
25251.0,25251.0,25251.0,25251.0,25251.0,25251.0,25251.0,25251.0,25251.0,25251.0,
26268.0,26268.0,26268.0,26268.0,26268.0,26268.0,26268.0,26268.0,26268.0,26268.0,
22522.0,22522.0,22522.0,22522.0,22522.0,22522.0,22522.0,22522.0,22522.0,22522.0,
23026.0,23026.0,23026.0,23026.0,23026.0,23026.0,23026.0,23026.0,23026.0,23026.0,
31386.0,31386.0,31386.0,31386.0,31386.0,31386.0,31386.0,31386.0,31386.0,31386.0,
30081.0,30081.0,30081.0,30081.0,30081.0,30081.0,30081.0,30081.0,30081.0,30081.0,
22967.0,22967.0,22967.0,22967.0,22967.0,22967.0,22967.0,22967.0,22967.0,22967.0,
24304.0,24304.0,24304.0,24304.0,24304.0,24304.0,24304.0,24304.0,24304.0,24304.0,
21167.0,21167.0,21167.0,21167.0,21167.0,21167.0,21167.0,21167.0,21167.0,21167.0,
27951.0,27951.0,27951.0,27951.0,27951.0,27951.0,27951.0,27951.0,27951.0,27951.0,
20995.0,20995.0,20995.0,20995.0,20995.0,20995.0,20995.0,20995.0,20995.0,20995.0,
23206.0,23206.0,23206.0,23206.0,23206.0,23206.0,23206.0,23206.0,23206.0,23206.0,
25109.0,25109.0,25109.0,25109.0,25109.0,25109.0,25109.0,25109.0,25109.0,25109.0,
25065.0,25065.0,25065.0,25065.0,25065.0,25065.0,25065.0,25065.0,25065.0,25065.0,
23315.0,23315.0,23315.0,23315.0,23315.0,23315.0,23315.0,23315.0,23315.0,23315.0,
22325.0,22325.0,22325.0,22325.0,22325.0,22325.0,22325.0,22325.0,22325.0,22325.0,
24203.0,24203.0,24203.0,24203.0,24203.0,24203.0,24203.0,24203.0,24203.0,24203.0,
23146.0,23146.0,23146.0,23146.0,23146.0,23146.0,23146.0,23146.0,23146.0,23146.0,
26880.0,26880.0,26880.0,26880.0,26880.0,26880.0,26880.0,26880.0,26880.0,26880.0,
29546.0,29546.0,29546.0,29546.0,29546.0,29546.0,29546.0,29546.0,29546.0,29546.0,
24994.0,24994.0,24994.0,24994.0,24994.0,24994.0,24994.0,24994.0,24994.0,24994.0,
27297.0,27297.0,27297.0,27297.0,27297.0,27297.0,27297.0,27297.0,27297.0,27297.0,
25293.0,25293.0,25293.0,25293.0,25293.0,25293.0,25293.0,25293.0,25293.0,25293.0,
23248.0,23248.0,23248.0,23248.0,23248.0,23248.0,23248.0,23248.0,23248.0,23248.0,
29660.0,29660.0,29660.0,29660.0,29660.0,29660.0,29660.0,29660.0,29660.0,29660.0,
27159.0,27159.0,27159.0,27159.0,27159.0,27159.0,27159.0,27159.0,27159.0,27159.0,
24946.0,24946.0,24946.0,24946.0,24946.0,24946.0,24946.0,24946.0,24946.0,24946.0,
23255.0,23255.0,23255.0,23255.0,23255.0,23255.0,23255.0,23255.0,23255.0,23255.0,
29471.0,29471.0,29471.0,29471.0,29471.0,29471.0,29471.0,29471.0,29471.0,29471.0,
23611.0,23611.0,23611.0,23611.0,23611.0,23611.0,23611.0,23611.0,23611.0,23611.0,
22231.0,22231.0,22231.0,22231.0,22231.0,22231.0,22231.0,22231.0,22231.0,22231.0,
27171.0,27171.0,27171.0,27171.0,27171.0,27171.0,27171.0,27171.0,27171.0,27171.0,
23575.0,23575.0,23575.0,23575.0,23575.0,23575.0,23575.0,23575.0,23575.0,23575.0,
25239.0,25239.0,25239.0,25239.0,25239.0,25239.0,25239.0,25239.0,25239.0,25239.0,
23409.0,23409.0,23409.0,23409.0,23409.0,23409.0,23409.0,23409.0,23409.0,23409.0,
23015.0,23015.0,23015.0,23015.0,23015.0,23015.0,23015.0,23015.0,23015.0,23015.0,
23039.0,23039.0,23039.0,23039.0,23039.0,23039.0,23039.0,23039.0,23039.0,23039.0,
24295.0,24295.0,24295.0,24295.0,24295.0,24295.0,24295.0,24295.0,24295.0,24295.0,
23984.0,23984.0,23984.0,23984.0,23984.0,23984.0,23984.0,23984.0,23984.0,23984.0,
23045.0,23045.0,23045.0,23045.0,23045.0,23045.0,23045.0,23045.0,23045.0,23045.0,
20878.0,20878.0,20878.0,20878.0,20878.0,20878.0,20878.0,20878.0,20878.0,20878.0,
34098.0,34098.0,34098.0,34098.0,34098.0,34098.0,34098.0,34098.0,34098.0,34098.0,
22600.0,22600.0,22600.0,22600.0,22600.0,22600.0,22600.0,22600.0,22600.0,22600.0,
33347.0,33347.0,33347.0,33347.0,33347.0,33347.0,33347.0,33347.0,33347.0,33347.0,
24607.0,24607.0,24607.0,24607.0,24607.0,24607.0,24607.0,24607.0,24607.0,24607.0,
25237.0,25237.0,25237.0,25237.0,25237.0,25237.0,25237.0,25237.0,25237.0,25237.0,
24733.0,24733.0,24733.0,24733.0,24733.0,24733.0,24733.0,24733.0,24733.0,24733.0,
24978.0,24978.0,24978.0,24978.0,24978.0,24978.0,24978.0,24978.0,24978.0,24978.0,
23233.0,23233.0,23233.0,23233.0,23233.0,23233.0,23233.0,23233.0,23233.0,23233.0,
25902.0,25902.0,25902.0,25902.0,25902.0,25902.0,25902.0,25902.0,25902.0,25902.0,
21926.0,21926.0,21926.0,21926.0,21926.0,21926.0,21926.0,21926.0,21926.0,21926.0,
25057.0,25057.0,25057.0,25057.0,25057.0,25057.0,25057.0,25057.0,25057.0,25057.0,
25209.0,25209.0,25209.0,25209.0,25209.0,25209.0,25209.0,25209.0,25209.0,25209.0,
20722.0,20722.0,20722.0,20722.0,20722.0,20722.0,20722.0,20722.0,20722.0,20722.0,
22593.0,22593.0,22593.0,22593.0,22593.0,22593.0,22593.0,22593.0,22593.0,22593.0,
23160.0,23160.0,23160.0,23160.0,23160.0,23160.0,23160.0,23160.0,23160.0,23160.0,
28121.0,28121.0,28121.0,28121.0,28121.0,28121.0,28121.0,28121.0,28121.0,28121.0,
28831.0,28831.0,28831.0,28831.0,28831.0,28831.0,28831.0,28831.0,28831.0,28831.0,
24491.0,24491.0,24491.0,24491.0,24491.0,24491.0,24491.0,24491.0,24491.0,24491.0,
21838.0,21838.0,21838.0,21838.0,21838.0,21838.0,21838.0,21838.0,21838.0,21838.0,
28174.0,28174.0,28174.0,28174.0,28174.0,28174.0,28174.0,28174.0,28174.0,28174.0,
28203.0,28203.0,28203.0,28203.0,28203.0,28203.0,28203.0,28203.0,28203.0,28203.0,
20696.0,20696.0,20696.0,20696.0,20696.0,20696.0,20696.0,20696.0,20696.0,20696.0,
29897.0,29897.0,29897.0,29897.0,29897.0,29897.0,29897.0,29897.0,29897.0,29897.0,
24246.0,24246.0,24246.0,24246.0,24246.0,24246.0,24246.0,24246.0,24246.0,24246.0,
26768.0,26768.0,26768.0,26768.0,26768.0,26768.0,26768.0,26768.0,26768.0,26768.0,
21931.0,21931.0,21931.0,21931.0,21931.0,21931.0,21931.0,21931.0,21931.0,21931.0,
23326.0,23326.0,23326.0,23326.0,23326.0,23326.0,23326.0,23326.0,23326.0,23326.0,
21662.0,21662.0,21662.0,21662.0,21662.0,21662.0,21662.0,21662.0,21662.0,21662.0,
34959.0,34959.0,34959.0,34959.0,34959.0,34959.0,34959.0,34959.0,34959.0,34959.0,
29687.0,29687.0,29687.0,29687.0,29687.0,29687.0,29687.0,29687.0,29687.0,29687.0,
22247.0,22247.0,22247.0,22247.0,22247.0,22247.0,22247.0,22247.0,22247.0,22247.0,
25262.0,25262.0,25262.0,25262.0,25262.0,25262.0,25262.0,25262.0,25262.0,25262.0,
23711.0,23711.0,23711.0,23711.0,23711.0,23711.0,23711.0,23711.0,23711.0,23711.0,
23896.0,23896.0,23896.0,23896.0,23896.0,23896.0,23896.0,23896.0,23896.0,23896.0,

17325.0,17325.0,17325.0,17325.0,17325.0,17325.0,17325.0,17325.0,17325.0,17325.0,
20011.0,20011.0,20011.0,20011.0,20011.0,20011.0,20011.0,20011.0,20011.0,20011.0,
16473.0,16473.0,16473.0,16473.0,16473.0,16473.0,16473.0,16473.0,16473.0,16473.0,
22061.0,22061.0,22061.0,22061.0,22061.0,22061.0,22061.0,22061.0,22061.0,22061.0,
17113.0,17113.0,17113.0,17113.0,17113.0,17113.0,17113.0,17113.0,17113.0,17113.0,
16513.0,16513.0,16513.0,16513.0,16513.0,16513.0,16513.0,16513.0,16513.0,16513.0,
18009.0,18009.0,18009.0,18009.0,18009.0,18009.0,18009.0,18009.0,18009.0,18009.0,
19258.0,19258.0,19258.0,19258.0,19258.0,19258.0,19258.0,19258.0,19258.0,19258.0,
22216.0,22216.0,22216.0,22216.0,22216.0,22216.0,22216.0,22216.0,22216.0,22216.0,
18881.0,18881.0,18881.0,18881.0,18881.0,18881.0,18881.0,18881.0,18881.0,18881.0,
17898.0,17898.0,17898.0,17898.0,17898.0,17898.0,17898.0,17898.0,17898.0,17898.0,
20012.0,20012.0,20012.0,20012.0,20012.0,20012.0,20012.0,20012.0,20012.0,20012.0,
19074.0,19074.0,19074.0,19074.0,19074.0,19074.0,19074.0,19074.0,19074.0,19074.0,
19779.0,19779.0,19779.0,19779.0,19779.0,19779.0,19779.0,19779.0,19779.0,19779.0,
16725.0,16725.0,16725.0,16725.0,16725.0,16725.0,16725.0,16725.0,16725.0,16725.0,
18612.0,18612.0,18612.0,18612.0,18612.0,18612.0,18612.0,18612.0,18612.0,18612.0,
21681.0,21681.0,21681.0,21681.0,21681.0,21681.0,21681.0,21681.0,21681.0,21681.0,
23182.0,23182.0,23182.0,23182.0,23182.0,23182.0,23182.0,23182.0,23182.0,23182.0,
20900.0,20900.0,20900.0,20900.0,20900.0,20900.0,20900.0,20900.0,20900.0,20900.0,
22714.0,22714.0,22714.0,22714.0,22714.0,22714.0,22714.0,22714.0,22714.0,22714.0,
18395.0,18395.0,18395.0,18395.0,18395.0,18395.0,18395.0,18395.0,18395.0,18395.0,
20618.0,20618.0,20618.0,20618.0,20618.0,20618.0,20618.0,20618.0,20618.0,20618.0,
17693.0,17693.0,17693.0,17693.0,17693.0,17693.0,17693.0,17693.0,17693.0,17693.0,
20262.0,20262.0,20262.0,20262.0,20262.0,20262.0,20262.0,20262.0,20262.0,20262.0,
18022.0,18022.0,18022.0,18022.0,18022.0,18022.0,18022.0,18022.0,18022.0,18022.0,
19476.0,19476.0,19476.0,19476.0,19476.0,19476.0,19476.0,19476.0,19476.0,19476.0,
17624.0,17624.0,17624.0,17624.0,17624.0,17624.0,17624.0,17624.0,17624.0,17624.0,
19168.0,19168.0,19168.0,19168.0,19168.0,19168.0,19168.0,19168.0,19168.0,19168.0,
19766.0,19766.0,19766.0,19766.0,19766.0,19766.0,19766.0,19766.0,19766.0,19766.0,
20396.0,20396.0,20396.0,20396.0,20396.0,20396.0,20396.0,20396.0,20396.0,20396.0,
23806.0,23806.0,23806.0,23806.0,23806.0,23806.0,23806.0,23806.0,23806.0,23806.0,
18785.0,18785.0,18785.0,18785.0,18785.0,18785.0,18785.0,18785.0,18785.0,18785.0,
22368.0,22368.0,22368.0,22368.0,22368.0,22368.0,22368.0,22368.0,22368.0,22368.0,
18240.0,18240.0,18240.0,18240.0,18240.0,18240.0,18240.0,18240.0,18240.0,18240.0,
19649.0,19649.0,19649.0,19649.0,19649.0,19649.0,19649.0,19649.0,19649.0,19649.0,
15944.0,15944.0,15944.0,15944.0,15944.0,15944.0,15944.0,15944.0,15944.0,15944.0,
16917.0,16917.0,16917.0,16917.0,16917.0,16917.0,16917.0,16917.0,16917.0,16917.0,
17904.0,17904.0,17904.0,17904.0,17904.0,17904.0,17904.0,17904.0,17904.0,17904.0,
19360.0,19360.0,19360.0,19360.0,19360.0,19360.0,19360.0,19360.0,19360.0,19360.0,
18254.0,18254.0,18254.0,18254.0,18254.0,18254.0,18254.0,18254.0,18254.0,18254.0,
17930.0,17930.0,17930.0,17930.0,17930.0,17930.0,17930.0,17930.0,17930.0,17930.0,
19358.0,19358.0,19358.0,19358.0,19358.0,19358.0,19358.0,19358.0,19358.0,19358.0,
18588.0,18588.0,18588.0,18588.0,18588.0,18588.0,18588.0,18588.0,18588.0,18588.0,
18712.0,18712.0,18712.0,18712.0,18712.0,18712.0,18712.0,18712.0,18712.0,18712.0,
21078.0,21078.0,21078.0,21078.0,21078.0,21078.0,21078.0,21078.0,21078.0,21078.0,
17392.0,17392.0,17392.0,17392.0,17392.0,17392.0,17392.0,17392.0,17392.0,17392.0,
19431.0,19431.0,19431.0,19431.0,19431.0,19431.0,19431.0,19431.0,19431.0,19431.0,
20551.0,20551.0,20551.0,20551.0,20551.0,20551.0,20551.0,20551.0,20551.0,20551.0,
18087.0,18087.0,18087.0,18087.0,18087.0,18087.0,18087.0,18087.0,18087.0,18087.0,
18639.0,18639.0,18639.0,18639.0,18639.0,18639.0,18639.0,18639.0,18639.0,18639.0,
21536.0,21536.0,21536.0,21536.0,21536.0,21536.0,21536.0,21536.0,21536.0,21536.0,
18379.0,18379.0,18379.0,18379.0,18379.0,18379.0,18379.0,18379.0,18379.0,18379.0,
18054.0,18054.0,18054.0,18054.0,18054.0,18054.0,18054.0,18054.0,18054.0,18054.0,
18062.0,18062.0,18062.0,18062.0,18062.0,18062.0,18062.0,18062.0,18062.0,18062.0,
17129.0,17129.0,17129.0,17129.0,17129.0,17129.0,17129.0,17129.0,17129.0,17129.0,
18076.0,18076.0,18076.0,18076.0,18076.0,18076.0,18076.0,18076.0,18076.0,18076.0,
18968.0,18968.0,18968.0,18968.0,18968.0,18968.0,18968.0,18968.0,18968.0,18968.0,
18033.0,18033.0,18033.0,18033.0,18033.0,18033.0,18033.0,18033.0,18033.0,18033.0,
19636.0,19636.0,19636.0,19636.0,19636.0,19636.0,19636.0,19636.0,19636.0,19636.0,
18920.0,18920.0,18920.0,18920.0,18920.0,18920.0,18920.0,18920.0,18920.0,18920.0,
19960.0,19960.0,19960.0,19960.0,19960.0,19960.0,19960.0,19960.0,19960.0,19960.0,
18692.0,18692.0,18692.0,18692.0,18692.0,18692.0,18692.0,18692.0,18692.0,18692.0,
21626.0,21626.0,21626.0,21626.0,21626.0,21626.0,21626.0,21626.0,21626.0,21626.0,
19744.0,19744.0,19744.0,19744.0,19744.0,19744.0,19744.0,19744.0,19744.0,19744.0,
17060.0,17060.0,17060.0,17060.0,17060.0,17060.0,17060.0,17060.0,17060.0,17060.0,
17063.0,17063.0,17063.0,17063.0,17063.0,17063.0,17063.0,17063.0,17063.0,17063.0,
22006.0,22006.0,22006.0,22006.0,22006.0,22006.0,22006.0,22006.0,22006.0,22006.0,
20285.0,20285.0,20285.0,20285.0,20285.0,20285.0,20285.0,20285.0,20285.0,20285.0,
30006.0,30006.0,30006.0,30006.0,30006.0,30006.0,30006.0,30006.0,30006.0,30006.0,
19794.0,19794.0,19794.0,19794.0,19794.0,19794.0,19794.0,19794.0,19794.0,19794.0,
20006.0,20006.0,20006.0,20006.0,20006.0,20006.0,20006.0,20006.0,20006.0,20006.0,
17936.0,17936.0,17936.0,17936.0,17936.0,17936.0,17936.0,17936.0,17936.0,17936.0,
18037.0,18037.0,18037.0,18037.0,18037.0,18037.0,18037.0,18037.0,18037.0,18037.0,
19005.0,19005.0,19005.0,19005.0,19005.0,19005.0,19005.0,19005.0,19005.0,19005.0,
18795.0,18795.0,18795.0,18795.0,18795.0,18795.0,18795.0,18795.0,18795.0,18795.0,
15598.0,15598.0,15598.0,15598.0,15598.0,15598.0,15598.0,15598.0,15598.0,15598.0,
23191.0,23191.0,23191.0,23191.0,23191.0,23191.0,23191.0,23191.0,23191.0,23191.0,
17259.0,17259.0,17259.0,17259.0,17259.0,17259.0,17259.0,17259.0,17259.0,17259.0,
17047.0,17047.0,17047.0,17047.0,17047.0,17047.0,17047.0,17047.0,17047.0,17047.0,
18141.0,18141.0,18141.0,18141.0,18141.0,18141.0,18141.0,18141.0,18141.0,18141.0,
17074.0,17074.0,17074.0,17074.0,17074.0,17074.0,17074.0,17074.0,17074.0,17074.0,
23817.0,23817.0,23817.0,23817.0,23817.0,23817.0,23817.0,23817.0,23817.0,23817.0,
26271.0,26271.0,26271.0,26271.0,26271.0,26271.0,26271.0,26271.0,26271.0,26271.0,
21138.0,21138.0,21138.0,21138.0,21138.0,21138.0,21138.0,21138.0,21138.0,21138.0,
19285.0,19285.0,19285.0,19285.0,19285.0,19285.0,19285.0,19285.0,19285.0,19285.0,
21099.0,21099.0,21099.0,21099.0,21099.0,21099.0,21099.0,21099.0,21099.0,21099.0,
21591.0,21591.0,21591.0,21591.0,21591.0,21591.0,21591.0,21591.0,21591.0,21591.0,
16810.0,16810.0,16810.0,16810.0,16810.0,16810.0,16810.0,16810.0,16810.0,16810.0,
21623.0,21623.0,21623.0,21623.0,21623.0,21623.0,21623.0,21623.0,21623.0,21623.0,
17903.0,17903.0,17903.0,17903.0,17903.0,17903.0,17903.0,17903.0,17903.0,17903.0,
19360.0,19360.0,19360.0,19360.0,19360.0,19360.0,19360.0,19360.0,19360.0,19360.0,
20852.0,20852.0,20852.0,20852.0,20852.0,20852.0,20852.0,20852.0,20852.0,20852.0,
17410.0,17410.0,17410.0,17410.0,17410.0,17410.0,17410.0,17410.0,17410.0,17410.0,
16628.0,16628.0,16628.0,16628.0,16628.0,16628.0,16628.0,16628.0,16628.0,16628.0,
18505.0,18505.0,18505.0,18505.0,18505.0,18505.0,18505.0,18505.0,18505.0,18505.0,
23574.0,23574.0,23574.0,23574.0,23574.0,23574.0,23574.0,23574.0,23574.0,23574.0,
17396.0,17396.0,17396.0,17396.0,17396.0,17396.0,17396.0,17396.0,17396.0,17396.0,
19597.0,19597.0,19597.0,19597.0,19597.0,19597.0,19597.0,19597.0,19597.0,19597.0,
18353.0,18353.0,18353.0,18353.0,18353.0,18353.0,18353.0,18353.0,18353.0,18353.0,
18756.0,18756.0,18756.0,18756.0,18756.0,18756.0,18756.0,18756.0,18756.0,18756.0,

16714.0,16714.0,16714.0,16714.0,16714.0,16714.0,16714.0,16714.0,16714.0,16714.0,
16274.0,16274.0,16274.0,16274.0,16274.0,16274.0,16274.0,16274.0,16274.0,16274.0,
19645.0,19645.0,19645.0,19645.0,19645.0,19645.0,19645.0,19645.0,19645.0,19645.0,
20156.0,20156.0,20156.0,20156.0,20156.0,20156.0,20156.0,20156.0,20156.0,20156.0,
18670.0,18670.0,18670.0,18670.0,18670.0,18670.0,18670.0,18670.0,18670.0,18670.0,
18800.0,18800.0,18800.0,18800.0,18800.0,18800.0,18800.0,18800.0,18800.0,18800.0,
16857.0,16857.0,16857.0,16857.0,16857.0,16857.0,16857.0,16857.0,16857.0,16857.0,
17123.0,17123.0,17123.0,17123.0,17123.0,17123.0,17123.0,17123.0,17123.0,17123.0,
17738.0,17738.0,17738.0,17738.0,17738.0,17738.0,17738.0,17738.0,17738.0,17738.0,
18686.0,18686.0,18686.0,18686.0,18686.0,18686.0,18686.0,18686.0,18686.0,18686.0,
17810.0,17810.0,17810.0,17810.0,17810.0,17810.0,17810.0,17810.0,17810.0,17810.0,
18174.0,18174.0,18174.0,18174.0,18174.0,18174.0,18174.0,18174.0,18174.0,18174.0,
17462.0,17462.0,17462.0,17462.0,17462.0,17462.0,17462.0,17462.0,17462.0,17462.0,
17994.0,17994.0,17994.0,17994.0,17994.0,17994.0,17994.0,17994.0,17994.0,17994.0,
17804.0,17804.0,17804.0,17804.0,17804.0,17804.0,17804.0,17804.0,17804.0,17804.0,
17319.0,17319.0,17319.0,17319.0,17319.0,17319.0,17319.0,17319.0,17319.0,17319.0,
18080.0,18080.0,18080.0,18080.0,18080.0,18080.0,18080.0,18080.0,18080.0,18080.0,
17906.0,17906.0,17906.0,17906.0,17906.0,17906.0,17906.0,17906.0,17906.0,17906.0,
19955.0,19955.0,19955.0,19955.0,19955.0,19955.0,19955.0,19955.0,19955.0,19955.0,
19148.0,19148.0,19148.0,19148.0,19148.0,19148.0,19148.0,19148.0,19148.0,19148.0,
21274.0,21274.0,21274.0,21274.0,21274.0,21274.0,21274.0,21274.0,21274.0,21274.0,
18728.0,18728.0,18728.0,18728.0,18728.0,18728.0,18728.0,18728.0,18728.0,18728.0,
19139.0,19139.0,19139.0,19139.0,19139.0,19139.0,19139.0,19139.0,19139.0,19139.0,
18979.0,18979.0,18979.0,18979.0,18979.0,18979.0,18979.0,18979.0,18979.0,18979.0,
17887.0,17887.0,17887.0,17887.0,17887.0,17887.0,17887.0,17887.0,17887.0,17887.0,
19249.0,19249.0,19249.0,19249.0,19249.0,19249.0,19249.0,19249.0,19249.0,19249.0,
18796.0,18796.0,18796.0,18796.0,18796.0,18796.0,18796.0,18796.0,18796.0,18796.0,
17291.0,17291.0,17291.0,17291.0,17291.0,17291.0,17291.0,17291.0,17291.0,17291.0,
17734.0,17734.0,17734.0,17734.0,17734.0,17734.0,17734.0,17734.0,17734.0,17734.0,
20000.0,20000.0,20000.0,20000.0,20000.0,20000.0,20000.0,20000.0,20000.0,20000.0,
19397.0,19397.0,19397.0,19397.0,19397.0,19397.0,19397.0,19397.0,19397.0,19397.0,
16789.0,16789.0,16789.0,16789.0,16789.0,16789.0,16789.0,16789.0,16789.0,16789.0,
18744.0,18744.0,18744.0,18744.0,18744.0,18744.0,18744.0,18744.0,18744.0,18744.0,
16492.0,16492.0,16492.0,16492.0,16492.0,16492.0,16492.0,16492.0,16492.0,16492.0,
17343.0,17343.0,17343.0,17343.0,17343.0,17343.0,17343.0,17343.0,17343.0,17343.0,
16021.0,16021.0,16021.0,16021.0,16021.0,16021.0,16021.0,16021.0,16021.0,16021.0,
16710.0,16710.0,16710.0,16710.0,16710.0,16710.0,16710.0,16710.0,16710.0,16710.0,
19247.0,19247.0,19247.0,19247.0,19247.0,19247.0,19247.0,19247.0,19247.0,19247.0,
18216.0,18216.0,18216.0,18216.0,18216.0,18216.0,18216.0,18216.0,18216.0,18216.0,
16371.0,16371.0,16371.0,16371.0,16371.0,16371.0,16371.0,16371.0,16371.0,16371.0,
18680.0,18680.0,18680.0,18680.0,18680.0,18680.0,18680.0,18680.0,18680.0,18680.0,
20136.0,20136.0,20136.0,20136.0,20136.0,20136.0,20136.0,20136.0,20136.0,20136.0,
17382.0,17382.0,17382.0,17382.0,17382.0,17382.0,17382.0,17382.0,17382.0,17382.0,
21596.0,21596.0,21596.0,21596.0,21596.0,21596.0,21596.0,21596.0,21596.0,21596.0,
17699.0,17699.0,17699.0,17699.0,17699.0,17699.0,17699.0,17699.0,17699.0,17699.0,
16624.0,16624.0,16624.0,16624.0,16624.0,16624.0,16624.0,16624.0,16624.0,16624.0,
20463.0,20463.0,20463.0,20463.0,20463.0,20463.0,20463.0,20463.0,20463.0,20463.0,
19132.0,19132.0,19132.0,19132.0,19132.0,19132.0,19132.0,19132.0,19132.0,19132.0,
16816.0,16816.0,16816.0,16816.0,16816.0,16816.0,16816.0,16816.0,16816.0,16816.0,
17971.0,17971.0,17971.0,17971.0,17971.0,17971.0,17971.0,17971.0,17971.0,17971.0,
18822.0,18822.0,18822.0,18822.0,18822.0,18822.0,18822.0,18822.0,18822.0,18822.0,
19238.0,19238.0,19238.0,19238.0,19238.0,19238.0,19238.0,19238.0,19238.0,19238.0,
18533.0,18533.0,18533.0,18533.0,18533.0,18533.0,18533.0,18533.0,18533.0,18533.0,
18673.0,18673.0,18673.0,18673.0,18673.0,18673.0,18673.0,18673.0,18673.0,18673.0,
15820.0,15820.0,15820.0,15820.0,15820.0,15820.0,15820.0,15820.0,15820.0,15820.0,
18443.0,18443.0,18443.0,18443.0,18443.0,18443.0,18443.0,18443.0,18443.0,18443.0,
17305.0,17305.0,17305.0,17305.0,17305.0,17305.0,17305.0,17305.0,17305.0,17305.0,
19556.0,19556.0,19556.0,19556.0,19556.0,19556.0,19556.0,19556.0,19556.0,19556.0,
17952.0,17952.0,17952.0,17952.0,17952.0,17952.0,17952.0,17952.0,17952.0,17952.0,
17593.0,17593.0,17593.0,17593.0,17593.0,17593.0,17593.0,17593.0,17593.0,17593.0,
17500.0,17500.0,17500.0,17500.0,17500.0,17500.0,17500.0,17500.0,17500.0,17500.0,
16137.0,16137.0,16137.0,16137.0,16137.0,16137.0,16137.0,16137.0,16137.0,16137.0,
19355.0,19355.0,19355.0,19355.0,19355.0,19355.0,19355.0,19355.0,19355.0,19355.0,
17393.0,17393.0,17393.0,17393.0,17393.0,17393.0,17393.0,17393.0,17393.0,17393.0,
16414.0,16414.0,16414.0,16414.0,16414.0,16414.0,16414.0,16414.0,16414.0,16414.0,
18906.0,18906.0,18906.0,18906.0,18906.0,18906.0,18906.0,18906.0,18906.0,18906.0,
20063.0,20063.0,20063.0,20063.0,20063.0,20063.0,20063.0,20063.0,20063.0,20063.0,
16877.0,16877.0,16877.0,16877.0,16877.0,16877.0,16877.0,16877.0,16877.0,16877.0,
17487.0,17487.0,17487.0,17487.0,17487.0,17487.0,17487.0,17487.0,17487.0,17487.0,
20490.0,20490.0,20490.0,20490.0,20490.0,20490.0,20490.0,20490.0,20490.0,20490.0,
16930.0,16930.0,16930.0,16930.0,16930.0,16930.0,16930.0,16930.0,16930.0,16930.0,
16894.0,16894.0,16894.0,16894.0,16894.0,16894.0,16894.0,16894.0,16894.0,16894.0,
16883.0,16883.0,16883.0,16883.0,16883.0,16883.0,16883.0,16883.0,16883.0,16883.0,
17766.0,17766.0,17766.0,17766.0,17766.0,17766.0,17766.0,17766.0,17766.0,17766.0,
21320.0,21320.0,21320.0,21320.0,21320.0,21320.0,21320.0,21320.0,21320.0,21320.0,
18432.0,18432.0,18432.0,18432.0,18432.0,18432.0,18432.0,18432.0,18432.0,18432.0,
20320.0,20320.0,20320.0,20320.0,20320.0,20320.0,20320.0,20320.0,20320.0,20320.0,
18154.0,18154.0,18154.0,18154.0,18154.0,18154.0,18154.0,18154.0,18154.0,18154.0,
17485.0,17485.0,17485.0,17485.0,17485.0,17485.0,17485.0,17485.0,17485.0,17485.0,
16674.0,16674.0,16674.0,16674.0,16674.0,16674.0,16674.0,16674.0,16674.0,16674.0,
16795.0,16795.0,16795.0,16795.0,16795.0,16795.0,16795.0,16795.0,16795.0,16795.0,
18915.0,18915.0,18915.0,18915.0,18915.0,18915.0,18915.0,18915.0,18915.0,18915.0,
19986.0,19986.0,19986.0,19986.0,19986.0,19986.0,19986.0,19986.0,19986.0,19986.0,
17278.0,17278.0,17278.0,17278.0,17278.0,17278.0,17278.0,17278.0,17278.0,17278.0,
16385.0,16385.0,16385.0,16385.0,16385.0,16385.0,16385.0,16385.0,16385.0,16385.0,
17966.0,17966.0,17966.0,17966.0,17966.0,17966.0,17966.0,17966.0,17966.0,17966.0,
16881.0,16881.0,16881.0,16881.0,16881.0,16881.0,16881.0,16881.0,16881.0,16881.0,
15356.0,15356.0,15356.0,15356.0,15356.0,15356.0,15356.0,15356.0,15356.0,15356.0,
26213.0,26213.0,26213.0,26213.0,26213.0,26213.0,26213.0,26213.0,26213.0,26213.0,
17539.0,17539.0,17539.0,17539.0,17539.0,17539.0,17539.0,17539.0,17539.0,17539.0,
18592.0,18592.0,18592.0,18592.0,18592.0,18592.0,18592.0,18592.0,18592.0,18592.0,
16077.0,16077.0,16077.0,16077.0,16077.0,16077.0,16077.0,16077.0,16077.0,16077.0,
16381.0,16381.0,16381.0,16381.0,16381.0,16381.0,16381.0,16381.0,16381.0,16381.0,
16661.0,16661.0,16661.0,16661.0,16661.0,16661.0,16661.0,16661.0,16661.0,16661.0,
18505.0,18505.0,18505.0,18505.0,18505.0,18505.0,18505.0,18505.0,18505.0,18505.0,
22122.0,22122.0,22122.0,22122.0,22122.0,22122.0,22122.0,22122.0,22122.0,22122.0,
16624.0,16624.0,16624.0,16624.0,16624.0,16624.0,16624.0,16624.0,16624.0,16624.0,
19228.0,19228.0,19228.0,19228.0,19228.0,19228.0,19228.0,19228.0,19228.0,19228.0,
16271.0,16271.0,16271.0,16271.0,16271.0,16271.0,16271.0,16271.0,16271.0,16271.0,
18869.0,18869.0,18869.0,18869.0,18869.0,18869.0,18869.0,18869.0,18869.0,18869.0,

17472.0,18803.0,19628.0,20079.0,17113.0,18869.0,19114.0,20478.0,19628.0,20079.0,
16261.0,15997.0,17615.0,16455.0,15997.0,17615.0,16455.0,15997.0,17615.0,16455.0,
16234.0,17388.0,17388.0,17388.0,17388.0,17388.0,17388.0,17388.0,17388.0,17388.0,
19859.0,20930.0,21261.0,20584.0,19487.0,20584.0,19487.0,20584.0,19487.0,20584.0,
16004.0,16151.0,17429.0,16807.0,16069.0,17656.0,16682.0,16807.0,16069.0,17656.0,
15352.0,16616.0,16638.0,16638.0,16638.0,16638.0,16638.0,16638.0,16638.0,16638.0,
16039.0,16528.0,18409.0,16015.0,16766.0,18480.0,16212.0,16346.0,16810.0,18237.0,
17182.0,16171.0,16998.0,15863.0,16549.0,15863.0,16549.0,15863.0,16549.0,15863.0,
17720.0,18327.0,18018.0,18634.0,18381.0,18313.0,16616.0,16616.0,16616.0,16616.0,
19032.0,21032.0,19837.0,20189.0,20298.0,21953.0,21874.0,19449.0,21175.0,21197.0,
20694.0,20213.0,20931.0,18000.0,19316.0,16588.0,16659.0,18560.0,16588.0,16659.0,
17543.0,20143.0,18889.0,19214.0,19069.0,18474.0,18803.0,19245.0,19183.0,18983.0,
16778.0,17810.0,17853.0,17533.0,17882.0,18288.0,17809.0,17853.0,17533.0,17882.0,
20895.0,24878.0,25473.0,23390.0,21650.0,23414.0,22185.0,21451.0,25742.0,23131.0,
16320.0,19834.0,18125.0,16918.0,16954.0,16796.0,16239.0,16893.0,16011.0,16841.0,
15581.0,16749.0,17058.0,18084.0,16702.0,16202.0,16335.0,17273.0,16367.0,18650.0,
22686.0,21817.0,19849.0,19734.0,26025.0,22041.0,20059.0,20059.0,20059.0,20059.0,
19989.0,18940.0,21910.0,21455.0,19378.0,19967.0,20780.0,20603.0,21849.0,20843.0,
19603.0,18051.0,18822.0,17886.0,18412.0,18377.0,18412.0,18377.0,18412.0,18377.0,
22946.0,22921.0,24018.0,20410.0,24018.0,20410.0,24018.0,20410.0,24018.0,20410.0,
17076.0,18498.0,18840.0,18397.0,18840.0,18397.0,18840.0,18397.0,18840.0,18397.0,
23615.0,24701.0,20387.0,21668.0,21220.0,22211.0,21872.0,21679.0,20124.0,21679.0,
16992.0,20580.0,20660.0,20980.0,23533.0,23050.0,23261.0,20412.0,20493.0,20482.0,
23220.0,22706.0,22706.0,22706.0,22706.0,22706.0,22706.0,22706.0,22706.0,22706.0,
15950.0,17680.0,16939.0,17077.0,16238.0,17024.0,16471.0,17024.0,16471.0,17024.0,
17013.0,18430.0,18828.0,18922.0,17755.0,18317.0,18284.0,18922.0,17755.0,18317.0,
16695.0,19602.0,20359.0,17823.0,18368.0,21487.0,20401.0,18211.0,18619.0,20123.0,
19618.0,17746.0,16379.0,21589.0,16928.0,20861.0,16683.0,16114.0,16799.0,18361.0,
17189.0,17820.0,17683.0,19643.0,17600.0,17436.0,18662.0,16442.0,17072.0,17573.0,
26099.0,20428.0,22363.0,20956.0,22363.0,20956.0,22363.0,20956.0,22363.0,20956.0,
24265.0,33744.0,32930.0,28050.0,33699.0,32930.0,28050.0,33699.0,32930.0,28050.0,
17547.0,18726.0,20503.0,19126.0,18630.0,18630.0,18630.0,18630.0,18630.0,18630.0,
16417.0,22074.0,20173.0,20133.0,23224.0,18683.0,17703.0,21946.0,17702.0,21946.0,
16546.0,18177.0,16727.0,18177.0,16727.0,18177.0,16727.0,18177.0,16727.0,18177.0,
20739.0,23266.0,21832.0,21832.0,21832.0,21832.0,21832.0,21832.0,21832.0,21832.0,
15347.0,15117.0,16155.0,16785.0,15703.0,15569.0,15117.0,16155.0,16785.0,15703.0,
16947.0,18068.0,18120.0,18092.0,19794.0,16999.0,18040.0,19575.0,17099.0,17558.0,
19367.0,17455.0,17474.0,19301.0,17474.0,19301.0,17474.0,19301.0,17474.0,19301.0,
20024.0,18095.0,17711.0,17118.0,20888.0,20133.0,16860.0,18430.0,18438.0,17049.0,
16537.0,19358.0,17762.0,16794.0,18856.0,16634.0,18585.0,17592.0,17365.0,16172.0,
15892.0,18196.0,16820.0,19528.0,17406.0,16378.0,17757.0,17315.0,17763.0,17077.0,
18570.0,19378.0,18950.0,19430.0,19859.0,18950.0,19430.0,19859.0,18950.0,19430.0,
18467.0,18021.0,16888.0,18220.0,17903.0,18495.0,18495.0,18495.0,18495.0,18495.0,
19288.0,24762.0,24889.0,24237.0,26908.0,19969.0,18906.0,23628.0,25597.0,23467.0,
23281.0,30001.0,20270.0,20270.0,20270.0,20270.0,20270.0,20270.0,20270.0,20270.0,
19900.0,18581.0,18980.0,17706.0,19532.0,17706.0,19532.0,17706.0,19532.0,17706.0,
21782.0,19903.0,19014.0,20183.0,18720.0,18391.0,18391.0,18391.0,18391.0,18391.0,
18008.0,18145.0,17793.0,17303.0,17732.0,17303.0,17732.0,17303.0,17732.0,17303.0,
15760.0,16447.0,16447.0,16447.0,16447.0,16447.0,16447.0,16447.0,16447.0,16447.0,
18362.0,22026.0,23236.0,19899.0,21059.0,21059.0,21059.0,21059.0,21059.0,21059.0,
21330.0,25092.0,19860.0,22454.0,25092.0,19860.0,22454.0,25092.0,19860.0,22454.0,
17501.0,16732.0,16319.0,16336.0,17312.0,18482.0,16732.0,16319.0,16336.0,17312.0,
18944.0,16883.0,17875.0,17001.0,17057.0,16446.0,16998.0,17519.0,17571.0,18129.0,
23320.0,20363.0,21184.0,20363.0,21184.0,20363.0,21184.0,20363.0,21184.0,20363.0,
16092.0,16508.0,15598.0,15602.0,15982.0,15668.0,15581.0,15581.0,15581.0,15581.0,
18108.0,17832.0,17458.0,17832.0,17458.0,17832.0,17458.0,17832.0,17458.0,17832.0,
24283.0,25073.0,24407.0,21597.0,24633.0,25218.0,24717.0,25468.0,22344.0,22344.0,
15786.0,18382.0,17772.0,18237.0,22204.0,19248.0,24144.0,22782.0,21335.0,20732.0,
20180.0,21900.0,22726.0,23617.0,23500.0,23617.0,23500.0,23617.0,23500.0,23617.0,
16979.0,19163.0,20135.0,20430.0,18631.0,20135.0,20430.0,18631.0,20135.0,20430.0,
17178.0,17451.0,16339.0,16904.0,17252.0,16339.0,16904.0,17252.0,16339.0,16904.0,
17438.0,19064.0,16117.0,16709.0,15954.0,15954.0,15954.0,15954.0,15954.0,15954.0,
17635.0,16980.0,17612.0,18666.0,17458.0,17091.0,20103.0,19511.0,20284.0,17034.0,
17547.0,17832.0,19333.0,16733.0,19518.0,17528.0,18124.0,17180.0,18746.0,17474.0,
15973.0,17859.0,16869.0,16086.0,16686.0,17640.0,16938.0,16841.0,16989.0,18330.0,
16608.0,16333.0,15325.0,15371.0,15371.0,15371.0,15371.0,15371.0,15371.0,15371.0,
25196.0,35100.0,26965.0,22734.0,24504.0,30099.0,24965.0,24504.0,30099.0,24965.0,
16064.0,18864.0,17931.0,16678.0,19530.0,16581.0,18586.0,17917.0,18419.0,17917.0,
24906.0,30841.0,24480.0,25113.0,24904.0,25113.0,24904.0,25113.0,24904.0,25113.0,
19145.0,19825.0,18797.0,18967.0,19438.0,18797.0,18967.0,19438.0,18797.0,18967.0,
20699.0,19515.0,17272.0,17537.0,20214.0,20967.0,17581.0,17749.0,17537.0,20214.0,
18250.0,19113.0,17896.0,18359.0,21916.0,21916.0,21916.0,21916.0,21916.0,21916.0,
18143.0,17509.0,18538.0,18641.0,19304.0,17613.0,16386.0,17984.0,17398.0,17984.0,
16127.0,18086.0,16660.0,17209.0,16843.0,18086.0,16660.0,17209.0,16843.0,18086.0,
17999.0,23465.0,18871.0,23465.0,18871.0,23465.0,18871.0,23465.0,18871.0,23465.0,
15801.0,17433.0,16385.0,15573.0,16423.0,15996.0,15502.0,16350.0,15692.0,16747.0,
17470.0,20316.0,17549.0,18103.0,17050.0,18035.0,18056.0,17613.0,17463.0,16680.0,
17238.0,17590.0,18046.0,16403.0,17101.0,17441.0,17441.0,17441.0,17441.0,17441.0,
15480.0,16533.0,15583.0,15971.0,15987.0,15423.0,15506.0,15395.0,15613.0,16025.0,
15955.0,16785.0,15860.0,15404.0,16158.0,16585.0,16148.0,15895.0,16294.0,16785.0,
17352.0,16231.0,16191.0,16221.0,16310.0,15739.0,16635.0,15827.0,16803.0,15827.0,
17873.0,21601.0,22538.0,24718.0,25249.0,26037.0,26094.0,25535.0,21936.0,22055.0,
20431.0,23976.0,23976.0,23976.0,23976.0,23976.0,23976.0,23976.0,23976.0,23976.0,
17961.0,19383.0,16714.0,17906.0,19899.0,18358.0,16714.0,17906.0,19899.0,18358.0,
17985.0,19345.0,19345.0,19345.0,19345.0,19345.0,19345.0,19345.0,19345.0,19345.0,
19336.0,17519.0,17967.0,18168.0,17112.0,17276.0,17967.0,18168.0,17112.0,17276.0,
21476.0,20536.0,19122.0,20750.0,21591.0,21591.0,21591.0,21591.0,21591.0,21591.0,
17289.0,17522.0,16751.0,17025.0,17369.0,17847.0,18441.0,16751.0,17025.0,17369.0,
19390.0,19826.0,26830.0,21149.0,21542.0,19592.0,27145.0,21150.0,19665.0,23907.0,
19379.0,20617.0,20617.0,20617.0,20617.0,20617.0,20617.0,20617.0,20617.0,20617.0,
21888.0,26875.0,22046.0,18888.0,21945.0,22451.0,18775.0,18888.0,18775.0,18888.0,
16043.0,17881.0,17224.0,17806.0,16370.0,17150.0,18727.0,16690.0,17588.0,16937.0,
15684.0,16565.0,16550.0,16812.0,16896.0,17342.0,16550.0,16812.0,16896.0,17342.0,
16973.0,17522.0,17114.0,16797.0,16278.0,16521.0,18575.0,17133.0,16756.0,15817.0,
24931.0,28164.0,24900.0,27675.0,29340.0,31798.0,23943.0,27101.0,27101.0,27101.0,
18599.0,23492.0,24595.0,24595.0,24595.0,24595.0,24595.0,24595.0,24595.0,24595.0,
15852.0,18087.0,16875.0,17156.0,18043.0,16875.0,17156.0,18043.0,16875.0,17156.0,
17833.0,19631.0,17134.0,17134.0,17134.0,17134.0,17134.0,17134.0,17134.0,17134.0,
16800.0,16675.0,16818.0,17344.0,17344.0,17344.0,17344.0,17344.0,17344.0,17344.0,
16759.0,18533.0,18357.0,18229.0,16941.0,18229.0,16941.0,18229.0,16941.0,18229.0,


