8514.0,8514.0,8514.0,8514.0,8514.0,8514.0,8514.0,8514.0,8514.0,8514.0,
7632.0,7632.0,7632.0,7632.0,7632.0,7632.0,7632.0,7632.0,7632.0,7632.0,
7413.0,7413.0,7413.0,7413.0,7413.0,7413.0,7413.0,7413.0,7413.0,7413.0,
10334.0,10334.0,10334.0,10334.0,10334.0,10334.0,10334.0,10334.0,10334.0,10334.0,
7142.0,7142.0,7142.0,7142.0,7142.0,7142.0,7142.0,7142.0,7142.0,7142.0,
7321.0,7321.0,7321.0,7321.0,7321.0,7321.0,7321.0,7321.0,7321.0,7321.0,
7186.0,7186.0,7186.0,7186.0,7186.0,7186.0,7186.0,7186.0,7186.0,7186.0,
7696.0,7696.0,7696.0,7696.0,7696.0,7696.0,7696.0,7696.0,7696.0,7696.0,
7570.0,7570.0,7570.0,7570.0,7570.0,7570.0,7570.0,7570.0,7570.0,7570.0,
9643.0,9643.0,9643.0,9643.0,9643.0,9643.0,9643.0,9643.0,9643.0,9643.0,
8839.0,8839.0,8839.0,8839.0,8839.0,8839.0,8839.0,8839.0,8839.0,8839.0,
8312.0,8312.0,8312.0,8312.0,8312.0,8312.0,8312.0,8312.0,8312.0,8312.0,
9038.0,9038.0,9038.0,9038.0,9038.0,9038.0,9038.0,9038.0,9038.0,9038.0,
10404.0,10404.0,10404.0,10404.0,10404.0,10404.0,10404.0,10404.0,10404.0,10404.0,
8112.0,8112.0,8112.0,8112.0,8112.0,8112.0,8112.0,8112.0,8112.0,8112.0,
7432.0,7432.0,7432.0,7432.0,7432.0,7432.0,7432.0,7432.0,7432.0,7432.0,
10082.0,10082.0,10082.0,10082.0,10082.0,10082.0,10082.0,10082.0,10082.0,10082.0,
9098.0,9098.0,9098.0,9098.0,9098.0,9098.0,9098.0,9098.0,9098.0,9098.0,
9496.0,9496.0,9496.0,9496.0,9496.0,9496.0,9496.0,9496.0,9496.0,9496.0,
10966.0,10966.0,10966.0,10966.0,10966.0,10966.0,10966.0,10966.0,10966.0,10966.0,
8863.0,8863.0,8863.0,8863.0,8863.0,8863.0,8863.0,8863.0,8863.0,8863.0,
12228.0,12228.0,12228.0,12228.0,12228.0,12228.0,12228.0,12228.0,12228.0,12228.0,
8499.0,8499.0,8499.0,8499.0,8499.0,8499.0,8499.0,8499.0,8499.0,8499.0,
10086.0,10086.0,10086.0,10086.0,10086.0,10086.0,10086.0,10086.0,10086.0,10086.0,
7075.0,7075.0,7075.0,7075.0,7075.0,7075.0,7075.0,7075.0,7075.0,7075.0,
8702.0,8702.0,8702.0,8702.0,8702.0,8702.0,8702.0,8702.0,8702.0,8702.0,
8860.0,8860.0,8860.0,8860.0,8860.0,8860.0,8860.0,8860.0,8860.0,8860.0,
9664.0,9664.0,9664.0,9664.0,9664.0,9664.0,9664.0,9664.0,9664.0,9664.0,
7693.0,7693.0,7693.0,7693.0,7693.0,7693.0,7693.0,7693.0,7693.0,7693.0,
11192.0,11192.0,11192.0,11192.0,11192.0,11192.0,11192.0,11192.0,11192.0,11192.0,
10027.0,10027.0,10027.0,10027.0,10027.0,10027.0,10027.0,10027.0,10027.0,10027.0,
7084.0,7084.0,7084.0,7084.0,7084.0,7084.0,7084.0,7084.0,7084.0,7084.0,
9072.0,9072.0,9072.0,9072.0,9072.0,9072.0,9072.0,9072.0,9072.0,9072.0,
7394.0,7394.0,7394.0,7394.0,7394.0,7394.0,7394.0,7394.0,7394.0,7394.0,
10058.0,10058.0,10058.0,10058.0,10058.0,10058.0,10058.0,10058.0,10058.0,10058.0,
7239.0,7239.0,7239.0,7239.0,7239.0,7239.0,7239.0,7239.0,7239.0,7239.0,
7987.0,7987.0,7987.0,7987.0,7987.0,7987.0,7987.0,7987.0,7987.0,7987.0,
8391.0,8391.0,8391.0,8391.0,8391.0,8391.0,8391.0,8391.0,8391.0,8391.0,
8696.0,8696.0,8696.0,8696.0,8696.0,8696.0,8696.0,8696.0,8696.0,8696.0,
7706.0,7706.0,7706.0,7706.0,7706.0,7706.0,7706.0,7706.0,7706.0,7706.0,
7609.0,7609.0,7609.0,7609.0,7609.0,7609.0,7609.0,7609.0,7609.0,7609.0,
8776.0,8776.0,8776.0,8776.0,8776.0,8776.0,8776.0,8776.0,8776.0,8776.0,
8125.0,8125.0,8125.0,8125.0,8125.0,8125.0,8125.0,8125.0,8125.0,8125.0,
9833.0,9833.0,9833.0,9833.0,9833.0,9833.0,9833.0,9833.0,9833.0,9833.0,
9847.0,9847.0,9847.0,9847.0,9847.0,9847.0,9847.0,9847.0,9847.0,9847.0,
8727.0,8727.0,8727.0,8727.0,8727.0,8727.0,8727.0,8727.0,8727.0,8727.0,
9244.0,9244.0,9244.0,9244.0,9244.0,9244.0,9244.0,9244.0,9244.0,9244.0,
8427.0,8427.0,8427.0,8427.0,8427.0,8427.0,8427.0,8427.0,8427.0,8427.0,
7745.0,7745.0,7745.0,7745.0,7745.0,7745.0,7745.0,7745.0,7745.0,7745.0,
10110.0,10110.0,10110.0,10110.0,10110.0,10110.0,10110.0,10110.0,10110.0,10110.0,
11358.0,11358.0,11358.0,11358.0,11358.0,11358.0,11358.0,11358.0,11358.0,11358.0,
8377.0,8377.0,8377.0,8377.0,8377.0,8377.0,8377.0,8377.0,8377.0,8377.0,
7620.0,7620.0,7620.0,7620.0,7620.0,7620.0,7620.0,7620.0,7620.0,7620.0,
9762.0,9762.0,9762.0,9762.0,9762.0,9762.0,9762.0,9762.0,9762.0,9762.0,
7306.0,7306.0,7306.0,7306.0,7306.0,7306.0,7306.0,7306.0,7306.0,7306.0,
8241.0,8241.0,8241.0,8241.0,8241.0,8241.0,8241.0,8241.0,8241.0,8241.0,
10350.0,10350.0,10350.0,10350.0,10350.0,10350.0,10350.0,10350.0,10350.0,10350.0,
7859.0,7859.0,7859.0,7859.0,7859.0,7859.0,7859.0,7859.0,7859.0,7859.0,
8526.0,8526.0,8526.0,8526.0,8526.0,8526.0,8526.0,8526.0,8526.0,8526.0,
8363.0,8363.0,8363.0,8363.0,8363.0,8363.0,8363.0,8363.0,8363.0,8363.0,
7904.0,7904.0,7904.0,7904.0,7904.0,7904.0,7904.0,7904.0,7904.0,7904.0,
8851.0,8851.0,8851.0,8851.0,8851.0,8851.0,8851.0,8851.0,8851.0,8851.0,
8548.0,8548.0,8548.0,8548.0,8548.0,8548.0,8548.0,8548.0,8548.0,8548.0,
8205.0,8205.0,8205.0,8205.0,8205.0,8205.0,8205.0,8205.0,8205.0,8205.0,
7592.0,7592.0,7592.0,7592.0,7592.0,7592.0,7592.0,7592.0,7592.0,7592.0,
7166.0,7166.0,7166.0,7166.0,7166.0,7166.0,7166.0,7166.0,7166.0,7166.0,
11953.0,11953.0,11953.0,11953.0,11953.0,11953.0,11953.0,11953.0,11953.0,11953.0,
7306.0,7306.0,7306.0,7306.0,7306.0,7306.0,7306.0,7306.0,7306.0,7306.0,
12870.0,12870.0,12870.0,12870.0,12870.0,12870.0,12870.0,12870.0,12870.0,12870.0,
9260.0,9260.0,9260.0,9260.0,9260.0,9260.0,9260.0,9260.0,9260.0,9260.0,
9083.0,9083.0,9083.0,9083.0,9083.0,9083.0,9083.0,9083.0,9083.0,9083.0,
8511.0,8511.0,8511.0,8511.0,8511.0,8511.0,8511.0,8511.0,8511.0,8511.0,
8504.0,8504.0,8504.0,8504.0,8504.0,8504.0,8504.0,8504.0,8504.0,8504.0,
8239.0,8239.0,8239.0,8239.0,8239.0,8239.0,8239.0,8239.0,8239.0,8239.0,
8917.0,8917.0,8917.0,8917.0,8917.0,8917.0,8917.0,8917.0,8917.0,8917.0,
7516.0,7516.0,7516.0,7516.0,7516.0,7516.0,7516.0,7516.0,7516.0,7516.0,
8531.0,8531.0,8531.0,8531.0,8531.0,8531.0,8531.0,8531.0,8531.0,8531.0,
9138.0,9138.0,9138.0,9138.0,9138.0,9138.0,9138.0,9138.0,9138.0,9138.0,
7138.0,7138.0,7138.0,7138.0,7138.0,7138.0,7138.0,7138.0,7138.0,7138.0,
6977.0,6977.0,6977.0,6977.0,6977.0,6977.0,6977.0,6977.0,6977.0,6977.0,
7776.0,7776.0,7776.0,7776.0,7776.0,7776.0,7776.0,7776.0,7776.0,7776.0,
10934.0,10934.0,10934.0,10934.0,10934.0,10934.0,10934.0,10934.0,10934.0,10934.0,
11821.0,11821.0,11821.0,11821.0,11821.0,11821.0,11821.0,11821.0,11821.0,11821.0,
8040.0,8040.0,8040.0,8040.0,8040.0,8040.0,8040.0,8040.0,8040.0,8040.0,
8810.0,8810.0,8810.0,8810.0,8810.0,8810.0,8810.0,8810.0,8810.0,8810.0,
9086.0,9086.0,9086.0,9086.0,9086.0,9086.0,9086.0,9086.0,9086.0,9086.0,
9400.0,9400.0,9400.0,9400.0,9400.0,9400.0,9400.0,9400.0,9400.0,9400.0,
7313.0,7313.0,7313.0,7313.0,7313.0,7313.0,7313.0,7313.0,7313.0,7313.0,
9965.0,9965.0,9965.0,9965.0,9965.0,9965.0,9965.0,9965.0,9965.0,9965.0,
8352.0,8352.0,8352.0,8352.0,8352.0,8352.0,8352.0,8352.0,8352.0,8352.0,
10081.0,10081.0,10081.0,10081.0,10081.0,10081.0,10081.0,10081.0,10081.0,10081.0,
7816.0,7816.0,7816.0,7816.0,7816.0,7816.0,7816.0,7816.0,7816.0,7816.0,
7797.0,7797.0,7797.0,7797.0,7797.0,7797.0,7797.0,7797.0,7797.0,7797.0,
7836.0,7836.0,7836.0,7836.0,7836.0,7836.0,7836.0,7836.0,7836.0,7836.0,
11652.0,11652.0,11652.0,11652.0,11652.0,11652.0,11652.0,11652.0,11652.0,11652.0,
11892.0,11892.0,11892.0,11892.0,11892.0,11892.0,11892.0,11892.0,11892.0,11892.0,
7781.0,7781.0,7781.0,7781.0,7781.0,7781.0,7781.0,7781.0,7781.0,7781.0,
8952.0,8952.0,8952.0,8952.0,8952.0,8952.0,8952.0,8952.0,8952.0,8952.0,
8241.0,8241.0,8241.0,8241.0,8241.0,8241.0,8241.0,8241.0,8241.0,8241.0,
8235.0,8235.0,8235.0,8235.0,8235.0,8235.0,8235.0,8235.0,8235.0,8235.0,

6388.0,6388.0,6388.0,6388.0,6388.0,6388.0,6388.0,6388.0,6388.0,6388.0,
6105.0,6105.0,6105.0,6105.0,6105.0,6105.0,6105.0,6105.0,6105.0,6105.0,
5820.0,5820.0,5820.0,5820.0,5820.0,5820.0,5820.0,5820.0,5820.0,5820.0,
6153.0,6153.0,6153.0,6153.0,6153.0,6153.0,6153.0,6153.0,6153.0,6153.0,
6221.0,6221.0,6221.0,6221.0,6221.0,6221.0,6221.0,6221.0,6221.0,6221.0,
5535.0,5535.0,5535.0,5535.0,5535.0,5535.0,5535.0,5535.0,5535.0,5535.0,
6335.0,6335.0,6335.0,6335.0,6335.0,6335.0,6335.0,6335.0,6335.0,6335.0,
5704.0,5704.0,5704.0,5704.0,5704.0,5704.0,5704.0,5704.0,5704.0,5704.0,
5909.0,5909.0,5909.0,5909.0,5909.0,5909.0,5909.0,5909.0,5909.0,5909.0,
5840.0,5840.0,5840.0,5840.0,5840.0,5840.0,5840.0,5840.0,5840.0,5840.0,
5933.0,5933.0,5933.0,5933.0,5933.0,5933.0,5933.0,5933.0,5933.0,5933.0,
6056.0,6056.0,6056.0,6056.0,6056.0,6056.0,6056.0,6056.0,6056.0,6056.0,
5818.0,5818.0,5818.0,5818.0,5818.0,5818.0,5818.0,5818.0,5818.0,5818.0,
5997.0,5997.0,5997.0,5997.0,5997.0,5997.0,5997.0,5997.0,5997.0,5997.0,
5599.0,5599.0,5599.0,5599.0,5599.0,5599.0,5599.0,5599.0,5599.0,5599.0,
5357.0,5357.0,5357.0,5357.0,5357.0,5357.0,5357.0,5357.0,5357.0,5357.0,
6024.0,6024.0,6024.0,6024.0,6024.0,6024.0,6024.0,6024.0,6024.0,6024.0,
5967.0,5967.0,5967.0,5967.0,5967.0,5967.0,5967.0,5967.0,5967.0,5967.0,
6647.0,6647.0,6647.0,6647.0,6647.0,6647.0,6647.0,6647.0,6647.0,6647.0,
6379.0,6379.0,6379.0,6379.0,6379.0,6379.0,6379.0,6379.0,6379.0,6379.0,
7088.0,7088.0,7088.0,7088.0,7088.0,7088.0,7088.0,7088.0,7088.0,7088.0,
6333.0,6333.0,6333.0,6333.0,6333.0,6333.0,6333.0,6333.0,6333.0,6333.0,
6377.0,6377.0,6377.0,6377.0,6377.0,6377.0,6377.0,6377.0,6377.0,6377.0,
6736.0,6736.0,6736.0,6736.0,6736.0,6736.0,6736.0,6736.0,6736.0,6736.0,
6247.0,6247.0,6247.0,6247.0,6247.0,6247.0,6247.0,6247.0,6247.0,6247.0,
6600.0,6600.0,6600.0,6600.0,6600.0,6600.0,6600.0,6600.0,6600.0,6600.0,
6263.0,6263.0,6263.0,6263.0,6263.0,6263.0,6263.0,6263.0,6263.0,6263.0,
5805.0,5805.0,5805.0,5805.0,5805.0,5805.0,5805.0,5805.0,5805.0,5805.0,
5762.0,5762.0,5762.0,5762.0,5762.0,5762.0,5762.0,5762.0,5762.0,5762.0,
6663.0,6663.0,6663.0,6663.0,6663.0,6663.0,6663.0,6663.0,6663.0,6663.0,
6465.0,6465.0,6465.0,6465.0,6465.0,6465.0,6465.0,6465.0,6465.0,6465.0,
5595.0,5595.0,5595.0,5595.0,5595.0,5595.0,5595.0,5595.0,5595.0,5595.0,
6248.0,6248.0,6248.0,6248.0,6248.0,6248.0,6248.0,6248.0,6248.0,6248.0,
5498.0,5498.0,5498.0,5498.0,5498.0,5498.0,5498.0,5498.0,5498.0,5498.0,
5778.0,5778.0,5778.0,5778.0,5778.0,5778.0,5778.0,5778.0,5778.0,5778.0,
5337.0,5337.0,5337.0,5337.0,5337.0,5337.0,5337.0,5337.0,5337.0,5337.0,
5578.0,5578.0,5578.0,5578.0,5578.0,5578.0,5578.0,5578.0,5578.0,5578.0,
6267.0,6267.0,6267.0,6267.0,6267.0,6267.0,6267.0,6267.0,6267.0,6267.0,
5778.0,5778.0,5778.0,5778.0,5778.0,5778.0,5778.0,5778.0,5778.0,5778.0,
5520.0,5520.0,5520.0,5520.0,5520.0,5520.0,5520.0,5520.0,5520.0,5520.0,
6224.0,6224.0,6224.0,6224.0,6224.0,6224.0,6224.0,6224.0,6224.0,6224.0,
6709.0,6709.0,6709.0,6709.0,6709.0,6709.0,6709.0,6709.0,6709.0,6709.0,
6241.0,6241.0,6241.0,6241.0,6241.0,6241.0,6241.0,6241.0,6241.0,6241.0,
7197.0,7197.0,7197.0,7197.0,7197.0,7197.0,7197.0,7197.0,7197.0,7197.0,
5897.0,5897.0,5897.0,5897.0,5897.0,5897.0,5897.0,5897.0,5897.0,5897.0,
5539.0,5539.0,5539.0,5539.0,5539.0,5539.0,5539.0,5539.0,5539.0,5539.0,
6568.0,6568.0,6568.0,6568.0,6568.0,6568.0,6568.0,6568.0,6568.0,6568.0,
6375.0,6375.0,6375.0,6375.0,6375.0,6375.0,6375.0,6375.0,6375.0,6375.0,
5450.0,5450.0,5450.0,5450.0,5450.0,5450.0,5450.0,5450.0,5450.0,5450.0,
5988.0,5988.0,5988.0,5988.0,5988.0,5988.0,5988.0,5988.0,5988.0,5988.0,
6272.0,6272.0,6272.0,6272.0,6272.0,6272.0,6272.0,6272.0,6272.0,6272.0,
6411.0,6411.0,6411.0,6411.0,6411.0,6411.0,6411.0,6411.0,6411.0,6411.0,
6088.0,6088.0,6088.0,6088.0,6088.0,6088.0,6088.0,6088.0,6088.0,6088.0,
6221.0,6221.0,6221.0,6221.0,6221.0,6221.0,6221.0,6221.0,6221.0,6221.0,
5400.0,5400.0,5400.0,5400.0,5400.0,5400.0,5400.0,5400.0,5400.0,5400.0,
5861.0,5861.0,5861.0,5861.0,5861.0,5861.0,5861.0,5861.0,5861.0,5861.0,
5766.0,5766.0,5766.0,5766.0,5766.0,5766.0,5766.0,5766.0,5766.0,5766.0,
6517.0,6517.0,6517.0,6517.0,6517.0,6517.0,6517.0,6517.0,6517.0,6517.0,
5982.0,5982.0,5982.0,5982.0,5982.0,5982.0,5982.0,5982.0,5982.0,5982.0,
5967.0,5967.0,5967.0,5967.0,5967.0,5967.0,5967.0,5967.0,5967.0,5967.0,
5834.0,5834.0,5834.0,5834.0,5834.0,5834.0,5834.0,5834.0,5834.0,5834.0,
5589.0,5589.0,5589.0,5589.0,5589.0,5589.0,5589.0,5589.0,5589.0,5589.0,
6428.0,6428.0,6428.0,6428.0,6428.0,6428.0,6428.0,6428.0,6428.0,6428.0,
5796.0,5796.0,5796.0,5796.0,5796.0,5796.0,5796.0,5796.0,5796.0,5796.0,
5606.0,5606.0,5606.0,5606.0,5606.0,5606.0,5606.0,5606.0,5606.0,5606.0,
6297.0,6297.0,6297.0,6297.0,6297.0,6297.0,6297.0,6297.0,6297.0,6297.0,
6686.0,6686.0,6686.0,6686.0,6686.0,6686.0,6686.0,6686.0,6686.0,6686.0,
5625.0,5625.0,5625.0,5625.0,5625.0,5625.0,5625.0,5625.0,5625.0,5625.0,
5827.0,5827.0,5827.0,5827.0,5827.0,5827.0,5827.0,5827.0,5827.0,5827.0,
6828.0,6828.0,6828.0,6828.0,6828.0,6828.0,6828.0,6828.0,6828.0,6828.0,
5240.0,5240.0,5240.0,5240.0,5240.0,5240.0,5240.0,5240.0,5240.0,5240.0,
5628.0,5628.0,5628.0,5628.0,5628.0,5628.0,5628.0,5628.0,5628.0,5628.0,
5935.0,5935.0,5935.0,5935.0,5935.0,5935.0,5935.0,5935.0,5935.0,5935.0,
5920.0,5920.0,5920.0,5920.0,5920.0,5920.0,5920.0,5920.0,5920.0,5920.0,
7105.0,7105.0,7105.0,7105.0,7105.0,7105.0,7105.0,7105.0,7105.0,7105.0,
6124.0,6124.0,6124.0,6124.0,6124.0,6124.0,6124.0,6124.0,6124.0,6124.0,
6813.0,6813.0,6813.0,6813.0,6813.0,6813.0,6813.0,6813.0,6813.0,6813.0,
5491.0,5491.0,5491.0,5491.0,5491.0,5491.0,5491.0,5491.0,5491.0,5491.0,
5843.0,5843.0,5843.0,5843.0,5843.0,5843.0,5843.0,5843.0,5843.0,5843.0,
5557.0,5557.0,5557.0,5557.0,5557.0,5557.0,5557.0,5557.0,5557.0,5557.0,
5547.0,5547.0,5547.0,5547.0,5547.0,5547.0,5547.0,5547.0,5547.0,5547.0,
6304.0,6304.0,6304.0,6304.0,6304.0,6304.0,6304.0,6304.0,6304.0,6304.0,
6661.0,6661.0,6661.0,6661.0,6661.0,6661.0,6661.0,6661.0,6661.0,6661.0,
5758.0,5758.0,5758.0,5758.0,5758.0,5758.0,5758.0,5758.0,5758.0,5758.0,
5697.0,5697.0,5697.0,5697.0,5697.0,5697.0,5697.0,5697.0,5697.0,5697.0,
5986.0,5986.0,5986.0,5986.0,5986.0,5986.0,5986.0,5986.0,5986.0,5986.0,
5624.0,5624.0,5624.0,5624.0,5624.0,5624.0,5624.0,5624.0,5624.0,5624.0,
6152.0,6152.0,6152.0,6152.0,6152.0,6152.0,6152.0,6152.0,6152.0,6152.0,
8737.0,8737.0,8737.0,8737.0,8737.0,8737.0,8737.0,8737.0,8737.0,8737.0,
5547.0,5547.0,5547.0,5547.0,5547.0,5547.0,5547.0,5547.0,5547.0,5547.0,
5971.0,5971.0,5971.0,5971.0,5971.0,5971.0,5971.0,5971.0,5971.0,5971.0,
5342.0,5342.0,5342.0,5342.0,5342.0,5342.0,5342.0,5342.0,5342.0,5342.0,
5453.0,5453.0,5453.0,5453.0,5453.0,5453.0,5453.0,5453.0,5453.0,5453.0,
5552.0,5552.0,5552.0,5552.0,5552.0,5552.0,5552.0,5552.0,5552.0,5552.0,
6167.0,6167.0,6167.0,6167.0,6167.0,6167.0,6167.0,6167.0,6167.0,6167.0,
7374.0,7374.0,7374.0,7374.0,7374.0,7374.0,7374.0,7374.0,7374.0,7374.0,
5425.0,5425.0,5425.0,5425.0,5425.0,5425.0,5425.0,5425.0,5425.0,5425.0,
6655.0,6655.0,6655.0,6655.0,6655.0,6655.0,6655.0,6655.0,6655.0,6655.0,
5519.0,5519.0,5519.0,5519.0,5519.0,5519.0,5519.0,5519.0,5519.0,5519.0,
6287.0,6287.0,6287.0,6287.0,6287.0,6287.0,6287.0,6287.0,6287.0,6287.0,

8339.0,8339.0,8339.0,8339.0,8339.0,8339.0,8339.0,8339.0,8339.0,8339.0,
7632.0,7632.0,7632.0,7632.0,7632.0,7632.0,7632.0,7632.0,7632.0,7632.0,
7585.0,7585.0,7585.0,7585.0,7585.0,7585.0,7585.0,7585.0,7585.0,7585.0,
9534.0,9534.0,9534.0,9534.0,9534.0,9534.0,9534.0,9534.0,9534.0,9534.0,
7660.0,7660.0,7660.0,7660.0,7660.0,7660.0,7660.0,7660.0,7660.0,7660.0,
7583.0,7583.0,7583.0,7583.0,7583.0,7583.0,7583.0,7583.0,7583.0,7583.0,
7930.0,7930.0,7930.0,7930.0,7930.0,7930.0,7930.0,7930.0,7930.0,7930.0,
7480.0,7480.0,7480.0,7480.0,7480.0,7480.0,7480.0,7480.0,7480.0,7480.0,
7304.0,7304.0,7304.0,7304.0,7304.0,7304.0,7304.0,7304.0,7304.0,7304.0,
8583.0,8583.0,8583.0,8583.0,8583.0,8583.0,8583.0,8583.0,8583.0,8583.0,
7797.0,7797.0,7797.0,7797.0,7797.0,7797.0,7797.0,7797.0,7797.0,7797.0,
7739.0,7739.0,7739.0,7739.0,7739.0,7739.0,7739.0,7739.0,7739.0,7739.0,
8269.0,8269.0,8269.0,8269.0,8269.0,8269.0,8269.0,8269.0,8269.0,8269.0,
8459.0,8459.0,8459.0,8459.0,8459.0,8459.0,8459.0,8459.0,8459.0,8459.0,
7627.0,7627.0,7627.0,7627.0,7627.0,7627.0,7627.0,7627.0,7627.0,7627.0,
7689.0,7689.0,7689.0,7689.0,7689.0,7689.0,7689.0,7689.0,7689.0,7689.0,
10082.0,10082.0,10082.0,10082.0,10082.0,10082.0,10082.0,10082.0,10082.0,10082.0,
8589.0,8589.0,8589.0,8589.0,8589.0,8589.0,8589.0,8589.0,8589.0,8589.0,
9439.0,9439.0,9439.0,9439.0,9439.0,9439.0,9439.0,9439.0,9439.0,9439.0,
9950.0,9950.0,9950.0,9950.0,9950.0,9950.0,9950.0,9950.0,9950.0,9950.0,
8590.0,8590.0,8590.0,8590.0,8590.0,8590.0,8590.0,8590.0,8590.0,8590.0,
10080.0,10080.0,10080.0,10080.0,10080.0,10080.0,10080.0,10080.0,10080.0,10080.0,
8420.0,8420.0,8420.0,8420.0,8420.0,8420.0,8420.0,8420.0,8420.0,8420.0,
9889.0,9889.0,9889.0,9889.0,9889.0,9889.0,9889.0,9889.0,9889.0,9889.0,
7018.0,7018.0,7018.0,7018.0,7018.0,7018.0,7018.0,7018.0,7018.0,7018.0,
8416.0,8416.0,8416.0,8416.0,8416.0,8416.0,8416.0,8416.0,8416.0,8416.0,
8753.0,8753.0,8753.0,8753.0,8753.0,8753.0,8753.0,8753.0,8753.0,8753.0,
7505.0,7505.0,7505.0,7505.0,7505.0,7505.0,7505.0,7505.0,7505.0,7505.0,
7675.0,7675.0,7675.0,7675.0,7675.0,7675.0,7675.0,7675.0,7675.0,7675.0,
10460.0,10460.0,10460.0,10460.0,10460.0,10460.0,10460.0,10460.0,10460.0,10460.0,
10027.0,10027.0,10027.0,10027.0,10027.0,10027.0,10027.0,10027.0,10027.0,10027.0,
7655.0,7655.0,7655.0,7655.0,7655.0,7655.0,7655.0,7655.0,7655.0,7655.0,
8100.0,8100.0,8100.0,8100.0,8100.0,8100.0,8100.0,8100.0,8100.0,8100.0,
7055.0,7055.0,7055.0,7055.0,7055.0,7055.0,7055.0,7055.0,7055.0,7055.0,
9315.0,9315.0,9315.0,9315.0,9315.0,9315.0,9315.0,9315.0,9315.0,9315.0,
6996.0,6996.0,6996.0,6996.0,6996.0,6996.0,6996.0,6996.0,6996.0,6996.0,
7734.0,7734.0,7734.0,7734.0,7734.0,7734.0,7734.0,7734.0,7734.0,7734.0,
8368.0,8368.0,8368.0,8368.0,8368.0,8368.0,8368.0,8368.0,8368.0,8368.0,
8354.0,8354.0,8354.0,8354.0,8354.0,8354.0,8354.0,8354.0,8354.0,8354.0,
7769.0,7769.0,7769.0,7769.0,7769.0,7769.0,7769.0,7769.0,7769.0,7769.0,
7440.0,7440.0,7440.0,7440.0,7440.0,7440.0,7440.0,7440.0,7440.0,7440.0,
8068.0,8068.0,8068.0,8068.0,8068.0,8068.0,8068.0,8068.0,8068.0,8068.0,
7704.0,7704.0,7704.0,7704.0,7704.0,7704.0,7704.0,7704.0,7704.0,7704.0,
8959.0,8959.0,8959.0,8959.0,8959.0,8959.0,8959.0,8959.0,8959.0,8959.0,
9847.0,9847.0,9847.0,9847.0,9847.0,9847.0,9847.0,9847.0,9847.0,9847.0,
8331.0,8331.0,8331.0,8331.0,8331.0,8331.0,8331.0,8331.0,8331.0,8331.0,
9097.0,9097.0,9097.0,9097.0,9097.0,9097.0,9097.0,9097.0,9097.0,9097.0,
8427.0,8427.0,8427.0,8427.0,8427.0,8427.0,8427.0,8427.0,8427.0,8427.0,
7744.0,7744.0,7744.0,7744.0,7744.0,7744.0,7744.0,7744.0,7744.0,7744.0,
9885.0,9885.0,9885.0,9885.0,9885.0,9885.0,9885.0,9885.0,9885.0,9885.0,
9052.0,9052.0,9052.0,9052.0,9052.0,9052.0,9052.0,9052.0,9052.0,9052.0,
8314.0,8314.0,8314.0,8314.0,8314.0,8314.0,8314.0,8314.0,8314.0,8314.0,
7751.0,7751.0,7751.0,7751.0,7751.0,7751.0,7751.0,7751.0,7751.0,7751.0,
9821.0,9821.0,9821.0,9821.0,9821.0,9821.0,9821.0,9821.0,9821.0,9821.0,
7868.0,7868.0,7868.0,7868.0,7868.0,7868.0,7868.0,7868.0,7868.0,7868.0,
7409.0,7409.0,7409.0,7409.0,7409.0,7409.0,7409.0,7409.0,7409.0,7409.0,
9056.0,9056.0,9056.0,9056.0,9056.0,9056.0,9056.0,9056.0,9056.0,9056.0,
7858.0,7858.0,7858.0,7858.0,7858.0,7858.0,7858.0,7858.0,7858.0,7858.0,
8412.0,8412.0,8412.0,8412.0,8412.0,8412.0,8412.0,8412.0,8412.0,8412.0,
7799.0,7799.0,7799.0,7799.0,7799.0,7799.0,7799.0,7799.0,7799.0,7799.0,
7670.0,7670.0,7670.0,7670.0,7670.0,7670.0,7670.0,7670.0,7670.0,7670.0,
7678.0,7678.0,7678.0,7678.0,7678.0,7678.0,7678.0,7678.0,7678.0,7678.0,
8097.0,8097.0,8097.0,8097.0,8097.0,8097.0,8097.0,8097.0,8097.0,8097.0,
7993.0,7993.0,7993.0,7993.0,7993.0,7993.0,7993.0,7993.0,7993.0,7993.0,
7679.0,7679.0,7679.0,7679.0,7679.0,7679.0,7679.0,7679.0,7679.0,7679.0,
6955.0,6955.0,6955.0,6955.0,6955.0,6955.0,6955.0,6955.0,6955.0,6955.0,
11366.0,11366.0,11366.0,11366.0,11366.0,11366.0,11366.0,11366.0,11366.0,11366.0,
7532.0,7532.0,7532.0,7532.0,7532.0,7532.0,7532.0,7532.0,7532.0,7532.0,
11115.0,11115.0,11115.0,11115.0,11115.0,11115.0,11115.0,11115.0,11115.0,11115.0,
8200.0,8200.0,8200.0,8200.0,8200.0,8200.0,8200.0,8200.0,8200.0,8200.0,
8410.0,8410.0,8410.0,8410.0,8410.0,8410.0,8410.0,8410.0,8410.0,8410.0,
8242.0,8242.0,8242.0,8242.0,8242.0,8242.0,8242.0,8242.0,8242.0,8242.0,
8326.0,8326.0,8326.0,8326.0,8326.0,8326.0,8326.0,8326.0,8326.0,8326.0,
7742.0,7742.0,7742.0,7742.0,7742.0,7742.0,7742.0,7742.0,7742.0,7742.0,
8632.0,8632.0,8632.0,8632.0,8632.0,8632.0,8632.0,8632.0,8632.0,8632.0,
7307.0,7307.0,7307.0,7307.0,7307.0,7307.0,7307.0,7307.0,7307.0,7307.0,
8350.0,8350.0,8350.0,8350.0,8350.0,8350.0,8350.0,8350.0,8350.0,8350.0,
8400.0,8400.0,8400.0,8400.0,8400.0,8400.0,8400.0,8400.0,8400.0,8400.0,
6775.0,6775.0,6775.0,6775.0,6775.0,6775.0,6775.0,6775.0,6775.0,6775.0,
7528.0,7528.0,7528.0,7528.0,7528.0,7528.0,7528.0,7528.0,7528.0,7528.0,
7716.0,7716.0,7716.0,7716.0,7716.0,7716.0,7716.0,7716.0,7716.0,7716.0,
9372.0,9372.0,9372.0,9372.0,9372.0,9372.0,9372.0,9372.0,9372.0,9372.0,
9611.0,9611.0,9611.0,9611.0,9611.0,9611.0,9611.0,9611.0,9611.0,9611.0,
8160.0,8160.0,8160.0,8160.0,8160.0,8160.0,8160.0,8160.0,8160.0,8160.0,
7274.0,7274.0,7274.0,7274.0,7274.0,7274.0,7274.0,7274.0,7274.0,7274.0,
9389.0,9389.0,9389.0,9389.0,9389.0,9389.0,9389.0,9389.0,9389.0,9389.0,
9400.0,9400.0,9400.0,9400.0,9400.0,9400.0,9400.0,9400.0,9400.0,9400.0,
6899.0,6899.0,6899.0,6899.0,6899.0,6899.0,6899.0,6899.0,6899.0,6899.0,
9965.0,9965.0,9965.0,9965.0,9965.0,9965.0,9965.0,9965.0,9965.0,9965.0,
8082.0,8082.0,8082.0,8082.0,8082.0,8082.0,8082.0,8082.0,8082.0,8082.0,
8921.0,8921.0,8921.0,8921.0,8921.0,8921.0,8921.0,8921.0,8921.0,8921.0,
7308.0,7308.0,7308.0,7308.0,7308.0,7308.0,7308.0,7308.0,7308.0,7308.0,
7773.0,7773.0,7773.0,7773.0,7773.0,7773.0,7773.0,7773.0,7773.0,7773.0,
7217.0,7217.0,7217.0,7217.0,7217.0,7217.0,7217.0,7217.0,7217.0,7217.0,
11652.0,11652.0,11652.0,11652.0,11652.0,11652.0,11652.0,11652.0,11652.0,11652.0,
9894.0,9894.0,9894.0,9894.0,9894.0,9894.0,9894.0,9894.0,9894.0,9894.0,
7413.0,7413.0,7413.0,7413.0,7413.0,7413.0,7413.0,7413.0,7413.0,7413.0,
8418.0,8418.0,8418.0,8418.0,8418.0,8418.0,8418.0,8418.0,8418.0,8418.0,
7901.0,7901.0,7901.0,7901.0,7901.0,7901.0,7901.0,7901.0,7901.0,7901.0,
7964.0,7964.0,7964.0,7964.0,7964.0,7964.0,7964.0,7964.0,7964.0,7964.0,

5771.0,5771.0,5771.0,5771.0,5771.0,5771.0,5771.0,5771.0,5771.0,5771.0,
6668.0,6668.0,6668.0,6668.0,6668.0,6668.0,6668.0,6668.0,6668.0,6668.0,
5491.0,5491.0,5491.0,5491.0,5491.0,5491.0,5491.0,5491.0,5491.0,5491.0,
7350.0,7350.0,7350.0,7350.0,7350.0,7350.0,7350.0,7350.0,7350.0,7350.0,
5701.0,5701.0,5701.0,5701.0,5701.0,5701.0,5701.0,5701.0,5701.0,5701.0,
5501.0,5501.0,5501.0,5501.0,5501.0,5501.0,5501.0,5501.0,5501.0,5501.0,
6003.0,6003.0,6003.0,6003.0,6003.0,6003.0,6003.0,6003.0,6003.0,6003.0,
6417.0,6417.0,6417.0,6417.0,6417.0,6417.0,6417.0,6417.0,6417.0,6417.0,
7401.0,7401.0,7401.0,7401.0,7401.0,7401.0,7401.0,7401.0,7401.0,7401.0,
6293.0,6293.0,6293.0,6293.0,6293.0,6293.0,6293.0,6293.0,6293.0,6293.0,
5964.0,5964.0,5964.0,5964.0,5964.0,5964.0,5964.0,5964.0,5964.0,5964.0,
6668.0,6668.0,6668.0,6668.0,6668.0,6668.0,6668.0,6668.0,6668.0,6668.0,
6354.0,6354.0,6354.0,6354.0,6354.0,6354.0,6354.0,6354.0,6354.0,6354.0,
6591.0,6591.0,6591.0,6591.0,6591.0,6591.0,6591.0,6591.0,6591.0,6591.0,
5421.0,5421.0,5421.0,5421.0,5421.0,5421.0,5421.0,5421.0,5421.0,5421.0,
6202.0,6202.0,6202.0,6202.0,6202.0,6202.0,6202.0,6202.0,6202.0,6202.0,
7224.0,7224.0,7224.0,7224.0,7224.0,7224.0,7224.0,7224.0,7224.0,7224.0,
7727.0,7727.0,7727.0,7727.0,7727.0,7727.0,7727.0,7727.0,7727.0,7727.0,
6963.0,6963.0,6963.0,6963.0,6963.0,6963.0,6963.0,6963.0,6963.0,6963.0,
7569.0,7569.0,7569.0,7569.0,7569.0,7569.0,7569.0,7569.0,7569.0,7569.0,
6128.0,6128.0,6128.0,6128.0,6128.0,6128.0,6128.0,6128.0,6128.0,6128.0,
6873.0,6873.0,6873.0,6873.0,6873.0,6873.0,6873.0,6873.0,6873.0,6873.0,
5896.0,5896.0,5896.0,5896.0,5896.0,5896.0,5896.0,5896.0,5896.0,5896.0,
6752.0,6752.0,6752.0,6752.0,6752.0,6752.0,6752.0,6752.0,6752.0,6752.0,
6004.0,6004.0,6004.0,6004.0,6004.0,6004.0,6004.0,6004.0,6004.0,6004.0,
6484.0,6484.0,6484.0,6484.0,6484.0,6484.0,6484.0,6484.0,6484.0,6484.0,
5872.0,5872.0,5872.0,5872.0,5872.0,5872.0,5872.0,5872.0,5872.0,5872.0,
6385.0,6385.0,6385.0,6385.0,6385.0,6385.0,6385.0,6385.0,6385.0,6385.0,
6589.0,6589.0,6589.0,6589.0,6589.0,6589.0,6589.0,6589.0,6589.0,6589.0,
6795.0,6795.0,6795.0,6795.0,6795.0,6795.0,6795.0,6795.0,6795.0,6795.0,
7935.0,7935.0,7935.0,7935.0,7935.0,7935.0,7935.0,7935.0,7935.0,7935.0,
6259.0,6259.0,6259.0,6259.0,6259.0,6259.0,6259.0,6259.0,6259.0,6259.0,
7456.0,7456.0,7456.0,7456.0,7456.0,7456.0,7456.0,7456.0,7456.0,7456.0,
6074.0,6074.0,6074.0,6074.0,6074.0,6074.0,6074.0,6074.0,6074.0,6074.0,
6546.0,6546.0,6546.0,6546.0,6546.0,6546.0,6546.0,6546.0,6546.0,6546.0,
5312.0,5312.0,5312.0,5312.0,5312.0,5312.0,5312.0,5312.0,5312.0,5312.0,
5635.0,5635.0,5635.0,5635.0,5635.0,5635.0,5635.0,5635.0,5635.0,5635.0,
5961.0,5961.0,5961.0,5961.0,5961.0,5961.0,5961.0,5961.0,5961.0,5961.0,
6451.0,6451.0,6451.0,6451.0,6451.0,6451.0,6451.0,6451.0,6451.0,6451.0,
6082.0,6082.0,6082.0,6082.0,6082.0,6082.0,6082.0,6082.0,6082.0,6082.0,
5974.0,5974.0,5974.0,5974.0,5974.0,5974.0,5974.0,5974.0,5974.0,5974.0,
6451.0,6451.0,6451.0,6451.0,6451.0,6451.0,6451.0,6451.0,6451.0,6451.0,
6192.0,6192.0,6192.0,6192.0,6192.0,6192.0,6192.0,6192.0,6192.0,6192.0,
6235.0,6235.0,6235.0,6235.0,6235.0,6235.0,6235.0,6235.0,6235.0,6235.0,
7024.0,7024.0,7024.0,7024.0,7024.0,7024.0,7024.0,7024.0,7024.0,7024.0,
5794.0,5794.0,5794.0,5794.0,5794.0,5794.0,5794.0,5794.0,5794.0,5794.0,
6474.0,6474.0,6474.0,6474.0,6474.0,6474.0,6474.0,6474.0,6474.0,6474.0,
6849.0,6849.0,6849.0,6849.0,6849.0,6849.0,6849.0,6849.0,6849.0,6849.0,
6022.0,6022.0,6022.0,6022.0,6022.0,6022.0,6022.0,6022.0,6022.0,6022.0,
6211.0,6211.0,6211.0,6211.0,6211.0,6211.0,6211.0,6211.0,6211.0,6211.0,
7175.0,7175.0,7175.0,7175.0,7175.0,7175.0,7175.0,7175.0,7175.0,7175.0,
6122.0,6122.0,6122.0,6122.0,6122.0,6122.0,6122.0,6122.0,6122.0,6122.0,
6016.0,6016.0,6016.0,6016.0,6016.0,6016.0,6016.0,6016.0,6016.0,6016.0,
6020.0,6020.0,6020.0,6020.0,6020.0,6020.0,6020.0,6020.0,6020.0,6020.0,
5708.0,5708.0,5708.0,5708.0,5708.0,5708.0,5708.0,5708.0,5708.0,5708.0,
6024.0,6024.0,6024.0,6024.0,6024.0,6024.0,6024.0,6024.0,6024.0,6024.0,
6321.0,6321.0,6321.0,6321.0,6321.0,6321.0,6321.0,6321.0,6321.0,6321.0,
6009.0,6009.0,6009.0,6009.0,6009.0,6009.0,6009.0,6009.0,6009.0,6009.0,
6545.0,6545.0,6545.0,6545.0,6545.0,6545.0,6545.0,6545.0,6545.0,6545.0,
6304.0,6304.0,6304.0,6304.0,6304.0,6304.0,6304.0,6304.0,6304.0,6304.0,
6650.0,6650.0,6650.0,6650.0,6650.0,6650.0,6650.0,6650.0,6650.0,6650.0,
6227.0,6227.0,6227.0,6227.0,6227.0,6227.0,6227.0,6227.0,6227.0,6227.0,
7202.0,7202.0,7202.0,7202.0,7202.0,7202.0,7202.0,7202.0,7202.0,7202.0,
6579.0,6579.0,6579.0,6579.0,6579.0,6579.0,6579.0,6579.0,6579.0,6579.0,
5693.0,5693.0,5693.0,5693.0,5693.0,5693.0,5693.0,5693.0,5693.0,5693.0,
5466.0,5466.0,5466.0,5466.0,5466.0,5466.0,5466.0,5466.0,5466.0,5466.0,
7335.0,7335.0,7335.0,7335.0,7335.0,7335.0,7335.0,7335.0,7335.0,7335.0,
6760.0,6760.0,6760.0,6760.0,6760.0,6760.0,6760.0,6760.0,6760.0,6760.0,
10001.0,10001.0,10001.0,10001.0,10001.0,10001.0,10001.0,10001.0,10001.0,10001.0,
6597.0,6597.0,6597.0,6597.0,6597.0,6597.0,6597.0,6597.0,6597.0,6597.0,
6666.0,6666.0,6666.0,6666.0,6666.0,6666.0,6666.0,6666.0,6666.0,6666.0,
5975.0,5975.0,5975.0,5975.0,5975.0,5975.0,5975.0,5975.0,5975.0,5975.0,
6007.0,6007.0,6007.0,6007.0,6007.0,6007.0,6007.0,6007.0,6007.0,6007.0,
6333.0,6333.0,6333.0,6333.0,6333.0,6333.0,6333.0,6333.0,6333.0,6333.0,
6262.0,6262.0,6262.0,6262.0,6262.0,6262.0,6262.0,6262.0,6262.0,6262.0,
5198.0,5198.0,5198.0,5198.0,5198.0,5198.0,5198.0,5198.0,5198.0,5198.0,
7726.0,7726.0,7726.0,7726.0,7726.0,7726.0,7726.0,7726.0,7726.0,7726.0,
5748.0,5748.0,5748.0,5748.0,5748.0,5748.0,5748.0,5748.0,5748.0,5748.0,
5679.0,5679.0,5679.0,5679.0,5679.0,5679.0,5679.0,5679.0,5679.0,5679.0,
6046.0,6046.0,6046.0,6046.0,6046.0,6046.0,6046.0,6046.0,6046.0,6046.0,
5689.0,5689.0,5689.0,5689.0,5689.0,5689.0,5689.0,5689.0,5689.0,5689.0,
6595.0,6595.0,6595.0,6595.0,6595.0,6595.0,6595.0,6595.0,6595.0,6595.0,
8755.0,8755.0,8755.0,8755.0,8755.0,8755.0,8755.0,8755.0,8755.0,8755.0,
7045.0,7045.0,7045.0,7045.0,7045.0,7045.0,7045.0,7045.0,7045.0,7045.0,
6422.0,6422.0,6422.0,6422.0,6422.0,6422.0,6422.0,6422.0,6422.0,6422.0,
7028.0,7028.0,7028.0,7028.0,7028.0,7028.0,7028.0,7028.0,7028.0,7028.0,
7196.0,7196.0,7196.0,7196.0,7196.0,7196.0,7196.0,7196.0,7196.0,7196.0,
5601.0,5601.0,5601.0,5601.0,5601.0,5601.0,5601.0,5601.0,5601.0,5601.0,
7207.0,7207.0,7207.0,7207.0,7207.0,7207.0,7207.0,7207.0,7207.0,7207.0,
5966.0,5966.0,5966.0,5966.0,5966.0,5966.0,5966.0,5966.0,5966.0,5966.0,
6451.0,6451.0,6451.0,6451.0,6451.0,6451.0,6451.0,6451.0,6451.0,6451.0,
6947.0,6947.0,6947.0,6947.0,6947.0,6947.0,6947.0,6947.0,6947.0,6947.0,
5800.0,5800.0,5800.0,5800.0,5800.0,5800.0,5800.0,5800.0,5800.0,5800.0,
5540.0,5540.0,5540.0,5540.0,5540.0,5540.0,5540.0,5540.0,5540.0,5540.0,
6167.0,6167.0,6167.0,6167.0,6167.0,6167.0,6167.0,6167.0,6167.0,6167.0,
7858.0,7858.0,7858.0,7858.0,7858.0,7858.0,7858.0,7858.0,7858.0,7858.0,
5793.0,5793.0,5793.0,5793.0,5793.0,5793.0,5793.0,5793.0,5793.0,5793.0,
6529.0,6529.0,6529.0,6529.0,6529.0,6529.0,6529.0,6529.0,6529.0,6529.0,
6116.0,6116.0,6116.0,6116.0,6116.0,6116.0,6116.0,6116.0,6116.0,6116.0,
5879.0,5879.0,5879.0,5879.0,5879.0,5879.0,5879.0,5879.0,5879.0,5879.0,

5569.0,5569.0,5569.0,5569.0,5569.0,5569.0,5569.0,5569.0,5569.0,5569.0,
5421.0,5421.0,5421.0,5421.0,5421.0,5421.0,5421.0,5421.0,5421.0,5421.0,
6546.0,6546.0,6546.0,6546.0,6546.0,6546.0,6546.0,6546.0,6546.0,6546.0,
6716.0,6716.0,6716.0,6716.0,6716.0,6716.0,6716.0,6716.0,6716.0,6716.0,
6221.0,6221.0,6221.0,6221.0,6221.0,6221.0,6221.0,6221.0,6221.0,6221.0,
6264.0,6264.0,6264.0,6264.0,6264.0,6264.0,6264.0,6264.0,6264.0,6264.0,
5616.0,5616.0,5616.0,5616.0,5616.0,5616.0,5616.0,5616.0,5616.0,5616.0,
5704.0,5704.0,5704.0,5704.0,5704.0,5704.0,5704.0,5704.0,5704.0,5704.0,
5909.0,5909.0,5909.0,5909.0,5909.0,5909.0,5909.0,5909.0,5909.0,5909.0,
6227.0,6227.0,6227.0,6227.0,6227.0,6227.0,6227.0,6227.0,6227.0,6227.0,
5933.0,5933.0,5933.0,5933.0,5933.0,5933.0,5933.0,5933.0,5933.0,5933.0,
6056.0,6056.0,6056.0,6056.0,6056.0,6056.0,6056.0,6056.0,6056.0,6056.0,
5818.0,5818.0,5818.0,5818.0,5818.0,5818.0,5818.0,5818.0,5818.0,5818.0,
5997.0,5997.0,5997.0,5997.0,5997.0,5997.0,5997.0,5997.0,5997.0,5997.0,
5930.0,5930.0,5930.0,5930.0,5930.0,5930.0,5930.0,5930.0,5930.0,5930.0,
5771.0,5771.0,5771.0,5771.0,5771.0,5771.0,5771.0,5771.0,5771.0,5771.0,
6024.0,6024.0,6024.0,6024.0,6024.0,6024.0,6024.0,6024.0,6024.0,6024.0,
5967.0,5967.0,5967.0,5967.0,5967.0,5967.0,5967.0,5967.0,5967.0,5967.0,
6647.0,6647.0,6647.0,6647.0,6647.0,6647.0,6647.0,6647.0,6647.0,6647.0,
6379.0,6379.0,6379.0,6379.0,6379.0,6379.0,6379.0,6379.0,6379.0,6379.0,
7088.0,7088.0,7088.0,7088.0,7088.0,7088.0,7088.0,7088.0,7088.0,7088.0,
6240.0,6240.0,6240.0,6240.0,6240.0,6240.0,6240.0,6240.0,6240.0,6240.0,
6377.0,6377.0,6377.0,6377.0,6377.0,6377.0,6377.0,6377.0,6377.0,6377.0,
6324.0,6324.0,6324.0,6324.0,6324.0,6324.0,6324.0,6324.0,6324.0,6324.0,
5961.0,5961.0,5961.0,5961.0,5961.0,5961.0,5961.0,5961.0,5961.0,5961.0,
6409.0,6409.0,6409.0,6409.0,6409.0,6409.0,6409.0,6409.0,6409.0,6409.0,
6263.0,6263.0,6263.0,6263.0,6263.0,6263.0,6263.0,6263.0,6263.0,6263.0,
5762.0,5762.0,5762.0,5762.0,5762.0,5762.0,5762.0,5762.0,5762.0,5762.0,
5911.0,5911.0,5911.0,5911.0,5911.0,5911.0,5911.0,5911.0,5911.0,5911.0,
6663.0,6663.0,6663.0,6663.0,6663.0,6663.0,6663.0,6663.0,6663.0,6663.0,
6465.0,6465.0,6465.0,6465.0,6465.0,6465.0,6465.0,6465.0,6465.0,6465.0,
5595.0,5595.0,5595.0,5595.0,5595.0,5595.0,5595.0,5595.0,5595.0,5595.0,
6248.0,6248.0,6248.0,6248.0,6248.0,6248.0,6248.0,6248.0,6248.0,6248.0,
5495.0,5495.0,5495.0,5495.0,5495.0,5495.0,5495.0,5495.0,5495.0,5495.0,
5778.0,5778.0,5778.0,5778.0,5778.0,5778.0,5778.0,5778.0,5778.0,5778.0,
5337.0,5337.0,5337.0,5337.0,5337.0,5337.0,5337.0,5337.0,5337.0,5337.0,
5568.0,5568.0,5568.0,5568.0,5568.0,5568.0,5568.0,5568.0,5568.0,5568.0,
6411.0,6411.0,6411.0,6411.0,6411.0,6411.0,6411.0,6411.0,6411.0,6411.0,
6073.0,6073.0,6073.0,6073.0,6073.0,6073.0,6073.0,6073.0,6073.0,6073.0,
5455.0,5455.0,5455.0,5455.0,5455.0,5455.0,5455.0,5455.0,5455.0,5455.0,
6224.0,6224.0,6224.0,6224.0,6224.0,6224.0,6224.0,6224.0,6224.0,6224.0,
6709.0,6709.0,6709.0,6709.0,6709.0,6709.0,6709.0,6709.0,6709.0,6709.0,
5790.0,5790.0,5790.0,5790.0,5790.0,5790.0,5790.0,5790.0,5790.0,5790.0,
7197.0,7197.0,7197.0,7197.0,7197.0,7197.0,7197.0,7197.0,7197.0,7197.0,
5897.0,5897.0,5897.0,5897.0,5897.0,5897.0,5897.0,5897.0,5897.0,5897.0,
5539.0,5539.0,5539.0,5539.0,5539.0,5539.0,5539.0,5539.0,5539.0,5539.0,
6818.0,6818.0,6818.0,6818.0,6818.0,6818.0,6818.0,6818.0,6818.0,6818.0,
6375.0,6375.0,6375.0,6375.0,6375.0,6375.0,6375.0,6375.0,6375.0,6375.0,
5600.0,5600.0,5600.0,5600.0,5600.0,5600.0,5600.0,5600.0,5600.0,5600.0,
5988.0,5988.0,5988.0,5988.0,5988.0,5988.0,5988.0,5988.0,5988.0,5988.0,
6272.0,6272.0,6272.0,6272.0,6272.0,6272.0,6272.0,6272.0,6272.0,6272.0,
6411.0,6411.0,6411.0,6411.0,6411.0,6411.0,6411.0,6411.0,6411.0,6411.0,
6176.0,6176.0,6176.0,6176.0,6176.0,6176.0,6176.0,6176.0,6176.0,6176.0,
6221.0,6221.0,6221.0,6221.0,6221.0,6221.0,6221.0,6221.0,6221.0,6221.0,
5271.0,5271.0,5271.0,5271.0,5271.0,5271.0,5271.0,5271.0,5271.0,5271.0,
6147.0,6147.0,6147.0,6147.0,6147.0,6147.0,6147.0,6147.0,6147.0,6147.0,
5766.0,5766.0,5766.0,5766.0,5766.0,5766.0,5766.0,5766.0,5766.0,5766.0,
6517.0,6517.0,6517.0,6517.0,6517.0,6517.0,6517.0,6517.0,6517.0,6517.0,
5982.0,5982.0,5982.0,5982.0,5982.0,5982.0,5982.0,5982.0,5982.0,5982.0,
5862.0,5862.0,5862.0,5862.0,5862.0,5862.0,5862.0,5862.0,5862.0,5862.0,
5831.0,5831.0,5831.0,5831.0,5831.0,5831.0,5831.0,5831.0,5831.0,5831.0,
5378.0,5378.0,5378.0,5378.0,5378.0,5378.0,5378.0,5378.0,5378.0,5378.0,
6449.0,6449.0,6449.0,6449.0,6449.0,6449.0,6449.0,6449.0,6449.0,6449.0,
5796.0,5796.0,5796.0,5796.0,5796.0,5796.0,5796.0,5796.0,5796.0,5796.0,
5468.0,5468.0,5468.0,5468.0,5468.0,5468.0,5468.0,5468.0,5468.0,5468.0,
6297.0,6297.0,6297.0,6297.0,6297.0,6297.0,6297.0,6297.0,6297.0,6297.0,
6686.0,6686.0,6686.0,6686.0,6686.0,6686.0,6686.0,6686.0,6686.0,6686.0,
5625.0,5625.0,5625.0,5625.0,5625.0,5625.0,5625.0,5625.0,5625.0,5625.0,
5827.0,5827.0,5827.0,5827.0,5827.0,5827.0,5827.0,5827.0,5827.0,5827.0,
6828.0,6828.0,6828.0,6828.0,6828.0,6828.0,6828.0,6828.0,6828.0,6828.0,
5643.0,5643.0,5643.0,5643.0,5643.0,5643.0,5643.0,5643.0,5643.0,5643.0,
5628.0,5628.0,5628.0,5628.0,5628.0,5628.0,5628.0,5628.0,5628.0,5628.0,
5625.0,5625.0,5625.0,5625.0,5625.0,5625.0,5625.0,5625.0,5625.0,5625.0,
5920.0,5920.0,5920.0,5920.0,5920.0,5920.0,5920.0,5920.0,5920.0,5920.0,
7105.0,7105.0,7105.0,7105.0,7105.0,7105.0,7105.0,7105.0,7105.0,7105.0,
6142.0,6142.0,6142.0,6142.0,6142.0,6142.0,6142.0,6142.0,6142.0,6142.0,
6770.0,6770.0,6770.0,6770.0,6770.0,6770.0,6770.0,6770.0,6770.0,6770.0,
6049.0,6049.0,6049.0,6049.0,6049.0,6049.0,6049.0,6049.0,6049.0,6049.0,
5824.0,5824.0,5824.0,5824.0,5824.0,5824.0,5824.0,5824.0,5824.0,5824.0,
5557.0,5557.0,5557.0,5557.0,5557.0,5557.0,5557.0,5557.0,5557.0,5557.0,
5594.0,5594.0,5594.0,5594.0,5594.0,5594.0,5594.0,5594.0,5594.0,5594.0,
6304.0,6304.0,6304.0,6304.0,6304.0,6304.0,6304.0,6304.0,6304.0,6304.0,
6661.0,6661.0,6661.0,6661.0,6661.0,6661.0,6661.0,6661.0,6661.0,6661.0,
5758.0,5758.0,5758.0,5758.0,5758.0,5758.0,5758.0,5758.0,5758.0,5758.0,
5358.0,5358.0,5358.0,5358.0,5358.0,5358.0,5358.0,5358.0,5358.0,5358.0,
5986.0,5986.0,5986.0,5986.0,5986.0,5986.0,5986.0,5986.0,5986.0,5986.0,
5624.0,5624.0,5624.0,5624.0,5624.0,5624.0,5624.0,5624.0,5624.0,5624.0,
5116.0,5116.0,5116.0,5116.0,5116.0,5116.0,5116.0,5116.0,5116.0,5116.0,
8737.0,8737.0,8737.0,8737.0,8737.0,8737.0,8737.0,8737.0,8737.0,8737.0,
5843.0,5843.0,5843.0,5843.0,5843.0,5843.0,5843.0,5843.0,5843.0,5843.0,
6195.0,6195.0,6195.0,6195.0,6195.0,6195.0,6195.0,6195.0,6195.0,6195.0,
5357.0,5357.0,5357.0,5357.0,5357.0,5357.0,5357.0,5357.0,5357.0,5357.0,
5453.0,5453.0,5453.0,5453.0,5453.0,5453.0,5453.0,5453.0,5453.0,5453.0,
5552.0,5552.0,5552.0,5552.0,5552.0,5552.0,5552.0,5552.0,5552.0,5552.0,
6167.0,6167.0,6167.0,6167.0,6167.0,6167.0,6167.0,6167.0,6167.0,6167.0,
7374.0,7374.0,7374.0,7374.0,7374.0,7374.0,7374.0,7374.0,7374.0,7374.0,
6178.0,6178.0,6178.0,6178.0,6178.0,6178.0,6178.0,6178.0,6178.0,6178.0,
6407.0,6407.0,6407.0,6407.0,6407.0,6407.0,6407.0,6407.0,6407.0,6407.0,
5420.0,5420.0,5420.0,5420.0,5420.0,5420.0,5420.0,5420.0,5420.0,5420.0,
6287.0,6287.0,6287.0,6287.0,6287.0,6287.0,6287.0,6287.0,6287.0,6287.0,

5820.0,6265.0,6540.0,6690.0,5700.0,6287.0,6367.0,6824.0,6540.0,6690.0,
5417.0,5334.0,5871.0,5481.0,5334.0,5871.0,5481.0,5334.0,5871.0,5481.0,
5412.0,5795.0,5795.0,5795.0,5795.0,5795.0,5795.0,5795.0,5795.0,5795.0,
6615.0,6972.0,7083.0,6858.0,6493.0,6858.0,6493.0,6858.0,6493.0,6858.0,
5332.0,5382.0,5808.0,5601.0,5356.0,5884.0,5560.0,5601.0,5356.0,5884.0,
5112.0,5536.0,5545.0,5545.0,5545.0,5545.0,5545.0,5545.0,5545.0,5545.0,
5344.0,5506.0,6135.0,5334.0,5586.0,6157.0,5400.0,5445.0,5600.0,6076.0,
5724.0,5387.0,5664.0,5286.0,5516.0,5286.0,5516.0,5286.0,5516.0,5286.0,
5904.0,6106.0,6005.0,6208.0,6123.0,6100.0,5535.0,5535.0,5535.0,5535.0,
6343.0,7009.0,6611.0,6728.0,6765.0,7316.0,7290.0,6481.0,7058.0,7064.0,
6895.0,6736.0,6974.0,5996.0,6438.0,5528.0,5550.0,6184.0,5528.0,5550.0,
5846.0,6713.0,6292.0,6402.0,6356.0,6155.0,6265.0,6414.0,6391.0,6325.0,
5589.0,5935.0,5947.0,5842.0,5957.0,6093.0,5933.0,5947.0,5842.0,5957.0,
6965.0,8292.0,8490.0,7796.0,7215.0,7803.0,7395.0,7151.0,8580.0,7710.0,
5438.0,6608.0,6039.0,5637.0,5651.0,5595.0,6601.0,6039.0,5637.0,5651.0,
5192.0,5579.0,5685.0,6025.0,5564.0,5399.0,5443.0,5495.0,5462.0,6030.0,
7559.0,7271.0,6614.0,6576.0,8673.0,7344.0,6684.0,6684.0,6684.0,6684.0,
6662.0,6311.0,7302.0,7150.0,6459.0,6652.0,6926.0,6866.0,7281.0,6947.0,
6532.0,6014.0,6272.0,5960.0,6136.0,6125.0,6136.0,6125.0,6136.0,6125.0,
7646.0,7638.0,8005.0,6801.0,8005.0,6801.0,8005.0,6801.0,8005.0,6801.0,
5688.0,6162.0,6276.0,6128.0,6276.0,6128.0,6276.0,6128.0,6276.0,6128.0,
7868.0,8234.0,6795.0,7223.0,7072.0,7401.0,7291.0,7226.0,6708.0,7226.0,
5663.0,6858.0,6885.0,6991.0,7844.0,7682.0,7752.0,6802.0,6830.0,6826.0,
7735.0,7564.0,7564.0,7564.0,7564.0,7564.0,7564.0,7564.0,7564.0,7564.0,
5314.0,5893.0,5645.0,5689.0,5337.0,5932.0,5648.0,5648.0,5648.0,5648.0,
5664.0,6141.0,6272.0,5566.0,5762.0,5901.0,6583.0,6014.0,5834.0,6395.0,
5563.0,6532.0,6783.0,5938.0,6120.0,7161.0,6797.0,6069.0,6204.0,6706.0,
6537.0,5910.0,5459.0,7195.0,5639.0,6951.0,5557.0,5369.0,5596.0,5677.0,
5727.0,5938.0,5893.0,6546.0,5865.0,5600.0,5653.0,5855.0,6546.0,5865.0,
8695.0,6807.0,7452.0,6985.0,7452.0,6985.0,7452.0,6985.0,7452.0,6985.0,
8088.0,11247.0,10976.0,9349.0,11231.0,10976.0,9349.0,11231.0,10976.0,9349.0,
5846.0,6237.0,6832.0,6373.0,6208.0,6208.0,6208.0,6208.0,6208.0,6208.0,
5471.0,7355.0,6724.0,6709.0,7740.0,6227.0,5901.0,7313.0,5900.0,7313.0,
5513.0,6055.0,5571.0,6055.0,5571.0,6055.0,5571.0,6055.0,5571.0,6055.0,
6909.0,7750.0,7272.0,7272.0,7272.0,7272.0,7272.0,7272.0,7272.0,7272.0,
5112.0,5176.0,5372.0,5144.0,5372.0,5144.0,5372.0,5144.0,5372.0,5144.0,
5645.0,6019.0,6038.0,6027.0,6594.0,5661.0,6010.0,6522.0,5695.0,5850.0,
6270.0,5813.0,5820.0,6430.0,5820.0,6430.0,5820.0,6430.0,5820.0,6430.0,
6672.0,6032.0,5904.0,5704.0,6961.0,6708.0,5616.0,6139.0,6145.0,5680.0,
5509.0,6449.0,5919.0,5597.0,6283.0,5542.0,6191.0,5861.0,5786.0,5388.0,
5294.0,6061.0,5603.0,6506.0,5800.0,5455.0,5914.0,5768.0,5916.0,5690.0,
6188.0,6458.0,6314.0,6474.0,6618.0,6314.0,6474.0,6618.0,6314.0,6474.0,
6149.0,6002.0,5627.0,6069.0,5962.0,6159.0,6159.0,6159.0,6159.0,6159.0,
6428.0,8254.0,8294.0,8079.0,8967.0,6656.0,6301.0,7875.0,8532.0,7821.0,
7758.0,9998.0,6754.0,6754.0,6754.0,6754.0,6754.0,6754.0,6754.0,6754.0,
6631.0,6191.0,6322.0,5897.0,6503.0,5897.0,6503.0,5897.0,6503.0,5897.0,
7258.0,6633.0,6335.0,6726.0,6237.0,6128.0,6128.0,6128.0,6128.0,6128.0,
6001.0,6046.0,5931.0,5765.0,5909.0,5765.0,5909.0,5765.0,5909.0,5765.0,
5252.0,5478.0,5478.0,5478.0,5478.0,5478.0,5478.0,5478.0,5478.0,5478.0,
6118.0,7340.0,7743.0,6631.0,7018.0,7018.0,7018.0,7018.0,7018.0,7018.0,
7108.0,8362.0,6620.0,7482.0,8362.0,6620.0,7482.0,8362.0,6620.0,7482.0,
5832.0,5575.0,5435.0,5981.0,5611.0,6605.0,5575.0,5435.0,5981.0,5611.0,
6311.0,5623.0,5791.0,5852.0,5749.0,5767.0,6016.0,6117.0,5895.0,5898.0,
7770.0,6786.0,7060.0,6786.0,7060.0,6786.0,7060.0,6786.0,7060.0,6786.0,
5362.0,5500.0,5197.0,5199.0,5325.0,5222.0,5190.0,5190.0,5190.0,5190.0,
6035.0,5943.0,5818.0,5943.0,5818.0,5943.0,5818.0,5943.0,5818.0,5943.0,
8094.0,8357.0,8135.0,7198.0,8209.0,8405.0,8238.0,8488.0,7447.0,7447.0,
5261.0,6126.0,5923.0,6076.0,7401.0,6413.0,8047.0,7592.0,7111.0,6910.0,
6724.0,7297.0,7573.0,7871.0,7830.0,7871.0,7830.0,7871.0,7830.0,7871.0,
5658.0,6386.0,6709.0,6100.0,6533.0,6006.0,6086.0,6396.0,5739.0,7062.0,
5723.0,5814.0,5443.0,5632.0,5632.0,5632.0,5632.0,5632.0,5632.0,5632.0,
5810.0,6352.0,5368.0,5567.0,5314.0,5314.0,5314.0,5314.0,5314.0,5314.0,
5875.0,5656.0,5867.0,6218.0,5816.0,5693.0,6697.0,6500.0,6757.0,5674.0,
5846.0,5939.0,6442.0,5575.0,6503.0,5839.0,6037.0,5723.0,6246.0,5822.0,
5321.0,5949.0,5620.0,5359.0,5557.0,5877.0,5641.0,5610.0,5662.0,6108.0,
5532.0,5441.0,5359.0,5434.0,5267.0,5267.0,5267.0,5267.0,5267.0,5267.0,
8399.0,11700.0,8988.0,7578.0,8168.0,10034.0,8322.0,8168.0,10034.0,8322.0,
5353.0,6287.0,5975.0,5558.0,6509.0,5526.0,6194.0,5971.0,6138.0,5971.0,
8299.0,10280.0,8160.0,8369.0,8301.0,8369.0,8301.0,8369.0,8301.0,8369.0,
6380.0,6608.0,6264.0,6321.0,6478.0,6264.0,6321.0,6478.0,6264.0,6321.0,
6898.0,6504.0,5756.0,5843.0,6735.0,6986.0,5860.0,5914.0,5843.0,6735.0,
6080.0,6368.0,5961.0,6116.0,7302.0,7302.0,7302.0,7302.0,7302.0,7302.0,
6044.0,5834.0,6176.0,6211.0,6433.0,5871.0,5459.0,5734.0,5747.0,5992.0,
5372.0,6025.0,5550.0,5732.0,5545.0,5722.0,5545.0,5722.0,5545.0,5722.0,
5997.0,7819.0,6288.0,7819.0,6288.0,7819.0,6288.0,7819.0,6288.0,7819.0,
5266.0,5809.0,5461.0,5191.0,5472.0,5331.0,5166.0,5449.0,5229.0,5580.0,
5819.0,6767.0,5847.0,6031.0,5678.0,6009.0,6015.0,5866.0,5815.0,5557.0,
5742.0,5858.0,6011.0,5464.0,5697.0,5809.0,5809.0,5809.0,5809.0,5809.0,
5158.0,5586.0,5371.0,5339.0,5203.0,5339.0,5203.0,5339.0,5203.0,5339.0,
5315.0,5809.0,5320.0,5296.0,5428.0,5809.0,5320.0,5296.0,5428.0,5809.0,
5454.0,5924.0,5807.0,5560.0,5643.0,5643.0,5643.0,5643.0,5643.0,5643.0,
5956.0,7198.0,7512.0,8237.0,8415.0,8677.0,8697.0,8510.0,7310.0,7351.0,
6811.0,7993.0,7993.0,7993.0,7993.0,7993.0,7993.0,7993.0,7993.0,7993.0,
5984.0,6458.0,5570.0,5967.0,6632.0,6117.0,5570.0,5967.0,6632.0,6117.0,
5991.0,6446.0,6446.0,6446.0,6446.0,6446.0,6446.0,6446.0,6446.0,6446.0,
6441.0,5837.0,5987.0,6053.0,5702.0,5757.0,5987.0,6053.0,5702.0,5757.0,
7156.0,6844.0,6373.0,6915.0,7195.0,7195.0,7195.0,7195.0,7195.0,7195.0,
5760.0,5839.0,5582.0,5673.0,5790.0,5947.0,6145.0,5582.0,5673.0,5790.0,
6462.0,6606.0,8942.0,7046.0,7181.0,6529.0,9047.0,7046.0,6553.0,7968.0,
6456.0,6869.0,6869.0,6869.0,6869.0,6869.0,6869.0,6869.0,6869.0,6869.0,
7294.0,8956.0,7348.0,6294.0,7313.0,7482.0,6257.0,6294.0,6257.0,6294.0,
5345.0,5957.0,5739.0,5932.0,5453.0,5716.0,6238.0,5558.0,5861.0,5641.0,
5224.0,5518.0,5510.0,5598.0,5628.0,5776.0,5510.0,5598.0,5628.0,5776.0,
5655.0,5839.0,5702.0,5597.0,5425.0,5505.0,6191.0,5710.0,5584.0,5272.0,
8310.0,9386.0,8299.0,9225.0,9779.0,10599.0,7980.0,9032.0,9032.0,9032.0,
6199.0,7831.0,8198.0,8198.0,8198.0,8198.0,8198.0,8198.0,8198.0,8198.0,
5281.0,6026.0,5621.0,5713.0,6011.0,5621.0,5713.0,6011.0,5621.0,5713.0,
5940.0,6540.0,5707.0,5707.0,5707.0,5707.0,5707.0,5707.0,5707.0,5707.0,
5597.0,5556.0,5603.0,5777.0,5777.0,5777.0,5777.0,5777.0,5777.0,5777.0,
5581.0,6176.0,6115.0,6073.0,5641.0,6073.0,5641.0,6073.0,5641.0,6073.0,


