0.25,0.25,0.25,0.25,0.25,0.25,0.25,0.25,0.25,0.25,
0.2,0.2,0.2,0.2,0.2,0.2,0.2,0.2,0.2,0.2,
0.215,0.215,0.215,0.215,0.215,0.215,0.215,0.215,0.215,0.215,
0.405,0.405,0.405,0.405,0.405,0.405,0.405,0.405,0.405,0.405,
0.129,0.129,0.129,0.129,0.129,0.129,0.129,0.129,0.129,0.129,
0.24,0.24,0.24,0.24,0.24,0.24,0.24,0.24,0.24,0.24,
0.119,0.119,0.119,0.119,0.119,0.119,0.119,0.119,0.119,0.119,
0.259,0.259,0.259,0.259,0.259,0.259,0.259,0.259,0.259,0.259,
0.209,0.209,0.209,0.209,0.209,0.209,0.209,0.209,0.209,0.209,
0.395,0.395,0.395,0.395,0.395,0.395,0.395,0.395,0.395,0.395,
0.329,0.329,0.329,0.329,0.329,0.329,0.329,0.329,0.329,0.329,
0.33,0.33,0.33,0.33,0.33,0.33,0.33,0.33,0.33,0.33,
0.356,0.356,0.356,0.356,0.356,0.356,0.356,0.356,0.356,0.356,
0.424,0.424,0.424,0.424,0.424,0.424,0.424,0.424,0.424,0.424,
0.313,0.313,0.313,0.313,0.313,0.313,0.313,0.313,0.313,0.313,
0.271,0.271,0.271,0.271,0.271,0.271,0.271,0.271,0.271,0.271,
0.403,0.403,0.403,0.403,0.403,0.403,0.403,0.403,0.403,0.403,
0.344,0.344,0.344,0.344,0.344,0.344,0.344,0.344,0.344,0.344,
0.301,0.301,0.301,0.301,0.301,0.301,0.301,0.301,0.301,0.301,
0.418,0.418,0.418,0.418,0.418,0.418,0.418,0.418,0.418,0.418,
0.2,0.2,0.2,0.2,0.2,0.2,0.2,0.2,0.2,0.2,
0.482,0.482,0.482,0.482,0.482,0.482,0.482,0.482,0.482,0.482,
0.25,0.25,0.25,0.25,0.25,0.25,0.25,0.25,0.25,0.25,
0.332,0.332,0.332,0.332,0.332,0.332,0.332,0.332,0.332,0.332,
0.117,0.117,0.117,0.117,0.117,0.117,0.117,0.117,0.117,0.117,
0.241,0.241,0.241,0.241,0.241,0.241,0.241,0.241,0.241,0.241,
0.293,0.293,0.293,0.293,0.293,0.293,0.293,0.293,0.293,0.293,
0.4,0.4,0.4,0.4,0.4,0.4,0.4,0.4,0.4,0.4,
0.251,0.251,0.251,0.251,0.251,0.251,0.251,0.251,0.251,0.251,
0.405,0.405,0.405,0.405,0.405,0.405,0.405,0.405,0.405,0.405,
0.355,0.355,0.355,0.355,0.355,0.355,0.355,0.355,0.355,0.355,
0.21,0.21,0.21,0.21,0.21,0.21,0.21,0.21,0.21,0.21,
0.312,0.312,0.312,0.312,0.312,0.312,0.312,0.312,0.312,0.312,
0.257,0.257,0.257,0.257,0.257,0.257,0.257,0.257,0.257,0.257,
0.426,0.426,0.426,0.426,0.426,0.426,0.426,0.426,0.426,0.426,
0.263,0.263,0.263,0.263,0.263,0.263,0.263,0.263,0.263,0.263,
0.301,0.301,0.301,0.301,0.301,0.301,0.301,0.301,0.301,0.301,
0.253,0.253,0.253,0.253,0.253,0.253,0.253,0.253,0.253,0.253,
0.335,0.335,0.335,0.335,0.335,0.335,0.335,0.335,0.335,0.335,
0.284,0.284,0.284,0.284,0.284,0.284,0.284,0.284,0.284,0.284,
0.182,0.182,0.182,0.182,0.182,0.182,0.182,0.182,0.182,0.182,
0.236,0.236,0.236,0.236,0.236,0.236,0.236,0.236,0.236,0.236,
0.27,0.27,0.27,0.27,0.27,0.27,0.27,0.27,0.27,0.27,
0.268,0.268,0.268,0.268,0.268,0.268,0.268,0.268,0.268,0.268,
0.401,0.401,0.401,0.401,0.401,0.401,0.401,0.401,0.401,0.401,
0.366,0.366,0.366,0.366,0.366,0.366,0.366,0.366,0.366,0.366,
0.29,0.29,0.29,0.29,0.29,0.29,0.29,0.29,0.29,0.29,
0.244,0.244,0.244,0.244,0.244,0.244,0.244,0.244,0.244,0.244,
0.296,0.296,0.296,0.296,0.296,0.296,0.296,0.296,0.296,0.296,
0.408,0.408,0.408,0.408,0.408,0.408,0.408,0.408,0.408,0.408,
0.448,0.448,0.448,0.448,0.448,0.448,0.448,0.448,0.448,0.448,
0.235,0.235,0.235,0.235,0.235,0.235,0.235,0.235,0.235,0.235,
0.238,0.238,0.238,0.238,0.238,0.238,0.238,0.238,0.238,0.238,
0.363,0.363,0.363,0.363,0.363,0.363,0.363,0.363,0.363,0.363,
0.261,0.261,0.261,0.261,0.261,0.261,0.261,0.261,0.261,0.261,
0.289,0.289,0.289,0.289,0.289,0.289,0.289,0.289,0.289,0.289,
0.443,0.443,0.443,0.443,0.443,0.443,0.443,0.443,0.443,0.443,
0.171,0.171,0.171,0.171,0.171,0.171,0.171,0.171,0.171,0.171,
0.298,0.298,0.298,0.298,0.298,0.298,0.298,0.298,0.298,0.298,
0.287,0.287,0.287,0.287,0.287,0.287,0.287,0.287,0.287,0.287,
0.202,0.202,0.202,0.202,0.202,0.202,0.202,0.202,0.202,0.202,
0.369,0.369,0.369,0.369,0.369,0.369,0.369,0.369,0.369,0.369,
0.306,0.306,0.306,0.306,0.306,0.306,0.306,0.306,0.306,0.306,
0.294,0.294,0.294,0.294,0.294,0.294,0.294,0.294,0.294,0.294,
0.262,0.262,0.262,0.262,0.262,0.262,0.262,0.262,0.262,0.262,
0.122,0.122,0.122,0.122,0.122,0.122,0.122,0.122,0.122,0.122,
0.441,0.441,0.441,0.441,0.441,0.441,0.441,0.441,0.441,0.441,
0.23,0.23,0.23,0.23,0.23,0.23,0.23,0.23,0.23,0.23,
0.547,0.547,0.547,0.547,0.547,0.547,0.547,0.547,0.547,0.547,
0.262,0.262,0.262,0.262,0.262,0.262,0.262,0.262,0.262,0.262,
0.423,0.423,0.423,0.423,0.423,0.423,0.423,0.423,0.423,0.423,
0.339,0.339,0.339,0.339,0.339,0.339,0.339,0.339,0.339,0.339,
0.302,0.302,0.302,0.302,0.302,0.302,0.302,0.302,0.302,0.302,
0.282,0.282,0.282,0.282,0.282,0.282,0.282,0.282,0.282,0.282,
0.203,0.203,0.203,0.203,0.203,0.203,0.203,0.203,0.203,0.203,
0.185,0.185,0.185,0.185,0.185,0.185,0.185,0.185,0.185,0.185,
0.201,0.201,0.201,0.201,0.201,0.201,0.201,0.201,0.201,0.201,
0.399,0.399,0.399,0.399,0.399,0.399,0.399,0.399,0.399,0.399,
0.181,0.181,0.181,0.181,0.181,0.181,0.181,0.181,0.181,0.181,
0.204,0.204,0.204,0.204,0.204,0.204,0.204,0.204,0.204,0.204,
0.287,0.287,0.287,0.287,0.287,0.287,0.287,0.287,0.287,0.287,
0.424,0.424,0.424,0.424,0.424,0.424,0.424,0.424,0.424,0.424,
0.436,0.436,0.436,0.436,0.436,0.436,0.436,0.436,0.436,0.436,
0.284,0.284,0.284,0.284,0.284,0.284,0.284,0.284,0.284,0.284,
0.363,0.363,0.363,0.363,0.363,0.363,0.363,0.363,0.363,0.363,
0.342,0.342,0.342,0.342,0.342,0.342,0.342,0.342,0.342,0.342,
0.402,0.402,0.402,0.402,0.402,0.402,0.402,0.402,0.402,0.402,
0.159,0.159,0.159,0.159,0.159,0.159,0.159,0.159,0.159,0.159,
0.123,0.123,0.123,0.123,0.123,0.123,0.123,0.123,0.123,0.123,
0.336,0.336,0.336,0.336,0.336,0.336,0.336,0.336,0.336,0.336,
0.408,0.408,0.408,0.408,0.408,0.408,0.408,0.408,0.408,0.408,
0.302,0.302,0.302,0.302,0.302,0.302,0.302,0.302,0.302,0.302,
0.3,0.3,0.3,0.3,0.3,0.3,0.3,0.3,0.3,0.3,
0.292,0.292,0.292,0.292,0.292,0.292,0.292,0.292,0.292,0.292,
0.471,0.471,0.471,0.471,0.471,0.471,0.471,0.471,0.471,0.471,
0.38,0.38,0.38,0.38,0.38,0.38,0.38,0.38,0.38,0.38,
0.303,0.303,0.303,0.303,0.303,0.303,0.303,0.303,0.303,0.303,
0.257,0.257,0.257,0.257,0.257,0.257,0.257,0.257,0.257,0.257,
0.331,0.331,0.331,0.331,0.331,0.331,0.331,0.331,0.331,0.331,
0.237,0.237,0.237,0.237,0.237,0.237,0.237,0.237,0.237,0.237,

-0.234,-0.234,-0.234,-0.234,-0.234,-0.234,-0.234,-0.234,-0.234,-0.234,
-0.2,-0.2,-0.2,-0.2,-0.2,-0.2,-0.2,-0.2,-0.2,-0.2,
-0.233,-0.233,-0.233,-0.233,-0.233,-0.233,-0.233,-0.233,-0.233,-0.233,
-0.355,-0.355,-0.355,-0.355,-0.355,-0.355,-0.355,-0.355,-0.355,-0.355,
-0.188,-0.188,-0.188,-0.188,-0.188,-0.188,-0.188,-0.188,-0.188,-0.188,
-0.267,-0.267,-0.267,-0.267,-0.267,-0.267,-0.267,-0.267,-0.267,-0.267,
-0.201,-0.201,-0.201,-0.201,-0.201,-0.201,-0.201,-0.201,-0.201,-0.201,
-0.238,-0.238,-0.238,-0.238,-0.238,-0.238,-0.238,-0.238,-0.238,-0.238,
-0.18,-0.18,-0.18,-0.18,-0.18,-0.18,-0.18,-0.18,-0.18,-0.18,
-0.32,-0.32,-0.32,-0.32,-0.32,-0.32,-0.32,-0.32,-0.32,-0.32,
-0.239,-0.239,-0.239,-0.239,-0.239,-0.239,-0.239,-0.239,-0.239,-0.239,
-0.237,-0.237,-0.237,-0.237,-0.237,-0.237,-0.237,-0.237,-0.237,-0.237,
-0.297,-0.297,-0.297,-0.297,-0.297,-0.297,-0.297,-0.297,-0.297,-0.297,
-0.291,-0.291,-0.291,-0.291,-0.291,-0.291,-0.291,-0.291,-0.291,-0.291,
-0.269,-0.269,-0.269,-0.269,-0.269,-0.269,-0.269,-0.269,-0.269,-0.269,
-0.295,-0.295,-0.295,-0.295,-0.295,-0.295,-0.295,-0.295,-0.295,-0.295,
-0.403,-0.403,-0.403,-0.403,-0.403,-0.403,-0.403,-0.403,-0.403,-0.403,
-0.305,-0.305,-0.305,-0.305,-0.305,-0.305,-0.305,-0.305,-0.305,-0.305,
-0.296,-0.296,-0.296,-0.296,-0.296,-0.296,-0.296,-0.296,-0.296,-0.296,
-0.359,-0.359,-0.359,-0.359,-0.359,-0.359,-0.359,-0.359,-0.359,-0.359,
-0.175,-0.175,-0.175,-0.175,-0.175,-0.175,-0.175,-0.175,-0.175,-0.175,
-0.372,-0.372,-0.372,-0.372,-0.372,-0.372,-0.372,-0.372,-0.372,-0.372,
-0.243,-0.243,-0.243,-0.243,-0.243,-0.243,-0.243,-0.243,-0.243,-0.243,
-0.319,-0.319,-0.319,-0.319,-0.319,-0.319,-0.319,-0.319,-0.319,-0.319,
-0.11,-0.11,-0.11,-0.11,-0.11,-0.11,-0.11,-0.11,-0.11,-0.11,
-0.215,-0.215,-0.215,-0.215,-0.215,-0.215,-0.215,-0.215,-0.215,-0.215,
-0.284,-0.284,-0.284,-0.284,-0.284,-0.284,-0.284,-0.284,-0.284,-0.284,
-0.227,-0.227,-0.227,-0.227,-0.227,-0.227,-0.227,-0.227,-0.227,-0.227,
-0.25,-0.25,-0.25,-0.25,-0.25,-0.25,-0.25,-0.25,-0.25,-0.25,
-0.363,-0.363,-0.363,-0.363,-0.363,-0.363,-0.363,-0.363,-0.363,-0.363,
-0.355,-0.355,-0.355,-0.355,-0.355,-0.355,-0.355,-0.355,-0.355,-0.355,
-0.269,-0.269,-0.269,-0.269,-0.269,-0.269,-0.269,-0.269,-0.269,-0.269,
-0.229,-0.229,-0.229,-0.229,-0.229,-0.229,-0.229,-0.229,-0.229,-0.229,
-0.221,-0.221,-0.221,-0.221,-0.221,-0.221,-0.221,-0.221,-0.221,-0.221,
-0.38,-0.38,-0.38,-0.38,-0.38,-0.38,-0.38,-0.38,-0.38,-0.38,
-0.238,-0.238,-0.238,-0.238,-0.238,-0.238,-0.238,-0.238,-0.238,-0.238,
-0.279,-0.279,-0.279,-0.279,-0.279,-0.279,-0.279,-0.279,-0.279,-0.279,
-0.251,-0.251,-0.251,-0.251,-0.251,-0.251,-0.251,-0.251,-0.251,-0.251,
-0.308,-0.308,-0.308,-0.308,-0.308,-0.308,-0.308,-0.308,-0.308,-0.308,
-0.29,-0.29,-0.29,-0.29,-0.29,-0.29,-0.29,-0.29,-0.29,-0.29,
-0.163,-0.163,-0.163,-0.163,-0.163,-0.163,-0.163,-0.163,-0.163,-0.163,
-0.169,-0.169,-0.169,-0.169,-0.169,-0.169,-0.169,-0.169,-0.169,-0.169,
-0.23,-0.23,-0.23,-0.23,-0.23,-0.23,-0.23,-0.23,-0.23,-0.23,
-0.197,-0.197,-0.197,-0.197,-0.197,-0.197,-0.197,-0.197,-0.197,-0.197,
-0.401,-0.401,-0.401,-0.401,-0.401,-0.401,-0.401,-0.401,-0.401,-0.401,
-0.335,-0.335,-0.335,-0.335,-0.335,-0.335,-0.335,-0.335,-0.335,-0.335,
-0.278,-0.278,-0.278,-0.278,-0.278,-0.278,-0.278,-0.278,-0.278,-0.278,
-0.244,-0.244,-0.244,-0.244,-0.244,-0.244,-0.244,-0.244,-0.244,-0.244,
-0.302,-0.302,-0.302,-0.302,-0.302,-0.302,-0.302,-0.302,-0.302,-0.302,
-0.394,-0.394,-0.394,-0.394,-0.394,-0.394,-0.394,-0.394,-0.394,-0.394,
-0.307,-0.307,-0.307,-0.307,-0.307,-0.307,-0.307,-0.307,-0.307,-0.307,
-0.229,-0.229,-0.229,-0.229,-0.229,-0.229,-0.229,-0.229,-0.229,-0.229,
-0.25,-0.25,-0.25,-0.25,-0.25,-0.25,-0.25,-0.25,-0.25,-0.25,
-0.366,-0.366,-0.366,-0.366,-0.366,-0.366,-0.366,-0.366,-0.366,-0.366,
-0.314,-0.314,-0.314,-0.314,-0.314,-0.314,-0.314,-0.314,-0.314,-0.314,
-0.209,-0.209,-0.209,-0.209,-0.209,-0.209,-0.209,-0.209,-0.209,-0.209,
-0.363,-0.363,-0.363,-0.363,-0.363,-0.363,-0.363,-0.363,-0.363,-0.363,
-0.171,-0.171,-0.171,-0.171,-0.171,-0.171,-0.171,-0.171,-0.171,-0.171,
-0.289,-0.289,-0.289,-0.289,-0.289,-0.289,-0.289,-0.289,-0.289,-0.289,
-0.235,-0.235,-0.235,-0.235,-0.235,-0.235,-0.235,-0.235,-0.235,-0.235,
-0.177,-0.177,-0.177,-0.177,-0.177,-0.177,-0.177,-0.177,-0.177,-0.177,
-0.272,-0.272,-0.272,-0.272,-0.272,-0.272,-0.272,-0.272,-0.272,-0.272,
-0.268,-0.268,-0.268,-0.268,-0.268,-0.268,-0.268,-0.268,-0.268,-0.268,
-0.276,-0.276,-0.276,-0.276,-0.276,-0.276,-0.276,-0.276,-0.276,-0.276,
-0.27,-0.27,-0.27,-0.27,-0.27,-0.27,-0.27,-0.27,-0.27,-0.27,
-0.095,-0.095,-0.095,-0.095,-0.095,-0.095,-0.095,-0.095,-0.095,-0.095,
-0.412,-0.412,-0.412,-0.412,-0.412,-0.412,-0.412,-0.412,-0.412,-0.412,
-0.253,-0.253,-0.253,-0.253,-0.253,-0.253,-0.253,-0.253,-0.253,-0.253,
-0.476,-0.476,-0.476,-0.476,-0.476,-0.476,-0.476,-0.476,-0.476,-0.476,
-0.167,-0.167,-0.167,-0.167,-0.167,-0.167,-0.167,-0.167,-0.167,-0.167,
-0.377,-0.377,-0.377,-0.377,-0.377,-0.377,-0.377,-0.377,-0.377,-0.377,
-0.317,-0.317,-0.317,-0.317,-0.317,-0.317,-0.317,-0.317,-0.317,-0.317,
-0.287,-0.287,-0.287,-0.287,-0.287,-0.287,-0.287,-0.287,-0.287,-0.287,
-0.235,-0.235,-0.235,-0.235,-0.235,-0.235,-0.235,-0.235,-0.235,-0.235,
-0.177,-0.177,-0.177,-0.177,-0.177,-0.177,-0.177,-0.177,-0.177,-0.177,
-0.162,-0.162,-0.162,-0.162,-0.162,-0.162,-0.162,-0.162,-0.162,-0.162,
-0.184,-0.184,-0.184,-0.184,-0.184,-0.184,-0.184,-0.184,-0.184,-0.184,
-0.346,-0.346,-0.346,-0.346,-0.346,-0.346,-0.346,-0.346,-0.346,-0.346,
-0.138,-0.138,-0.138,-0.138,-0.138,-0.138,-0.138,-0.138,-0.138,-0.138,
-0.263,-0.263,-0.263,-0.263,-0.263,-0.263,-0.263,-0.263,-0.263,-0.263,
-0.281,-0.281,-0.281,-0.281,-0.281,-0.281,-0.281,-0.281,-0.281,-0.281,
-0.328,-0.328,-0.328,-0.328,-0.328,-0.328,-0.328,-0.328,-0.328,-0.328,
-0.307,-0.307,-0.307,-0.307,-0.307,-0.307,-0.307,-0.307,-0.307,-0.307,
-0.295,-0.295,-0.295,-0.295,-0.295,-0.295,-0.295,-0.295,-0.295,-0.295,
-0.229,-0.229,-0.229,-0.229,-0.229,-0.229,-0.229,-0.229,-0.229,-0.229,
-0.363,-0.363,-0.363,-0.363,-0.363,-0.363,-0.363,-0.363,-0.363,-0.363,
-0.402,-0.402,-0.402,-0.402,-0.402,-0.402,-0.402,-0.402,-0.402,-0.402,
-0.108,-0.108,-0.108,-0.108,-0.108,-0.108,-0.108,-0.108,-0.108,-0.108,
-0.123,-0.123,-0.123,-0.123,-0.123,-0.123,-0.123,-0.123,-0.123,-0.123,
-0.314,-0.314,-0.314,-0.314,-0.314,-0.314,-0.314,-0.314,-0.314,-0.314,
-0.331,-0.331,-0.331,-0.331,-0.331,-0.331,-0.331,-0.331,-0.331,-0.331,
-0.253,-0.253,-0.253,-0.253,-0.253,-0.253,-0.253,-0.253,-0.253,-0.253,
-0.298,-0.298,-0.298,-0.298,-0.298,-0.298,-0.298,-0.298,-0.298,-0.298,
-0.231,-0.231,-0.231,-0.231,-0.231,-0.231,-0.231,-0.231,-0.231,-0.231,
-0.471,-0.471,-0.471,-0.471,-0.471,-0.471,-0.471,-0.471,-0.471,-0.471,
-0.255,-0.255,-0.255,-0.255,-0.255,-0.255,-0.255,-0.255,-0.255,-0.255,
-0.268,-0.268,-0.268,-0.268,-0.268,-0.268,-0.268,-0.268,-0.268,-0.268,
-0.21,-0.21,-0.21,-0.21,-0.21,-0.21,-0.21,-0.21,-0.21,-0.21,
-0.302,-0.302,-0.302,-0.302,-0.302,-0.302,-0.302,-0.302,-0.302,-0.302,
-0.211,-0.211,-0.211,-0.211,-0.211,-0.211,-0.211,-0.211,-0.211,-0.211,

0.308,0.308,0.308,0.308,0.308,0.308,0.308,0.308,0.308,0.308,
0.127,0.127,0.127,0.127,0.127,0.127,0.127,0.127,0.127,0.127,
0.276,0.276,0.276,0.276,0.276,0.276,0.276,0.276,0.276,0.276,
0.229,0.229,0.229,0.229,0.229,0.229,0.229,0.229,0.229,0.229,
0.256,0.256,0.256,0.256,0.256,0.256,0.256,0.256,0.256,0.256,
0.275,0.275,0.275,0.275,0.275,0.275,0.275,0.275,0.275,0.275,
0.244,0.244,0.244,0.244,0.244,0.244,0.244,0.244,0.244,0.244,
0.142,0.142,0.142,0.142,0.142,0.142,0.142,0.142,0.142,0.142,
-0.013,-0.013,-0.013,-0.013,-0.013,-0.013,-0.013,-0.013,-0.013,-0.013,
0.267,0.267,0.267,0.267,0.267,0.267,0.267,0.267,0.267,0.267,
0.235,0.235,0.235,0.235,0.235,0.235,0.235,0.235,0.235,0.235,
0.105,0.105,0.105,0.105,0.105,0.105,0.105,0.105,0.105,0.105,
0.232,0.232,0.232,0.232,0.232,0.232,0.232,0.232,0.232,0.232,
0.221,0.221,0.221,0.221,0.221,0.221,0.221,0.221,0.221,0.221,
0.27,0.27,0.27,0.27,0.27,0.27,0.27,0.27,0.27,0.27,
0.193,0.193,0.193,0.193,0.193,0.193,0.193,0.193,0.193,0.193,
0.284,0.284,0.284,0.284,0.284,0.284,0.284,0.284,0.284,0.284,
0.101,0.101,0.101,0.101,0.101,0.101,0.101,0.101,0.101,0.101,
0.263,0.263,0.263,0.263,0.263,0.263,0.263,0.263,0.263,0.263,
0.239,0.239,0.239,0.239,0.239,0.239,0.239,0.239,0.239,0.239,
0.287,0.287,0.287,0.287,0.287,0.287,0.287,0.287,0.287,0.287,
0.319,0.319,0.319,0.319,0.319,0.319,0.319,0.319,0.319,0.319,
0.3,0.3,0.3,0.3,0.3,0.3,0.3,0.3,0.3,0.3,
0.318,0.318,0.318,0.318,0.318,0.318,0.318,0.318,0.318,0.318,
0.144,0.144,0.144,0.144,0.144,0.144,0.144,0.144,0.144,0.144,
0.229,0.229,0.229,0.229,0.229,0.229,0.229,0.229,0.229,0.229,
0.329,0.329,0.329,0.329,0.329,0.329,0.329,0.329,0.329,0.329,
0.15,0.15,0.15,0.15,0.15,0.15,0.15,0.15,0.15,0.15,
0.142,0.142,0.142,0.142,0.142,0.142,0.142,0.142,0.142,0.142,
0.351,0.351,0.351,0.351,0.351,0.351,0.351,0.351,0.351,0.351,
0.209,0.209,0.209,0.209,0.209,0.209,0.209,0.209,0.209,0.209,
0.182,0.182,0.182,0.182,0.182,0.182,0.182,0.182,0.182,0.182,
0.08,0.08,0.08,0.08,0.08,0.08,0.08,0.08,0.08,0.08,
0.139,0.139,0.139,0.139,0.139,0.139,0.139,0.139,0.139,0.139,
0.324,0.324,0.324,0.324,0.324,0.324,0.324,0.324,0.324,0.324,
0.241,0.241,0.241,0.241,0.241,0.241,0.241,0.241,0.241,0.241,
0.272,0.272,0.272,0.272,0.272,0.272,0.272,0.272,0.272,0.272,
0.287,0.287,0.287,0.287,0.287,0.287,0.287,0.287,0.287,0.287,
0.228,0.228,0.228,0.228,0.228,0.228,0.228,0.228,0.228,0.228,
0.218,0.218,0.218,0.218,0.218,0.218,0.218,0.218,0.218,0.218,
0.197,0.197,0.197,0.197,0.197,0.197,0.197,0.197,0.197,0.197,
0.201,0.201,0.201,0.201,0.201,0.201,0.201,0.201,0.201,0.201,
0.196,0.196,0.196,0.196,0.196,0.196,0.196,0.196,0.196,0.196,
0.304,0.304,0.304,0.304,0.304,0.304,0.304,0.304,0.304,0.304,
0.287,0.287,0.287,0.287,0.287,0.287,0.287,0.287,0.287,0.287,
0.293,0.293,0.293,0.293,0.293,0.293,0.293,0.293,0.293,0.293,
0.288,0.288,0.288,0.288,0.288,0.288,0.288,0.288,0.288,0.288,
0.188,0.188,0.188,0.188,0.188,0.188,0.188,0.188,0.188,0.188,
0.229,0.229,0.229,0.229,0.229,0.229,0.229,0.229,0.229,0.229,
0.372,0.372,0.372,0.372,0.372,0.372,0.372,0.372,0.372,0.372,
0.207,0.207,0.207,0.207,0.207,0.207,0.207,0.207,0.207,0.207,
0.264,0.264,0.264,0.264,0.264,0.264,0.264,0.264,0.264,0.264,
0.224,0.224,0.224,0.224,0.224,0.224,0.224,0.224,0.224,0.224,
0.387,0.387,0.387,0.387,0.387,0.387,0.387,0.387,0.387,0.387,
0.275,0.275,0.275,0.275,0.275,0.275,0.275,0.275,0.275,0.275,
0.187,0.187,0.187,0.187,0.187,0.187,0.187,0.187,0.187,0.187,
0.302,0.302,0.302,0.302,0.302,0.302,0.302,0.302,0.302,0.302,
0.235,0.235,0.235,0.235,0.235,0.235,0.235,0.235,0.235,0.235,
0.222,0.222,0.222,0.222,0.222,0.222,0.222,0.222,0.222,0.222,
0.192,0.192,0.192,0.192,0.192,0.192,0.192,0.192,0.192,0.192,
0.133,0.133,0.133,0.133,0.133,0.133,0.133,0.133,0.133,0.133,
0.189,0.189,0.189,0.189,0.189,0.189,0.189,0.189,0.189,0.189,
0.111,0.111,0.111,0.111,0.111,0.111,0.111,0.111,0.111,0.111,
0.178,0.178,0.178,0.178,0.178,0.178,0.178,0.178,0.178,0.178,
0.259,0.259,0.259,0.259,0.259,0.259,0.259,0.259,0.259,0.259,
0.215,0.215,0.215,0.215,0.215,0.215,0.215,0.215,0.215,0.215,
0.355,0.355,0.355,0.355,0.355,0.355,0.355,0.355,0.355,0.355,
0.103,0.103,0.103,0.103,0.103,0.103,0.103,0.103,0.103,0.103,
0.1,0.1,0.1,0.1,0.1,0.1,0.1,0.1,0.1,0.1,
0.196,0.196,0.196,0.196,0.196,0.196,0.196,0.196,0.196,0.196,
0.208,0.208,0.208,0.208,0.208,0.208,0.208,0.208,0.208,0.208,
0.275,0.275,0.275,0.275,0.275,0.275,0.275,0.275,0.275,0.275,
0.279,0.279,0.279,0.279,0.279,0.279,0.279,0.279,0.279,0.279,
0.182,0.182,0.182,0.182,0.182,0.182,0.182,0.182,0.182,0.182,
0.274,0.274,0.274,0.274,0.274,0.274,0.274,0.274,0.274,0.274,
0.289,0.289,0.289,0.289,0.289,0.289,0.289,0.289,0.289,0.289,
0.075,0.075,0.075,0.075,0.075,0.075,0.075,0.075,0.075,0.075,
0.316,0.316,0.316,0.316,0.316,0.316,0.316,0.316,0.316,0.316,
0.162,0.162,0.162,0.162,0.162,0.162,0.162,0.162,0.162,0.162,
0.197,0.197,0.197,0.197,0.197,0.197,0.197,0.197,0.197,0.197,
0.263,0.263,0.263,0.263,0.263,0.263,0.263,0.263,0.263,0.263,
0.296,0.296,0.296,0.296,0.296,0.296,0.296,0.296,0.296,0.296,
0.089,0.089,0.089,0.089,0.089,0.089,0.089,0.089,0.089,0.089,
0.137,0.137,0.137,0.137,0.137,0.137,0.137,0.137,0.137,0.137,
0.117,0.117,0.117,0.117,0.117,0.117,0.117,0.117,0.117,0.117,
0.251,0.251,0.251,0.251,0.251,0.251,0.251,0.251,0.251,0.251,
0.234,0.234,0.234,0.234,0.234,0.234,0.234,0.234,0.234,0.234,
0.188,0.188,0.188,0.188,0.188,0.188,0.188,0.188,0.188,0.188,
0.277,0.277,0.277,0.277,0.277,0.277,0.277,0.277,0.277,0.277,
0.262,0.262,0.262,0.262,0.262,0.262,0.262,0.262,0.262,0.262,
0.277,0.277,0.277,0.277,0.277,0.277,0.277,0.277,0.277,0.277,
0.199,0.199,0.199,0.199,0.199,0.199,0.199,0.199,0.199,0.199,
0.254,0.254,0.254,0.254,0.254,0.254,0.254,0.254,0.254,0.254,
0.233,0.233,0.233,0.233,0.233,0.233,0.233,0.233,0.233,0.233,
0.471,0.471,0.471,0.471,0.471,0.471,0.471,0.471,0.471,0.471,
0.206,0.206,0.206,0.206,0.206,0.206,0.206,0.206,0.206,0.206,
0.218,0.218,0.218,0.218,0.218,0.218,0.218,0.218,0.218,0.218,
0.224,0.224,0.224,0.224,0.224,0.224,0.224,0.224,0.224,0.224,
0.226,0.226,0.226,0.226,0.226,0.226,0.226,0.226,0.226,0.226,
0.216,0.216,0.216,0.216,0.216,0.216,0.216,0.216,0.216,0.216,

0.036,0.036,0.036,0.036,0.036,0.036,0.036,0.036,0.036,0.036,
0.187,0.187,0.187,0.187,0.187,0.187,0.187,0.187,0.187,0.187,
-0.162,-0.162,-0.162,-0.162,-0.162,-0.162,-0.162,-0.162,-0.162,-0.162,
0.086,0.086,0.086,0.086,0.086,0.086,0.086,0.086,0.086,0.086,
-0.084,-0.084,-0.084,-0.084,-0.084,-0.084,-0.084,-0.084,-0.084,-0.084,
-0.122,-0.122,-0.122,-0.122,-0.122,-0.122,-0.122,-0.122,-0.122,-0.122,
0.064,0.064,0.064,0.064,0.064,0.064,0.064,0.064,0.064,0.064,
0.112,0.112,0.112,0.112,0.112,0.112,0.112,0.112,0.112,0.112,
0.19,0.19,0.19,0.19,0.19,0.19,0.19,0.19,0.19,0.19,
0.011,0.011,0.011,0.011,0.011,0.011,0.011,0.011,0.011,0.011,
0.005,0.005,0.005,0.005,0.005,0.005,0.005,0.005,0.005,0.005,
0.148,0.148,0.148,0.148,0.148,0.148,0.148,0.148,0.148,0.148,
0.084,0.084,0.084,0.084,0.084,0.084,0.084,0.084,0.084,0.084,
0.091,0.091,0.091,0.091,0.091,0.091,0.091,0.091,0.091,0.091,
-0.061,-0.061,-0.061,-0.061,-0.061,-0.061,-0.061,-0.061,-0.061,-0.061,
0.069,0.069,0.069,0.069,0.069,0.069,0.069,0.069,0.069,0.069,
0.166,0.166,0.166,0.166,0.166,0.166,0.166,0.166,0.166,0.166,
0.228,0.228,0.228,0.228,0.228,0.228,0.228,0.228,0.228,0.228,
0.045,0.045,0.045,0.045,0.045,0.045,0.045,0.045,0.045,0.045,
0.157,0.157,0.157,0.157,0.157,0.157,0.157,0.157,0.157,0.157,
-0.135,-0.135,-0.135,-0.135,-0.135,-0.135,-0.135,-0.135,-0.135,-0.135,
0.092,0.092,0.092,0.092,0.092,0.092,0.092,0.092,0.092,0.092,
-0.076,-0.076,-0.076,-0.076,-0.076,-0.076,-0.076,-0.076,-0.076,-0.076,
0.064,0.064,0.064,0.064,0.064,0.064,0.064,0.064,0.064,0.064,
0.008,0.008,0.008,0.008,0.008,0.008,0.008,0.008,0.008,0.008,
0.011,0.011,0.011,0.011,0.011,0.011,0.011,0.011,0.011,0.011,
-0.063,-0.063,-0.063,-0.063,-0.063,-0.063,-0.063,-0.063,-0.063,-0.063,
0.098,0.098,0.098,0.098,0.098,0.098,0.098,0.098,0.098,0.098,
0.103,0.103,0.103,0.103,0.103,0.103,0.103,0.103,0.103,0.103,
0.019,0.019,0.019,0.019,0.019,0.019,0.019,0.019,0.019,0.019,
0.185,0.185,0.185,0.185,0.185,0.185,0.185,0.185,0.185,0.185,
0.106,0.106,0.106,0.106,0.106,0.106,0.106,0.106,0.106,0.106,
0.162,0.162,0.162,0.162,0.162,0.162,0.162,0.162,0.162,0.162,
0.096,0.096,0.096,0.096,0.096,0.096,0.096,0.096,0.096,0.096,
0.083,0.083,0.083,0.083,0.083,0.083,0.083,0.083,0.083,0.083,
-0.005,-0.005,-0.005,-0.005,-0.005,-0.005,-0.005,-0.005,-0.005,-0.005,
0.012,0.012,0.012,0.012,0.012,0.012,0.012,0.012,0.012,0.012,
-0.07,-0.07,-0.07,-0.07,-0.07,-0.07,-0.07,-0.07,-0.07,-0.07,
0.059,0.059,0.059,0.059,0.059,0.059,0.059,0.059,0.059,0.059,
0.103,0.103,0.103,0.103,0.103,0.103,0.103,0.103,0.103,0.103,
-0.04,-0.04,-0.04,-0.04,-0.04,-0.04,-0.04,-0.04,-0.04,-0.04,
-0.039,-0.039,-0.039,-0.039,-0.039,-0.039,-0.039,-0.039,-0.039,-0.039,
0.043,0.043,0.043,0.043,0.043,0.043,0.043,0.043,0.043,0.043,
-0.134,-0.134,-0.134,-0.134,-0.134,-0.134,-0.134,-0.134,-0.134,-0.134,
0.16,0.16,0.16,0.16,0.16,0.16,0.16,0.16,0.16,0.16,
0.06,0.06,0.06,0.06,0.06,0.06,0.06,0.06,0.06,0.06,
-0.05,-0.05,-0.05,-0.05,-0.05,-0.05,-0.05,-0.05,-0.05,-0.05,
0.069,0.069,0.069,0.069,0.069,0.069,0.069,0.069,0.069,0.069,
0.07,0.07,0.07,0.07,0.07,0.07,0.07,0.07,0.07,0.07,
0.036,0.036,0.036,0.036,0.036,0.036,0.036,0.036,0.036,0.036,
0.126,0.126,0.126,0.126,0.126,0.126,0.126,0.126,0.126,0.126,
-0.045,-0.045,-0.045,-0.045,-0.045,-0.045,-0.045,-0.045,-0.045,-0.045,
-0.026,-0.026,-0.026,-0.026,-0.026,-0.026,-0.026,-0.026,-0.026,-0.026,
-0.033,-0.033,-0.033,-0.033,-0.033,-0.033,-0.033,-0.033,-0.033,-0.033,
0.076,0.076,0.076,0.076,0.076,0.076,0.076,0.076,0.076,0.076,
-0.02,-0.02,-0.02,-0.02,-0.02,-0.02,-0.02,-0.02,-0.02,-0.02,
0.088,0.088,0.088,0.088,0.088,0.088,0.088,0.088,0.088,0.088,
-0.078,-0.078,-0.078,-0.078,-0.078,-0.078,-0.078,-0.078,-0.078,-0.078,
0.086,0.086,0.086,0.086,0.086,0.086,0.086,0.086,0.086,0.086,
0.07,0.07,0.07,0.07,0.07,0.07,0.07,0.07,0.07,0.07,
0.069,0.069,0.069,0.069,0.069,0.069,0.069,0.069,0.069,0.069,
0.137,0.137,0.137,0.137,0.137,0.137,0.137,0.137,0.137,0.137,
0.117,0.117,0.117,0.117,0.117,0.117,0.117,0.117,0.117,0.117,
0.119,0.119,0.119,0.119,0.119,0.119,0.119,0.119,0.119,0.119,
0.039,0.039,0.039,0.039,0.039,0.039,0.039,0.039,0.039,0.039,
-0.132,-0.132,-0.132,-0.132,-0.132,-0.132,-0.132,-0.132,-0.132,-0.132,
0.089,0.089,0.089,0.089,0.089,0.089,0.089,0.089,0.089,0.089,
0.168,0.168,0.168,0.168,0.168,0.168,0.168,0.168,0.168,0.168,
0.417,0.417,0.417,0.417,0.417,0.417,0.417,0.417,0.417,0.417,
-0.034,-0.034,-0.034,-0.034,-0.034,-0.034,-0.034,-0.034,-0.034,-0.034,
0.153,0.153,0.153,0.153,0.153,0.153,0.153,0.153,0.153,0.153,
0.058,0.058,0.058,0.058,0.058,0.058,0.058,0.058,0.058,0.058,
0.064,0.064,0.064,0.064,0.064,0.064,0.064,0.064,0.064,0.064,
0.065,0.065,0.065,0.065,0.065,0.065,0.065,0.065,0.065,0.065,
-0.119,-0.119,-0.119,-0.119,-0.119,-0.119,-0.119,-0.119,-0.119,-0.119,
-0.154,-0.154,-0.154,-0.154,-0.154,-0.154,-0.154,-0.154,-0.154,-0.154,
0.124,0.124,0.124,0.124,0.124,0.124,0.124,0.124,0.124,0.124,
-0.05,-0.05,-0.05,-0.05,-0.05,-0.05,-0.05,-0.05,-0.05,-0.05,
-0.025,-0.025,-0.025,-0.025,-0.025,-0.025,-0.025,-0.025,-0.025,-0.025,
0.081,0.081,0.081,0.081,0.081,0.081,0.081,0.081,0.081,0.081,
0.017,0.017,0.017,0.017,0.017,0.017,0.017,0.017,0.017,0.017,
0.044,0.044,0.044,0.044,0.044,0.044,0.044,0.044,0.044,0.044,
0.239,0.239,0.239,0.239,0.239,0.239,0.239,0.239,0.239,0.239,
0.183,0.183,0.183,0.183,0.183,0.183,0.183,0.183,0.183,0.183,
0.166,0.166,0.166,0.166,0.166,0.166,0.166,0.166,0.166,0.166,
0.149,0.149,0.149,0.149,0.149,0.149,0.149,0.149,0.149,0.149,
0.219,0.219,0.219,0.219,0.219,0.219,0.219,0.219,0.219,0.219,
0.087,0.087,0.087,0.087,0.087,0.087,0.087,0.087,0.087,0.087,
-0.175,-0.175,-0.175,-0.175,-0.175,-0.175,-0.175,-0.175,-0.175,-0.175,
0.02,0.02,0.02,0.02,0.02,0.02,0.02,0.02,0.02,0.02,
0.04,0.04,0.04,0.04,0.04,0.04,0.04,0.04,0.04,0.04,
0.087,0.087,0.087,0.087,0.087,0.087,0.087,0.087,0.087,0.087,
0.06,0.06,0.06,0.06,0.06,0.06,0.06,0.06,0.06,0.06,
-0.002,-0.002,-0.002,-0.002,-0.002,-0.002,-0.002,-0.002,-0.002,-0.002,
0.0,0.0,0.0,0.0,0.0,0.0,0.0,0.0,0.0,0.0,
0.062,0.062,0.062,0.062,0.062,0.062,0.062,0.062,0.062,0.062,
0.045,0.045,0.045,0.045,0.045,0.045,0.045,0.045,0.045,0.045,
0.019,0.019,0.019,0.019,0.019,0.019,0.019,0.019,0.019,0.019,
0.113,0.113,0.113,0.113,0.113,0.113,0.113,0.113,0.113,0.113,
-0.006,-0.006,-0.006,-0.006,-0.006,-0.006,-0.006,-0.006,-0.006,-0.006,

-0.044,-0.111,-0.149,-0.148,-0.095,-0.083,-0.143,-0.184,-0.149,-0.148,
0.001,0.016,-0.076,-0.011,0.016,-0.076,-0.011,0.016,-0.076,-0.011,
0.173,0.115,0.115,0.115,0.115,0.115,0.115,0.115,0.115,0.115,
0.015,-0.06,0.067,0.033,-0.02,0.033,-0.02,0.033,-0.02,0.033,
0.143,0.135,0.067,0.1,0.14,0.055,0.107,0.1,0.14,0.055,
0.183,0.117,0.115,0.115,0.115,0.115,0.115,0.115,0.115,0.115,
0.048,0.02,-0.084,0.05,0.005,-0.088,0.038,0.03,0.003,-0.075,
-0.004,0.055,0.007,0.073,0.033,0.073,0.033,0.073,0.033,0.073,
0.015,-0.019,-0.001,-0.035,-0.022,-0.018,0.077,0.077,0.077,0.077,
-0.018,-0.112,-0.058,-0.074,-0.08,-0.149,-0.145,-0.039,-0.118,-0.119,
-0.139,-0.119,-0.149,-0.011,-0.078,0.068,0.065,-0.04,0.068,0.065,
-0.027,-0.153,-0.097,-0.112,-0.106,-0.077,-0.092,-0.114,-0.111,-0.101,
0.04,-0.02,-0.011,-0.005,-0.063,-0.122,-0.144,-0.103,-0.069,-0.02,
-0.139,-0.277,-0.294,-0.231,-0.169,-0.232,-0.189,-0.161,-0.301,-0.222,
0.084,-0.103,-0.018,0.049,0.048,0.057,-0.102,-0.018,0.049,0.048,
0.1,0.033,0.015,-0.042,0.036,0.064,0.056,0.048,0.053,-0.043,
-0.203,-0.172,-0.089,-0.084,-0.306,-0.18,-0.099,-0.099,-0.099,-0.099,
-0.104,-0.054,-0.183,-0.165,-0.076,-0.103,-0.138,-0.131,-0.18,-0.141,
0.017,0.095,0.056,0.103,0.077,0.078,0.077,0.078,0.077,0.078,
-0.165,-0.164,-0.203,-0.062,-0.203,-0.062,-0.203,-0.062,-0.203,-0.062,
0.197,0.131,0.115,0.135,0.115,0.135,0.115,0.135,0.115,0.135,
-0.207,-0.242,-0.081,-0.136,-0.118,-0.157,-0.144,-0.136,-0.07,-0.136,
0.112,-0.07,-0.074,-0.088,-0.187,-0.17,-0.178,-0.063,-0.066,-0.066,
-0.183,-0.164,-0.164,-0.164,-0.164,-0.164,-0.164,-0.164,-0.164,-0.164,
0.108,0.011,0.094,0.03,0.079,0.048,0.079,0.048,0.079,0.048,
0.116,0.043,0.022,0.132,0.102,0.08,-0.026,0.062,0.09,0.003,
0.112,-0.041,-0.077,0.052,0.023,-0.055,-0.114,0.052,0.023,-0.055,
-0.119,-0.025,0.053,-0.199,0.021,-0.171,0.035,0.068,0.029,0.015,
0.031,-0.005,0.003,-0.097,0.007,0.017,-0.05,0.073,0.037,0.009,
-0.234,-0.021,-0.106,-0.046,-0.106,-0.046,-0.106,-0.046,-0.106,-0.046,
-0.201,-0.425,-0.411,-0.309,-0.425,-0.411,-0.309,-0.425,-0.411,-0.309,
-0.043,-0.103,-0.181,-0.122,-0.099,-0.099,-0.099,-0.099,-0.099,-0.099,
0.124,-0.151,-0.071,-0.069,-0.193,0.003,0.055,-0.146,0.056,-0.146,
-0.003,-0.093,-0.014,-0.093,-0.014,-0.093,-0.014,-0.093,-0.014,-0.093,
-0.164,-0.255,-0.206,-0.206,-0.206,-0.206,-0.206,-0.206,-0.206,-0.206,
0.042,0.057,-0.009,-0.046,0.019,0.028,0.057,-0.009,-0.046,0.019,
-0.015,-0.075,-0.079,-0.077,-0.156,-0.017,-0.074,-0.147,-0.023,-0.048,
-0.006,0.093,0.092,-0.003,0.092,-0.003,0.092,-0.003,0.092,-0.003,
-0.09,0.007,0.028,-0.019,0.036,-0.178,-0.025,0.035,-0.065,-0.024,
-0.01,-0.154,-0.078,-0.03,-0.068,0.012,-0.028,-0.087,-0.024,-0.111,
0.15,0.051,0.074,0.05,0.086,0.117,0.051,0.074,0.05,0.086,
0.078,0.038,0.059,0.035,0.014,0.059,0.035,0.014,0.059,0.035,
-0.037,-0.013,0.051,-0.024,-0.007,-0.039,-0.039,-0.039,-0.039,-0.039,
0.107,-0.128,-0.132,-0.109,-0.197,0.075,0.124,-0.086,-0.157,-0.08,
-0.24,-0.41,-0.127,-0.127,-0.127,-0.127,-0.127,-0.127,-0.127,-0.127,
-0.165,-0.105,-0.124,-0.061,-0.149,-0.061,-0.149,-0.061,-0.149,-0.061,
-0.061,0.027,0.071,0.013,0.085,0.101,0.101,0.101,0.101,0.101,
0.059,0.052,0.07,0.096,0.073,0.096,0.073,0.096,0.073,0.096,
0.063,0.022,0.022,0.022,0.022,0.022,0.022,0.022,0.022,0.022,
-0.021,-0.184,-0.227,-0.097,-0.146,-0.146,-0.146,-0.146,-0.146,-0.146,
-0.118,-0.25,-0.053,-0.162,-0.25,-0.053,-0.162,-0.25,-0.053,-0.162,
0.091,0.13,0.152,0.067,0.125,-0.03,0.13,0.152,0.067,0.125,
-0.022,0.089,0.062,0.052,0.069,0.066,0.026,0.033,0.065,0.036,
-0.199,-0.083,-0.119,-0.083,-0.119,-0.083,-0.119,-0.083,-0.119,-0.083,
-0.017,-0.042,0.014,0.013,-0.01,0.009,0.015,0.015,0.015,0.015,
0.018,0.033,0.053,0.033,0.053,0.033,0.053,0.033,0.053,0.033,
-0.287,-0.31,-0.291,-0.199,-0.297,-0.371,-0.343,-0.415,-0.192,-0.371,
0.193,0.06,0.091,0.067,-0.12,0.015,-0.191,-0.142,-0.084,-0.057,
-0.11,-0.18,-0.21,-0.24,-0.236,-0.24,-0.236,-0.24,-0.236,-0.24,
0.036,-0.082,-0.126,-0.038,-0.103,-0.024,-0.036,-0.083,0.022,-0.17,
0.076,0.062,0.121,0.091,0.072,0.121,0.091,0.072,0.121,0.091,
-0.075,-0.154,0.001,-0.034,0.011,0.011,0.011,0.011,0.011,0.011,
0.077,0.111,0.078,0.022,0.086,0.105,-0.05,-0.022,-0.059,0.108,
-0.01,-0.024,-0.101,0.038,-0.109,-0.007,-0.041,0.011,-0.072,-0.005,
0.027,-0.081,-0.026,0.02,-0.016,-0.069,-0.05,-0.028,-0.021,-0.081,
0.121,0.136,0.189,0.188,0.188,0.188,0.188,0.188,0.188,0.188,
-0.204,-0.429,-0.256,-0.118,-0.181,-0.334,-0.197,-0.181,-0.334,-0.197,
0.048,-0.105,-0.059,0.022,-0.066,-0.084,-0.058,-0.084,-0.058,-0.084,
-0.298,-0.433,-0.286,-0.304,-0.298,-0.304,-0.298,-0.304,-0.298,-0.304,
0.066,0.033,0.083,0.074,0.052,0.083,0.074,0.052,0.083,0.074,
-0.182,-0.132,-0.02,-0.034,-0.162,-0.192,-0.037,-0.046,-0.034,-0.162,
-0.074,-0.116,-0.056,-0.08,-0.229,-0.229,-0.229,-0.229,-0.229,-0.229,
-0.07,-0.036,-0.09,-0.095,-0.126,-0.042,0.029,-0.019,-0.022,-0.061,
0.093,-0.018,0.063,0.032,0.063,0.033,0.063,0.033,0.063,0.033,
0.156,-0.091,0.115,-0.091,0.115,-0.091,0.115,-0.091,0.115,-0.091,
0.143,0.054,0.111,0.155,0.109,0.132,0.159,0.113,0.149,0.091,
0.14,0.0,0.136,0.109,0.161,0.112,0.111,0.133,0.141,0.179,
0.051,0.032,0.007,0.097,0.058,0.04,0.04,0.04,0.04,0.04,
0.115,0.041,0.053,0.102,0.083,0.107,0.083,0.107,0.083,0.107,
0.043,-0.044,0.041,0.046,0.022,-0.044,0.041,0.046,0.022,-0.044,
-0.025,-0.02,0.026,0.063,0.01,0.058,-0.001,0.058,-0.001,0.058,
0.055,-0.124,-0.161,-0.235,-0.251,-0.274,-0.275,-0.259,-0.138,-0.143,
-0.022,-0.166,-0.166,-0.166,-0.166,-0.166,-0.166,-0.166,-0.166,-0.166,
-0.038,-0.109,0.033,-0.05,-0.065,-0.003,-0.052,-0.05,-0.065,-0.003,
-0.105,-0.168,-0.168,-0.168,-0.168,-0.168,-0.168,-0.168,-0.168,-0.168,
-0.071,0.025,-0.001,-0.011,0.047,0.038,-0.001,-0.011,0.047,0.038,
-0.214,-0.178,-0.118,-0.187,-0.219,-0.219,-0.219,-0.219,-0.219,-0.219,
-0.112,-0.124,-0.083,-0.098,-0.116,-0.14,-0.167,-0.083,-0.098,-0.116,
0.26,0.244,-0.023,0.194,0.178,0.253,-0.034,0.193,0.25,0.088,
-0.095,-0.15,-0.15,-0.15,-0.15,-0.15,-0.15,-0.15,-0.15,-0.15,
-0.151,-0.308,-0.157,-0.016,-0.153,-0.172,-0.01,-0.016,-0.01,-0.016,
-0.078,0.017,-0.002,-0.039,-0.117,-0.036,-0.037,-0.136,-0.039,-0.088,
0.042,-0.011,-0.011,-0.027,-0.031,-0.056,-0.011,-0.027,-0.031,-0.056,
-0.018,-0.049,-0.027,-0.008,0.022,0.009,-0.022,-0.034,-0.038,-0.003,
-0.258,-0.343,-0.257,-0.332,-0.369,-0.418,-0.227,-0.317,-0.317,-0.317,
0.159,-0.058,-0.101,-0.101,-0.101,-0.101,-0.101,-0.101,-0.101,-0.101,
0.046,-0.081,-0.016,-0.032,-0.079,-0.016,-0.032,-0.079,-0.016,-0.032,
0.073,-0.02,0.109,0.109,0.109,0.109,0.109,0.109,0.109,0.109,
-0.031,-0.024,-0.032,-0.061,-0.061,-0.061,-0.061,-0.061,-0.061,-0.061,
0.112,0.018,0.027,0.034,0.103,0.034,0.103,0.034,0.103,0.034,


