9742.0,9742.0,9742.0,9742.0,9742.0,9742.0,9742.0,9742.0,9742.0,9742.0,
8732.0,8732.0,8732.0,8732.0,8732.0,8732.0,8732.0,8732.0,8732.0,8732.0,
8986.0,8986.0,8986.0,8986.0,8986.0,8986.0,8986.0,8986.0,8986.0,8986.0,
10690.0,10690.0,10690.0,10690.0,10690.0,10690.0,10690.0,10690.0,10690.0,10690.0,
8709.0,8709.0,8709.0,8709.0,8709.0,8709.0,8709.0,8709.0,8709.0,8709.0,
8540.0,8540.0,8540.0,8540.0,8540.0,8540.0,8540.0,8540.0,8540.0,8540.0,
9477.0,9477.0,9477.0,9477.0,9477.0,9477.0,9477.0,9477.0,9477.0,9477.0,
9098.0,9098.0,9098.0,9098.0,9098.0,9098.0,9098.0,9098.0,9098.0,9098.0,
9142.0,9142.0,9142.0,9142.0,9142.0,9142.0,9142.0,9142.0,9142.0,9142.0,
10475.0,10475.0,10475.0,10475.0,10475.0,10475.0,10475.0,10475.0,10475.0,10475.0,
10558.0,10558.0,10558.0,10558.0,10558.0,10558.0,10558.0,10558.0,10558.0,10558.0,
9437.0,9437.0,9437.0,9437.0,9437.0,9437.0,9437.0,9437.0,9437.0,9437.0,
10124.0,10124.0,10124.0,10124.0,10124.0,10124.0,10124.0,10124.0,10124.0,10124.0,
10202.0,10202.0,10202.0,10202.0,10202.0,10202.0,10202.0,10202.0,10202.0,10202.0,
9012.0,9012.0,9012.0,9012.0,9012.0,9012.0,9012.0,9012.0,9012.0,9012.0,
8728.0,8728.0,8728.0,8728.0,8728.0,8728.0,8728.0,8728.0,8728.0,8728.0,
12126.0,12126.0,12126.0,12126.0,12126.0,12126.0,12126.0,12126.0,12126.0,12126.0,
10548.0,10548.0,10548.0,10548.0,10548.0,10548.0,10548.0,10548.0,10548.0,10548.0,
9984.0,9984.0,9984.0,9984.0,9984.0,9984.0,9984.0,9984.0,9984.0,9984.0,
10996.0,10996.0,10996.0,10996.0,10996.0,10996.0,10996.0,10996.0,10996.0,10996.0,
11287.0,11287.0,11287.0,11287.0,11287.0,11287.0,11287.0,11287.0,11287.0,11287.0,
11881.0,11881.0,11881.0,11881.0,11881.0,11881.0,11881.0,11881.0,11881.0,11881.0,
10338.0,10338.0,10338.0,10338.0,10338.0,10338.0,10338.0,10338.0,10338.0,10338.0,
10414.0,10414.0,10414.0,10414.0,10414.0,10414.0,10414.0,10414.0,10414.0,10414.0,
8462.0,8462.0,8462.0,8462.0,8462.0,8462.0,8462.0,8462.0,8462.0,8462.0,
9659.0,9659.0,9659.0,9659.0,9659.0,9659.0,9659.0,9659.0,9659.0,9659.0,
9746.0,9746.0,9746.0,9746.0,9746.0,9746.0,9746.0,9746.0,9746.0,9746.0,
10011.0,10011.0,10011.0,10011.0,10011.0,10011.0,10011.0,10011.0,10011.0,10011.0,
9049.0,9049.0,9049.0,9049.0,9049.0,9049.0,9049.0,9049.0,9049.0,9049.0,
11204.0,11204.0,11204.0,11204.0,11204.0,11204.0,11204.0,11204.0,11204.0,11204.0,
10921.0,10921.0,10921.0,10921.0,10921.0,10921.0,10921.0,10921.0,10921.0,10921.0,
9009.0,9009.0,9009.0,9009.0,9009.0,9009.0,9009.0,9009.0,9009.0,9009.0,
9828.0,9828.0,9828.0,9828.0,9828.0,9828.0,9828.0,9828.0,9828.0,9828.0,
9090.0,9090.0,9090.0,9090.0,9090.0,9090.0,9090.0,9090.0,9090.0,9090.0,
10431.0,10431.0,10431.0,10431.0,10431.0,10431.0,10431.0,10431.0,10431.0,10431.0,
8742.0,8742.0,8742.0,8742.0,8742.0,8742.0,8742.0,8742.0,8742.0,8742.0,
9163.0,9163.0,9163.0,9163.0,9163.0,9163.0,9163.0,9163.0,9163.0,9163.0,
9667.0,9667.0,9667.0,9667.0,9667.0,9667.0,9667.0,9667.0,9667.0,9667.0,
9521.0,9521.0,9521.0,9521.0,9521.0,9521.0,9521.0,9521.0,9521.0,9521.0,
8972.0,8972.0,8972.0,8972.0,8972.0,8972.0,8972.0,8972.0,8972.0,8972.0,
9567.0,9567.0,9567.0,9567.0,9567.0,9567.0,9567.0,9567.0,9567.0,9567.0,
9805.0,9805.0,9805.0,9805.0,9805.0,9805.0,9805.0,9805.0,9805.0,9805.0,
9131.0,9131.0,9131.0,9131.0,9131.0,9131.0,9131.0,9131.0,9131.0,9131.0,
9991.0,9991.0,9991.0,9991.0,9991.0,9991.0,9991.0,9991.0,9991.0,9991.0,
11289.0,11289.0,11289.0,11289.0,11289.0,11289.0,11289.0,11289.0,11289.0,11289.0,
10040.0,10040.0,10040.0,10040.0,10040.0,10040.0,10040.0,10040.0,10040.0,10040.0,
9968.0,9968.0,9968.0,9968.0,9968.0,9968.0,9968.0,9968.0,9968.0,9968.0,
9648.0,9648.0,9648.0,9648.0,9648.0,9648.0,9648.0,9648.0,9648.0,9648.0,
8704.0,8704.0,8704.0,8704.0,8704.0,8704.0,8704.0,8704.0,8704.0,8704.0,
10861.0,10861.0,10861.0,10861.0,10861.0,10861.0,10861.0,10861.0,10861.0,10861.0,
11269.0,11269.0,11269.0,11269.0,11269.0,11269.0,11269.0,11269.0,11269.0,11269.0,
8851.0,8851.0,8851.0,8851.0,8851.0,8851.0,8851.0,8851.0,8851.0,8851.0,
9304.0,9304.0,9304.0,9304.0,9304.0,9304.0,9304.0,9304.0,9304.0,9304.0,
10166.0,10166.0,10166.0,10166.0,10166.0,10166.0,10166.0,10166.0,10166.0,10166.0,
9031.0,9031.0,9031.0,9031.0,9031.0,9031.0,9031.0,9031.0,9031.0,9031.0,
11558.0,11558.0,11558.0,11558.0,11558.0,11558.0,11558.0,11558.0,11558.0,11558.0,
9785.0,9785.0,9785.0,9785.0,9785.0,9785.0,9785.0,9785.0,9785.0,9785.0,
9078.0,9078.0,9078.0,9078.0,9078.0,9078.0,9078.0,9078.0,9078.0,9078.0,
10876.0,10876.0,10876.0,10876.0,10876.0,10876.0,10876.0,10876.0,10876.0,10876.0,
9707.0,9707.0,9707.0,9707.0,9707.0,9707.0,9707.0,9707.0,9707.0,9707.0,
9315.0,9315.0,9315.0,9315.0,9315.0,9315.0,9315.0,9315.0,9315.0,9315.0,
8997.0,8997.0,8997.0,8997.0,8997.0,8997.0,8997.0,8997.0,8997.0,8997.0,
9881.0,9881.0,9881.0,9881.0,9881.0,9881.0,9881.0,9881.0,9881.0,9881.0,
9239.0,9239.0,9239.0,9239.0,9239.0,9239.0,9239.0,9239.0,9239.0,9239.0,
8981.0,8981.0,8981.0,8981.0,8981.0,8981.0,8981.0,8981.0,8981.0,8981.0,
9029.0,9029.0,9029.0,9029.0,9029.0,9029.0,9029.0,9029.0,9029.0,9029.0,
11279.0,11279.0,11279.0,11279.0,11279.0,11279.0,11279.0,11279.0,11279.0,11279.0,
8880.0,8880.0,8880.0,8880.0,8880.0,8880.0,8880.0,8880.0,8880.0,8880.0,
12193.0,12193.0,12193.0,12193.0,12193.0,12193.0,12193.0,12193.0,12193.0,12193.0,
10918.0,10918.0,10918.0,10918.0,10918.0,10918.0,10918.0,10918.0,10918.0,10918.0,
10662.0,10662.0,10662.0,10662.0,10662.0,10662.0,10662.0,10662.0,10662.0,10662.0,
9416.0,9416.0,9416.0,9416.0,9416.0,9416.0,9416.0,9416.0,9416.0,9416.0,
9938.0,9938.0,9938.0,9938.0,9938.0,9938.0,9938.0,9938.0,9938.0,9938.0,
9368.0,9368.0,9368.0,9368.0,9368.0,9368.0,9368.0,9368.0,9368.0,9368.0,
10622.0,10622.0,10622.0,10622.0,10622.0,10622.0,10622.0,10622.0,10622.0,10622.0,
8643.0,8643.0,8643.0,8643.0,8643.0,8643.0,8643.0,8643.0,8643.0,8643.0,
9416.0,9416.0,9416.0,9416.0,9416.0,9416.0,9416.0,9416.0,9416.0,9416.0,
9116.0,9116.0,9116.0,9116.0,9116.0,9116.0,9116.0,9116.0,9116.0,9116.0,
8467.0,8467.0,8467.0,8467.0,8467.0,8467.0,8467.0,8467.0,8467.0,8467.0,
9405.0,9405.0,9405.0,9405.0,9405.0,9405.0,9405.0,9405.0,9405.0,9405.0,
9256.0,9256.0,9256.0,9256.0,9256.0,9256.0,9256.0,9256.0,9256.0,9256.0,
10820.0,10820.0,10820.0,10820.0,10820.0,10820.0,10820.0,10820.0,10820.0,10820.0,
11332.0,11332.0,11332.0,11332.0,11332.0,11332.0,11332.0,11332.0,11332.0,11332.0,
10656.0,10656.0,10656.0,10656.0,10656.0,10656.0,10656.0,10656.0,10656.0,10656.0,
9700.0,9700.0,9700.0,9700.0,9700.0,9700.0,9700.0,9700.0,9700.0,9700.0,
10048.0,10048.0,10048.0,10048.0,10048.0,10048.0,10048.0,10048.0,10048.0,10048.0,
10839.0,10839.0,10839.0,10839.0,10839.0,10839.0,10839.0,10839.0,10839.0,10839.0,
10317.0,10317.0,10317.0,10317.0,10317.0,10317.0,10317.0,10317.0,10317.0,10317.0,
11779.0,11779.0,11779.0,11779.0,11779.0,11779.0,11779.0,11779.0,11779.0,11779.0,
10190.0,10190.0,10190.0,10190.0,10190.0,10190.0,10190.0,10190.0,10190.0,10190.0,
12275.0,12275.0,12275.0,12275.0,12275.0,12275.0,12275.0,12275.0,12275.0,12275.0,
8842.0,8842.0,8842.0,8842.0,8842.0,8842.0,8842.0,8842.0,8842.0,8842.0,
9134.0,9134.0,9134.0,9134.0,9134.0,9134.0,9134.0,9134.0,9134.0,9134.0,
8771.0,8771.0,8771.0,8771.0,8771.0,8771.0,8771.0,8771.0,8771.0,8771.0,
10872.0,10872.0,10872.0,10872.0,10872.0,10872.0,10872.0,10872.0,10872.0,10872.0,
11382.0,11382.0,11382.0,11382.0,11382.0,11382.0,11382.0,11382.0,11382.0,11382.0,
8707.0,8707.0,8707.0,8707.0,8707.0,8707.0,8707.0,8707.0,8707.0,8707.0,
10291.0,10291.0,10291.0,10291.0,10291.0,10291.0,10291.0,10291.0,10291.0,10291.0,
9789.0,9789.0,9789.0,9789.0,9789.0,9789.0,9789.0,9789.0,9789.0,9789.0,
10244.0,10244.0,10244.0,10244.0,10244.0,10244.0,10244.0,10244.0,10244.0,10244.0,

9279.0,9279.0,9279.0,9279.0,9279.0,9279.0,9279.0,9279.0,9279.0,9279.0,
8962.0,8962.0,8962.0,8962.0,8962.0,8962.0,8962.0,8962.0,8962.0,8962.0,
9004.0,9004.0,9004.0,9004.0,9004.0,9004.0,9004.0,9004.0,9004.0,9004.0,
10331.0,10331.0,10331.0,10331.0,10331.0,10331.0,10331.0,10331.0,10331.0,10331.0,
8764.0,8764.0,8764.0,8764.0,8764.0,8764.0,8764.0,8764.0,8764.0,8764.0,
8811.0,8811.0,8811.0,8811.0,8811.0,8811.0,8811.0,8811.0,8811.0,8811.0,
9224.0,9224.0,9224.0,9224.0,9224.0,9224.0,9224.0,9224.0,9224.0,9224.0,
8693.0,8693.0,8693.0,8693.0,8693.0,8693.0,8693.0,8693.0,8693.0,8693.0,
8738.0,8738.0,8738.0,8738.0,8738.0,8738.0,8738.0,8738.0,8738.0,8738.0,
9899.0,9899.0,9899.0,9899.0,9899.0,9899.0,9899.0,9899.0,9899.0,9899.0,
10200.0,10200.0,10200.0,10200.0,10200.0,10200.0,10200.0,10200.0,10200.0,10200.0,
9579.0,9579.0,9579.0,9579.0,9579.0,9579.0,9579.0,9579.0,9579.0,9579.0,
9355.0,9355.0,9355.0,9355.0,9355.0,9355.0,9355.0,9355.0,9355.0,9355.0,
10543.0,10543.0,10543.0,10543.0,10543.0,10543.0,10543.0,10543.0,10543.0,10543.0,
9081.0,9081.0,9081.0,9081.0,9081.0,9081.0,9081.0,9081.0,9081.0,9081.0,
8761.0,8761.0,8761.0,8761.0,8761.0,8761.0,8761.0,8761.0,8761.0,8761.0,
10273.0,10273.0,10273.0,10273.0,10273.0,10273.0,10273.0,10273.0,10273.0,10273.0,
10076.0,10076.0,10076.0,10076.0,10076.0,10076.0,10076.0,10076.0,10076.0,10076.0,
10039.0,10039.0,10039.0,10039.0,10039.0,10039.0,10039.0,10039.0,10039.0,10039.0,
10996.0,10996.0,10996.0,10996.0,10996.0,10996.0,10996.0,10996.0,10996.0,10996.0,
10044.0,10044.0,10044.0,10044.0,10044.0,10044.0,10044.0,10044.0,10044.0,10044.0,
12016.0,12016.0,12016.0,12016.0,12016.0,12016.0,12016.0,12016.0,12016.0,12016.0,
9981.0,9981.0,9981.0,9981.0,9981.0,9981.0,9981.0,9981.0,9981.0,9981.0,
10306.0,10306.0,10306.0,10306.0,10306.0,10306.0,10306.0,10306.0,10306.0,10306.0,
8372.0,8372.0,8372.0,8372.0,8372.0,8372.0,8372.0,8372.0,8372.0,8372.0,
9288.0,9288.0,9288.0,9288.0,9288.0,9288.0,9288.0,9288.0,9288.0,9288.0,
9706.0,9706.0,9706.0,9706.0,9706.0,9706.0,9706.0,9706.0,9706.0,9706.0,
9821.0,9821.0,9821.0,9821.0,9821.0,9821.0,9821.0,9821.0,9821.0,9821.0,
9010.0,9010.0,9010.0,9010.0,9010.0,9010.0,9010.0,9010.0,9010.0,9010.0,
11204.0,11204.0,11204.0,11204.0,11204.0,11204.0,11204.0,11204.0,11204.0,11204.0,
10640.0,10640.0,10640.0,10640.0,10640.0,10640.0,10640.0,10640.0,10640.0,10640.0,
9450.0,9450.0,9450.0,9450.0,9450.0,9450.0,9450.0,9450.0,9450.0,9450.0,
10101.0,10101.0,10101.0,10101.0,10101.0,10101.0,10101.0,10101.0,10101.0,10101.0,
9127.0,9127.0,9127.0,9127.0,9127.0,9127.0,9127.0,9127.0,9127.0,9127.0,
10431.0,10431.0,10431.0,10431.0,10431.0,10431.0,10431.0,10431.0,10431.0,10431.0,
8237.0,8237.0,8237.0,8237.0,8237.0,8237.0,8237.0,8237.0,8237.0,8237.0,
8990.0,8990.0,8990.0,8990.0,8990.0,8990.0,8990.0,8990.0,8990.0,8990.0,
9983.0,9983.0,9983.0,9983.0,9983.0,9983.0,9983.0,9983.0,9983.0,9983.0,
9249.0,9249.0,9249.0,9249.0,9249.0,9249.0,9249.0,9249.0,9249.0,9249.0,
9046.0,9046.0,9046.0,9046.0,9046.0,9046.0,9046.0,9046.0,9046.0,9046.0,
8776.0,8776.0,8776.0,8776.0,8776.0,8776.0,8776.0,8776.0,8776.0,8776.0,
9888.0,9888.0,9888.0,9888.0,9888.0,9888.0,9888.0,9888.0,9888.0,9888.0,
9430.0,9430.0,9430.0,9430.0,9430.0,9430.0,9430.0,9430.0,9430.0,9430.0,
9542.0,9542.0,9542.0,9542.0,9542.0,9542.0,9542.0,9542.0,9542.0,9542.0,
11407.0,11407.0,11407.0,11407.0,11407.0,11407.0,11407.0,11407.0,11407.0,11407.0,
9582.0,9582.0,9582.0,9582.0,9582.0,9582.0,9582.0,9582.0,9582.0,9582.0,
9791.0,9791.0,9791.0,9791.0,9791.0,9791.0,9791.0,9791.0,9791.0,9791.0,
9315.0,9315.0,9315.0,9315.0,9315.0,9315.0,9315.0,9315.0,9315.0,9315.0,
9127.0,9127.0,9127.0,9127.0,9127.0,9127.0,9127.0,9127.0,9127.0,9127.0,
10861.0,10861.0,10861.0,10861.0,10861.0,10861.0,10861.0,10861.0,10861.0,10861.0,
10907.0,10907.0,10907.0,10907.0,10907.0,10907.0,10907.0,10907.0,10907.0,10907.0,
9428.0,9428.0,9428.0,9428.0,9428.0,9428.0,9428.0,9428.0,9428.0,9428.0,
9388.0,9388.0,9388.0,9388.0,9388.0,9388.0,9388.0,9388.0,9388.0,9388.0,
10984.0,10984.0,10984.0,10984.0,10984.0,10984.0,10984.0,10984.0,10984.0,10984.0,
9333.0,9333.0,9333.0,9333.0,9333.0,9333.0,9333.0,9333.0,9333.0,9333.0,
10600.0,10600.0,10600.0,10600.0,10600.0,10600.0,10600.0,10600.0,10600.0,10600.0,
9811.0,9811.0,9811.0,9811.0,9811.0,9811.0,9811.0,9811.0,9811.0,9811.0,
8715.0,8715.0,8715.0,8715.0,8715.0,8715.0,8715.0,8715.0,8715.0,8715.0,
10075.0,10075.0,10075.0,10075.0,10075.0,10075.0,10075.0,10075.0,10075.0,10075.0,
9372.0,9372.0,9372.0,9372.0,9372.0,9372.0,9372.0,9372.0,9372.0,9372.0,
9078.0,9078.0,9078.0,9078.0,9078.0,9078.0,9078.0,9078.0,9078.0,9078.0,
8893.0,8893.0,8893.0,8893.0,8893.0,8893.0,8893.0,8893.0,8893.0,8893.0,
9454.0,9454.0,9454.0,9454.0,9454.0,9454.0,9454.0,9454.0,9454.0,9454.0,
9172.0,9172.0,9172.0,9172.0,9172.0,9172.0,9172.0,9172.0,9172.0,9172.0,
8935.0,8935.0,8935.0,8935.0,8935.0,8935.0,8935.0,8935.0,8935.0,8935.0,
8660.0,8660.0,8660.0,8660.0,8660.0,8660.0,8660.0,8660.0,8660.0,8660.0,
11860.0,11860.0,11860.0,11860.0,11860.0,11860.0,11860.0,11860.0,11860.0,11860.0,
9383.0,9383.0,9383.0,9383.0,9383.0,9383.0,9383.0,9383.0,9383.0,9383.0,
11728.0,11728.0,11728.0,11728.0,11728.0,11728.0,11728.0,11728.0,11728.0,11728.0,
9357.0,9357.0,9357.0,9357.0,9357.0,9357.0,9357.0,9357.0,9357.0,9357.0,
10221.0,10221.0,10221.0,10221.0,10221.0,10221.0,10221.0,10221.0,10221.0,10221.0,
9402.0,9402.0,9402.0,9402.0,9402.0,9402.0,9402.0,9402.0,9402.0,9402.0,
8823.0,8823.0,8823.0,8823.0,8823.0,8823.0,8823.0,8823.0,8823.0,8823.0,
8773.0,8773.0,8773.0,8773.0,8773.0,8773.0,8773.0,8773.0,8773.0,8773.0,
9637.0,9637.0,9637.0,9637.0,9637.0,9637.0,9637.0,9637.0,9637.0,9637.0,
8180.0,8180.0,8180.0,8180.0,8180.0,8180.0,8180.0,8180.0,8180.0,8180.0,
9021.0,9021.0,9021.0,9021.0,9021.0,9021.0,9021.0,9021.0,9021.0,9021.0,
9296.0,9296.0,9296.0,9296.0,9296.0,9296.0,9296.0,9296.0,9296.0,9296.0,
8318.0,8318.0,8318.0,8318.0,8318.0,8318.0,8318.0,8318.0,8318.0,8318.0,
8852.0,8852.0,8852.0,8852.0,8852.0,8852.0,8852.0,8852.0,8852.0,8852.0,
9562.0,9562.0,9562.0,9562.0,9562.0,9562.0,9562.0,9562.0,9562.0,9562.0,
11077.0,11077.0,11077.0,11077.0,11077.0,11077.0,11077.0,11077.0,11077.0,11077.0,
11815.0,11815.0,11815.0,11815.0,11815.0,11815.0,11815.0,11815.0,11815.0,11815.0,
9766.0,9766.0,9766.0,9766.0,9766.0,9766.0,9766.0,9766.0,9766.0,9766.0,
9090.0,9090.0,9090.0,9090.0,9090.0,9090.0,9090.0,9090.0,9090.0,9090.0,
10066.0,10066.0,10066.0,10066.0,10066.0,10066.0,10066.0,10066.0,10066.0,10066.0,
10297.0,10297.0,10297.0,10297.0,10297.0,10297.0,10297.0,10297.0,10297.0,10297.0,
10056.0,10056.0,10056.0,10056.0,10056.0,10056.0,10056.0,10056.0,10056.0,10056.0,
10599.0,10599.0,10599.0,10599.0,10599.0,10599.0,10599.0,10599.0,10599.0,10599.0,
10089.0,10089.0,10089.0,10089.0,10089.0,10089.0,10089.0,10089.0,10089.0,10089.0,
10604.0,10604.0,10604.0,10604.0,10604.0,10604.0,10604.0,10604.0,10604.0,10604.0,
8324.0,8324.0,8324.0,8324.0,8324.0,8324.0,8324.0,8324.0,8324.0,8324.0,
8626.0,8626.0,8626.0,8626.0,8626.0,8626.0,8626.0,8626.0,8626.0,8626.0,
8679.0,8679.0,8679.0,8679.0,8679.0,8679.0,8679.0,8679.0,8679.0,8679.0,
10753.0,10753.0,10753.0,10753.0,10753.0,10753.0,10753.0,10753.0,10753.0,10753.0,
11356.0,11356.0,11356.0,11356.0,11356.0,11356.0,11356.0,11356.0,11356.0,11356.0,
8612.0,8612.0,8612.0,8612.0,8612.0,8612.0,8612.0,8612.0,8612.0,8612.0,
10792.0,10792.0,10792.0,10792.0,10792.0,10792.0,10792.0,10792.0,10792.0,10792.0,
9519.0,9519.0,9519.0,9519.0,9519.0,9519.0,9519.0,9519.0,9519.0,9519.0,
9856.0,9856.0,9856.0,9856.0,9856.0,9856.0,9856.0,9856.0,9856.0,9856.0,

8788.0,8788.0,8788.0,8788.0,8788.0,8788.0,8788.0,8788.0,8788.0,8788.0,
8962.0,8962.0,8962.0,8962.0,8962.0,8962.0,8962.0,8962.0,8962.0,8962.0,
8707.0,8707.0,8707.0,8707.0,8707.0,8707.0,8707.0,8707.0,8707.0,8707.0,
10485.0,10485.0,10485.0,10485.0,10485.0,10485.0,10485.0,10485.0,10485.0,10485.0,
8788.0,8788.0,8788.0,8788.0,8788.0,8788.0,8788.0,8788.0,8788.0,8788.0,
8687.0,8687.0,8687.0,8687.0,8687.0,8687.0,8687.0,8687.0,8687.0,8687.0,
8567.0,8567.0,8567.0,8567.0,8567.0,8567.0,8567.0,8567.0,8567.0,8567.0,
8965.0,8965.0,8965.0,8965.0,8965.0,8965.0,8965.0,8965.0,8965.0,8965.0,
9334.0,9334.0,9334.0,9334.0,9334.0,9334.0,9334.0,9334.0,9334.0,9334.0,
10008.0,10008.0,10008.0,10008.0,10008.0,10008.0,10008.0,10008.0,10008.0,10008.0,
10192.0,10192.0,10192.0,10192.0,10192.0,10192.0,10192.0,10192.0,10192.0,10192.0,
9518.0,9518.0,9518.0,9518.0,9518.0,9518.0,9518.0,9518.0,9518.0,9518.0,
9650.0,9650.0,9650.0,9650.0,9650.0,9650.0,9650.0,9650.0,9650.0,9650.0,
10709.0,10709.0,10709.0,10709.0,10709.0,10709.0,10709.0,10709.0,10709.0,10709.0,
8863.0,8863.0,8863.0,8863.0,8863.0,8863.0,8863.0,8863.0,8863.0,8863.0,
8922.0,8922.0,8922.0,8922.0,8922.0,8922.0,8922.0,8922.0,8922.0,8922.0,
10549.0,10549.0,10549.0,10549.0,10549.0,10549.0,10549.0,10549.0,10549.0,10549.0,
10046.0,10046.0,10046.0,10046.0,10046.0,10046.0,10046.0,10046.0,10046.0,10046.0,
9596.0,9596.0,9596.0,9596.0,9596.0,9596.0,9596.0,9596.0,9596.0,9596.0,
11049.0,11049.0,11049.0,11049.0,11049.0,11049.0,11049.0,11049.0,11049.0,11049.0,
9825.0,9825.0,9825.0,9825.0,9825.0,9825.0,9825.0,9825.0,9825.0,9825.0,
11688.0,11688.0,11688.0,11688.0,11688.0,11688.0,11688.0,11688.0,11688.0,11688.0,
9935.0,9935.0,9935.0,9935.0,9935.0,9935.0,9935.0,9935.0,9935.0,9935.0,
10449.0,10449.0,10449.0,10449.0,10449.0,10449.0,10449.0,10449.0,10449.0,10449.0,
8953.0,8953.0,8953.0,8953.0,8953.0,8953.0,8953.0,8953.0,8953.0,8953.0,
9557.0,9557.0,9557.0,9557.0,9557.0,9557.0,9557.0,9557.0,9557.0,9557.0,
9412.0,9412.0,9412.0,9412.0,9412.0,9412.0,9412.0,9412.0,9412.0,9412.0,
9747.0,9747.0,9747.0,9747.0,9747.0,9747.0,9747.0,9747.0,9747.0,9747.0,
9155.0,9155.0,9155.0,9155.0,9155.0,9155.0,9155.0,9155.0,9155.0,9155.0,
11729.0,11729.0,11729.0,11729.0,11729.0,11729.0,11729.0,11729.0,11729.0,11729.0,
11869.0,11869.0,11869.0,11869.0,11869.0,11869.0,11869.0,11869.0,11869.0,11869.0,
9396.0,9396.0,9396.0,9396.0,9396.0,9396.0,9396.0,9396.0,9396.0,9396.0,
9869.0,9869.0,9869.0,9869.0,9869.0,9869.0,9869.0,9869.0,9869.0,9869.0,
8731.0,8731.0,8731.0,8731.0,8731.0,8731.0,8731.0,8731.0,8731.0,8731.0,
10656.0,10656.0,10656.0,10656.0,10656.0,10656.0,10656.0,10656.0,10656.0,10656.0,
8484.0,8484.0,8484.0,8484.0,8484.0,8484.0,8484.0,8484.0,8484.0,8484.0,
8834.0,8834.0,8834.0,8834.0,8834.0,8834.0,8834.0,8834.0,8834.0,8834.0,
9581.0,9581.0,9581.0,9581.0,9581.0,9581.0,9581.0,9581.0,9581.0,9581.0,
9787.0,9787.0,9787.0,9787.0,9787.0,9787.0,9787.0,9787.0,9787.0,9787.0,
8944.0,8944.0,8944.0,8944.0,8944.0,8944.0,8944.0,8944.0,8944.0,8944.0,
8786.0,8786.0,8786.0,8786.0,8786.0,8786.0,8786.0,8786.0,8786.0,8786.0,
9243.0,9243.0,9243.0,9243.0,9243.0,9243.0,9243.0,9243.0,9243.0,9243.0,
9076.0,9076.0,9076.0,9076.0,9076.0,9076.0,9076.0,9076.0,9076.0,9076.0,
9749.0,9749.0,9749.0,9749.0,9749.0,9749.0,9749.0,9749.0,9749.0,9749.0,
10720.0,10720.0,10720.0,10720.0,10720.0,10720.0,10720.0,10720.0,10720.0,10720.0,
9359.0,9359.0,9359.0,9359.0,9359.0,9359.0,9359.0,9359.0,9359.0,9359.0,
9419.0,9419.0,9419.0,9419.0,9419.0,9419.0,9419.0,9419.0,9419.0,9419.0,
9469.0,9469.0,9469.0,9469.0,9469.0,9469.0,9469.0,9469.0,9469.0,9469.0,
8729.0,8729.0,8729.0,8729.0,8729.0,8729.0,8729.0,8729.0,8729.0,8729.0,
10273.0,10273.0,10273.0,10273.0,10273.0,10273.0,10273.0,10273.0,10273.0,10273.0,
10641.0,10641.0,10641.0,10641.0,10641.0,10641.0,10641.0,10641.0,10641.0,10641.0,
8862.0,8862.0,8862.0,8862.0,8862.0,8862.0,8862.0,8862.0,8862.0,8862.0,
9236.0,9236.0,9236.0,9236.0,9236.0,9236.0,9236.0,9236.0,9236.0,9236.0,
10323.0,10323.0,10323.0,10323.0,10323.0,10323.0,10323.0,10323.0,10323.0,10323.0,
9218.0,9218.0,9218.0,9218.0,9218.0,9218.0,9218.0,9218.0,9218.0,9218.0,
9397.0,9397.0,9397.0,9397.0,9397.0,9397.0,9397.0,9397.0,9397.0,9397.0,
10408.0,10408.0,10408.0,10408.0,10408.0,10408.0,10408.0,10408.0,10408.0,10408.0,
8819.0,8819.0,8819.0,8819.0,8819.0,8819.0,8819.0,8819.0,8819.0,8819.0,
10471.0,10471.0,10471.0,10471.0,10471.0,10471.0,10471.0,10471.0,10471.0,10471.0,
9474.0,9474.0,9474.0,9474.0,9474.0,9474.0,9474.0,9474.0,9474.0,9474.0,
9264.0,9264.0,9264.0,9264.0,9264.0,9264.0,9264.0,9264.0,9264.0,9264.0,
9310.0,9310.0,9310.0,9310.0,9310.0,9310.0,9310.0,9310.0,9310.0,9310.0,
9791.0,9791.0,9791.0,9791.0,9791.0,9791.0,9791.0,9791.0,9791.0,9791.0,
8979.0,8979.0,8979.0,8979.0,8979.0,8979.0,8979.0,8979.0,8979.0,8979.0,
8785.0,8785.0,8785.0,8785.0,8785.0,8785.0,8785.0,8785.0,8785.0,8785.0,
8649.0,8649.0,8649.0,8649.0,8649.0,8649.0,8649.0,8649.0,8649.0,8649.0,
11311.0,11311.0,11311.0,11311.0,11311.0,11311.0,11311.0,11311.0,11311.0,11311.0,
8584.0,8584.0,8584.0,8584.0,8584.0,8584.0,8584.0,8584.0,8584.0,8584.0,
11053.0,11053.0,11053.0,11053.0,11053.0,11053.0,11053.0,11053.0,11053.0,11053.0,
9562.0,9562.0,9562.0,9562.0,9562.0,9562.0,9562.0,9562.0,9562.0,9562.0,
10000.0,10000.0,10000.0,10000.0,10000.0,10000.0,10000.0,10000.0,10000.0,10000.0,
9125.0,9125.0,9125.0,9125.0,9125.0,9125.0,9125.0,9125.0,9125.0,9125.0,
9503.0,9503.0,9503.0,9503.0,9503.0,9503.0,9503.0,9503.0,9503.0,9503.0,
9018.0,9018.0,9018.0,9018.0,9018.0,9018.0,9018.0,9018.0,9018.0,9018.0,
10324.0,10324.0,10324.0,10324.0,10324.0,10324.0,10324.0,10324.0,10324.0,10324.0,
8266.0,8266.0,8266.0,8266.0,8266.0,8266.0,8266.0,8266.0,8266.0,8266.0,
9521.0,9521.0,9521.0,9521.0,9521.0,9521.0,9521.0,9521.0,9521.0,9521.0,
9282.0,9282.0,9282.0,9282.0,9282.0,9282.0,9282.0,9282.0,9282.0,9282.0,
8436.0,8436.0,8436.0,8436.0,8436.0,8436.0,8436.0,8436.0,8436.0,8436.0,
8783.0,8783.0,8783.0,8783.0,8783.0,8783.0,8783.0,8783.0,8783.0,8783.0,
9139.0,9139.0,9139.0,9139.0,9139.0,9139.0,9139.0,9139.0,9139.0,9139.0,
10497.0,10497.0,10497.0,10497.0,10497.0,10497.0,10497.0,10497.0,10497.0,10497.0,
11585.0,11585.0,11585.0,11585.0,11585.0,11585.0,11585.0,11585.0,11585.0,11585.0,
8874.0,8874.0,8874.0,8874.0,8874.0,8874.0,8874.0,8874.0,8874.0,8874.0,
9618.0,9618.0,9618.0,9618.0,9618.0,9618.0,9618.0,9618.0,9618.0,9618.0,
10274.0,10274.0,10274.0,10274.0,10274.0,10274.0,10274.0,10274.0,10274.0,10274.0,
9750.0,9750.0,9750.0,9750.0,9750.0,9750.0,9750.0,9750.0,9750.0,9750.0,
9213.0,9213.0,9213.0,9213.0,9213.0,9213.0,9213.0,9213.0,9213.0,9213.0,
10175.0,10175.0,10175.0,10175.0,10175.0,10175.0,10175.0,10175.0,10175.0,10175.0,
9874.0,9874.0,9874.0,9874.0,9874.0,9874.0,9874.0,9874.0,9874.0,9874.0,
10789.0,10789.0,10789.0,10789.0,10789.0,10789.0,10789.0,10789.0,10789.0,10789.0,
8844.0,8844.0,8844.0,8844.0,8844.0,8844.0,8844.0,8844.0,8844.0,8844.0,
8556.0,8556.0,8556.0,8556.0,8556.0,8556.0,8556.0,8556.0,8556.0,8556.0,
8610.0,8610.0,8610.0,8610.0,8610.0,8610.0,8610.0,8610.0,8610.0,8610.0,
10916.0,10916.0,10916.0,10916.0,10916.0,10916.0,10916.0,10916.0,10916.0,10916.0,
11585.0,11585.0,11585.0,11585.0,11585.0,11585.0,11585.0,11585.0,11585.0,11585.0,
8882.0,8882.0,8882.0,8882.0,8882.0,8882.0,8882.0,8882.0,8882.0,8882.0,
9967.0,9967.0,9967.0,9967.0,9967.0,9967.0,9967.0,9967.0,9967.0,9967.0,
9062.0,9062.0,9062.0,9062.0,9062.0,9062.0,9062.0,9062.0,9062.0,9062.0,
9753.0,9753.0,9753.0,9753.0,9753.0,9753.0,9753.0,9753.0,9753.0,9753.0,

8345.0,8345.0,8345.0,8345.0,8345.0,8345.0,8345.0,8345.0,8345.0,8345.0,
8625.0,8625.0,8625.0,8625.0,8625.0,8625.0,8625.0,8625.0,8625.0,8625.0,
8778.0,8778.0,8778.0,8778.0,8778.0,8778.0,8778.0,8778.0,8778.0,8778.0,
10485.0,10485.0,10485.0,10485.0,10485.0,10485.0,10485.0,10485.0,10485.0,10485.0,
9249.0,9249.0,9249.0,9249.0,9249.0,9249.0,9249.0,9249.0,9249.0,9249.0,
8648.0,8648.0,8648.0,8648.0,8648.0,8648.0,8648.0,8648.0,8648.0,8648.0,
8820.0,8820.0,8820.0,8820.0,8820.0,8820.0,8820.0,8820.0,8820.0,8820.0,
8792.0,8792.0,8792.0,8792.0,8792.0,8792.0,8792.0,8792.0,8792.0,8792.0,
8700.0,8700.0,8700.0,8700.0,8700.0,8700.0,8700.0,8700.0,8700.0,8700.0,
10788.0,10788.0,10788.0,10788.0,10788.0,10788.0,10788.0,10788.0,10788.0,10788.0,
10192.0,10192.0,10192.0,10192.0,10192.0,10192.0,10192.0,10192.0,10192.0,10192.0,
9274.0,9274.0,9274.0,9274.0,9274.0,9274.0,9274.0,9274.0,9274.0,9274.0,
9228.0,9228.0,9228.0,9228.0,9228.0,9228.0,9228.0,9228.0,9228.0,9228.0,
10709.0,10709.0,10709.0,10709.0,10709.0,10709.0,10709.0,10709.0,10709.0,10709.0,
8952.0,8952.0,8952.0,8952.0,8952.0,8952.0,8952.0,8952.0,8952.0,8952.0,
8670.0,8670.0,8670.0,8670.0,8670.0,8670.0,8670.0,8670.0,8670.0,8670.0,
9950.0,9950.0,9950.0,9950.0,9950.0,9950.0,9950.0,9950.0,9950.0,9950.0,
10181.0,10181.0,10181.0,10181.0,10181.0,10181.0,10181.0,10181.0,10181.0,10181.0,
9548.0,9548.0,9548.0,9548.0,9548.0,9548.0,9548.0,9548.0,9548.0,9548.0,
10260.0,10260.0,10260.0,10260.0,10260.0,10260.0,10260.0,10260.0,10260.0,10260.0,
9501.0,9501.0,9501.0,9501.0,9501.0,9501.0,9501.0,9501.0,9501.0,9501.0,
11623.0,11623.0,11623.0,11623.0,11623.0,11623.0,11623.0,11623.0,11623.0,11623.0,
9935.0,9935.0,9935.0,9935.0,9935.0,9935.0,9935.0,9935.0,9935.0,9935.0,
10331.0,10331.0,10331.0,10331.0,10331.0,10331.0,10331.0,10331.0,10331.0,10331.0,
8980.0,8980.0,8980.0,8980.0,8980.0,8980.0,8980.0,8980.0,8980.0,8980.0,
9180.0,9180.0,9180.0,9180.0,9180.0,9180.0,9180.0,9180.0,9180.0,9180.0,
9844.0,9844.0,9844.0,9844.0,9844.0,9844.0,9844.0,9844.0,9844.0,9844.0,
9509.0,9509.0,9509.0,9509.0,9509.0,9509.0,9509.0,9509.0,9509.0,9509.0,
9011.0,9011.0,9011.0,9011.0,9011.0,9011.0,9011.0,9011.0,9011.0,9011.0,
11535.0,11535.0,11535.0,11535.0,11535.0,11535.0,11535.0,11535.0,11535.0,11535.0,
10322.0,10322.0,10322.0,10322.0,10322.0,10322.0,10322.0,10322.0,10322.0,10322.0,
9377.0,9377.0,9377.0,9377.0,9377.0,9377.0,9377.0,9377.0,9377.0,9377.0,
10172.0,10172.0,10172.0,10172.0,10172.0,10172.0,10172.0,10172.0,10172.0,10172.0,
8488.0,8488.0,8488.0,8488.0,8488.0,8488.0,8488.0,8488.0,8488.0,8488.0,
10576.0,10576.0,10576.0,10576.0,10576.0,10576.0,10576.0,10576.0,10576.0,10576.0,
8458.0,8458.0,8458.0,8458.0,8458.0,8458.0,8458.0,8458.0,8458.0,8458.0,
8987.0,8987.0,8987.0,8987.0,8987.0,8987.0,8987.0,8987.0,8987.0,8987.0,
9094.0,9094.0,9094.0,9094.0,9094.0,9094.0,9094.0,9094.0,9094.0,9094.0,
9224.0,9224.0,9224.0,9224.0,9224.0,9224.0,9224.0,9224.0,9224.0,9224.0,
8911.0,8911.0,8911.0,8911.0,8911.0,8911.0,8911.0,8911.0,8911.0,8911.0,
8852.0,8852.0,8852.0,8852.0,8852.0,8852.0,8852.0,8852.0,8852.0,8852.0,
9243.0,9243.0,9243.0,9243.0,9243.0,9243.0,9243.0,9243.0,9243.0,9243.0,
8897.0,8897.0,8897.0,8897.0,8897.0,8897.0,8897.0,8897.0,8897.0,8897.0,
9749.0,9749.0,9749.0,9749.0,9749.0,9749.0,9749.0,9749.0,9749.0,9749.0,
10360.0,10360.0,10360.0,10360.0,10360.0,10360.0,10360.0,10360.0,10360.0,10360.0,
9429.0,9429.0,9429.0,9429.0,9429.0,9429.0,9429.0,9429.0,9429.0,9429.0,
9612.0,9612.0,9612.0,9612.0,9612.0,9612.0,9612.0,9612.0,9612.0,9612.0,
9076.0,9076.0,9076.0,9076.0,9076.0,9076.0,9076.0,9076.0,9076.0,9076.0,
8722.0,8722.0,8722.0,8722.0,8722.0,8722.0,8722.0,8722.0,8722.0,8722.0,
10273.0,10273.0,10273.0,10273.0,10273.0,10273.0,10273.0,10273.0,10273.0,10273.0,
10641.0,10641.0,10641.0,10641.0,10641.0,10641.0,10641.0,10641.0,10641.0,10641.0,
9004.0,9004.0,9004.0,9004.0,9004.0,9004.0,9004.0,9004.0,9004.0,9004.0,
9232.0,9232.0,9232.0,9232.0,9232.0,9232.0,9232.0,9232.0,9232.0,9232.0,
10092.0,10092.0,10092.0,10092.0,10092.0,10092.0,10092.0,10092.0,10092.0,10092.0,
9161.0,9161.0,9161.0,9161.0,9161.0,9161.0,9161.0,9161.0,9161.0,9161.0,
10040.0,10040.0,10040.0,10040.0,10040.0,10040.0,10040.0,10040.0,10040.0,10040.0,
10408.0,10408.0,10408.0,10408.0,10408.0,10408.0,10408.0,10408.0,10408.0,10408.0,
8952.0,8952.0,8952.0,8952.0,8952.0,8952.0,8952.0,8952.0,8952.0,8952.0,
10452.0,10452.0,10452.0,10452.0,10452.0,10452.0,10452.0,10452.0,10452.0,10452.0,
9365.0,9365.0,9365.0,9365.0,9365.0,9365.0,9365.0,9365.0,9365.0,9365.0,
9177.0,9177.0,9177.0,9177.0,9177.0,9177.0,9177.0,9177.0,9177.0,9177.0,
8999.0,8999.0,8999.0,8999.0,8999.0,8999.0,8999.0,8999.0,8999.0,8999.0,
9514.0,9514.0,9514.0,9514.0,9514.0,9514.0,9514.0,9514.0,9514.0,9514.0,
9091.0,9091.0,9091.0,9091.0,9091.0,9091.0,9091.0,9091.0,9091.0,9091.0,
8895.0,8895.0,8895.0,8895.0,8895.0,8895.0,8895.0,8895.0,8895.0,8895.0,
8499.0,8499.0,8499.0,8499.0,8499.0,8499.0,8499.0,8499.0,8499.0,8499.0,
11311.0,11311.0,11311.0,11311.0,11311.0,11311.0,11311.0,11311.0,11311.0,11311.0,
8969.0,8969.0,8969.0,8969.0,8969.0,8969.0,8969.0,8969.0,8969.0,8969.0,
11053.0,11053.0,11053.0,11053.0,11053.0,11053.0,11053.0,11053.0,11053.0,11053.0,
9562.0,9562.0,9562.0,9562.0,9562.0,9562.0,9562.0,9562.0,9562.0,9562.0,
10000.0,10000.0,10000.0,10000.0,10000.0,10000.0,10000.0,10000.0,10000.0,10000.0,
8982.0,8982.0,8982.0,8982.0,8982.0,8982.0,8982.0,8982.0,8982.0,8982.0,
9179.0,9179.0,9179.0,9179.0,9179.0,9179.0,9179.0,9179.0,9179.0,9179.0,
8871.0,8871.0,8871.0,8871.0,8871.0,8871.0,8871.0,8871.0,8871.0,8871.0,
9779.0,9779.0,9779.0,9779.0,9779.0,9779.0,9779.0,9779.0,9779.0,9779.0,
8718.0,8718.0,8718.0,8718.0,8718.0,8718.0,8718.0,8718.0,8718.0,8718.0,
9579.0,9579.0,9579.0,9579.0,9579.0,9579.0,9579.0,9579.0,9579.0,9579.0,
9234.0,9234.0,9234.0,9234.0,9234.0,9234.0,9234.0,9234.0,9234.0,9234.0,
8435.0,8435.0,8435.0,8435.0,8435.0,8435.0,8435.0,8435.0,8435.0,8435.0,
8896.0,8896.0,8896.0,8896.0,8896.0,8896.0,8896.0,8896.0,8896.0,8896.0,
8932.0,8932.0,8932.0,8932.0,8932.0,8932.0,8932.0,8932.0,8932.0,8932.0,
10497.0,10497.0,10497.0,10497.0,10497.0,10497.0,10497.0,10497.0,10497.0,10497.0,
10950.0,10950.0,10950.0,10950.0,10950.0,10950.0,10950.0,10950.0,10950.0,10950.0,
8843.0,8843.0,8843.0,8843.0,8843.0,8843.0,8843.0,8843.0,8843.0,8843.0,
9559.0,9559.0,9559.0,9559.0,9559.0,9559.0,9559.0,9559.0,9559.0,9559.0,
10390.0,10390.0,10390.0,10390.0,10390.0,10390.0,10390.0,10390.0,10390.0,10390.0,
10506.0,10506.0,10506.0,10506.0,10506.0,10506.0,10506.0,10506.0,10506.0,10506.0,
8725.0,8725.0,8725.0,8725.0,8725.0,8725.0,8725.0,8725.0,8725.0,8725.0,
11078.0,11078.0,11078.0,11078.0,11078.0,11078.0,11078.0,11078.0,11078.0,11078.0,
9499.0,9499.0,9499.0,9499.0,9499.0,9499.0,9499.0,9499.0,9499.0,9499.0,
10789.0,10789.0,10789.0,10789.0,10789.0,10789.0,10789.0,10789.0,10789.0,10789.0,
8636.0,8636.0,8636.0,8636.0,8636.0,8636.0,8636.0,8636.0,8636.0,8636.0,
8702.0,8702.0,8702.0,8702.0,8702.0,8702.0,8702.0,8702.0,8702.0,8702.0,
8747.0,8747.0,8747.0,8747.0,8747.0,8747.0,8747.0,8747.0,8747.0,8747.0,
11474.0,11474.0,11474.0,11474.0,11474.0,11474.0,11474.0,11474.0,11474.0,11474.0,
11585.0,11585.0,11585.0,11585.0,11585.0,11585.0,11585.0,11585.0,11585.0,11585.0,
9141.0,9141.0,9141.0,9141.0,9141.0,9141.0,9141.0,9141.0,9141.0,9141.0,
9635.0,9635.0,9635.0,9635.0,9635.0,9635.0,9635.0,9635.0,9635.0,9635.0,
9011.0,9011.0,9011.0,9011.0,9011.0,9011.0,9011.0,9011.0,9011.0,9011.0,
9602.0,9602.0,9602.0,9602.0,9602.0,9602.0,9602.0,9602.0,9602.0,9602.0,


