0.073,0.073,0.073,0.073,0.073,0.073,0.073,0.073,0.073,0.073,
0.028,0.028,0.028,0.028,0.028,0.028,0.028,0.028,0.028,0.028,
0.054,0.054,0.054,0.054,0.054,0.054,0.054,0.054,0.054,0.054,
-0.027,-0.027,-0.027,-0.027,-0.027,-0.027,-0.027,-0.027,-0.027,-0.027,
0.013,0.013,0.013,0.013,0.013,0.013,0.013,0.013,0.013,0.013,
0.007,0.007,0.007,0.007,0.007,0.007,0.007,0.007,0.007,0.007,
0.013,0.013,0.013,0.013,0.013,0.013,0.013,0.013,0.013,0.013,
0.031,0.031,0.031,0.031,0.031,0.031,0.031,0.031,0.031,0.031,
-0.007,-0.007,-0.007,-0.007,-0.007,-0.007,-0.007,-0.007,-0.007,-0.007,
0.031,0.031,0.031,0.031,0.031,0.031,0.031,0.031,0.031,0.031,
-0.01,-0.01,-0.01,-0.01,-0.01,-0.01,-0.01,-0.01,-0.01,-0.01,
0.018,0.018,0.018,0.018,0.018,0.018,0.018,0.018,0.018,0.018,
0.055,0.055,0.055,0.055,0.055,0.055,0.055,0.055,0.055,0.055,
-0.016,-0.016,-0.016,-0.016,-0.016,-0.016,-0.016,-0.016,-0.016,-0.016,
-0.009,-0.009,-0.009,-0.009,-0.009,-0.009,-0.009,-0.009,-0.009,-0.009,
0.018,0.018,0.018,0.018,0.018,0.018,0.018,0.018,0.018,0.018,
0.136,0.136,0.136,0.136,0.136,0.136,0.136,0.136,0.136,0.136,
0.028,0.028,0.028,0.028,0.028,0.028,0.028,0.028,0.028,0.028,
-0.011,-0.011,-0.011,-0.011,-0.011,-0.011,-0.011,-0.011,-0.011,-0.011,
0.085,0.085,0.085,0.085,0.085,0.085,0.085,0.085,0.085,0.085,
0.019,0.019,0.019,0.019,0.019,0.019,0.019,0.019,0.019,0.019,
0.023,0.023,0.023,0.023,0.023,0.023,0.023,0.023,0.023,0.023,
-0.009,-0.009,-0.009,-0.009,-0.009,-0.009,-0.009,-0.009,-0.009,-0.009,
0.044,0.044,0.044,0.044,0.044,0.044,0.044,0.044,0.044,0.044,
0.004,0.004,0.004,0.004,0.004,0.004,0.004,0.004,0.004,0.004,
0.011,0.011,0.011,0.011,0.011,0.011,0.011,0.011,0.011,0.011,
0.005,0.005,0.005,0.005,0.005,0.005,0.005,0.005,0.005,0.005,
0.015,0.015,0.015,0.015,0.015,0.015,0.015,0.015,0.015,0.015,
0.015,0.015,0.015,0.015,0.015,0.015,0.015,0.015,0.015,0.015,
-0.008,-0.008,-0.008,-0.008,-0.008,-0.008,-0.008,-0.008,-0.008,-0.008,
0.016,0.016,0.016,0.016,0.016,0.016,0.016,0.016,0.016,0.016,
0.002,0.002,0.002,0.002,0.002,0.002,0.002,0.002,0.002,0.002,
-0.01,-0.01,-0.01,-0.01,-0.01,-0.01,-0.01,-0.01,-0.01,-0.01,
-0.006,-0.006,-0.006,-0.006,-0.006,-0.006,-0.006,-0.006,-0.006,-0.006,
0.037,0.037,0.037,0.037,0.037,0.037,0.037,0.037,0.037,0.037,
0.044,0.044,0.044,0.044,0.044,0.044,0.044,0.044,0.044,0.044,
0.018,0.018,0.018,0.018,0.018,0.018,0.018,0.018,0.018,0.018,
0.015,0.015,0.015,0.015,0.015,0.015,0.015,0.015,0.015,0.015,
0.054,0.054,0.054,0.054,0.054,0.054,0.054,0.054,0.054,0.054,
0.041,0.041,0.041,0.041,0.041,0.041,0.041,0.041,0.041,0.041,
0.019,0.019,0.019,0.019,0.019,0.019,0.019,0.019,0.019,0.019,
0.024,0.024,0.024,0.024,0.024,0.024,0.024,0.024,0.024,0.024,
0.014,0.014,0.014,0.014,0.014,0.014,0.014,0.014,0.014,0.014,
0.044,0.044,0.044,0.044,0.044,0.044,0.044,0.044,0.044,0.044,
0.047,0.047,0.047,0.047,0.047,0.047,0.047,0.047,0.047,0.047,
0.016,0.016,0.016,0.016,0.016,0.016,0.016,0.016,0.016,0.016,
0.039,0.039,0.039,0.039,0.039,0.039,0.039,0.039,0.039,0.039,
0.002,0.002,0.002,0.002,0.002,0.002,0.002,0.002,0.002,0.002,
0.005,0.005,0.005,0.005,0.005,0.005,0.005,0.005,0.005,0.005,
0.04,0.04,0.04,0.04,0.04,0.04,0.04,0.04,0.04,0.04,
-0.001,-0.001,-0.001,-0.001,-0.001,-0.001,-0.001,-0.001,-0.001,-0.001,
0.033,0.033,0.033,0.033,0.033,0.033,0.033,0.033,0.033,0.033,
-0.004,-0.004,-0.004,-0.004,-0.004,-0.004,-0.004,-0.004,-0.004,-0.004,
-0.001,-0.001,-0.001,-0.001,-0.001,-0.001,-0.001,-0.001,-0.001,-0.001,
-0.003,-0.003,-0.003,-0.003,-0.003,-0.003,-0.003,-0.003,-0.003,-0.003,
0.016,0.016,0.016,0.016,0.016,0.016,0.016,0.016,0.016,0.016,
0.004,0.004,0.004,0.004,0.004,0.004,0.004,0.004,0.004,0.004,
0.032,0.032,0.032,0.032,0.032,0.032,0.032,0.032,0.032,0.032,
0.02,0.02,0.02,0.02,0.02,0.02,0.02,0.02,0.02,0.02,
0.004,0.004,0.004,0.004,0.004,0.004,0.004,0.004,0.004,0.004,
-0.006,-0.006,-0.006,-0.006,-0.006,-0.006,-0.006,-0.006,-0.006,-0.006,
0.012,0.012,0.012,0.012,0.012,0.012,0.012,0.012,0.012,0.012,
0.005,0.005,0.005,0.005,0.005,0.005,0.005,0.005,0.005,0.005,
-0.004,-0.004,-0.004,-0.004,-0.004,-0.004,-0.004,-0.004,-0.004,-0.004,
-0.004,-0.004,-0.004,-0.004,-0.004,-0.004,-0.004,-0.004,-0.004,-0.004,
-0.016,-0.016,-0.016,-0.016,-0.016,-0.016,-0.016,-0.016,-0.016,-0.016,
0.022,0.022,0.022,0.022,0.022,0.022,0.022,0.022,0.022,0.022,
-0.013,-0.013,-0.013,-0.013,-0.013,-0.013,-0.013,-0.013,-0.013,-0.013,
0.03,0.03,0.03,0.03,0.03,0.03,0.03,0.03,0.03,0.03,
0.026,0.026,0.026,0.026,0.026,0.026,0.026,0.026,0.026,0.026,
0.004,0.004,0.004,0.004,0.004,0.004,0.004,0.004,0.004,0.004,
0.007,0.007,0.007,0.007,0.007,0.007,0.007,0.007,0.007,0.007,
-0.024,-0.024,-0.024,-0.024,-0.024,-0.024,-0.024,-0.024,-0.024,-0.024,
0.026,0.026,0.026,0.026,0.026,0.026,0.026,0.026,0.026,0.026,
0.004,0.004,0.004,0.004,0.004,0.004,0.004,0.004,0.004,0.004,
0.023,0.023,0.023,0.023,0.023,0.023,0.023,0.023,0.023,0.023,
0.03,0.03,0.03,0.03,0.03,0.03,0.03,0.03,0.03,0.03,
-0.014,-0.014,-0.014,-0.014,-0.014,-0.014,-0.014,-0.014,-0.014,-0.014,
0.008,0.008,0.008,0.008,0.008,0.008,0.008,0.008,0.008,0.008,
-0.017,-0.017,-0.017,-0.017,-0.017,-0.017,-0.017,-0.017,-0.017,-0.017,
0.032,0.032,0.032,0.032,0.032,0.032,0.032,0.032,0.032,0.032,
-0.003,-0.003,-0.003,-0.003,-0.003,-0.003,-0.003,-0.003,-0.003,-0.003,
-0.035,-0.035,-0.035,-0.035,-0.035,-0.035,-0.035,-0.035,-0.035,-0.035,
-0.011,-0.011,-0.011,-0.011,-0.011,-0.011,-0.011,-0.011,-0.011,-0.011,
0.017,0.017,0.017,0.017,0.017,0.017,0.017,0.017,0.017,0.017,
0.017,0.017,0.017,0.017,0.017,0.017,0.017,0.017,0.017,0.017,
0.052,0.052,0.052,0.052,0.052,0.052,0.052,0.052,0.052,0.052,
0.022,0.022,0.022,0.022,0.022,0.022,0.022,0.022,0.022,0.022,
0.019,0.019,0.019,0.019,0.019,0.019,0.019,0.019,0.019,0.019,
0.042,0.042,0.042,0.042,0.042,0.042,0.042,0.042,0.042,0.042,
0.025,0.025,0.025,0.025,0.025,0.025,0.025,0.025,0.025,0.025,
0.036,0.036,0.036,0.036,0.036,0.036,0.036,0.036,0.036,0.036,
0.018,0.018,0.018,0.018,0.018,0.018,0.018,0.018,0.018,0.018,
0.047,0.047,0.047,0.047,0.047,0.047,0.047,0.047,0.047,0.047,
0.061,0.061,0.061,0.061,0.061,0.061,0.061,0.061,0.061,0.061,
0.031,0.031,0.031,0.031,0.031,0.031,0.031,0.031,0.031,0.031,
-0.004,-0.004,-0.004,-0.004,-0.004,-0.004,-0.004,-0.004,-0.004,-0.004,
0.031,0.031,0.031,0.031,0.031,0.031,0.031,0.031,0.031,0.031,
-0.004,-0.004,-0.004,-0.004,-0.004,-0.004,-0.004,-0.004,-0.004,-0.004,
0.032,0.032,0.032,0.032,0.032,0.032,0.032,0.032,0.032,0.032,

-0.032,-0.032,-0.032,-0.032,-0.032,-0.032,-0.032,-0.032,-0.032,-0.032,
-0.003,-0.003,-0.003,-0.003,-0.003,-0.003,-0.003,-0.003,-0.003,-0.003,
-0.014,-0.014,-0.014,-0.014,-0.014,-0.014,-0.014,-0.014,-0.014,-0.014,
0.025,0.025,0.025,0.025,0.025,0.025,0.025,0.025,0.025,0.025,
0.03,0.03,0.03,0.03,0.03,0.03,0.03,0.03,0.03,0.03,
0.02,0.02,0.02,0.02,0.02,0.02,0.02,0.02,0.02,0.02,
-0.014,-0.014,-0.014,-0.014,-0.014,-0.014,-0.014,-0.014,-0.014,-0.014,
-0.033,-0.033,-0.033,-0.033,-0.033,-0.033,-0.033,-0.033,-0.033,-0.033,
0.053,0.053,0.053,0.053,0.053,0.053,0.053,0.053,0.053,0.053,
0.001,0.001,0.001,0.001,0.001,0.001,0.001,0.001,0.001,0.001,
0.017,0.017,0.017,0.017,0.017,0.017,0.017,0.017,0.017,0.017,
-0.034,-0.034,-0.034,-0.034,-0.034,-0.034,-0.034,-0.034,-0.034,-0.034,
-0.001,-0.001,-0.001,-0.001,-0.001,-0.001,-0.001,-0.001,-0.001,-0.001,
0.037,0.037,0.037,0.037,0.037,0.037,0.037,0.037,0.037,0.037,
-0.006,-0.006,-0.006,-0.006,-0.006,-0.006,-0.006,-0.006,-0.006,-0.006,
0.005,0.005,0.005,0.005,0.005,0.005,0.005,0.005,0.005,0.005,
0.001,0.001,0.001,0.001,0.001,0.001,0.001,0.001,0.001,0.001,
0.022,0.022,0.022,0.022,0.022,0.022,0.022,0.022,0.022,0.022,
0.011,0.011,0.011,0.011,0.011,0.011,0.011,0.011,0.011,0.011,
-0.039,-0.039,-0.039,-0.039,-0.039,-0.039,-0.039,-0.039,-0.039,-0.039,
0.015,0.015,0.015,0.015,0.015,0.015,0.015,0.015,0.015,0.015,
-0.018,-0.018,-0.018,-0.018,-0.018,-0.018,-0.018,-0.018,-0.018,-0.018,
-0.001,-0.001,-0.001,-0.001,-0.001,-0.001,-0.001,-0.001,-0.001,-0.001,
-0.026,-0.026,-0.026,-0.026,-0.026,-0.026,-0.026,-0.026,-0.026,-0.026,
-0.003,-0.003,-0.003,-0.003,-0.003,-0.003,-0.003,-0.003,-0.003,-0.003,
-0.004,-0.004,-0.004,-0.004,-0.004,-0.004,-0.004,-0.004,-0.004,-0.004,
-0.015,-0.015,-0.015,-0.015,-0.015,-0.015,-0.015,-0.015,-0.015,-0.015,
0.015,0.015,0.015,0.015,0.015,0.015,0.015,0.015,0.015,0.015,
0.014,0.014,0.014,0.014,0.014,0.014,0.014,0.014,0.014,0.014,
0.002,0.002,0.002,0.002,0.002,0.002,0.002,0.002,0.002,0.002,
-0.066,-0.066,-0.066,-0.066,-0.066,-0.066,-0.066,-0.066,-0.066,-0.066,
-0.002,-0.002,-0.002,-0.002,-0.002,-0.002,-0.002,-0.002,-0.002,-0.002,
0.003,0.003,0.003,0.003,0.003,0.003,0.003,0.003,0.003,0.003,
-0.015,-0.015,-0.015,-0.015,-0.015,-0.015,-0.015,-0.015,-0.015,-0.015,
-0.013,-0.013,-0.013,-0.013,-0.013,-0.013,-0.013,-0.013,-0.013,-0.013,
0.019,0.019,0.019,0.019,0.019,0.019,0.019,0.019,0.019,0.019,
0.003,0.003,0.003,0.003,0.003,0.003,0.003,0.003,0.003,0.003,
-0.007,-0.007,-0.007,-0.007,-0.007,-0.007,-0.007,-0.007,-0.007,-0.007,
0.003,0.003,0.003,0.003,0.003,0.003,0.003,0.003,0.003,0.003,
0.006,0.006,0.006,0.006,0.006,0.006,0.006,0.006,0.006,0.006,
0.002,0.002,0.002,0.002,0.002,0.002,0.002,0.002,0.002,0.002,
-0.004,-0.004,-0.004,-0.004,-0.004,-0.004,-0.004,-0.004,-0.004,-0.004,
-0.019,-0.019,-0.019,-0.019,-0.019,-0.019,-0.019,-0.019,-0.019,-0.019,
-0.011,-0.011,-0.011,-0.011,-0.011,-0.011,-0.011,-0.011,-0.011,-0.011,
-0.013,-0.013,-0.013,-0.013,-0.013,-0.013,-0.013,-0.013,-0.013,-0.013,
-0.022,-0.022,-0.022,-0.022,-0.022,-0.022,-0.022,-0.022,-0.022,-0.022,
-0.041,-0.041,-0.041,-0.041,-0.041,-0.041,-0.041,-0.041,-0.041,-0.041,
0.023,0.023,0.023,0.023,0.023,0.023,0.023,0.023,0.023,0.023,
-0.001,-0.001,-0.001,-0.001,-0.001,-0.001,-0.001,-0.001,-0.001,-0.001,
-0.02,-0.02,-0.02,-0.02,-0.02,-0.02,-0.02,-0.02,-0.02,-0.02,
0.036,0.036,0.036,0.036,0.036,0.036,0.036,0.036,0.036,0.036,
-0.034,-0.034,-0.034,-0.034,-0.034,-0.034,-0.034,-0.034,-0.034,-0.034,
0.019,0.019,0.019,0.019,0.019,0.019,0.019,0.019,0.019,0.019,
0.007,0.007,0.007,0.007,0.007,0.007,0.007,0.007,0.007,0.007,
-0.006,-0.006,-0.006,-0.006,-0.006,-0.006,-0.006,-0.006,-0.006,-0.006,
0.019,0.019,0.019,0.019,0.019,0.019,0.019,0.019,0.019,0.019,
-0.035,-0.035,-0.035,-0.035,-0.035,-0.035,-0.035,-0.035,-0.035,-0.035,
-0.024,-0.024,-0.024,-0.024,-0.024,-0.024,-0.024,-0.024,-0.024,-0.024,
-0.007,-0.007,-0.007,-0.007,-0.007,-0.007,-0.007,-0.007,-0.007,-0.007,
0.029,0.029,0.029,0.029,0.029,0.029,0.029,0.029,0.029,0.029,
0.049,0.049,0.049,0.049,0.049,0.049,0.049,0.049,0.049,0.049,
-0.003,-0.003,-0.003,-0.003,-0.003,-0.003,-0.003,-0.003,-0.003,-0.003,
0.002,0.002,0.002,0.002,0.002,0.002,0.002,0.002,0.002,0.002,
0.056,0.056,0.056,0.056,0.056,0.056,0.056,0.056,0.056,0.056,
0.0,0.0,0.0,0.0,0.0,0.0,0.0,0.0,0.0,0.0,
0.015,0.015,0.015,0.015,0.015,0.015,0.015,0.015,0.015,0.015,
-0.023,-0.023,-0.023,-0.023,-0.023,-0.023,-0.023,-0.023,-0.023,-0.023,
0.019,0.019,0.019,0.019,0.019,0.019,0.019,0.019,0.019,0.019,
-0.014,-0.014,-0.014,-0.014,-0.014,-0.014,-0.014,-0.014,-0.014,-0.014,
-0.046,-0.046,-0.046,-0.046,-0.046,-0.046,-0.046,-0.046,-0.046,-0.046,
0.026,0.026,0.026,0.026,0.026,0.026,0.026,0.026,0.026,0.026,
-0.018,-0.018,-0.018,-0.018,-0.018,-0.018,-0.018,-0.018,-0.018,-0.018,
-0.007,-0.007,-0.007,-0.007,-0.007,-0.007,-0.007,-0.007,-0.007,-0.007,
0.012,0.012,0.012,0.012,0.012,0.012,0.012,0.012,0.012,0.012,
0.027,0.027,0.027,0.027,0.027,0.027,0.027,0.027,0.027,0.027,
-0.047,-0.047,-0.047,-0.047,-0.047,-0.047,-0.047,-0.047,-0.047,-0.047,
0.003,0.003,0.003,0.003,0.003,0.003,0.003,0.003,0.003,0.003,
0.03,0.03,0.03,0.03,0.03,0.03,0.03,0.03,0.03,0.03,
0.014,0.014,0.014,0.014,0.014,0.014,0.014,0.014,0.014,0.014,
0.083,0.083,0.083,0.083,0.083,0.083,0.083,0.083,0.083,0.083,
-0.033,-0.033,-0.033,-0.033,-0.033,-0.033,-0.033,-0.033,-0.033,-0.033,
-0.005,-0.005,-0.005,-0.005,-0.005,-0.005,-0.005,-0.005,-0.005,-0.005,
0.031,0.031,0.031,0.031,0.031,0.031,0.031,0.031,0.031,0.031,
0.024,0.024,0.024,0.024,0.024,0.024,0.024,0.024,0.024,0.024,
0.001,0.001,0.001,0.001,0.001,0.001,0.001,0.001,0.001,0.001,
0.022,0.022,0.022,0.022,0.022,0.022,0.022,0.022,0.022,0.022,
-0.105,-0.105,-0.105,-0.105,-0.105,-0.105,-0.105,-0.105,-0.105,-0.105,
-0.015,-0.015,-0.015,-0.015,-0.015,-0.015,-0.015,-0.015,-0.015,-0.015,
0.063,0.063,0.063,0.063,0.063,0.063,0.063,0.063,0.063,0.063,
-0.035,-0.035,-0.035,-0.035,-0.035,-0.035,-0.035,-0.035,-0.035,-0.035,
0.006,0.006,0.006,0.006,0.006,0.006,0.006,0.006,0.006,0.006,
-0.017,-0.017,-0.017,-0.017,-0.017,-0.017,-0.017,-0.017,-0.017,-0.017,
-0.032,-0.032,-0.032,-0.032,-0.032,-0.032,-0.032,-0.032,-0.032,-0.032,
-0.014,-0.014,-0.014,-0.014,-0.014,-0.014,-0.014,-0.014,-0.014,-0.014,
0.001,0.001,0.001,0.001,0.001,0.001,0.001,0.001,0.001,0.001,
-0.02,-0.02,-0.02,-0.02,-0.02,-0.02,-0.02,-0.02,-0.02,-0.02,
-0.026,-0.026,-0.026,-0.026,-0.026,-0.026,-0.026,-0.026,-0.026,-0.026,
0.004,0.004,0.004,0.004,0.004,0.004,0.004,0.004,0.004,0.004,
0.006,0.006,0.006,0.006,0.006,0.006,0.006,0.006,0.006,0.006,
0.001,0.001,0.001,0.001,0.001,0.001,0.001,0.001,0.001,0.001,

0.026,0.026,0.026,0.026,0.026,0.026,0.026,0.026,0.026,0.026,
0.017,0.017,0.017,0.017,0.017,0.017,0.017,0.017,0.017,0.017,
-0.012,-0.012,-0.012,-0.012,-0.012,-0.012,-0.012,-0.012,-0.012,-0.012,
0.008,0.008,0.008,0.008,0.008,0.008,0.008,0.008,0.008,0.008,
-0.014,-0.014,-0.014,-0.014,-0.014,-0.014,-0.014,-0.014,-0.014,-0.014,
0.001,0.001,0.001,0.001,0.001,0.001,0.001,0.001,0.001,0.001,
-0.01,-0.01,-0.01,-0.01,-0.01,-0.01,-0.01,-0.01,-0.01,-0.01,
-0.006,-0.006,-0.006,-0.006,-0.006,-0.006,-0.006,-0.006,-0.006,-0.006,
-0.008,-0.008,-0.008,-0.008,-0.008,-0.008,-0.008,-0.008,-0.008,-0.008,
-0.06,-0.06,-0.06,-0.06,-0.06,-0.06,-0.06,-0.06,-0.06,-0.06,
-0.021,-0.021,-0.021,-0.021,-0.021,-0.021,-0.021,-0.021,-0.021,-0.021,
0.017,0.017,0.017,0.017,0.017,0.017,0.017,0.017,0.017,0.017,
0.004,0.004,0.004,0.004,0.004,0.004,0.004,0.004,0.004,0.004,
0.018,0.018,0.018,0.018,0.018,0.018,0.018,0.018,0.018,0.018,
0.005,0.005,0.005,0.005,0.005,0.005,0.005,0.005,0.005,0.005,
-0.03,-0.03,-0.03,-0.03,-0.03,-0.03,-0.03,-0.03,-0.03,-0.03,
0.0,0.0,0.0,0.0,0.0,0.0,0.0,0.0,0.0,0.0,
-0.02,-0.02,-0.02,-0.02,-0.02,-0.02,-0.02,-0.02,-0.02,-0.02,
-0.036,-0.036,-0.036,-0.036,-0.036,-0.036,-0.036,-0.036,-0.036,-0.036,
0.017,0.017,0.017,0.017,0.017,0.017,0.017,0.017,0.017,0.017,
-0.003,-0.003,-0.003,-0.003,-0.003,-0.003,-0.003,-0.003,-0.003,-0.003,
0.057,0.057,0.057,0.057,0.057,0.057,0.057,0.057,0.057,0.057,
-0.042,-0.042,-0.042,-0.042,-0.042,-0.042,-0.042,-0.042,-0.042,-0.042,
-0.017,-0.017,-0.017,-0.017,-0.017,-0.017,-0.017,-0.017,-0.017,-0.017,
-0.004,-0.004,-0.004,-0.004,-0.004,-0.004,-0.004,-0.004,-0.004,-0.004,
0.016,0.016,0.016,0.016,0.016,0.016,0.016,0.016,0.016,0.016,
-0.016,-0.016,-0.016,-0.016,-0.016,-0.016,-0.016,-0.016,-0.016,-0.016,
-0.008,-0.008,-0.008,-0.008,-0.008,-0.008,-0.008,-0.008,-0.008,-0.008,
-0.017,-0.017,-0.017,-0.017,-0.017,-0.017,-0.017,-0.017,-0.017,-0.017,
0.004,0.004,0.004,0.004,0.004,0.004,0.004,0.004,0.004,0.004,
0.039,0.039,0.039,0.039,0.039,0.039,0.039,0.039,0.039,0.039,
0.03,0.03,0.03,0.03,0.03,0.03,0.03,0.03,0.03,0.03,
0.024,0.024,0.024,0.024,0.024,0.024,0.024,0.024,0.024,0.024,
-0.012,-0.012,-0.012,-0.012,-0.012,-0.012,-0.012,-0.012,-0.012,-0.012,
0.005,0.005,0.005,0.005,0.005,0.005,0.005,0.005,0.005,0.005,
-0.02,-0.02,-0.02,-0.02,-0.02,-0.02,-0.02,-0.02,-0.02,-0.02,
-0.01,-0.01,-0.01,-0.01,-0.01,-0.01,-0.01,-0.01,-0.01,-0.01,
0.028,0.028,0.028,0.028,0.028,0.028,0.028,0.028,0.028,0.028,
-0.034,-0.034,-0.034,-0.034,-0.034,-0.034,-0.034,-0.034,-0.034,-0.034,
0.017,0.017,0.017,0.017,0.017,0.017,0.017,0.017,0.017,0.017,
-0.01,-0.01,-0.01,-0.01,-0.01,-0.01,-0.01,-0.01,-0.01,-0.01,
0.027,0.027,0.027,0.027,0.027,0.027,0.027,0.027,0.027,0.027,
0.013,0.013,0.013,0.013,0.013,0.013,0.013,0.013,0.013,0.013,
-0.008,-0.008,-0.008,-0.008,-0.008,-0.008,-0.008,-0.008,-0.008,-0.008,
-0.044,-0.044,-0.044,-0.044,-0.044,-0.044,-0.044,-0.044,-0.044,-0.044,
0.008,0.008,0.008,0.008,0.008,0.008,0.008,0.008,0.008,0.008,
0.051,0.051,0.051,0.051,0.051,0.051,0.051,0.051,0.051,0.051,
0.005,0.005,0.005,0.005,0.005,0.005,0.005,0.005,0.005,0.005,
-0.004,-0.004,-0.004,-0.004,-0.004,-0.004,-0.004,-0.004,-0.004,-0.004,
-0.039,-0.039,-0.039,-0.039,-0.039,-0.039,-0.039,-0.039,-0.039,-0.039,
-0.01,-0.01,-0.01,-0.01,-0.01,-0.01,-0.01,-0.01,-0.01,-0.01,
0.028,0.028,0.028,0.028,0.028,0.028,0.028,0.028,0.028,0.028,
-0.034,-0.034,-0.034,-0.034,-0.034,-0.034,-0.034,-0.034,-0.034,-0.034,
0.019,0.019,0.019,0.019,0.019,0.019,0.019,0.019,0.019,0.019,
-0.003,-0.003,-0.003,-0.003,-0.003,-0.003,-0.003,-0.003,-0.003,-0.003,
0.018,0.018,0.018,0.018,0.018,0.018,0.018,0.018,0.018,0.018,
0.024,0.024,0.024,0.024,0.024,0.024,0.024,0.024,0.024,0.024,
0.007,0.007,0.007,0.007,0.007,0.007,0.007,0.007,0.007,0.007,
-0.037,-0.037,-0.037,-0.037,-0.037,-0.037,-0.037,-0.037,-0.037,-0.037,
-0.015,-0.015,-0.015,-0.015,-0.015,-0.015,-0.015,-0.015,-0.015,-0.015,
-0.013,-0.013,-0.013,-0.013,-0.013,-0.013,-0.013,-0.013,-0.013,-0.013,
0.005,0.005,0.005,0.005,0.005,0.005,0.005,0.005,0.005,0.005,
-0.008,-0.008,-0.008,-0.008,-0.008,-0.008,-0.008,-0.008,-0.008,-0.008,
-0.037,-0.037,-0.037,-0.037,-0.037,-0.037,-0.037,-0.037,-0.037,-0.037,
-0.004,-0.004,-0.004,-0.004,-0.004,-0.004,-0.004,-0.004,-0.004,-0.004,
-0.002,-0.002,-0.002,-0.002,-0.002,-0.002,-0.002,-0.002,-0.002,-0.002,
0.022,0.022,0.022,0.022,0.022,0.022,0.022,0.022,0.022,0.022,
-0.034,-0.034,-0.034,-0.034,-0.034,-0.034,-0.034,-0.034,-0.034,-0.034,
0.047,0.047,0.047,0.047,0.047,0.047,0.047,0.047,0.047,0.047,
0.01,0.01,0.01,0.01,0.01,0.01,0.01,0.01,0.01,0.01,
-0.009,-0.009,-0.009,-0.009,-0.009,-0.009,-0.009,-0.009,-0.009,-0.009,
0.038,0.038,0.038,0.038,0.038,0.038,0.038,0.038,0.038,0.038,
0.036,0.036,0.036,0.036,0.036,0.036,0.036,0.036,0.036,0.036,
0.011,0.011,0.011,0.011,0.011,0.011,0.011,0.011,0.011,0.011,
-0.02,-0.02,-0.02,-0.02,-0.02,-0.02,-0.02,-0.02,-0.02,-0.02,
0.003,0.003,0.003,0.003,0.003,0.003,0.003,0.003,0.003,0.003,
-0.032,-0.032,-0.032,-0.032,-0.032,-0.032,-0.032,-0.032,-0.032,-0.032,
-0.006,-0.006,-0.006,-0.006,-0.006,-0.006,-0.006,-0.006,-0.006,-0.006,
-0.024,-0.024,-0.024,-0.024,-0.024,-0.024,-0.024,-0.024,-0.024,-0.024,
-0.031,-0.031,-0.031,-0.031,-0.031,-0.031,-0.031,-0.031,-0.031,-0.031,
0.002,0.002,0.002,0.002,0.002,0.002,0.002,0.002,0.002,0.002,
0.007,0.007,0.007,0.007,0.007,0.007,0.007,0.007,0.007,0.007,
0.0,0.0,0.0,0.0,0.0,0.0,0.0,0.0,0.0,0.0,
0.005,0.005,0.005,0.005,0.005,0.005,0.005,0.005,0.005,0.005,
0.037,0.037,0.037,0.037,0.037,0.037,0.037,0.037,0.037,0.037,
-0.038,-0.038,-0.038,-0.038,-0.038,-0.038,-0.038,-0.038,-0.038,-0.038,
0.095,0.095,0.095,0.095,0.095,0.095,0.095,0.095,0.095,0.095,
-0.021,-0.021,-0.021,-0.021,-0.021,-0.021,-0.021,-0.021,-0.021,-0.021,
-0.087,-0.087,-0.087,-0.087,-0.087,-0.087,-0.087,-0.087,-0.087,-0.087,
0.05,0.05,0.05,0.05,0.05,0.05,0.05,0.05,0.05,0.05,
-0.024,-0.024,-0.024,-0.024,-0.024,-0.024,-0.024,-0.024,-0.024,-0.024,
0.006,0.006,0.006,0.006,0.006,0.006,0.006,0.006,0.006,0.006,
0.012,0.012,0.012,0.012,0.012,0.012,0.012,0.012,0.012,0.012,
-0.017,-0.017,-0.017,-0.017,-0.017,-0.017,-0.017,-0.017,-0.017,-0.017,
-0.024,-0.024,-0.024,-0.024,-0.024,-0.024,-0.024,-0.024,-0.024,-0.024,
0.036,0.036,0.036,0.036,0.036,0.036,0.036,0.036,0.036,0.036,
0.004,0.004,0.004,0.004,0.004,0.004,0.004,0.004,0.004,0.004,
-0.009,-0.009,-0.009,-0.009,-0.009,-0.009,-0.009,-0.009,-0.009,-0.009,
-0.004,-0.004,-0.004,-0.004,-0.004,-0.004,-0.004,-0.004,-0.004,-0.004,
0.024,0.024,0.024,0.024,0.024,0.024,0.024,0.024,0.024,0.024,

0.003,0.003,0.003,0.003,0.003,0.003,0.003,0.003,0.003,0.003,
-0.007,-0.007,-0.007,-0.007,-0.007,-0.007,-0.007,-0.007,-0.007,-0.007,
-0.005,-0.005,-0.005,-0.005,-0.005,-0.005,-0.005,-0.005,-0.005,-0.005,
0.007,0.007,0.007,0.007,0.007,0.007,0.007,0.007,0.007,0.007,
-0.062,-0.062,-0.062,-0.062,-0.062,-0.062,-0.062,-0.062,-0.062,-0.062,
0.01,0.01,0.01,0.01,0.01,0.01,0.01,0.01,0.01,0.01,
0.016,0.016,0.016,0.016,0.016,0.016,0.016,0.016,0.016,0.016,
0.027,0.027,0.027,0.027,0.027,0.027,0.027,0.027,0.027,0.027,
-0.022,-0.022,-0.022,-0.022,-0.022,-0.022,-0.022,-0.022,-0.022,-0.022,
0.044,0.044,0.044,0.044,0.044,0.044,0.044,0.044,0.044,0.044,
0.027,0.027,0.027,0.027,0.027,0.027,0.027,0.027,0.027,0.027,
0.02,0.02,0.02,0.02,0.02,0.02,0.02,0.02,0.02,0.02,
-0.049,-0.049,-0.049,-0.049,-0.049,-0.049,-0.049,-0.049,-0.049,-0.049,
0.001,0.001,0.001,0.001,0.001,0.001,0.001,0.001,0.001,0.001,
-0.043,-0.043,-0.043,-0.043,-0.043,-0.043,-0.043,-0.043,-0.043,-0.043,
0.02,0.02,0.02,0.02,0.02,0.02,0.02,0.02,0.02,0.02,
-0.066,-0.066,-0.066,-0.066,-0.066,-0.066,-0.066,-0.066,-0.066,-0.066,
0.013,0.013,0.013,0.013,0.013,0.013,0.013,0.013,0.013,0.013,
0.043,0.043,0.043,0.043,0.043,0.043,0.043,0.043,0.043,0.043,
-0.081,-0.081,-0.081,-0.081,-0.081,-0.081,-0.081,-0.081,-0.081,-0.081,
-0.027,-0.027,-0.027,-0.027,-0.027,-0.027,-0.027,-0.027,-0.027,-0.027,
-0.039,-0.039,-0.039,-0.039,-0.039,-0.039,-0.039,-0.039,-0.039,-0.039,
0.055,0.055,0.055,0.055,0.055,0.055,0.055,0.055,0.055,0.055,
0.017,0.017,0.017,0.017,0.017,0.017,0.017,0.017,0.017,0.017,
0.004,0.004,0.004,0.004,0.004,0.004,0.004,0.004,0.004,0.004,
-0.014,-0.014,-0.014,-0.014,-0.014,-0.014,-0.014,-0.014,-0.014,-0.014,
0.02,0.02,0.02,0.02,0.02,0.02,0.02,0.02,0.02,0.02,
-0.055,-0.055,-0.055,-0.055,-0.055,-0.055,-0.055,-0.055,-0.055,-0.055,
0.001,0.001,0.001,0.001,0.001,0.001,0.001,0.001,0.001,0.001,
-0.005,-0.005,-0.005,-0.005,-0.005,-0.005,-0.005,-0.005,-0.005,-0.005,
0.022,0.022,0.022,0.022,0.022,0.022,0.022,0.022,0.022,0.022,
-0.009,-0.009,-0.009,-0.009,-0.009,-0.009,-0.009,-0.009,-0.009,-0.009,
0.026,0.026,0.026,0.026,0.026,0.026,0.026,0.026,0.026,0.026,
0.029,0.029,0.029,0.029,0.029,0.029,0.029,0.029,0.029,0.029,
0.018,0.018,0.018,0.018,0.018,0.018,0.018,0.018,0.018,0.018,
-0.012,-0.012,-0.012,-0.012,-0.012,-0.012,-0.012,-0.012,-0.012,-0.012,
0.019,0.019,0.019,0.019,0.019,0.019,0.019,0.019,0.019,0.019,
-0.02,-0.02,-0.02,-0.02,-0.02,-0.02,-0.02,-0.02,-0.02,-0.02,
-0.0,-0.0,-0.0,-0.0,-0.0,-0.0,-0.0,-0.0,-0.0,-0.0,
-0.071,-0.071,-0.071,-0.071,-0.071,-0.071,-0.071,-0.071,-0.071,-0.071,
-0.032,-0.032,-0.032,-0.032,-0.032,-0.032,-0.032,-0.032,-0.032,-0.032,
-0.018,-0.018,-0.018,-0.018,-0.018,-0.018,-0.018,-0.018,-0.018,-0.018,
0.012,0.012,0.012,0.012,0.012,0.012,0.012,0.012,0.012,0.012,
0.009,0.009,0.009,0.009,0.009,0.009,0.009,0.009,0.009,0.009,
0.073,0.073,0.073,0.073,0.073,0.073,0.073,0.073,0.073,0.073,
-0.013,-0.013,-0.013,-0.013,-0.013,-0.013,-0.013,-0.013,-0.013,-0.013,
-0.019,-0.019,-0.019,-0.019,-0.019,-0.019,-0.019,-0.019,-0.019,-0.019,
0.046,0.046,0.046,0.046,0.046,0.046,0.046,0.046,0.046,0.046,
0.01,0.01,0.01,0.01,0.01,0.01,0.01,0.01,0.01,0.01,
0.099,0.099,0.099,0.099,0.099,0.099,0.099,0.099,0.099,0.099,
0.005,0.005,0.005,0.005,0.005,0.005,0.005,0.005,0.005,0.005,
-0.013,-0.013,-0.013,-0.013,-0.013,-0.013,-0.013,-0.013,-0.013,-0.013,
0.025,0.025,0.025,0.025,0.025,0.025,0.025,0.025,0.025,0.025,
-0.005,-0.005,-0.005,-0.005,-0.005,-0.005,-0.005,-0.005,-0.005,-0.005,
0.008,0.008,0.008,0.008,0.008,0.008,0.008,0.008,0.008,0.008,
-0.036,-0.036,-0.036,-0.036,-0.036,-0.036,-0.036,-0.036,-0.036,-0.036,
-0.009,-0.009,-0.009,-0.009,-0.009,-0.009,-0.009,-0.009,-0.009,-0.009,
-0.02,-0.02,-0.02,-0.02,-0.02,-0.02,-0.02,-0.02,-0.02,-0.02,
0.042,0.042,0.042,0.042,0.042,0.042,0.042,0.042,0.042,0.042,
-0.002,-0.002,-0.002,-0.002,-0.002,-0.002,-0.002,-0.002,-0.002,-0.002,
-0.056,-0.056,-0.056,-0.056,-0.056,-0.056,-0.056,-0.056,-0.056,-0.056,
-0.012,-0.012,-0.012,-0.012,-0.012,-0.012,-0.012,-0.012,-0.012,-0.012,
-0.001,-0.001,-0.001,-0.001,-0.001,-0.001,-0.001,-0.001,-0.001,-0.001,
0.029,0.029,0.029,0.029,0.029,0.029,0.029,0.029,0.029,0.029,
0.015,0.015,0.015,0.015,0.015,0.015,0.015,0.015,0.015,0.015,
-0.039,-0.039,-0.039,-0.039,-0.039,-0.039,-0.039,-0.039,-0.039,-0.039,
-0.119,-0.119,-0.119,-0.119,-0.119,-0.119,-0.119,-0.119,-0.119,-0.119,
0.035,0.035,0.035,0.035,0.035,0.035,0.035,0.035,0.035,0.035,
-0.115,-0.115,-0.115,-0.115,-0.115,-0.115,-0.115,-0.115,-0.115,-0.115,
0.02,0.02,0.02,0.02,0.02,0.02,0.02,0.02,0.02,0.02,
-0.013,-0.013,-0.013,-0.013,-0.013,-0.013,-0.013,-0.013,-0.013,-0.013,
0.001,0.001,0.001,0.001,0.001,0.001,0.001,0.001,0.001,0.001,
-0.014,-0.014,-0.014,-0.014,-0.014,-0.014,-0.014,-0.014,-0.014,-0.014,
-0.01,-0.01,-0.01,-0.01,-0.01,-0.01,-0.01,-0.01,-0.01,-0.01,
-0.007,-0.007,-0.007,-0.007,-0.007,-0.007,-0.007,-0.007,-0.007,-0.007,
0.038,0.038,0.038,0.038,0.038,0.038,0.038,0.038,0.038,0.038,
0.033,0.033,0.033,0.033,0.033,0.033,0.033,0.033,0.033,0.033,
0.01,0.01,0.01,0.01,0.01,0.01,0.01,0.01,0.01,0.01,
0.021,0.021,0.021,0.021,0.021,0.021,0.021,0.021,0.021,0.021,
0.003,0.003,0.003,0.003,0.003,0.003,0.003,0.003,0.003,0.003,
-0.009,-0.009,-0.009,-0.009,-0.009,-0.009,-0.009,-0.009,-0.009,-0.009,
0.003,0.003,0.003,0.003,0.003,0.003,0.003,0.003,0.003,0.003,
-0.006,-0.006,-0.006,-0.006,-0.006,-0.006,-0.006,-0.006,-0.006,-0.006,
-0.023,-0.023,-0.023,-0.023,-0.023,-0.023,-0.023,-0.023,-0.023,-0.023,
-0.023,-0.023,-0.023,-0.023,-0.023,-0.023,-0.023,-0.023,-0.023,-0.023,
0.023,0.023,0.023,0.023,0.023,0.023,0.023,0.023,0.023,0.023,
-0.049,-0.049,-0.049,-0.049,-0.049,-0.049,-0.049,-0.049,-0.049,-0.049,
0.002,0.002,0.002,0.002,0.002,0.002,0.002,0.002,0.002,0.002,
-0.055,-0.055,-0.055,-0.055,-0.055,-0.055,-0.055,-0.055,-0.055,-0.055,
-0.043,-0.043,-0.043,-0.043,-0.043,-0.043,-0.043,-0.043,-0.043,-0.043,
0.007,0.007,0.007,0.007,0.007,0.007,0.007,0.007,0.007,0.007,
-0.025,-0.025,-0.025,-0.025,-0.025,-0.025,-0.025,-0.025,-0.025,-0.025,
0.001,0.001,0.001,0.001,0.001,0.001,0.001,0.001,0.001,0.001,
0.009,0.009,0.009,0.009,0.009,0.009,0.009,0.009,0.009,0.009,
-0.001,-0.001,-0.001,-0.001,-0.001,-0.001,-0.001,-0.001,-0.001,-0.001,
-0.017,-0.017,-0.017,-0.017,-0.017,-0.017,-0.017,-0.017,-0.017,-0.017,
-0.005,-0.005,-0.005,-0.005,-0.005,-0.005,-0.005,-0.005,-0.005,-0.005,
0.008,0.008,0.008,0.008,0.008,0.008,0.008,0.008,0.008,0.008,
-0.046,-0.046,-0.046,-0.046,-0.046,-0.046,-0.046,-0.046,-0.046,-0.046,
0.011,0.011,0.011,0.011,0.011,0.011,0.011,0.011,0.011,0.011,

-0.038,-0.038,-0.038,-0.038,-0.038,-0.038,-0.038,-0.038,-0.038,-0.038,
0.017,0.017,0.017,0.017,0.017,0.017,0.017,0.017,0.017,0.017,
0.033,0.033,0.033,0.033,0.033,0.033,0.033,0.033,0.033,0.033,
-0.028,-0.028,-0.028,-0.028,-0.028,-0.028,-0.028,-0.028,-0.028,-0.028,
0.038,0.038,0.038,0.038,0.038,0.038,0.038,0.038,0.038,0.038,
-0.006,-0.006,-0.006,-0.006,-0.006,-0.006,-0.006,-0.006,-0.006,-0.006,
0.014,0.014,0.014,0.014,0.014,0.014,0.014,0.014,0.014,0.014,
-0.006,-0.006,-0.006,-0.006,-0.006,-0.006,-0.006,-0.006,-0.006,-0.006,
0.023,0.023,0.023,0.023,0.023,0.023,0.023,0.023,0.023,0.023,
0.003,0.003,0.003,0.003,0.003,0.003,0.003,0.003,0.003,0.003,
-0.026,-0.026,-0.026,-0.026,-0.026,-0.026,-0.026,-0.026,-0.026,-0.026,
0.013,0.013,0.013,0.013,0.013,0.013,0.013,0.013,0.013,0.013,
0.028,0.028,0.028,0.028,0.028,0.028,0.028,0.028,0.028,0.028,
0.006,0.006,0.006,0.006,0.006,0.006,0.006,0.006,0.006,0.006,
0.06,0.06,0.06,0.06,0.06,0.06,0.06,0.06,0.06,0.06,
0.016,0.016,0.016,0.016,0.016,0.016,0.016,0.016,0.016,0.016,
0.074,0.074,0.074,0.074,0.074,0.074,0.074,0.074,0.074,0.074,
-0.002,-0.002,-0.002,-0.002,-0.002,-0.002,-0.002,-0.002,-0.002,-0.002,
0.009,0.009,0.009,0.009,0.009,0.009,0.009,0.009,0.009,0.009,
0.053,0.053,0.053,0.053,0.053,0.053,0.053,0.053,0.053,0.053,
0.015,0.015,0.015,0.015,0.015,0.015,0.015,0.015,0.015,0.015,
0.021,0.021,0.021,0.021,0.021,0.021,0.021,0.021,0.021,0.021,
-0.035,-0.035,-0.035,-0.035,-0.035,-0.035,-0.035,-0.035,-0.035,-0.035,
0.005,0.005,0.005,0.005,0.005,0.005,0.005,0.005,0.005,0.005,
0.007,0.007,0.007,0.007,0.007,0.007,0.007,0.007,0.007,0.007,
0.0,0.0,0.0,0.0,0.0,0.0,0.0,0.0,0.0,0.0,
-0.008,-0.008,-0.008,-0.008,-0.008,-0.008,-0.008,-0.008,-0.008,-0.008,
0.052,0.052,0.052,0.052,0.052,0.052,0.052,0.052,0.052,0.052,
0.007,0.007,0.007,0.007,0.007,0.007,0.007,0.007,0.007,0.007,
-0.018,-0.018,-0.018,-0.018,-0.018,-0.018,-0.018,-0.018,-0.018,-0.018,
0.005,0.005,0.005,0.005,0.005,0.005,0.005,0.005,0.005,0.005,
-0.004,-0.004,-0.004,-0.004,-0.004,-0.004,-0.004,-0.004,-0.004,-0.004,
-0.013,-0.013,-0.013,-0.013,-0.013,-0.013,-0.013,-0.013,-0.013,-0.013,
-0.016,-0.016,-0.016,-0.016,-0.016,-0.016,-0.016,-0.016,-0.016,-0.016,
-0.013,-0.013,-0.013,-0.013,-0.013,-0.013,-0.013,-0.013,-0.013,-0.013,
0.018,0.018,0.018,0.018,0.018,0.018,0.018,0.018,0.018,0.018,
-0.026,-0.026,-0.026,-0.026,-0.026,-0.026,-0.026,-0.026,-0.026,-0.026,
-0.013,-0.013,-0.013,-0.013,-0.013,-0.013,-0.013,-0.013,-0.013,-0.013,
0.041,0.041,0.041,0.041,0.041,0.041,0.041,0.041,0.041,0.041,
0.061,0.061,0.061,0.061,0.061,0.061,0.061,0.061,0.061,0.061,
0.027,0.027,0.027,0.027,0.027,0.027,0.027,0.027,0.027,0.027,
-0.049,-0.049,-0.049,-0.049,-0.049,-0.049,-0.049,-0.049,-0.049,-0.049,
-0.012,-0.012,-0.012,-0.012,-0.012,-0.012,-0.012,-0.012,-0.012,-0.012,
-0.007,-0.007,-0.007,-0.007,-0.007,-0.007,-0.007,-0.007,-0.007,-0.007,
-0.026,-0.026,-0.026,-0.026,-0.026,-0.026,-0.026,-0.026,-0.026,-0.026,
0.035,0.035,0.035,0.035,0.035,0.035,0.035,0.035,0.035,0.035,
0.006,0.006,0.006,0.006,0.006,0.006,0.006,0.006,0.006,0.006,
-0.072,-0.072,-0.072,-0.072,-0.072,-0.072,-0.072,-0.072,-0.072,-0.072,
0.009,0.009,0.009,0.009,0.009,0.009,0.009,0.009,0.009,0.009,
-0.098,-0.098,-0.098,-0.098,-0.098,-0.098,-0.098,-0.098,-0.098,-0.098,
-0.033,-0.033,-0.033,-0.033,-0.033,-0.033,-0.033,-0.033,-0.033,-0.033,
0.004,0.004,0.004,0.004,0.004,0.004,0.004,0.004,0.004,0.004,
-0.062,-0.062,-0.062,-0.062,-0.062,-0.062,-0.062,-0.062,-0.062,-0.062,
0.004,0.004,0.004,0.004,0.004,0.004,0.004,0.004,0.004,0.004,
0.016,0.016,0.016,0.016,0.016,0.016,0.016,0.016,0.016,0.016,
-0.02,-0.02,-0.02,-0.02,-0.02,-0.02,-0.02,-0.02,-0.02,-0.02,
0.008,0.008,0.008,0.008,0.008,0.008,0.008,0.008,0.008,0.008,
0.024,0.024,0.024,0.024,0.024,0.024,0.024,0.024,0.024,0.024,
-0.006,-0.006,-0.006,-0.006,-0.006,-0.006,-0.006,-0.006,-0.006,-0.006,
-0.015,-0.015,-0.015,-0.015,-0.015,-0.015,-0.015,-0.015,-0.015,-0.015,
0.031,0.031,0.031,0.031,0.031,0.031,0.031,0.031,0.031,0.031,
-0.005,-0.005,-0.005,-0.005,-0.005,-0.005,-0.005,-0.005,-0.005,-0.005,
0.006,0.006,0.006,0.006,0.006,0.006,0.006,0.006,0.006,0.006,
-0.047,-0.047,-0.047,-0.047,-0.047,-0.047,-0.047,-0.047,-0.047,-0.047,
0.028,0.028,0.028,0.028,0.028,0.028,0.028,0.028,0.028,0.028,
0.025,0.025,0.025,0.025,0.025,0.025,0.025,0.025,0.025,0.025,
0.112,0.112,0.112,0.112,0.112,0.112,0.112,0.112,0.112,0.112,
-0.017,-0.017,-0.017,-0.017,-0.017,-0.017,-0.017,-0.017,-0.017,-0.017,
0.085,0.085,0.085,0.085,0.085,0.085,0.085,0.085,0.085,0.085,
-0.017,-0.017,-0.017,-0.017,-0.017,-0.017,-0.017,-0.017,-0.017,-0.017,
0.009,0.009,0.009,0.009,0.009,0.009,0.009,0.009,0.009,0.009,
0.005,0.005,0.005,0.005,0.005,0.005,0.005,0.005,0.005,0.005,
-0.005,-0.005,-0.005,-0.005,-0.005,-0.005,-0.005,-0.005,-0.005,-0.005,
-0.025,-0.025,-0.025,-0.025,-0.025,-0.025,-0.025,-0.025,-0.025,-0.025,
-0.001,-0.001,-0.001,-0.001,-0.001,-0.001,-0.001,-0.001,-0.001,-0.001,
-0.008,-0.008,-0.008,-0.008,-0.008,-0.008,-0.008,-0.008,-0.008,-0.008,
-0.014,-0.014,-0.014,-0.014,-0.014,-0.014,-0.014,-0.014,-0.014,-0.014,
-0.014,-0.014,-0.014,-0.014,-0.014,-0.014,-0.014,-0.014,-0.014,-0.014,
-0.009,-0.009,-0.009,-0.009,-0.009,-0.009,-0.009,-0.009,-0.009,-0.009,
-0.027,-0.027,-0.027,-0.027,-0.027,-0.027,-0.027,-0.027,-0.027,-0.027,
0.029,0.029,0.029,0.029,0.029,0.029,0.029,0.029,0.029,0.029,
-0.009,-0.009,-0.009,-0.009,-0.009,-0.009,-0.009,-0.009,-0.009,-0.009,
-0.038,-0.038,-0.038,-0.038,-0.038,-0.038,-0.038,-0.038,-0.038,-0.038,
0.006,0.006,0.006,0.006,0.006,0.006,0.006,0.006,0.006,0.006,
0.0,0.0,0.0,0.0,0.0,0.0,0.0,0.0,0.0,0.0,
-0.01,-0.01,-0.01,-0.01,-0.01,-0.01,-0.01,-0.01,-0.01,-0.01,
0.064,0.064,0.064,0.064,0.064,0.064,0.064,0.064,0.064,0.064,
0.046,0.046,0.046,0.046,0.046,0.046,0.046,0.046,0.046,0.046,
0.094,0.094,0.094,0.094,0.094,0.094,0.094,0.094,0.094,0.094,
0.026,0.026,0.026,0.026,0.026,0.026,0.026,0.026,0.026,0.026,
0.02,0.02,0.02,0.02,0.02,0.02,0.02,0.02,0.02,0.02,
0.037,0.037,0.037,0.037,0.037,0.037,0.037,0.037,0.037,0.037,
0.018,0.018,0.018,0.018,0.018,0.018,0.018,0.018,0.018,0.018,
-0.053,-0.053,-0.053,-0.053,-0.053,-0.053,-0.053,-0.053,-0.053,-0.053,
0.022,0.022,0.022,0.022,0.022,0.022,0.022,0.022,0.022,0.022,
-0.02,-0.02,-0.02,-0.02,-0.02,-0.02,-0.02,-0.02,-0.02,-0.02,
0.028,0.028,0.028,0.028,0.028,0.028,0.028,0.028,0.028,0.028,
0.013,0.013,0.013,0.013,0.013,0.013,0.013,0.013,0.013,0.013,
0.02,0.02,0.02,0.02,0.02,0.02,0.02,0.02,0.02,0.02,
-0.03,-0.03,-0.03,-0.03,-0.03,-0.03,-0.03,-0.03,-0.03,-0.03,


