1.0,1.0,1.0,1.0,1.0,1.0,1.0,1.0,1.0,1.0,
1.0,1.0,1.0,1.0,1.0,1.0,1.0,1.0,1.0,1.0,
0.977,0.977,0.977,0.977,0.977,0.977,0.977,0.977,0.977,0.977,
1.0,1.0,1.0,1.0,1.0,1.0,1.0,1.0,1.0,1.0,
0.932,0.932,0.932,0.932,0.932,0.932,0.932,0.932,0.932,0.932,
0.965,0.965,0.965,0.965,0.965,0.965,0.965,0.965,0.965,0.965,
0.906,0.906,0.906,0.906,0.906,0.906,0.906,0.906,0.906,0.906,
1.0,1.0,1.0,1.0,1.0,1.0,1.0,1.0,1.0,1.0,
1.0,1.0,1.0,1.0,1.0,1.0,1.0,1.0,1.0,1.0,
1.0,1.0,1.0,1.0,1.0,1.0,1.0,1.0,1.0,1.0,
1.0,1.0,1.0,1.0,1.0,1.0,1.0,1.0,1.0,1.0,
1.0,1.0,1.0,1.0,1.0,1.0,1.0,1.0,1.0,1.0,
1.0,1.0,1.0,1.0,1.0,1.0,1.0,1.0,1.0,1.0,
1.0,1.0,1.0,1.0,1.0,1.0,1.0,1.0,1.0,1.0,
1.0,1.0,1.0,1.0,1.0,1.0,1.0,1.0,1.0,1.0,
0.967,0.967,0.967,0.967,0.967,0.967,0.967,0.967,0.967,0.967,
1.0,1.0,1.0,1.0,1.0,1.0,1.0,1.0,1.0,1.0,
1.0,1.0,1.0,1.0,1.0,1.0,1.0,1.0,1.0,1.0,
1.0,1.0,1.0,1.0,1.0,1.0,1.0,1.0,1.0,1.0,
1.0,1.0,1.0,1.0,1.0,1.0,1.0,1.0,1.0,1.0,
1.0,1.0,1.0,1.0,1.0,1.0,1.0,1.0,1.0,1.0,
1.0,1.0,1.0,1.0,1.0,1.0,1.0,1.0,1.0,1.0,
1.0,1.0,1.0,1.0,1.0,1.0,1.0,1.0,1.0,1.0,
1.0,1.0,1.0,1.0,1.0,1.0,1.0,1.0,1.0,1.0,
1.0,1.0,1.0,1.0,1.0,1.0,1.0,1.0,1.0,1.0,
1.0,1.0,1.0,1.0,1.0,1.0,1.0,1.0,1.0,1.0,
1.0,1.0,1.0,1.0,1.0,1.0,1.0,1.0,1.0,1.0,
1.0,1.0,1.0,1.0,1.0,1.0,1.0,1.0,1.0,1.0,
1.0,1.0,1.0,1.0,1.0,1.0,1.0,1.0,1.0,1.0,
1.0,1.0,1.0,1.0,1.0,1.0,1.0,1.0,1.0,1.0,
0.892,0.892,0.892,0.892,0.892,0.892,0.892,0.892,0.892,0.892,
0.925,0.925,0.925,0.925,0.925,0.925,0.925,0.925,0.925,0.925,
1.0,1.0,1.0,1.0,1.0,1.0,1.0,1.0,1.0,1.0,
1.0,1.0,1.0,1.0,1.0,1.0,1.0,1.0,1.0,1.0,
1.0,1.0,1.0,1.0,1.0,1.0,1.0,1.0,1.0,1.0,
1.0,1.0,1.0,1.0,1.0,1.0,1.0,1.0,1.0,1.0,
1.0,1.0,1.0,1.0,1.0,1.0,1.0,1.0,1.0,1.0,
1.0,1.0,1.0,1.0,1.0,1.0,1.0,1.0,1.0,1.0,
1.0,1.0,1.0,1.0,1.0,1.0,1.0,1.0,1.0,1.0,
0.992,0.992,0.992,0.992,0.992,0.992,0.992,0.992,0.992,0.992,
1.0,1.0,1.0,1.0,1.0,1.0,1.0,1.0,1.0,1.0,
1.0,1.0,1.0,1.0,1.0,1.0,1.0,1.0,1.0,1.0,
1.0,1.0,1.0,1.0,1.0,1.0,1.0,1.0,1.0,1.0,
1.0,1.0,1.0,1.0,1.0,1.0,1.0,1.0,1.0,1.0,
0.985,0.985,0.985,0.985,0.985,0.985,0.985,0.985,0.985,0.985,
1.0,1.0,1.0,1.0,1.0,1.0,1.0,1.0,1.0,1.0,
1.0,1.0,1.0,1.0,1.0,1.0,1.0,1.0,1.0,1.0,
1.0,1.0,1.0,1.0,1.0,1.0,1.0,1.0,1.0,1.0,
1.0,1.0,1.0,1.0,1.0,1.0,1.0,1.0,1.0,1.0,
1.0,1.0,1.0,1.0,1.0,1.0,1.0,1.0,1.0,1.0,
1.0,1.0,1.0,1.0,1.0,1.0,1.0,1.0,1.0,1.0,
1.0,1.0,1.0,1.0,1.0,1.0,1.0,1.0,1.0,1.0,
0.983,0.983,0.983,0.983,0.983,0.983,0.983,0.983,0.983,0.983,
0.994,0.994,0.994,0.994,0.994,0.994,0.994,0.994,0.994,0.994,
0.929,0.929,0.929,0.929,0.929,0.929,0.929,0.929,0.929,0.929,
1.0,1.0,1.0,1.0,1.0,1.0,1.0,1.0,1.0,1.0,
1.0,1.0,1.0,1.0,1.0,1.0,1.0,1.0,1.0,1.0,
0.977,0.977,0.977,0.977,0.977,0.977,0.977,0.977,0.977,0.977,
1.0,1.0,1.0,1.0,1.0,1.0,1.0,1.0,1.0,1.0,
1.0,1.0,1.0,1.0,1.0,1.0,1.0,1.0,1.0,1.0,
1.0,1.0,1.0,1.0,1.0,1.0,1.0,1.0,1.0,1.0,
1.0,1.0,1.0,1.0,1.0,1.0,1.0,1.0,1.0,1.0,
1.0,1.0,1.0,1.0,1.0,1.0,1.0,1.0,1.0,1.0,
1.0,1.0,1.0,1.0,1.0,1.0,1.0,1.0,1.0,1.0,
0.989,0.989,0.989,0.989,0.989,0.989,0.989,0.989,0.989,0.989,
1.0,1.0,1.0,1.0,1.0,1.0,1.0,1.0,1.0,1.0,
1.0,1.0,1.0,1.0,1.0,1.0,1.0,1.0,1.0,1.0,
0.97,0.97,0.97,0.97,0.97,0.97,0.97,0.97,0.97,0.97,
1.0,1.0,1.0,1.0,1.0,1.0,1.0,1.0,1.0,1.0,
1.0,1.0,1.0,1.0,1.0,1.0,1.0,1.0,1.0,1.0,
1.0,1.0,1.0,1.0,1.0,1.0,1.0,1.0,1.0,1.0,
1.0,1.0,1.0,1.0,1.0,1.0,1.0,1.0,1.0,1.0,
1.0,1.0,1.0,1.0,1.0,1.0,1.0,1.0,1.0,1.0,
1.0,1.0,1.0,1.0,1.0,1.0,1.0,1.0,1.0,1.0,
1.0,1.0,1.0,1.0,1.0,1.0,1.0,1.0,1.0,1.0,
1.0,1.0,1.0,1.0,1.0,1.0,1.0,1.0,1.0,1.0,
1.0,1.0,1.0,1.0,1.0,1.0,1.0,1.0,1.0,1.0,
1.0,1.0,1.0,1.0,1.0,1.0,1.0,1.0,1.0,1.0,
1.0,1.0,1.0,1.0,1.0,1.0,1.0,1.0,1.0,1.0,
0.927,0.927,0.927,0.927,0.927,0.927,0.927,0.927,0.927,0.927,
1.0,1.0,1.0,1.0,1.0,1.0,1.0,1.0,1.0,1.0,
1.0,1.0,1.0,1.0,1.0,1.0,1.0,1.0,1.0,1.0,
1.0,1.0,1.0,1.0,1.0,1.0,1.0,1.0,1.0,1.0,
0.985,0.985,0.985,0.985,0.985,0.985,0.985,0.985,0.985,0.985,
1.0,1.0,1.0,1.0,1.0,1.0,1.0,1.0,1.0,1.0,
0.968,0.968,0.968,0.968,0.968,0.968,0.968,0.968,0.968,0.968,
1.0,1.0,1.0,1.0,1.0,1.0,1.0,1.0,1.0,1.0,
1.0,1.0,1.0,1.0,1.0,1.0,1.0,1.0,1.0,1.0,
1.0,1.0,1.0,1.0,1.0,1.0,1.0,1.0,1.0,1.0,
1.0,1.0,1.0,1.0,1.0,1.0,1.0,1.0,1.0,1.0,
1.0,1.0,1.0,1.0,1.0,1.0,1.0,1.0,1.0,1.0,
1.0,1.0,1.0,1.0,1.0,1.0,1.0,1.0,1.0,1.0,
1.0,1.0,1.0,1.0,1.0,1.0,1.0,1.0,1.0,1.0,
1.0,1.0,1.0,1.0,1.0,1.0,1.0,1.0,1.0,1.0,
1.0,1.0,1.0,1.0,1.0,1.0,1.0,1.0,1.0,1.0,
1.0,1.0,1.0,1.0,1.0,1.0,1.0,1.0,1.0,1.0,
1.0,1.0,1.0,1.0,1.0,1.0,1.0,1.0,1.0,1.0,
1.0,1.0,1.0,1.0,1.0,1.0,1.0,1.0,1.0,1.0,
1.0,1.0,1.0,1.0,1.0,1.0,1.0,1.0,1.0,1.0,
1.0,1.0,1.0,1.0,1.0,1.0,1.0,1.0,1.0,1.0,

0.75,0.75,0.75,0.75,0.75,0.75,0.75,0.75,0.75,0.75,
0.8,0.8,0.8,0.8,0.8,0.8,0.8,0.8,0.8,0.8,
0.767,0.767,0.767,0.767,0.767,0.767,0.767,0.767,0.767,0.767,
0.595,0.595,0.595,0.595,0.595,0.595,0.595,0.595,0.595,0.595,
0.812,0.812,0.812,0.812,0.812,0.812,0.812,0.812,0.812,0.812,
0.73,0.73,0.73,0.73,0.73,0.73,0.73,0.73,0.73,0.73,
0.799,0.799,0.799,0.799,0.799,0.799,0.799,0.799,0.799,0.799,
0.741,0.741,0.741,0.741,0.741,0.741,0.741,0.741,0.741,0.741,
0.781,0.781,0.781,0.781,0.781,0.781,0.781,0.781,0.781,0.781,
0.606,0.606,0.606,0.606,0.606,0.606,0.606,0.606,0.606,0.606,
0.671,0.671,0.671,0.671,0.671,0.671,0.671,0.671,0.671,0.671,
0.729,0.729,0.729,0.729,0.729,0.729,0.729,0.729,0.729,0.729,
0.644,0.644,0.644,0.644,0.644,0.644,0.644,0.644,0.644,0.644,
0.576,0.576,0.576,0.576,0.576,0.576,0.576,0.576,0.576,0.576,
0.69,0.69,0.69,0.69,0.69,0.69,0.69,0.69,0.69,0.69,
0.697,0.697,0.697,0.697,0.697,0.697,0.697,0.697,0.697,0.697,
0.598,0.598,0.598,0.598,0.598,0.598,0.598,0.598,0.598,0.598,
0.656,0.656,0.656,0.656,0.656,0.656,0.656,0.656,0.656,0.656,
0.7,0.7,0.7,0.7,0.7,0.7,0.7,0.7,0.7,0.7,
0.582,0.582,0.582,0.582,0.582,0.582,0.582,0.582,0.582,0.582,
0.8,0.8,0.8,0.8,0.8,0.8,0.8,0.8,0.8,0.8,
0.518,0.518,0.518,0.518,0.518,0.518,0.518,0.518,0.518,0.518,
0.75,0.75,0.75,0.75,0.75,0.75,0.75,0.75,0.75,0.75,
0.668,0.668,0.668,0.668,0.668,0.668,0.668,0.668,0.668,0.668,
0.883,0.883,0.883,0.883,0.883,0.883,0.883,0.883,0.883,0.883,
0.758,0.758,0.758,0.758,0.758,0.758,0.758,0.758,0.758,0.758,
0.707,0.707,0.707,0.707,0.707,0.707,0.707,0.707,0.707,0.707,
0.601,0.601,0.601,0.601,0.601,0.601,0.601,0.601,0.601,0.601,
0.749,0.749,0.749,0.749,0.749,0.749,0.749,0.749,0.749,0.749,
0.595,0.595,0.595,0.595,0.595,0.595,0.595,0.595,0.595,0.595,
0.575,0.575,0.575,0.575,0.575,0.575,0.575,0.575,0.575,0.575,
0.731,0.731,0.731,0.731,0.731,0.731,0.731,0.731,0.731,0.731,
0.689,0.689,0.689,0.689,0.689,0.689,0.689,0.689,0.689,0.689,
0.744,0.744,0.744,0.744,0.744,0.744,0.744,0.744,0.744,0.744,
0.574,0.574,0.574,0.574,0.574,0.574,0.574,0.574,0.574,0.574,
0.737,0.737,0.737,0.737,0.737,0.737,0.737,0.737,0.737,0.737,
0.698,0.698,0.698,0.698,0.698,0.698,0.698,0.698,0.698,0.698,
0.747,0.747,0.747,0.747,0.747,0.747,0.747,0.747,0.747,0.747,
0.664,0.664,0.664,0.664,0.664,0.664,0.664,0.664,0.664,0.664,
0.711,0.711,0.711,0.711,0.711,0.711,0.711,0.711,0.711,0.711,
0.818,0.818,0.818,0.818,0.818,0.818,0.818,0.818,0.818,0.818,
0.764,0.764,0.764,0.764,0.764,0.764,0.764,0.764,0.764,0.764,
0.768,0.768,0.768,0.768,0.768,0.768,0.768,0.768,0.768,0.768,
0.732,0.732,0.732,0.732,0.732,0.732,0.732,0.732,0.732,0.732,
0.59,0.59,0.59,0.59,0.59,0.59,0.59,0.59,0.59,0.59,
0.635,0.635,0.635,0.635,0.635,0.635,0.635,0.635,0.635,0.635,
0.711,0.711,0.711,0.711,0.711,0.711,0.711,0.711,0.711,0.711,
0.756,0.756,0.756,0.756,0.756,0.756,0.756,0.756,0.756,0.756,
0.704,0.704,0.704,0.704,0.704,0.704,0.704,0.704,0.704,0.704,
0.592,0.592,0.592,0.592,0.592,0.592,0.592,0.592,0.592,0.592,
0.552,0.552,0.552,0.552,0.552,0.552,0.552,0.552,0.552,0.552,
0.765,0.765,0.765,0.765,0.765,0.765,0.765,0.765,0.765,0.765,
0.785,0.785,0.785,0.785,0.785,0.785,0.785,0.785,0.785,0.785,
0.633,0.633,0.633,0.633,0.633,0.633,0.633,0.633,0.633,0.633,
0.686,0.686,0.686,0.686,0.686,0.686,0.686,0.686,0.686,0.686,
0.711,0.711,0.711,0.711,0.711,0.711,0.711,0.711,0.711,0.711,
0.557,0.557,0.557,0.557,0.557,0.557,0.557,0.557,0.557,0.557,
0.81,0.81,0.81,0.81,0.81,0.81,0.81,0.81,0.81,0.81,
0.702,0.702,0.702,0.702,0.702,0.702,0.702,0.702,0.702,0.702,
0.713,0.713,0.713,0.713,0.713,0.713,0.713,0.713,0.713,0.713,
0.738,0.738,0.738,0.738,0.738,0.738,0.738,0.738,0.738,0.738,
0.631,0.631,0.631,0.631,0.631,0.631,0.631,0.631,0.631,0.631,
0.752,0.752,0.752,0.752,0.752,0.752,0.752,0.752,0.752,0.752,
0.706,0.706,0.706,0.706,0.706,0.706,0.706,0.706,0.706,0.706,
0.73,0.73,0.73,0.73,0.73,0.73,0.73,0.73,0.73,0.73,
0.879,0.879,0.879,0.879,0.879,0.879,0.879,0.879,0.879,0.879,
0.559,0.559,0.559,0.559,0.559,0.559,0.559,0.559,0.559,0.559,
0.747,0.747,0.747,0.747,0.747,0.747,0.747,0.747,0.747,0.747,
0.453,0.453,0.453,0.453,0.453,0.453,0.453,0.453,0.453,0.453,
0.737,0.737,0.737,0.737,0.737,0.737,0.737,0.737,0.737,0.737,
0.577,0.577,0.577,0.577,0.577,0.577,0.577,0.577,0.577,0.577,
0.661,0.661,0.661,0.661,0.661,0.661,0.661,0.661,0.661,0.661,
0.698,0.698,0.698,0.698,0.698,0.698,0.698,0.698,0.698,0.698,
0.719,0.719,0.719,0.719,0.719,0.719,0.719,0.719,0.719,0.719,
0.797,0.797,0.797,0.797,0.797,0.797,0.797,0.797,0.797,0.797,
0.815,0.815,0.815,0.815,0.815,0.815,0.815,0.815,0.815,0.815,
0.799,0.799,0.799,0.799,0.799,0.799,0.799,0.799,0.799,0.799,
0.601,0.601,0.601,0.601,0.601,0.601,0.601,0.601,0.601,0.601,
0.819,0.819,0.819,0.819,0.819,0.819,0.819,0.819,0.819,0.819,
0.738,0.738,0.738,0.738,0.738,0.738,0.738,0.738,0.738,0.738,
0.713,0.713,0.713,0.713,0.713,0.713,0.713,0.713,0.713,0.713,
0.577,0.577,0.577,0.577,0.577,0.577,0.577,0.577,0.577,0.577,
0.563,0.563,0.563,0.563,0.563,0.563,0.563,0.563,0.563,0.563,
0.706,0.706,0.706,0.706,0.706,0.706,0.706,0.706,0.706,0.706,
0.647,0.647,0.647,0.647,0.647,0.647,0.647,0.647,0.647,0.647,
0.638,0.638,0.638,0.638,0.638,0.638,0.638,0.638,0.638,0.638,
0.598,0.598,0.598,0.598,0.598,0.598,0.598,0.598,0.598,0.598,
0.841,0.841,0.841,0.841,0.841,0.841,0.841,0.841,0.841,0.841,
0.877,0.877,0.877,0.877,0.877,0.877,0.877,0.877,0.877,0.877,
0.664,0.664,0.664,0.664,0.664,0.664,0.664,0.664,0.664,0.664,
0.592,0.592,0.592,0.592,0.592,0.592,0.592,0.592,0.592,0.592,
0.683,0.683,0.683,0.683,0.683,0.683,0.683,0.683,0.683,0.683,
0.699,0.699,0.699,0.699,0.699,0.699,0.699,0.699,0.699,0.699,
0.709,0.709,0.709,0.709,0.709,0.709,0.709,0.709,0.709,0.709,
0.529,0.529,0.529,0.529,0.529,0.529,0.529,0.529,0.529,0.529,
0.62,0.62,0.62,0.62,0.62,0.62,0.62,0.62,0.62,0.62,
0.697,0.697,0.697,0.697,0.697,0.697,0.697,0.697,0.697,0.697,
0.743,0.743,0.743,0.743,0.743,0.743,0.743,0.743,0.743,0.743,
0.67,0.67,0.67,0.67,0.67,0.67,0.67,0.67,0.67,0.67,
0.763,0.763,0.763,0.763,0.763,0.763,0.763,0.763,0.763,0.763,

0.979,0.979,0.979,0.979,0.979,0.979,0.979,0.979,0.979,0.979,
1.0,1.0,1.0,1.0,1.0,1.0,1.0,1.0,1.0,1.0,
1.0,1.0,1.0,1.0,1.0,1.0,1.0,1.0,1.0,1.0,
0.923,0.923,0.923,0.923,0.923,0.923,0.923,0.923,0.923,0.923,
1.0,1.0,1.0,1.0,1.0,1.0,1.0,1.0,1.0,1.0,
1.0,1.0,1.0,1.0,1.0,1.0,1.0,1.0,1.0,1.0,
1.0,1.0,1.0,1.0,1.0,1.0,1.0,1.0,1.0,1.0,
0.972,0.972,0.972,0.972,0.972,0.972,0.972,0.972,0.972,0.972,
0.965,0.965,0.965,0.965,0.965,0.965,0.965,0.965,0.965,0.965,
0.89,0.89,0.89,0.89,0.89,0.89,0.89,0.89,0.89,0.89,
0.882,0.882,0.882,0.882,0.882,0.882,0.882,0.882,0.882,0.882,
0.931,0.931,0.931,0.931,0.931,0.931,0.931,0.931,0.931,0.931,
0.915,0.915,0.915,0.915,0.915,0.915,0.915,0.915,0.915,0.915,
0.813,0.813,0.813,0.813,0.813,0.813,0.813,0.813,0.813,0.813,
0.94,0.94,0.94,0.94,0.94,0.94,0.94,0.94,0.94,0.94,
1.0,1.0,1.0,1.0,1.0,1.0,1.0,1.0,1.0,1.0,
1.0,1.0,1.0,1.0,1.0,1.0,1.0,1.0,1.0,1.0,
0.944,0.944,0.944,0.944,0.944,0.944,0.944,0.944,0.944,0.944,
0.994,0.994,0.994,0.994,0.994,0.994,0.994,0.994,0.994,0.994,
0.907,0.907,0.907,0.907,0.907,0.907,0.907,0.907,0.907,0.907,
0.969,0.969,0.969,0.969,0.969,0.969,0.969,0.969,0.969,0.969,
0.824,0.824,0.824,0.824,0.824,0.824,0.824,0.824,0.824,0.824,
0.991,0.991,0.991,0.991,0.991,0.991,0.991,0.991,0.991,0.991,
0.98,0.98,0.98,0.98,0.98,0.98,0.98,0.98,0.98,0.98,
0.992,0.992,0.992,0.992,0.992,0.992,0.992,0.992,0.992,0.992,
0.967,0.967,0.967,0.967,0.967,0.967,0.967,0.967,0.967,0.967,
0.988,0.988,0.988,0.988,0.988,0.988,0.988,0.988,0.988,0.988,
0.777,0.777,0.777,0.777,0.777,0.777,0.777,0.777,0.777,0.777,
0.998,0.998,0.998,0.998,0.998,0.998,0.998,0.998,0.998,0.998,
0.935,0.935,0.935,0.935,0.935,0.935,0.935,0.935,0.935,0.935,
0.892,0.892,0.892,0.892,0.892,0.892,0.892,0.892,0.892,0.892,
1.0,1.0,1.0,1.0,1.0,1.0,1.0,1.0,1.0,1.0,
0.893,0.893,0.893,0.893,0.893,0.893,0.893,0.893,0.893,0.893,
0.954,0.954,0.954,0.954,0.954,0.954,0.954,0.954,0.954,0.954,
0.926,0.926,0.926,0.926,0.926,0.926,0.926,0.926,0.926,0.926,
0.966,0.966,0.966,0.966,0.966,0.966,0.966,0.966,0.966,0.966,
0.968,0.968,0.968,0.968,0.968,0.968,0.968,0.968,0.968,0.968,
0.997,0.997,0.997,0.997,0.997,0.997,0.997,0.997,0.997,0.997,
0.961,0.961,0.961,0.961,0.961,0.961,0.961,0.961,0.961,0.961,
1.0,1.0,1.0,1.0,1.0,1.0,1.0,1.0,1.0,1.0,
0.978,0.978,0.978,0.978,0.978,0.978,0.978,0.978,0.978,0.978,
0.919,0.919,0.919,0.919,0.919,0.919,0.919,0.919,0.919,0.919,
0.948,0.948,0.948,0.948,0.948,0.948,0.948,0.948,0.948,0.948,
0.911,0.911,0.911,0.911,0.911,0.911,0.911,0.911,0.911,0.911,
0.985,0.985,0.985,0.985,0.985,0.985,0.985,0.985,0.985,0.985,
0.955,0.955,0.955,0.955,0.955,0.955,0.955,0.955,0.955,0.955,
0.984,0.984,0.984,0.984,0.984,0.984,0.984,0.984,0.984,0.984,
1.0,1.0,1.0,1.0,1.0,1.0,1.0,1.0,1.0,1.0,
1.0,1.0,1.0,1.0,1.0,1.0,1.0,1.0,1.0,1.0,
0.978,0.978,0.978,0.978,0.978,0.978,0.978,0.978,0.978,0.978,
0.797,0.797,0.797,0.797,0.797,0.797,0.797,0.797,0.797,0.797,
0.992,0.992,0.992,0.992,0.992,0.992,0.992,0.992,0.992,0.992,
1.0,1.0,1.0,1.0,1.0,1.0,1.0,1.0,1.0,1.0,
1.0,1.0,1.0,1.0,1.0,1.0,1.0,1.0,1.0,1.0,
1.0,1.0,1.0,1.0,1.0,1.0,1.0,1.0,1.0,1.0,
0.899,0.899,0.899,0.899,0.899,0.899,0.899,0.899,0.899,0.899,
0.875,0.875,0.875,0.875,0.875,0.875,0.875,0.875,0.875,0.875,
0.977,0.977,0.977,0.977,0.977,0.977,0.977,0.977,0.977,0.977,
0.987,0.987,0.987,0.987,0.987,0.987,0.987,0.987,0.987,0.987,
0.933,0.933,0.933,0.933,0.933,0.933,0.933,0.933,0.933,0.933,
0.97,0.97,0.97,0.97,0.97,0.97,0.97,0.97,0.97,0.97,
0.867,0.867,0.867,0.867,0.867,0.867,0.867,0.867,0.867,0.867,
0.947,0.947,0.947,0.947,0.947,0.947,0.947,0.947,0.947,0.947,
0.974,0.974,0.974,0.974,0.974,0.974,0.974,0.974,0.974,0.974,
1.0,1.0,1.0,1.0,1.0,1.0,1.0,1.0,1.0,1.0,
0.971,0.971,0.971,0.971,0.971,0.971,0.971,0.971,0.971,0.971,
0.951,0.951,0.951,0.951,0.951,0.951,0.951,0.951,0.951,0.951,
1.0,1.0,1.0,1.0,1.0,1.0,1.0,1.0,1.0,1.0,
0.864,0.864,0.864,0.864,0.864,0.864,0.864,0.864,0.864,0.864,
0.886,0.886,0.886,0.886,0.886,0.886,0.886,0.886,0.886,0.886,
0.926,0.926,0.926,0.926,0.926,0.926,0.926,0.926,0.926,0.926,
0.968,0.968,0.968,0.968,0.968,0.968,0.968,0.968,0.968,0.968,
0.979,0.979,0.979,0.979,0.979,0.979,0.979,0.979,0.979,0.979,
0.94,0.94,0.94,0.94,0.94,0.94,0.94,0.94,0.94,0.94,
0.968,0.968,0.968,0.968,0.968,0.968,0.968,0.968,0.968,0.968,
0.972,0.972,0.972,0.972,0.972,0.972,0.972,0.972,0.972,0.972,
0.979,0.979,0.979,0.979,0.979,0.979,0.979,0.979,0.979,0.979,
0.919,0.919,0.919,0.919,0.919,0.919,0.919,0.919,0.919,0.919,
0.949,0.949,0.949,0.949,0.949,0.949,0.949,0.949,0.949,0.949,
1.0,1.0,1.0,1.0,1.0,1.0,1.0,1.0,1.0,1.0,
0.992,0.992,0.992,0.992,0.992,0.992,0.992,0.992,0.992,0.992,
0.857,0.857,0.857,0.857,0.857,0.857,0.857,0.857,0.857,0.857,
0.813,0.813,0.813,0.813,0.813,0.813,0.813,0.813,0.813,0.813,
1.0,1.0,1.0,1.0,1.0,1.0,1.0,1.0,1.0,1.0,
0.826,0.826,0.826,0.826,0.826,0.826,0.826,0.826,0.826,0.826,
1.0,1.0,1.0,1.0,1.0,1.0,1.0,1.0,1.0,1.0,
1.0,1.0,1.0,1.0,1.0,1.0,1.0,1.0,1.0,1.0,
0.943,0.943,0.943,0.943,0.943,0.943,0.943,0.943,0.943,0.943,
1.0,1.0,1.0,1.0,1.0,1.0,1.0,1.0,1.0,1.0,
0.968,0.968,0.968,0.968,0.968,0.968,0.968,0.968,0.968,0.968,
0.885,0.885,0.885,0.885,0.885,0.885,0.885,0.885,0.885,0.885,
0.935,0.935,0.935,0.935,0.935,0.935,0.935,0.935,0.935,0.935,
0.997,0.997,0.997,0.997,0.997,0.997,0.997,0.997,0.997,0.997,
0.921,0.921,0.921,0.921,0.921,0.921,0.921,0.921,0.921,0.921,
1.0,1.0,1.0,1.0,1.0,1.0,1.0,1.0,1.0,1.0,
0.832,0.832,0.832,0.832,0.832,0.832,0.832,0.832,0.832,0.832,
0.953,0.953,0.953,0.953,0.953,0.953,0.953,0.953,0.953,0.953,
0.94,0.94,0.94,0.94,0.94,0.94,0.94,0.94,0.94,0.94,
0.959,0.959,0.959,0.959,0.959,0.959,0.959,0.959,0.959,0.959,
0.967,0.967,0.967,0.967,0.967,0.967,0.967,0.967,0.967,0.967,

0.678,0.678,0.678,0.678,0.678,0.678,0.678,0.678,0.678,0.678,
0.874,0.874,0.874,0.874,0.874,0.874,0.874,0.874,0.874,0.874,
0.724,0.724,0.724,0.724,0.724,0.724,0.724,0.724,0.724,0.724,
0.711,0.711,0.711,0.711,0.711,0.711,0.711,0.711,0.711,0.711,
0.744,0.744,0.744,0.744,0.744,0.744,0.744,0.744,0.744,0.744,
0.725,0.725,0.725,0.725,0.725,0.725,0.725,0.725,0.725,0.725,
0.757,0.757,0.757,0.757,0.757,0.757,0.757,0.757,0.757,0.757,
0.834,0.834,0.834,0.834,0.834,0.834,0.834,0.834,0.834,0.834,
0.978,0.978,0.978,0.978,0.978,0.978,0.978,0.978,0.978,0.978,
0.653,0.653,0.653,0.653,0.653,0.653,0.653,0.653,0.653,0.653,
0.675,0.675,0.675,0.675,0.675,0.675,0.675,0.675,0.675,0.675,
0.802,0.802,0.802,0.802,0.802,0.802,0.802,0.802,0.802,0.802,
0.703,0.703,0.703,0.703,0.703,0.703,0.703,0.703,0.703,0.703,
0.634,0.634,0.634,0.634,0.634,0.634,0.634,0.634,0.634,0.634,
0.668,0.668,0.668,0.668,0.668,0.668,0.668,0.668,0.668,0.668,
0.807,0.807,0.807,0.807,0.807,0.807,0.807,0.807,0.807,0.807,
0.717,0.717,0.717,0.717,0.717,0.717,0.717,0.717,0.717,0.717,
0.849,0.849,0.849,0.849,0.849,0.849,0.849,0.849,0.849,0.849,
0.733,0.733,0.733,0.733,0.733,0.733,0.733,0.733,0.733,0.733,
0.69,0.69,0.69,0.69,0.69,0.69,0.69,0.69,0.69,0.69,
0.691,0.691,0.691,0.691,0.691,0.691,0.691,0.691,0.691,0.691,
0.562,0.562,0.562,0.562,0.562,0.562,0.562,0.562,0.562,0.562,
0.694,0.694,0.694,0.694,0.694,0.694,0.694,0.694,0.694,0.694,
0.669,0.669,0.669,0.669,0.669,0.669,0.669,0.669,0.669,0.669,
0.849,0.849,0.849,0.849,0.849,0.849,0.849,0.849,0.849,0.849,
0.745,0.745,0.745,0.745,0.745,0.745,0.745,0.745,0.745,0.745,
0.663,0.663,0.663,0.663,0.663,0.663,0.663,0.663,0.663,0.663,
0.661,0.661,0.661,0.661,0.661,0.661,0.661,0.661,0.661,0.661,
0.856,0.856,0.856,0.856,0.856,0.856,0.856,0.856,0.856,0.856,
0.607,0.607,0.607,0.607,0.607,0.607,0.607,0.607,0.607,0.607,
0.706,0.706,0.706,0.706,0.706,0.706,0.706,0.706,0.706,0.706,
0.818,0.818,0.818,0.818,0.818,0.818,0.818,0.818,0.818,0.818,
0.822,0.822,0.822,0.822,0.822,0.822,0.822,0.822,0.822,0.822,
0.821,0.821,0.821,0.821,0.821,0.821,0.821,0.821,0.821,0.821,
0.651,0.651,0.651,0.651,0.651,0.651,0.651,0.651,0.651,0.651,
0.734,0.734,0.734,0.734,0.734,0.734,0.734,0.734,0.734,0.734,
0.706,0.706,0.706,0.706,0.706,0.706,0.706,0.706,0.706,0.706,
0.71,0.71,0.71,0.71,0.71,0.71,0.71,0.71,0.71,0.71,
0.742,0.742,0.742,0.742,0.742,0.742,0.742,0.742,0.742,0.742,
0.783,0.783,0.783,0.783,0.783,0.783,0.783,0.783,0.783,0.783,
0.785,0.785,0.785,0.785,0.785,0.785,0.785,0.785,0.785,0.785,
0.735,0.735,0.735,0.735,0.735,0.735,0.735,0.735,0.735,0.735,
0.762,0.762,0.762,0.762,0.762,0.762,0.762,0.762,0.762,0.762,
0.634,0.634,0.634,0.634,0.634,0.634,0.634,0.634,0.634,0.634,
0.703,0.703,0.703,0.703,0.703,0.703,0.703,0.703,0.703,0.703,
0.664,0.664,0.664,0.664,0.664,0.664,0.664,0.664,0.664,0.664,
0.7,0.7,0.7,0.7,0.7,0.7,0.7,0.7,0.7,0.7,
0.813,0.813,0.813,0.813,0.813,0.813,0.813,0.813,0.813,0.813,
0.778,0.778,0.778,0.778,0.778,0.778,0.778,0.778,0.778,0.778,
0.614,0.614,0.614,0.614,0.614,0.614,0.614,0.614,0.614,0.614,
0.632,0.632,0.632,0.632,0.632,0.632,0.632,0.632,0.632,0.632,
0.731,0.731,0.731,0.731,0.731,0.731,0.731,0.731,0.731,0.731,
0.776,0.776,0.776,0.776,0.776,0.776,0.776,0.776,0.776,0.776,
0.613,0.613,0.613,0.613,0.613,0.613,0.613,0.613,0.613,0.613,
0.725,0.725,0.725,0.725,0.725,0.725,0.725,0.725,0.725,0.725,
0.731,0.731,0.731,0.731,0.731,0.731,0.731,0.731,0.731,0.731,
0.611,0.611,0.611,0.611,0.611,0.611,0.611,0.611,0.611,0.611,
0.747,0.747,0.747,0.747,0.747,0.747,0.747,0.747,0.747,0.747,
0.768,0.768,0.768,0.768,0.768,0.768,0.768,0.768,0.768,0.768,
0.754,0.754,0.754,0.754,0.754,0.754,0.754,0.754,0.754,0.754,
0.841,0.841,0.841,0.841,0.841,0.841,0.841,0.841,0.841,0.841,
0.704,0.704,0.704,0.704,0.704,0.704,0.704,0.704,0.704,0.704,
0.843,0.843,0.843,0.843,0.843,0.843,0.843,0.843,0.843,0.843,
0.802,0.802,0.802,0.802,0.802,0.802,0.802,0.802,0.802,0.802,
0.741,0.741,0.741,0.741,0.741,0.741,0.741,0.741,0.741,0.741,
0.763,0.763,0.763,0.763,0.763,0.763,0.763,0.763,0.763,0.763,
0.614,0.614,0.614,0.614,0.614,0.614,0.614,0.614,0.614,0.614,
0.898,0.898,0.898,0.898,0.898,0.898,0.898,0.898,0.898,0.898,
0.777,0.777,0.777,0.777,0.777,0.777,0.777,0.777,0.777,0.777,
0.712,0.712,0.712,0.712,0.712,0.712,0.712,0.712,0.712,0.712,
0.734,0.734,0.734,0.734,0.734,0.734,0.734,0.734,0.734,0.734,
0.702,0.702,0.702,0.702,0.702,0.702,0.702,0.702,0.702,0.702,
0.706,0.706,0.706,0.706,0.706,0.706,0.706,0.706,0.706,0.706,
0.769,0.769,0.769,0.769,0.769,0.769,0.769,0.769,0.769,0.769,
0.702,0.702,0.702,0.702,0.702,0.702,0.702,0.702,0.702,0.702,
0.692,0.692,0.692,0.692,0.692,0.692,0.692,0.692,0.692,0.692,
0.906,0.906,0.906,0.906,0.906,0.906,0.906,0.906,0.906,0.906,
0.629,0.629,0.629,0.629,0.629,0.629,0.629,0.629,0.629,0.629,
0.796,0.796,0.796,0.796,0.796,0.796,0.796,0.796,0.796,0.796,
0.803,0.803,0.803,0.803,0.803,0.803,0.803,0.803,0.803,0.803,
0.732,0.732,0.732,0.732,0.732,0.732,0.732,0.732,0.732,0.732,
0.603,0.603,0.603,0.603,0.603,0.603,0.603,0.603,0.603,0.603,
0.741,0.741,0.741,0.741,0.741,0.741,0.741,0.741,0.741,0.741,
0.863,0.863,0.863,0.863,0.863,0.863,0.863,0.863,0.863,0.863,
0.729,0.729,0.729,0.729,0.729,0.729,0.729,0.729,0.729,0.729,
0.749,0.749,0.749,0.749,0.749,0.749,0.749,0.749,0.749,0.749,
0.766,0.766,0.766,0.766,0.766,0.766,0.766,0.766,0.766,0.766,
0.766,0.766,0.766,0.766,0.766,0.766,0.766,0.766,0.766,0.766,
0.723,0.723,0.723,0.723,0.723,0.723,0.723,0.723,0.723,0.723,
0.714,0.714,0.714,0.714,0.714,0.714,0.714,0.714,0.714,0.714,
0.64,0.64,0.64,0.64,0.64,0.64,0.64,0.64,0.64,0.64,
0.889,0.889,0.889,0.889,0.889,0.889,0.889,0.889,0.889,0.889,
0.744,0.744,0.744,0.744,0.744,0.744,0.744,0.744,0.744,0.744,
0.707,0.707,0.707,0.707,0.707,0.707,0.707,0.707,0.707,0.707,
0.529,0.529,0.529,0.529,0.529,0.529,0.529,0.529,0.529,0.529,
0.661,0.661,0.661,0.661,0.661,0.661,0.661,0.661,0.661,0.661,
0.745,0.745,0.745,0.745,0.745,0.745,0.745,0.745,0.745,0.745,
0.729,0.729,0.729,0.729,0.729,0.729,0.729,0.729,0.729,0.729,
0.742,0.742,0.742,0.742,0.742,0.742,0.742,0.742,0.742,0.742,
0.714,0.714,0.714,0.714,0.714,0.714,0.714,0.714,0.714,0.714,

0.654,0.654,0.654,0.654,0.654,0.654,0.654,0.654,0.654,0.654,
0.71,0.71,0.71,0.71,0.71,0.71,0.71,0.71,0.71,0.71,
0.863,0.863,0.863,0.863,0.863,0.863,0.863,0.863,0.863,0.863,
0.65,0.65,0.65,0.65,0.65,0.65,0.65,0.65,0.65,0.65,
0.812,0.812,0.812,0.812,0.812,0.812,0.812,0.812,0.812,0.812,
0.826,0.826,0.826,0.826,0.826,0.826,0.826,0.826,0.826,0.826,
0.708,0.708,0.708,0.708,0.708,0.708,0.708,0.708,0.708,0.708,
0.741,0.741,0.741,0.741,0.741,0.741,0.741,0.741,0.741,0.741,
0.781,0.781,0.781,0.781,0.781,0.781,0.781,0.781,0.781,0.781,
0.646,0.646,0.646,0.646,0.646,0.646,0.646,0.646,0.646,0.646,
0.671,0.671,0.671,0.671,0.671,0.671,0.671,0.671,0.671,0.671,
0.729,0.729,0.729,0.729,0.729,0.729,0.729,0.729,0.729,0.729,
0.644,0.644,0.644,0.644,0.644,0.644,0.644,0.644,0.644,0.644,
0.576,0.576,0.576,0.576,0.576,0.576,0.576,0.576,0.576,0.576,
0.731,0.731,0.731,0.731,0.731,0.731,0.731,0.731,0.731,0.731,
0.751,0.751,0.751,0.751,0.751,0.751,0.751,0.751,0.751,0.751,
0.598,0.598,0.598,0.598,0.598,0.598,0.598,0.598,0.598,0.598,
0.656,0.656,0.656,0.656,0.656,0.656,0.656,0.656,0.656,0.656,
0.7,0.7,0.7,0.7,0.7,0.7,0.7,0.7,0.7,0.7,
0.582,0.582,0.582,0.582,0.582,0.582,0.582,0.582,0.582,0.582,
0.8,0.8,0.8,0.8,0.8,0.8,0.8,0.8,0.8,0.8,
0.51,0.51,0.51,0.51,0.51,0.51,0.51,0.51,0.51,0.51,
0.75,0.75,0.75,0.75,0.75,0.75,0.75,0.75,0.75,0.75,
0.627,0.627,0.627,0.627,0.627,0.627,0.627,0.627,0.627,0.627,
0.843,0.843,0.843,0.843,0.843,0.843,0.843,0.843,0.843,0.843,
0.736,0.736,0.736,0.736,0.736,0.736,0.736,0.736,0.736,0.736,
0.707,0.707,0.707,0.707,0.707,0.707,0.707,0.707,0.707,0.707,
0.596,0.596,0.596,0.596,0.596,0.596,0.596,0.596,0.596,0.596,
0.768,0.768,0.768,0.768,0.768,0.768,0.768,0.768,0.768,0.768,
0.595,0.595,0.595,0.595,0.595,0.595,0.595,0.595,0.595,0.595,
0.575,0.575,0.575,0.575,0.575,0.575,0.575,0.575,0.575,0.575,
0.731,0.731,0.731,0.731,0.731,0.731,0.731,0.731,0.731,0.731,
0.689,0.689,0.689,0.689,0.689,0.689,0.689,0.689,0.689,0.689,
0.743,0.743,0.743,0.743,0.743,0.743,0.743,0.743,0.743,0.743,
0.574,0.574,0.574,0.574,0.574,0.574,0.574,0.574,0.574,0.574,
0.737,0.737,0.737,0.737,0.737,0.737,0.737,0.737,0.737,0.737,
0.697,0.697,0.697,0.697,0.697,0.697,0.697,0.697,0.697,0.697,
0.764,0.764,0.764,0.764,0.764,0.764,0.764,0.764,0.764,0.764,
0.698,0.698,0.698,0.698,0.698,0.698,0.698,0.698,0.698,0.698,
0.702,0.702,0.702,0.702,0.702,0.702,0.702,0.702,0.702,0.702,
0.818,0.818,0.818,0.818,0.818,0.818,0.818,0.818,0.818,0.818,
0.764,0.764,0.764,0.764,0.764,0.764,0.764,0.764,0.764,0.764,
0.713,0.713,0.713,0.713,0.713,0.713,0.713,0.713,0.713,0.713,
0.732,0.732,0.732,0.732,0.732,0.732,0.732,0.732,0.732,0.732,
0.59,0.59,0.59,0.59,0.59,0.59,0.59,0.59,0.59,0.59,
0.635,0.635,0.635,0.635,0.635,0.635,0.635,0.635,0.635,0.635,
0.738,0.738,0.738,0.738,0.738,0.738,0.738,0.738,0.738,0.738,
0.756,0.756,0.756,0.756,0.756,0.756,0.756,0.756,0.756,0.756,
0.723,0.723,0.723,0.723,0.723,0.723,0.723,0.723,0.723,0.723,
0.592,0.592,0.592,0.592,0.592,0.592,0.592,0.592,0.592,0.592,
0.552,0.552,0.552,0.552,0.552,0.552,0.552,0.552,0.552,0.552,
0.765,0.765,0.765,0.765,0.765,0.765,0.765,0.765,0.765,0.765,
0.797,0.797,0.797,0.797,0.797,0.797,0.797,0.797,0.797,0.797,
0.633,0.633,0.633,0.633,0.633,0.633,0.633,0.633,0.633,0.633,
0.67,0.67,0.67,0.67,0.67,0.67,0.67,0.67,0.67,0.67,
0.746,0.746,0.746,0.746,0.746,0.746,0.746,0.746,0.746,0.746,
0.557,0.557,0.557,0.557,0.557,0.557,0.557,0.557,0.557,0.557,
0.81,0.81,0.81,0.81,0.81,0.81,0.81,0.81,0.81,0.81,
0.702,0.702,0.702,0.702,0.702,0.702,0.702,0.702,0.702,0.702,
0.701,0.701,0.701,0.701,0.701,0.701,0.701,0.701,0.701,0.701,
0.738,0.738,0.738,0.738,0.738,0.738,0.738,0.738,0.738,0.738,
0.608,0.608,0.608,0.608,0.608,0.608,0.608,0.608,0.608,0.608,
0.754,0.754,0.754,0.754,0.754,0.754,0.754,0.754,0.754,0.754,
0.706,0.706,0.706,0.706,0.706,0.706,0.706,0.706,0.706,0.706,
0.712,0.712,0.712,0.712,0.712,0.712,0.712,0.712,0.712,0.712,
0.879,0.879,0.879,0.879,0.879,0.879,0.879,0.879,0.879,0.879,
0.559,0.559,0.559,0.559,0.559,0.559,0.559,0.559,0.559,0.559,
0.747,0.747,0.747,0.747,0.747,0.747,0.747,0.747,0.747,0.747,
0.453,0.453,0.453,0.453,0.453,0.453,0.453,0.453,0.453,0.453,
0.737,0.737,0.737,0.737,0.737,0.737,0.737,0.737,0.737,0.737,
0.621,0.621,0.621,0.621,0.621,0.621,0.621,0.621,0.621,0.621,
0.661,0.661,0.661,0.661,0.661,0.661,0.661,0.661,0.661,0.661,
0.661,0.661,0.661,0.661,0.661,0.661,0.661,0.661,0.661,0.661,
0.719,0.719,0.719,0.719,0.719,0.719,0.719,0.719,0.719,0.719,
0.797,0.797,0.797,0.797,0.797,0.797,0.797,0.797,0.797,0.797,
0.817,0.817,0.817,0.817,0.817,0.817,0.817,0.817,0.817,0.817,
0.794,0.794,0.794,0.794,0.794,0.794,0.794,0.794,0.794,0.794,
0.662,0.662,0.662,0.662,0.662,0.662,0.662,0.662,0.662,0.662,
0.816,0.816,0.816,0.816,0.816,0.816,0.816,0.816,0.816,0.816,
0.738,0.738,0.738,0.738,0.738,0.738,0.738,0.738,0.738,0.738,
0.719,0.719,0.719,0.719,0.719,0.719,0.719,0.719,0.719,0.719,
0.577,0.577,0.577,0.577,0.577,0.577,0.577,0.577,0.577,0.577,
0.563,0.563,0.563,0.563,0.563,0.563,0.563,0.563,0.563,0.563,
0.706,0.706,0.706,0.706,0.706,0.706,0.706,0.706,0.706,0.706,
0.608,0.608,0.608,0.608,0.608,0.608,0.608,0.608,0.608,0.608,
0.638,0.638,0.638,0.638,0.638,0.638,0.638,0.638,0.638,0.638,
0.598,0.598,0.598,0.598,0.598,0.598,0.598,0.598,0.598,0.598,
0.7,0.7,0.7,0.7,0.7,0.7,0.7,0.7,0.7,0.7,
0.877,0.877,0.877,0.877,0.877,0.877,0.877,0.877,0.877,0.877,
0.7,0.7,0.7,0.7,0.7,0.7,0.7,0.7,0.7,0.7,
0.615,0.615,0.615,0.615,0.615,0.615,0.615,0.615,0.615,0.615,
0.685,0.685,0.685,0.685,0.685,0.685,0.685,0.685,0.685,0.685,
0.699,0.699,0.699,0.699,0.699,0.699,0.699,0.699,0.699,0.699,
0.709,0.709,0.709,0.709,0.709,0.709,0.709,0.709,0.709,0.709,
0.529,0.529,0.529,0.529,0.529,0.529,0.529,0.529,0.529,0.529,
0.62,0.62,0.62,0.62,0.62,0.62,0.62,0.62,0.62,0.62,
0.794,0.794,0.794,0.794,0.794,0.794,0.794,0.794,0.794,0.794,
0.716,0.716,0.716,0.716,0.716,0.716,0.716,0.716,0.716,0.716,
0.658,0.658,0.658,0.658,0.658,0.658,0.658,0.658,0.658,0.658,
0.763,0.763,0.763,0.763,0.763,0.763,0.763,0.763,0.763,0.763,

0.684,0.736,0.768,0.786,0.669,0.738,0.748,0.802,0.768,0.786,
0.71,0.699,0.769,0.718,0.699,0.769,0.718,0.699,0.769,0.718,
0.714,0.764,0.764,0.764,0.764,0.764,0.764,0.764,0.764,0.764,
0.64,0.675,0.685,0.664,0.628,0.664,0.628,0.664,0.628,0.664,
0.696,0.703,0.758,0.731,0.699,0.768,0.726,0.731,0.699,0.768,
0.674,0.73,0.731,0.731,0.731,0.731,0.731,0.731,0.731,0.731,
0.674,0.694,0.774,0.673,0.704,0.776,0.681,0.687,0.706,0.766,
0.744,0.7,0.736,0.687,0.717,0.687,0.717,0.687,0.717,0.687,
0.78,0.807,0.793,0.82,0.809,0.806,0.731,0.731,0.731,0.731,
0.658,0.727,0.686,0.698,0.702,0.759,0.756,0.672,0.732,0.733,
0.78,0.762,0.789,0.678,0.728,0.625,0.628,0.7,0.625,0.628,
0.703,0.808,0.757,0.77,0.765,0.74,0.754,0.772,0.769,0.761,
0.618,0.657,0.658,0.646,0.659,0.674,0.656,0.658,0.646,0.659,
0.669,0.797,0.816,0.749,0.693,0.75,0.711,0.687,0.825,0.741,
0.67,0.815,0.744,0.695,0.697,0.69,0.814,0.744,0.695,0.697,
0.675,0.726,0.739,0.784,0.724,0.702,0.708,0.715,0.71,0.784,
0.75,0.721,0.656,0.652,0.86,0.728,0.663,0.663,0.663,0.663,
0.732,0.694,0.803,0.786,0.71,0.731,0.761,0.755,0.8,0.764,
0.688,0.633,0.66,0.628,0.646,0.645,0.646,0.645,0.646,0.645,
0.697,0.697,0.73,0.62,0.73,0.62,0.73,0.62,0.73,0.62,
0.642,0.695,0.708,0.691,0.708,0.691,0.708,0.691,0.708,0.691,
0.643,0.673,0.556,0.591,0.578,0.605,0.596,0.591,0.549,0.591,
0.666,0.807,0.81,0.823,0.923,0.904,0.912,0.8,0.804,0.803,
0.767,0.75,0.75,0.75,0.75,0.75,0.75,0.75,0.75,0.75,
0.751,0.833,0.798,0.804,0.754,0.838,0.798,0.798,0.798,0.798,
0.651,0.706,0.721,0.64,0.662,0.678,0.756,0.691,0.67,0.735,
0.628,0.737,0.766,0.67,0.691,0.808,0.767,0.685,0.7,0.757,
0.676,0.612,0.565,0.745,0.584,0.719,0.575,0.556,0.579,0.587,
0.744,0.772,0.766,0.851,0.762,0.728,0.735,0.761,0.851,0.762,
0.777,0.608,0.666,0.624,0.666,0.624,0.666,0.624,0.666,0.624,
0.719,1.0,0.976,0.831,0.999,0.976,0.831,0.999,0.976,0.831,
0.764,0.815,0.892,0.833,0.811,0.811,0.811,0.811,0.811,0.811,
0.603,0.811,0.741,0.74,0.853,0.686,0.65,0.806,0.65,0.806,
0.746,0.819,0.753,0.819,0.753,0.819,0.753,0.819,0.753,0.819,
0.687,0.771,0.723,0.723,0.723,0.723,0.723,0.723,0.723,0.723,
0.706,0.715,0.742,0.711,0.742,0.711,0.742,0.711,0.742,0.711,
0.707,0.754,0.756,0.755,0.826,0.709,0.752,0.817,0.713,0.732,
0.747,0.693,0.694,0.766,0.694,0.766,0.694,0.766,0.694,0.766,
0.767,0.694,0.679,0.656,0.8,0.771,0.646,0.706,0.707,0.653,
0.709,0.83,0.762,0.72,0.809,0.713,0.797,0.754,0.745,0.694,
0.696,0.797,0.736,0.855,0.762,0.717,0.777,0.758,0.778,0.748,
0.705,0.736,0.719,0.738,0.754,0.719,0.738,0.754,0.719,0.738,
0.757,0.739,0.693,0.747,0.734,0.758,0.758,0.758,0.758,0.758,
0.654,0.839,0.843,0.822,0.912,0.677,0.641,0.801,0.868,0.795,
0.776,1.0,0.676,0.676,0.676,0.676,0.676,0.676,0.676,0.676,
0.76,0.709,0.724,0.676,0.745,0.676,0.745,0.676,0.745,0.676,
0.785,0.718,0.685,0.728,0.675,0.663,0.663,0.663,0.663,0.663,
0.712,0.717,0.704,0.684,0.701,0.684,0.701,0.684,0.701,0.684,
0.678,0.707,0.707,0.707,0.707,0.707,0.707,0.707,0.707,0.707,
0.605,0.726,0.766,0.656,0.694,0.694,0.694,0.694,0.694,0.694,
0.626,0.736,0.583,0.659,0.736,0.583,0.659,0.736,0.583,0.659,
0.696,0.666,0.649,0.714,0.67,0.788,0.666,0.649,0.714,0.67,
0.814,0.725,0.747,0.755,0.742,0.744,0.776,0.789,0.761,0.761,
0.791,0.691,0.719,0.691,0.719,0.691,0.719,0.691,0.719,0.691,
0.681,0.699,0.661,0.661,0.677,0.664,0.66,0.66,0.66,0.66,
0.732,0.721,0.706,0.721,0.706,0.721,0.706,0.721,0.706,0.721,
0.782,0.807,0.786,0.695,0.793,0.812,0.796,0.82,0.72,0.72,
0.654,0.761,0.736,0.755,0.92,0.797,1.0,0.943,0.884,0.859,
0.789,0.856,0.888,0.923,0.918,0.923,0.918,0.923,0.918,0.923,
0.677,0.764,0.802,0.729,0.781,0.718,0.728,0.765,0.686,0.844,
0.724,0.736,0.689,0.713,0.713,0.713,0.713,0.713,0.713,0.713,
0.656,0.718,0.606,0.629,0.6,0.6,0.6,0.6,0.6,0.6,
0.687,0.662,0.686,0.727,0.68,0.666,0.783,0.76,0.79,0.664,
0.712,0.724,0.785,0.679,0.793,0.712,0.736,0.698,0.761,0.71,
0.693,0.775,0.732,0.698,0.724,0.765,0.735,0.731,0.737,0.795,
0.772,0.759,0.748,0.758,0.735,0.735,0.735,0.735,0.735,0.735,
0.703,0.979,0.752,0.634,0.683,0.839,0.696,0.683,0.839,0.696,
0.711,0.835,0.793,0.738,0.864,0.734,0.822,0.793,0.815,0.793,
0.645,0.799,0.634,0.65,0.645,0.65,0.645,0.65,0.645,0.65,
0.689,0.714,0.676,0.683,0.7,0.676,0.683,0.7,0.676,0.683,
0.759,0.716,0.634,0.643,0.741,0.769,0.645,0.651,0.643,0.741,
0.714,0.748,0.7,0.719,0.858,0.858,0.858,0.858,0.858,0.858,
0.711,0.686,0.726,0.73,0.756,0.69,0.642,0.674,0.676,0.705,
0.652,0.731,0.674,0.696,0.673,0.695,0.673,0.695,0.673,0.695,
0.673,0.877,0.705,0.877,0.705,0.877,0.705,0.877,0.705,0.877,
0.701,0.773,0.727,0.691,0.728,0.709,0.687,0.725,0.696,0.742,
0.682,0.793,0.685,0.707,0.666,0.704,0.705,0.688,0.682,0.651,
0.628,0.641,0.658,0.598,0.623,0.636,0.636,0.636,0.636,0.636,
0.723,0.783,0.752,0.748,0.729,0.748,0.729,0.748,0.729,0.748,
0.706,0.772,0.707,0.704,0.721,0.772,0.707,0.704,0.721,0.772,
0.701,0.762,0.747,0.715,0.726,0.726,0.726,0.726,0.726,0.726,
0.545,0.658,0.687,0.753,0.77,0.794,0.795,0.778,0.669,0.672,
0.576,0.676,0.676,0.676,0.676,0.676,0.676,0.676,0.676,0.676,
0.733,0.791,0.683,0.731,0.813,0.75,0.683,0.731,0.813,0.75,
0.68,0.732,0.732,0.732,0.732,0.732,0.732,0.732,0.732,0.732,
0.686,0.622,0.638,0.645,0.607,0.613,0.638,0.645,0.607,0.613,
0.761,0.728,0.678,0.736,0.765,0.765,0.765,0.765,0.765,0.765,
0.788,0.798,0.763,0.776,0.792,0.813,0.84,0.763,0.776,0.792,
0.648,0.663,0.897,0.707,0.721,0.655,0.908,0.707,0.658,0.8,
0.773,0.822,0.822,0.822,0.822,0.822,0.822,0.822,0.822,0.822,
0.724,0.888,0.729,0.624,0.725,0.742,0.621,0.624,0.621,0.624,
0.684,0.762,0.734,0.759,0.698,0.731,0.798,0.711,0.75,0.722,
0.67,0.708,0.707,0.718,0.722,0.741,0.707,0.718,0.722,0.741,
0.722,0.745,0.728,0.714,0.692,0.703,0.79,0.729,0.713,0.673,
0.713,0.806,0.712,0.792,0.839,0.91,0.685,0.775,0.775,0.775,
0.521,0.659,0.689,0.689,0.689,0.689,0.689,0.689,0.689,0.689,
0.679,0.774,0.722,0.734,0.773,0.722,0.734,0.773,0.722,0.734,
0.664,0.731,0.638,0.638,0.638,0.638,0.638,0.638,0.638,0.638,
0.679,0.674,0.68,0.701,0.701,0.701,0.701,0.701,0.701,0.701,
0.678,0.75,0.743,0.737,0.685,0.737,0.685,0.737,0.685,0.737,


