0.25,0.25,0.25,0.25,0.25,0.25,0.25,0.25,0.25,0.25,
0.201,0.201,0.201,0.201,0.201,0.201,0.201,0.201,0.201,0.201,
0.215,0.215,0.215,0.215,0.215,0.215,0.215,0.215,0.215,0.215,
0.405,0.405,0.405,0.405,0.405,0.405,0.405,0.405,0.405,0.405,
0.161,0.161,0.161,0.161,0.161,0.161,0.161,0.161,0.161,0.161,
0.22,0.22,0.22,0.22,0.22,0.22,0.22,0.22,0.22,0.22,
0.119,0.119,0.119,0.119,0.119,0.119,0.119,0.119,0.119,0.119,
0.259,0.259,0.259,0.259,0.259,0.259,0.259,0.259,0.259,0.259,
0.208,0.208,0.208,0.208,0.208,0.208,0.208,0.208,0.208,0.208,
0.395,0.395,0.395,0.395,0.395,0.395,0.395,0.395,0.395,0.395,
0.329,0.329,0.329,0.329,0.329,0.329,0.329,0.329,0.329,0.329,
0.33,0.33,0.33,0.33,0.33,0.33,0.33,0.33,0.33,0.33,
0.356,0.356,0.356,0.356,0.356,0.356,0.356,0.356,0.356,0.356,
0.424,0.424,0.424,0.424,0.424,0.424,0.424,0.424,0.424,0.424,
0.313,0.313,0.313,0.313,0.313,0.313,0.313,0.313,0.313,0.313,
0.272,0.272,0.272,0.272,0.272,0.272,0.272,0.272,0.272,0.272,
0.403,0.403,0.403,0.403,0.403,0.403,0.403,0.403,0.403,0.403,
0.344,0.344,0.344,0.344,0.344,0.344,0.344,0.344,0.344,0.344,
0.3,0.3,0.3,0.3,0.3,0.3,0.3,0.3,0.3,0.3,
0.418,0.418,0.418,0.418,0.418,0.418,0.418,0.418,0.418,0.418,
0.201,0.201,0.201,0.201,0.201,0.201,0.201,0.201,0.201,0.201,
0.483,0.483,0.483,0.483,0.483,0.483,0.483,0.483,0.483,0.483,
0.251,0.251,0.251,0.251,0.251,0.251,0.251,0.251,0.251,0.251,
0.333,0.333,0.333,0.333,0.333,0.333,0.333,0.333,0.333,0.333,
0.118,0.118,0.118,0.118,0.118,0.118,0.118,0.118,0.118,0.118,
0.242,0.242,0.242,0.242,0.242,0.242,0.242,0.242,0.242,0.242,
0.293,0.293,0.293,0.293,0.293,0.293,0.293,0.293,0.293,0.293,
0.4,0.4,0.4,0.4,0.4,0.4,0.4,0.4,0.4,0.4,
0.252,0.252,0.252,0.252,0.252,0.252,0.252,0.252,0.252,0.252,
0.405,0.405,0.405,0.405,0.405,0.405,0.405,0.405,0.405,0.405,
0.356,0.356,0.356,0.356,0.356,0.356,0.356,0.356,0.356,0.356,
0.211,0.211,0.211,0.211,0.211,0.211,0.211,0.211,0.211,0.211,
0.312,0.312,0.312,0.312,0.312,0.312,0.312,0.312,0.312,0.312,
0.257,0.257,0.257,0.257,0.257,0.257,0.257,0.257,0.257,0.257,
0.426,0.426,0.426,0.426,0.426,0.426,0.426,0.426,0.426,0.426,
0.262,0.262,0.262,0.262,0.262,0.262,0.262,0.262,0.262,0.262,
0.302,0.302,0.302,0.302,0.302,0.302,0.302,0.302,0.302,0.302,
0.286,0.286,0.286,0.286,0.286,0.286,0.286,0.286,0.286,0.286,
0.336,0.336,0.336,0.336,0.336,0.336,0.336,0.336,0.336,0.336,
0.285,0.285,0.285,0.285,0.285,0.285,0.285,0.285,0.285,0.285,
0.217,0.217,0.217,0.217,0.217,0.217,0.217,0.217,0.217,0.217,
0.236,0.236,0.236,0.236,0.236,0.236,0.236,0.236,0.236,0.236,
0.269,0.269,0.269,0.269,0.269,0.269,0.269,0.269,0.269,0.269,
0.268,0.268,0.268,0.268,0.268,0.268,0.268,0.268,0.268,0.268,
0.401,0.401,0.401,0.401,0.401,0.401,0.401,0.401,0.401,0.401,
0.367,0.367,0.367,0.367,0.367,0.367,0.367,0.367,0.367,0.367,
0.289,0.289,0.289,0.289,0.289,0.289,0.289,0.289,0.289,0.289,
0.244,0.244,0.244,0.244,0.244,0.244,0.244,0.244,0.244,0.244,
0.298,0.298,0.298,0.298,0.298,0.298,0.298,0.298,0.298,0.298,
0.408,0.408,0.408,0.408,0.408,0.408,0.408,0.408,0.408,0.408,
0.449,0.449,0.449,0.449,0.449,0.449,0.449,0.449,0.449,0.449,
0.297,0.297,0.297,0.297,0.297,0.297,0.297,0.297,0.297,0.297,
0.201,0.201,0.201,0.201,0.201,0.201,0.201,0.201,0.201,0.201,
0.363,0.363,0.363,0.363,0.363,0.363,0.363,0.363,0.363,0.363,
0.262,0.262,0.262,0.262,0.262,0.262,0.262,0.262,0.262,0.262,
0.29,0.29,0.29,0.29,0.29,0.29,0.29,0.29,0.29,0.29,
0.443,0.443,0.443,0.443,0.443,0.443,0.443,0.443,0.443,0.443,
0.172,0.172,0.172,0.172,0.172,0.172,0.172,0.172,0.172,0.172,
0.299,0.299,0.299,0.299,0.299,0.299,0.299,0.299,0.299,0.299,
0.287,0.287,0.287,0.287,0.287,0.287,0.287,0.287,0.287,0.287,
0.263,0.263,0.263,0.263,0.263,0.263,0.263,0.263,0.263,0.263,
0.369,0.369,0.369,0.369,0.369,0.369,0.369,0.369,0.369,0.369,
0.307,0.307,0.307,0.307,0.307,0.307,0.307,0.307,0.307,0.307,
0.295,0.295,0.295,0.295,0.295,0.295,0.295,0.295,0.295,0.295,
0.262,0.262,0.262,0.262,0.262,0.262,0.262,0.262,0.262,0.262,
0.122,0.122,0.122,0.122,0.122,0.122,0.122,0.122,0.122,0.122,
0.441,0.441,0.441,0.441,0.441,0.441,0.441,0.441,0.441,0.441,
0.231,0.231,0.231,0.231,0.231,0.231,0.231,0.231,0.231,0.231,
0.547,0.547,0.547,0.547,0.547,0.547,0.547,0.547,0.547,0.547,
0.263,0.263,0.263,0.263,0.263,0.263,0.263,0.263,0.263,0.263,
0.423,0.423,0.423,0.423,0.423,0.423,0.423,0.423,0.423,0.423,
0.339,0.339,0.339,0.339,0.339,0.339,0.339,0.339,0.339,0.339,
0.302,0.302,0.302,0.302,0.302,0.302,0.302,0.302,0.302,0.302,
0.302,0.302,0.302,0.302,0.302,0.302,0.302,0.302,0.302,0.302,
0.204,0.204,0.204,0.204,0.204,0.204,0.204,0.204,0.204,0.204,
0.186,0.186,0.186,0.186,0.186,0.186,0.186,0.186,0.186,0.186,
0.202,0.202,0.202,0.202,0.202,0.202,0.202,0.202,0.202,0.202,
0.386,0.386,0.386,0.386,0.386,0.386,0.386,0.386,0.386,0.386,
0.181,0.181,0.181,0.181,0.181,0.181,0.181,0.181,0.181,0.181,
0.204,0.204,0.204,0.204,0.204,0.204,0.204,0.204,0.204,0.204,
0.287,0.287,0.287,0.287,0.287,0.287,0.287,0.287,0.287,0.287,
0.424,0.424,0.424,0.424,0.424,0.424,0.424,0.424,0.424,0.424,
0.436,0.436,0.436,0.436,0.436,0.436,0.436,0.436,0.436,0.436,
0.235,0.235,0.235,0.235,0.235,0.235,0.235,0.235,0.235,0.235,
0.355,0.355,0.355,0.355,0.355,0.355,0.355,0.355,0.355,0.355,
0.304,0.304,0.304,0.304,0.304,0.304,0.304,0.304,0.304,0.304,
0.403,0.403,0.403,0.403,0.403,0.403,0.403,0.403,0.403,0.403,
0.158,0.158,0.158,0.158,0.158,0.158,0.158,0.158,0.158,0.158,
0.124,0.124,0.124,0.124,0.124,0.124,0.124,0.124,0.124,0.124,
0.337,0.337,0.337,0.337,0.337,0.337,0.337,0.337,0.337,0.337,
0.408,0.408,0.408,0.408,0.408,0.408,0.408,0.408,0.408,0.408,
0.303,0.303,0.303,0.303,0.303,0.303,0.303,0.303,0.303,0.303,
0.301,0.301,0.301,0.301,0.301,0.301,0.301,0.301,0.301,0.301,
0.292,0.292,0.292,0.292,0.292,0.292,0.292,0.292,0.292,0.292,
0.471,0.471,0.471,0.471,0.471,0.471,0.471,0.471,0.471,0.471,
0.38,0.38,0.38,0.38,0.38,0.38,0.38,0.38,0.38,0.38,
0.304,0.304,0.304,0.304,0.304,0.304,0.304,0.304,0.304,0.304,
0.257,0.257,0.257,0.257,0.257,0.257,0.257,0.257,0.257,0.257,
0.331,0.331,0.331,0.331,0.331,0.331,0.331,0.331,0.331,0.331,
0.237,0.237,0.237,0.237,0.237,0.237,0.237,0.237,0.237,0.237,

-0.234,-0.234,-0.234,-0.234,-0.234,-0.234,-0.234,-0.234,-0.234,-0.234,
-0.201,-0.201,-0.201,-0.201,-0.201,-0.201,-0.201,-0.201,-0.201,-0.201,
-0.233,-0.233,-0.233,-0.233,-0.233,-0.233,-0.233,-0.233,-0.233,-0.233,
-0.355,-0.355,-0.355,-0.355,-0.355,-0.355,-0.355,-0.355,-0.355,-0.355,
-0.218,-0.218,-0.218,-0.218,-0.218,-0.218,-0.218,-0.218,-0.218,-0.218,
-0.239,-0.239,-0.239,-0.239,-0.239,-0.239,-0.239,-0.239,-0.239,-0.239,
-0.201,-0.201,-0.201,-0.201,-0.201,-0.201,-0.201,-0.201,-0.201,-0.201,
-0.238,-0.238,-0.238,-0.238,-0.238,-0.238,-0.238,-0.238,-0.238,-0.238,
-0.179,-0.179,-0.179,-0.179,-0.179,-0.179,-0.179,-0.179,-0.179,-0.179,
-0.32,-0.32,-0.32,-0.32,-0.32,-0.32,-0.32,-0.32,-0.32,-0.32,
-0.239,-0.239,-0.239,-0.239,-0.239,-0.239,-0.239,-0.239,-0.239,-0.239,
-0.238,-0.238,-0.238,-0.238,-0.238,-0.238,-0.238,-0.238,-0.238,-0.238,
-0.296,-0.296,-0.296,-0.296,-0.296,-0.296,-0.296,-0.296,-0.296,-0.296,
-0.291,-0.291,-0.291,-0.291,-0.291,-0.291,-0.291,-0.291,-0.291,-0.291,
-0.269,-0.269,-0.269,-0.269,-0.269,-0.269,-0.269,-0.269,-0.269,-0.269,
-0.295,-0.295,-0.295,-0.295,-0.295,-0.295,-0.295,-0.295,-0.295,-0.295,
-0.403,-0.403,-0.403,-0.403,-0.403,-0.403,-0.403,-0.403,-0.403,-0.403,
-0.305,-0.305,-0.305,-0.305,-0.305,-0.305,-0.305,-0.305,-0.305,-0.305,
-0.296,-0.296,-0.296,-0.296,-0.296,-0.296,-0.296,-0.296,-0.296,-0.296,
-0.358,-0.358,-0.358,-0.358,-0.358,-0.358,-0.358,-0.358,-0.358,-0.358,
-0.175,-0.175,-0.175,-0.175,-0.175,-0.175,-0.175,-0.175,-0.175,-0.175,
-0.372,-0.372,-0.372,-0.372,-0.372,-0.372,-0.372,-0.372,-0.372,-0.372,
-0.244,-0.244,-0.244,-0.244,-0.244,-0.244,-0.244,-0.244,-0.244,-0.244,
-0.32,-0.32,-0.32,-0.32,-0.32,-0.32,-0.32,-0.32,-0.32,-0.32,
-0.111,-0.111,-0.111,-0.111,-0.111,-0.111,-0.111,-0.111,-0.111,-0.111,
-0.216,-0.216,-0.216,-0.216,-0.216,-0.216,-0.216,-0.216,-0.216,-0.216,
-0.285,-0.285,-0.285,-0.285,-0.285,-0.285,-0.285,-0.285,-0.285,-0.285,
-0.228,-0.228,-0.228,-0.228,-0.228,-0.228,-0.228,-0.228,-0.228,-0.228,
-0.25,-0.25,-0.25,-0.25,-0.25,-0.25,-0.25,-0.25,-0.25,-0.25,
-0.363,-0.363,-0.363,-0.363,-0.363,-0.363,-0.363,-0.363,-0.363,-0.363,
-0.356,-0.356,-0.356,-0.356,-0.356,-0.356,-0.356,-0.356,-0.356,-0.356,
-0.27,-0.27,-0.27,-0.27,-0.27,-0.27,-0.27,-0.27,-0.27,-0.27,
-0.228,-0.228,-0.228,-0.228,-0.228,-0.228,-0.228,-0.228,-0.228,-0.228,
-0.221,-0.221,-0.221,-0.221,-0.221,-0.221,-0.221,-0.221,-0.221,-0.221,
-0.381,-0.381,-0.381,-0.381,-0.381,-0.381,-0.381,-0.381,-0.381,-0.381,
-0.238,-0.238,-0.238,-0.238,-0.238,-0.238,-0.238,-0.238,-0.238,-0.238,
-0.279,-0.279,-0.279,-0.279,-0.279,-0.279,-0.279,-0.279,-0.279,-0.279,
-0.284,-0.284,-0.284,-0.284,-0.284,-0.284,-0.284,-0.284,-0.284,-0.284,
-0.309,-0.309,-0.309,-0.309,-0.309,-0.309,-0.309,-0.309,-0.309,-0.309,
-0.29,-0.29,-0.29,-0.29,-0.29,-0.29,-0.29,-0.29,-0.29,-0.29,
-0.187,-0.187,-0.187,-0.187,-0.187,-0.187,-0.187,-0.187,-0.187,-0.187,
-0.167,-0.167,-0.167,-0.167,-0.167,-0.167,-0.167,-0.167,-0.167,-0.167,
-0.23,-0.23,-0.23,-0.23,-0.23,-0.23,-0.23,-0.23,-0.23,-0.23,
-0.197,-0.197,-0.197,-0.197,-0.197,-0.197,-0.197,-0.197,-0.197,-0.197,
-0.401,-0.401,-0.401,-0.401,-0.401,-0.401,-0.401,-0.401,-0.401,-0.401,
-0.336,-0.336,-0.336,-0.336,-0.336,-0.336,-0.336,-0.336,-0.336,-0.336,
-0.278,-0.278,-0.278,-0.278,-0.278,-0.278,-0.278,-0.278,-0.278,-0.278,
-0.244,-0.244,-0.244,-0.244,-0.244,-0.244,-0.244,-0.244,-0.244,-0.244,
-0.303,-0.303,-0.303,-0.303,-0.303,-0.303,-0.303,-0.303,-0.303,-0.303,
-0.394,-0.394,-0.394,-0.394,-0.394,-0.394,-0.394,-0.394,-0.394,-0.394,
-0.309,-0.309,-0.309,-0.309,-0.309,-0.309,-0.309,-0.309,-0.309,-0.309,
-0.301,-0.301,-0.301,-0.301,-0.301,-0.301,-0.301,-0.301,-0.301,-0.301,
-0.215,-0.215,-0.215,-0.215,-0.215,-0.215,-0.215,-0.215,-0.215,-0.215,
-0.367,-0.367,-0.367,-0.367,-0.367,-0.367,-0.367,-0.367,-0.367,-0.367,
-0.318,-0.318,-0.318,-0.318,-0.318,-0.318,-0.318,-0.318,-0.318,-0.318,
-0.21,-0.21,-0.21,-0.21,-0.21,-0.21,-0.21,-0.21,-0.21,-0.21,
-0.364,-0.364,-0.364,-0.364,-0.364,-0.364,-0.364,-0.364,-0.364,-0.364,
-0.171,-0.171,-0.171,-0.171,-0.171,-0.171,-0.171,-0.171,-0.171,-0.171,
-0.29,-0.29,-0.29,-0.29,-0.29,-0.29,-0.29,-0.29,-0.29,-0.29,
-0.235,-0.235,-0.235,-0.235,-0.235,-0.235,-0.235,-0.235,-0.235,-0.235,
-0.241,-0.241,-0.241,-0.241,-0.241,-0.241,-0.241,-0.241,-0.241,-0.241,
-0.273,-0.273,-0.273,-0.273,-0.273,-0.273,-0.273,-0.273,-0.273,-0.273,
-0.268,-0.268,-0.268,-0.268,-0.268,-0.268,-0.268,-0.268,-0.268,-0.268,
-0.276,-0.276,-0.276,-0.276,-0.276,-0.276,-0.276,-0.276,-0.276,-0.276,
-0.27,-0.27,-0.27,-0.27,-0.27,-0.27,-0.27,-0.27,-0.27,-0.27,
-0.095,-0.095,-0.095,-0.095,-0.095,-0.095,-0.095,-0.095,-0.095,-0.095,
-0.412,-0.412,-0.412,-0.412,-0.412,-0.412,-0.412,-0.412,-0.412,-0.412,
-0.254,-0.254,-0.254,-0.254,-0.254,-0.254,-0.254,-0.254,-0.254,-0.254,
-0.476,-0.476,-0.476,-0.476,-0.476,-0.476,-0.476,-0.476,-0.476,-0.476,
-0.168,-0.168,-0.168,-0.168,-0.168,-0.168,-0.168,-0.168,-0.168,-0.168,
-0.377,-0.377,-0.377,-0.377,-0.377,-0.377,-0.377,-0.377,-0.377,-0.377,
-0.318,-0.318,-0.318,-0.318,-0.318,-0.318,-0.318,-0.318,-0.318,-0.318,
-0.287,-0.287,-0.287,-0.287,-0.287,-0.287,-0.287,-0.287,-0.287,-0.287,
-0.257,-0.257,-0.257,-0.257,-0.257,-0.257,-0.257,-0.257,-0.257,-0.257,
-0.177,-0.177,-0.177,-0.177,-0.177,-0.177,-0.177,-0.177,-0.177,-0.177,
-0.162,-0.162,-0.162,-0.162,-0.162,-0.162,-0.162,-0.162,-0.162,-0.162,
-0.184,-0.184,-0.184,-0.184,-0.184,-0.184,-0.184,-0.184,-0.184,-0.184,
-0.333,-0.333,-0.333,-0.333,-0.333,-0.333,-0.333,-0.333,-0.333,-0.333,
-0.137,-0.137,-0.137,-0.137,-0.137,-0.137,-0.137,-0.137,-0.137,-0.137,
-0.262,-0.262,-0.262,-0.262,-0.262,-0.262,-0.262,-0.262,-0.262,-0.262,
-0.282,-0.282,-0.282,-0.282,-0.282,-0.282,-0.282,-0.282,-0.282,-0.282,
-0.328,-0.328,-0.328,-0.328,-0.328,-0.328,-0.328,-0.328,-0.328,-0.328,
-0.306,-0.306,-0.306,-0.306,-0.306,-0.306,-0.306,-0.306,-0.306,-0.306,
-0.247,-0.247,-0.247,-0.247,-0.247,-0.247,-0.247,-0.247,-0.247,-0.247,
-0.219,-0.219,-0.219,-0.219,-0.219,-0.219,-0.219,-0.219,-0.219,-0.219,
-0.326,-0.326,-0.326,-0.326,-0.326,-0.326,-0.326,-0.326,-0.326,-0.326,
-0.403,-0.403,-0.403,-0.403,-0.403,-0.403,-0.403,-0.403,-0.403,-0.403,
-0.108,-0.108,-0.108,-0.108,-0.108,-0.108,-0.108,-0.108,-0.108,-0.108,
-0.124,-0.124,-0.124,-0.124,-0.124,-0.124,-0.124,-0.124,-0.124,-0.124,
-0.315,-0.315,-0.315,-0.315,-0.315,-0.315,-0.315,-0.315,-0.315,-0.315,
-0.331,-0.331,-0.331,-0.331,-0.331,-0.331,-0.331,-0.331,-0.331,-0.331,
-0.254,-0.254,-0.254,-0.254,-0.254,-0.254,-0.254,-0.254,-0.254,-0.254,
-0.299,-0.299,-0.299,-0.299,-0.299,-0.299,-0.299,-0.299,-0.299,-0.299,
-0.232,-0.232,-0.232,-0.232,-0.232,-0.232,-0.232,-0.232,-0.232,-0.232,
-0.471,-0.471,-0.471,-0.471,-0.471,-0.471,-0.471,-0.471,-0.471,-0.471,
-0.255,-0.255,-0.255,-0.255,-0.255,-0.255,-0.255,-0.255,-0.255,-0.255,
-0.269,-0.269,-0.269,-0.269,-0.269,-0.269,-0.269,-0.269,-0.269,-0.269,
-0.21,-0.21,-0.21,-0.21,-0.21,-0.21,-0.21,-0.21,-0.21,-0.21,
-0.302,-0.302,-0.302,-0.302,-0.302,-0.302,-0.302,-0.302,-0.302,-0.302,
-0.211,-0.211,-0.211,-0.211,-0.211,-0.211,-0.211,-0.211,-0.211,-0.211,

0.261,0.261,0.261,0.261,0.261,0.261,0.261,0.261,0.261,0.261,
0.127,0.127,0.127,0.127,0.127,0.127,0.127,0.127,0.127,0.127,
0.276,0.276,0.276,0.276,0.276,0.276,0.276,0.276,0.276,0.276,
0.229,0.229,0.229,0.229,0.229,0.229,0.229,0.229,0.229,0.229,
0.256,0.256,0.256,0.256,0.256,0.256,0.256,0.256,0.256,0.256,
0.158,0.158,0.158,0.158,0.158,0.158,0.158,0.158,0.158,0.158,
0.244,0.244,0.244,0.244,0.244,0.244,0.244,0.244,0.244,0.244,
0.142,0.142,0.142,0.142,0.142,0.142,0.142,0.142,0.142,0.142,
0.152,0.152,0.152,0.152,0.152,0.152,0.152,0.152,0.152,0.152,
0.267,0.267,0.267,0.267,0.267,0.267,0.267,0.267,0.267,0.267,
0.235,0.235,0.235,0.235,0.235,0.235,0.235,0.235,0.235,0.235,
0.106,0.106,0.106,0.106,0.106,0.106,0.106,0.106,0.106,0.106,
0.233,0.233,0.233,0.233,0.233,0.233,0.233,0.233,0.233,0.233,
0.221,0.221,0.221,0.221,0.221,0.221,0.221,0.221,0.221,0.221,
0.27,0.27,0.27,0.27,0.27,0.27,0.27,0.27,0.27,0.27,
0.194,0.194,0.194,0.194,0.194,0.194,0.194,0.194,0.194,0.194,
0.284,0.284,0.284,0.284,0.284,0.284,0.284,0.284,0.284,0.284,
0.1,0.1,0.1,0.1,0.1,0.1,0.1,0.1,0.1,0.1,
0.263,0.263,0.263,0.263,0.263,0.263,0.263,0.263,0.263,0.263,
0.239,0.239,0.239,0.239,0.239,0.239,0.239,0.239,0.239,0.239,
0.288,0.288,0.288,0.288,0.288,0.288,0.288,0.288,0.288,0.288,
0.318,0.318,0.318,0.318,0.318,0.318,0.318,0.318,0.318,0.318,
0.301,0.301,0.301,0.301,0.301,0.301,0.301,0.301,0.301,0.301,
0.318,0.318,0.318,0.318,0.318,0.318,0.318,0.318,0.318,0.318,
0.145,0.145,0.145,0.145,0.145,0.145,0.145,0.145,0.145,0.145,
0.23,0.23,0.23,0.23,0.23,0.23,0.23,0.23,0.23,0.23,
0.33,0.33,0.33,0.33,0.33,0.33,0.33,0.33,0.33,0.33,
0.15,0.15,0.15,0.15,0.15,0.15,0.15,0.15,0.15,0.15,
0.142,0.142,0.142,0.142,0.142,0.142,0.142,0.142,0.142,0.142,
0.35,0.35,0.35,0.35,0.35,0.35,0.35,0.35,0.35,0.35,
0.209,0.209,0.209,0.209,0.209,0.209,0.209,0.209,0.209,0.209,
0.183,0.183,0.183,0.183,0.183,0.183,0.183,0.183,0.183,0.183,
0.079,0.079,0.079,0.079,0.079,0.079,0.079,0.079,0.079,0.079,
0.21,0.21,0.21,0.21,0.21,0.21,0.21,0.21,0.21,0.21,
0.298,0.298,0.298,0.298,0.298,0.298,0.298,0.298,0.298,0.298,
0.242,0.242,0.242,0.242,0.242,0.242,0.242,0.242,0.242,0.242,
0.273,0.273,0.273,0.273,0.273,0.273,0.273,0.273,0.273,0.273,
0.289,0.289,0.289,0.289,0.289,0.289,0.289,0.289,0.289,0.289,
0.228,0.228,0.228,0.228,0.228,0.228,0.228,0.228,0.228,0.228,
0.217,0.217,0.217,0.217,0.217,0.217,0.217,0.217,0.217,0.217,
0.185,0.185,0.185,0.185,0.185,0.185,0.185,0.185,0.185,0.185,
0.199,0.199,0.199,0.199,0.199,0.199,0.199,0.199,0.199,0.199,
0.197,0.197,0.197,0.197,0.197,0.197,0.197,0.197,0.197,0.197,
0.305,0.305,0.305,0.305,0.305,0.305,0.305,0.305,0.305,0.305,
0.287,0.287,0.287,0.287,0.287,0.287,0.287,0.287,0.287,0.287,
0.305,0.305,0.305,0.305,0.305,0.305,0.305,0.305,0.305,0.305,
0.289,0.289,0.289,0.289,0.289,0.289,0.289,0.289,0.289,0.289,
0.188,0.188,0.188,0.188,0.188,0.188,0.188,0.188,0.188,0.188,
0.232,0.232,0.232,0.232,0.232,0.232,0.232,0.232,0.232,0.232,
0.372,0.372,0.372,0.372,0.372,0.372,0.372,0.372,0.372,0.372,
0.208,0.208,0.208,0.208,0.208,0.208,0.208,0.208,0.208,0.208,
0.275,0.275,0.275,0.275,0.275,0.275,0.275,0.275,0.275,0.275,
0.224,0.224,0.224,0.224,0.224,0.224,0.224,0.224,0.224,0.224,
0.387,0.387,0.387,0.387,0.387,0.387,0.387,0.387,0.387,0.387,
0.278,0.278,0.278,0.278,0.278,0.278,0.278,0.278,0.278,0.278,
0.188,0.188,0.188,0.188,0.188,0.188,0.188,0.188,0.188,0.188,
0.303,0.303,0.303,0.303,0.303,0.303,0.303,0.303,0.303,0.303,
0.236,0.236,0.236,0.236,0.236,0.236,0.236,0.236,0.236,0.236,
0.223,0.223,0.223,0.223,0.223,0.223,0.223,0.223,0.223,0.223,
0.192,0.192,0.192,0.192,0.192,0.192,0.192,0.192,0.192,0.192,
0.213,0.213,0.213,0.213,0.213,0.213,0.213,0.213,0.213,0.213,
0.19,0.19,0.19,0.19,0.19,0.19,0.19,0.19,0.19,0.19,
0.111,0.111,0.111,0.111,0.111,0.111,0.111,0.111,0.111,0.111,
0.178,0.178,0.178,0.178,0.178,0.178,0.178,0.178,0.178,0.178,
0.259,0.259,0.259,0.259,0.259,0.259,0.259,0.259,0.259,0.259,
0.183,0.183,0.183,0.183,0.183,0.183,0.183,0.183,0.183,0.183,
0.355,0.355,0.355,0.355,0.355,0.355,0.355,0.355,0.355,0.355,
0.103,0.103,0.103,0.103,0.103,0.103,0.103,0.103,0.103,0.103,
0.1,0.1,0.1,0.1,0.1,0.1,0.1,0.1,0.1,0.1,
0.196,0.196,0.196,0.196,0.196,0.196,0.196,0.196,0.196,0.196,
0.207,0.207,0.207,0.207,0.207,0.207,0.207,0.207,0.207,0.207,
0.275,0.275,0.275,0.275,0.275,0.275,0.275,0.275,0.275,0.275,
0.334,0.334,0.334,0.334,0.334,0.334,0.334,0.334,0.334,0.334,
0.183,0.183,0.183,0.183,0.183,0.183,0.183,0.183,0.183,0.183,
0.275,0.275,0.275,0.275,0.275,0.275,0.275,0.275,0.275,0.275,
0.289,0.289,0.289,0.289,0.289,0.289,0.289,0.289,0.289,0.289,
0.075,0.075,0.075,0.075,0.075,0.075,0.075,0.075,0.075,0.075,
0.238,0.238,0.238,0.238,0.238,0.238,0.238,0.238,0.238,0.238,
0.161,0.161,0.161,0.161,0.161,0.161,0.161,0.161,0.161,0.161,
0.197,0.197,0.197,0.197,0.197,0.197,0.197,0.197,0.197,0.197,
0.263,0.263,0.263,0.263,0.263,0.263,0.263,0.263,0.263,0.263,
0.297,0.297,0.297,0.297,0.297,0.297,0.297,0.297,0.297,0.297,
0.089,0.089,0.089,0.089,0.089,0.089,0.089,0.089,0.089,0.089,
0.138,0.138,0.138,0.138,0.138,0.138,0.138,0.138,0.138,0.138,
0.171,0.171,0.171,0.171,0.171,0.171,0.171,0.171,0.171,0.171,
0.252,0.252,0.252,0.252,0.252,0.252,0.252,0.252,0.252,0.252,
0.235,0.235,0.235,0.235,0.235,0.235,0.235,0.235,0.235,0.235,
0.188,0.188,0.188,0.188,0.188,0.188,0.188,0.188,0.188,0.188,
0.277,0.277,0.277,0.277,0.277,0.277,0.277,0.277,0.277,0.277,
0.262,0.262,0.262,0.262,0.262,0.262,0.262,0.262,0.262,0.262,
0.277,0.277,0.277,0.277,0.277,0.277,0.277,0.277,0.277,0.277,
0.199,0.199,0.199,0.199,0.199,0.199,0.199,0.199,0.199,0.199,
0.255,0.255,0.255,0.255,0.255,0.255,0.255,0.255,0.255,0.255,
0.234,0.234,0.234,0.234,0.234,0.234,0.234,0.234,0.234,0.234,
0.471,0.471,0.471,0.471,0.471,0.471,0.471,0.471,0.471,0.471,
0.206,0.206,0.206,0.206,0.206,0.206,0.206,0.206,0.206,0.206,
0.219,0.219,0.219,0.219,0.219,0.219,0.219,0.219,0.219,0.219,
0.132,0.132,0.132,0.132,0.132,0.132,0.132,0.132,0.132,0.132,
0.227,0.227,0.227,0.227,0.227,0.227,0.227,0.227,0.227,0.227,
0.262,0.262,0.262,0.262,0.262,0.262,0.262,0.262,0.262,0.262,

0.097,0.097,0.097,0.097,0.097,0.097,0.097,0.097,0.097,0.097,
0.187,0.187,0.187,0.187,0.187,0.187,0.187,0.187,0.187,0.187,
-0.162,-0.162,-0.162,-0.162,-0.162,-0.162,-0.162,-0.162,-0.162,-0.162,
0.087,0.087,0.087,0.087,0.087,0.087,0.087,0.087,0.087,0.087,
-0.049,-0.049,-0.049,-0.049,-0.049,-0.049,-0.049,-0.049,-0.049,-0.049,
0.109,0.109,0.109,0.109,0.109,0.109,0.109,0.109,0.109,0.109,
0.064,0.064,0.064,0.064,0.064,0.064,0.064,0.064,0.064,0.064,
0.111,0.111,0.111,0.111,0.111,0.111,0.111,0.111,0.111,0.111,
0.032,0.032,0.032,0.032,0.032,0.032,0.032,0.032,0.032,0.032,
0.01,0.01,0.01,0.01,0.01,0.01,0.01,0.01,0.01,0.01,
0.005,0.005,0.005,0.005,0.005,0.005,0.005,0.005,0.005,0.005,
0.148,0.148,0.148,0.148,0.148,0.148,0.148,0.148,0.148,0.148,
0.083,0.083,0.083,0.083,0.083,0.083,0.083,0.083,0.083,0.083,
0.09,0.09,0.09,0.09,0.09,0.09,0.09,0.09,0.09,0.09,
-0.06,-0.06,-0.06,-0.06,-0.06,-0.06,-0.06,-0.06,-0.06,-0.06,
0.068,0.068,0.068,0.068,0.068,0.068,0.068,0.068,0.068,0.068,
0.166,0.166,0.166,0.166,0.166,0.166,0.166,0.166,0.166,0.166,
0.228,0.228,0.228,0.228,0.228,0.228,0.228,0.228,0.228,0.228,
0.045,0.045,0.045,0.045,0.045,0.045,0.045,0.045,0.045,0.045,
0.157,0.157,0.157,0.157,0.157,0.157,0.157,0.157,0.157,0.157,
-0.136,-0.136,-0.136,-0.136,-0.136,-0.136,-0.136,-0.136,-0.136,-0.136,
0.092,0.092,0.092,0.092,0.092,0.092,0.092,0.092,0.092,0.092,
-0.075,-0.075,-0.075,-0.075,-0.075,-0.075,-0.075,-0.075,-0.075,-0.075,
0.063,0.063,0.063,0.063,0.063,0.063,0.063,0.063,0.063,0.063,
0.008,0.008,0.008,0.008,0.008,0.008,0.008,0.008,0.008,0.008,
0.011,0.011,0.011,0.011,0.011,0.011,0.011,0.011,0.011,0.011,
-0.063,-0.063,-0.063,-0.063,-0.063,-0.063,-0.063,-0.063,-0.063,-0.063,
0.098,0.098,0.098,0.098,0.098,0.098,0.098,0.098,0.098,0.098,
0.103,0.103,0.103,0.103,0.103,0.103,0.103,0.103,0.103,0.103,
0.02,0.02,0.02,0.02,0.02,0.02,0.02,0.02,0.02,0.02,
0.186,0.186,0.186,0.186,0.186,0.186,0.186,0.186,0.186,0.186,
0.106,0.106,0.106,0.106,0.106,0.106,0.106,0.106,0.106,0.106,
0.162,0.162,0.162,0.162,0.162,0.162,0.162,0.162,0.162,0.162,
0.014,0.014,0.014,0.014,0.014,0.014,0.014,0.014,0.014,0.014,
0.118,0.118,0.118,0.118,0.118,0.118,0.118,0.118,0.118,0.118,
-0.005,-0.005,-0.005,-0.005,-0.005,-0.005,-0.005,-0.005,-0.005,-0.005,
0.011,0.011,0.011,0.011,0.011,0.011,0.011,0.011,0.011,0.011,
-0.072,-0.072,-0.072,-0.072,-0.072,-0.072,-0.072,-0.072,-0.072,-0.072,
0.058,0.058,0.058,0.058,0.058,0.058,0.058,0.058,0.058,0.058,
0.109,0.109,0.109,0.109,0.109,0.109,0.109,0.109,0.109,0.109,
0.003,0.003,0.003,0.003,0.003,0.003,0.003,0.003,0.003,0.003,
-0.039,-0.039,-0.039,-0.039,-0.039,-0.039,-0.039,-0.039,-0.039,-0.039,
0.065,0.065,0.065,0.065,0.065,0.065,0.065,0.065,0.065,0.065,
-0.135,-0.135,-0.135,-0.135,-0.135,-0.135,-0.135,-0.135,-0.135,-0.135,
0.16,0.16,0.16,0.16,0.16,0.16,0.16,0.16,0.16,0.16,
0.045,0.045,0.045,0.045,0.045,0.045,0.045,0.045,0.045,0.045,
-0.05,-0.05,-0.05,-0.05,-0.05,-0.05,-0.05,-0.05,-0.05,-0.05,
0.069,0.069,0.069,0.069,0.069,0.069,0.069,0.069,0.069,0.069,
0.069,0.069,0.069,0.069,0.069,0.069,0.069,0.069,0.069,0.069,
0.036,0.036,0.036,0.036,0.036,0.036,0.036,0.036,0.036,0.036,
0.126,0.126,0.126,0.126,0.126,0.126,0.126,0.126,0.126,0.126,
0.036,0.036,0.036,0.036,0.036,0.036,0.036,0.036,0.036,0.036,
-0.026,-0.026,-0.026,-0.026,-0.026,-0.026,-0.026,-0.026,-0.026,-0.026,
-0.032,-0.032,-0.032,-0.032,-0.032,-0.032,-0.032,-0.032,-0.032,-0.032,
0.076,0.076,0.076,0.076,0.076,0.076,0.076,0.076,0.076,0.076,
-0.02,-0.02,-0.02,-0.02,-0.02,-0.02,-0.02,-0.02,-0.02,-0.02,
0.088,0.088,0.088,0.088,0.088,0.088,0.088,0.088,0.088,0.088,
-0.078,-0.078,-0.078,-0.078,-0.078,-0.078,-0.078,-0.078,-0.078,-0.078,
0.086,0.086,0.086,0.086,0.086,0.086,0.086,0.086,0.086,0.086,
0.071,0.071,0.071,0.071,0.071,0.071,0.071,0.071,0.071,0.071,
0.001,0.001,0.001,0.001,0.001,0.001,0.001,0.001,0.001,0.001,
0.042,0.042,0.042,0.042,0.042,0.042,0.042,0.042,0.042,0.042,
0.117,0.117,0.117,0.117,0.117,0.117,0.117,0.117,0.117,0.117,
0.12,0.12,0.12,0.12,0.12,0.12,0.12,0.12,0.12,0.12,
0.068,0.068,0.068,0.068,0.068,0.068,0.068,0.068,0.068,0.068,
-0.097,-0.097,-0.097,-0.097,-0.097,-0.097,-0.097,-0.097,-0.097,-0.097,
0.089,0.089,0.089,0.089,0.089,0.089,0.089,0.089,0.089,0.089,
0.168,0.168,0.168,0.168,0.168,0.168,0.168,0.168,0.168,0.168,
0.417,0.417,0.417,0.417,0.417,0.417,0.417,0.417,0.417,0.417,
-0.034,-0.034,-0.034,-0.034,-0.034,-0.034,-0.034,-0.034,-0.034,-0.034,
0.153,0.153,0.153,0.153,0.153,0.153,0.153,0.153,0.153,0.153,
0.058,0.058,0.058,0.058,0.058,0.058,0.058,0.058,0.058,0.058,
-0.014,-0.014,-0.014,-0.014,-0.014,-0.014,-0.014,-0.014,-0.014,-0.014,
0.115,0.115,0.115,0.115,0.115,0.115,0.115,0.115,0.115,0.115,
-0.119,-0.119,-0.119,-0.119,-0.119,-0.119,-0.119,-0.119,-0.119,-0.119,
-0.153,-0.153,-0.153,-0.153,-0.153,-0.153,-0.153,-0.153,-0.153,-0.153,
0.124,0.124,0.124,0.124,0.124,0.124,0.124,0.124,0.124,0.124,
0.055,0.055,0.055,0.055,0.055,0.055,0.055,0.055,0.055,0.055,
0.096,0.096,0.096,0.096,0.096,0.096,0.096,0.096,0.096,0.096,
0.081,0.081,0.081,0.081,0.081,0.081,0.081,0.081,0.081,0.081,
0.017,0.017,0.017,0.017,0.017,0.017,0.017,0.017,0.017,0.017,
0.044,0.044,0.044,0.044,0.044,0.044,0.044,0.044,0.044,0.044,
0.239,0.239,0.239,0.239,0.239,0.239,0.239,0.239,0.239,0.239,
0.127,0.127,0.127,0.127,0.127,0.127,0.127,0.127,0.127,0.127,
0.114,0.114,0.114,0.114,0.114,0.114,0.114,0.114,0.114,0.114,
0.099,0.099,0.099,0.099,0.099,0.099,0.099,0.099,0.099,0.099,
0.219,0.219,0.219,0.219,0.219,0.219,0.219,0.219,0.219,0.219,
0.086,0.086,0.086,0.086,0.086,0.086,0.086,0.086,0.086,0.086,
-0.175,-0.175,-0.175,-0.175,-0.175,-0.175,-0.175,-0.175,-0.175,-0.175,
0.021,0.021,0.021,0.021,0.021,0.021,0.021,0.021,0.021,0.021,
0.04,0.04,0.04,0.04,0.04,0.04,0.04,0.04,0.04,0.04,
0.086,0.086,0.086,0.086,0.086,0.086,0.086,0.086,0.086,0.086,
0.06,0.06,0.06,0.06,0.06,0.06,0.06,0.06,0.06,0.06,
-0.003,-0.003,-0.003,-0.003,-0.003,-0.003,-0.003,-0.003,-0.003,-0.003,
0.0,0.0,0.0,0.0,0.0,0.0,0.0,0.0,0.0,0.0,
0.062,0.062,0.062,0.062,0.062,0.062,0.062,0.062,0.062,0.062,
-0.062,-0.062,-0.062,-0.062,-0.062,-0.062,-0.062,-0.062,-0.062,-0.062,
0.123,0.123,0.123,0.123,0.123,0.123,0.123,0.123,0.123,0.123,
0.113,0.113,0.113,0.113,0.113,0.113,0.113,0.113,0.113,0.113,
-0.065,-0.065,-0.065,-0.065,-0.065,-0.065,-0.065,-0.065,-0.065,-0.065,

-0.043,-0.081,-0.095,-0.083,-0.143,-0.146,-0.019,-0.115,-0.126,-0.146,
0.011,-0.076,-0.01,-0.017,0.007,0.007,0.007,0.007,0.007,0.007,
0.174,0.116,0.116,0.116,0.116,0.116,0.116,0.116,0.116,0.116,
0.015,-0.06,0.068,0.034,-0.021,0.034,-0.021,0.034,-0.021,0.034,
0.11,0.102,0.031,0.066,0.107,0.019,0.073,0.066,0.107,0.019,
0.092,0.018,0.015,0.015,0.015,0.015,0.015,0.015,0.015,0.015,
0.049,0.02,-0.084,0.05,0.006,-0.088,0.052,-0.005,-0.019,0.045,
-0.003,0.055,-0.008,0.07,0.052,0.065,-0.008,0.07,0.052,0.065,
0.016,-0.019,-0.002,-0.034,-0.022,-0.018,0.077,0.077,0.077,0.077,
-0.018,-0.111,-0.058,-0.074,-0.079,-0.149,-0.146,-0.039,-0.118,-0.118,
-0.139,-0.118,-0.149,-0.01,-0.078,0.068,0.066,-0.04,0.068,0.066,
-0.028,-0.153,-0.096,-0.112,-0.106,-0.076,-0.093,-0.114,-0.111,-0.102,
0.042,-0.019,-0.009,-0.004,-0.061,-0.086,-0.061,-0.086,-0.061,-0.086,
-0.139,-0.277,-0.294,-0.231,-0.169,-0.232,-0.189,-0.162,-0.301,-0.223,
0.083,-0.103,-0.018,0.049,0.046,0.056,0.088,0.05,0.1,0.054,
0.073,0.062,0.048,0.053,-0.043,0.036,0.065,0.057,0.048,0.053,
-0.203,-0.171,-0.089,-0.084,-0.306,-0.18,-0.099,-0.099,-0.099,-0.099,
-0.104,-0.054,-0.183,-0.165,-0.076,-0.102,-0.138,-0.131,-0.18,-0.141,
0.018,0.095,0.056,0.08,0.127,0.078,0.077,0.078,0.077,0.078,
-0.165,-0.164,-0.203,-0.061,-0.203,-0.061,-0.203,-0.061,-0.203,-0.061,
0.198,0.131,0.114,0.136,0.114,0.136,0.114,0.136,0.114,0.136,
-0.207,-0.242,-0.082,-0.136,-0.118,-0.157,-0.145,-0.137,-0.07,-0.137,
0.111,-0.071,-0.075,-0.089,-0.189,-0.171,-0.178,-0.064,-0.068,-0.066,
-0.184,-0.164,-0.164,-0.164,-0.164,-0.164,-0.164,-0.164,-0.164,-0.164,
0.108,0.011,0.094,0.029,0.079,0.047,0.079,0.047,0.079,0.047,
0.074,0.081,-0.026,0.061,0.089,0.002,0.123,-0.004,0.05,0.089,
0.113,-0.04,-0.075,-0.128,0.009,0.093,-0.075,-0.128,0.009,0.093,
-0.119,-0.025,0.052,-0.199,0.021,-0.129,-0.151,0.04,-0.129,-0.151,
0.03,-0.005,0.003,-0.097,0.007,0.017,-0.05,0.073,0.029,0.009,
-0.234,-0.021,-0.105,-0.046,-0.105,-0.046,-0.105,-0.046,-0.105,-0.046,
-0.201,-0.426,-0.411,-0.309,-0.425,-0.411,-0.309,-0.425,-0.411,-0.309,
-0.042,-0.182,-0.123,-0.099,-0.099,-0.099,-0.099,-0.099,-0.099,-0.099,
0.125,-0.217,-0.046,0.084,-0.147,-0.021,0.02,0.033,-0.147,-0.021,
-0.002,-0.093,-0.11,-0.07,-0.118,-0.07,-0.118,-0.07,-0.118,-0.07,
-0.16,-0.255,-0.206,-0.206,-0.206,-0.206,-0.206,-0.206,-0.206,-0.206,
0.042,0.061,0.043,0.042,0.03,-0.006,0.037,-0.006,0.037,-0.006,
-0.014,-0.075,-0.079,-0.076,-0.156,-0.017,-0.074,-0.146,-0.022,-0.048,
0.022,0.094,0.074,0.019,-0.018,0.028,0.027,0.039,0.079,0.079,
-0.09,0.007,0.051,0.083,-0.089,-0.024,-0.009,-0.022,0.057,-0.128,
-0.015,-0.159,-0.084,-0.036,-0.073,0.007,-0.033,-0.114,-0.148,-0.017,
0.112,0.009,0.034,0.008,0.045,0.077,0.009,0.034,0.008,0.045,
0.078,0.037,0.06,0.035,0.013,0.06,0.035,0.013,0.06,0.035,
-0.059,-0.036,0.028,-0.047,-0.03,-0.06,-0.06,-0.06,-0.06,-0.06,
0.107,-0.128,-0.132,-0.109,-0.197,0.076,0.125,-0.086,-0.157,-0.079,
-0.24,-0.411,-0.127,-0.127,-0.127,-0.127,-0.127,-0.127,-0.127,-0.127,
-0.165,-0.105,-0.125,-0.062,-0.15,-0.062,-0.15,-0.062,-0.15,-0.062,
-0.061,0.026,0.071,0.013,0.085,0.101,0.101,0.101,0.101,0.101,
0.059,0.051,0.07,0.096,0.073,0.096,0.073,0.096,0.073,0.096,
0.062,0.022,0.022,0.022,0.022,0.022,0.022,0.022,0.022,0.022,
-0.021,-0.184,-0.227,-0.097,-0.146,-0.146,-0.146,-0.146,-0.146,-0.146,
-0.118,-0.251,-0.054,-0.162,-0.251,-0.054,-0.162,-0.251,-0.054,-0.162,
0.009,0.052,0.078,-0.016,0.047,-0.018,0.016,0.016,0.016,0.016,
0.09,-0.02,0.067,0.027,0.034,0.065,0.037,0.083,0.081,0.114,
-0.2,-0.084,-0.119,-0.084,-0.119,-0.084,-0.119,-0.084,-0.119,-0.084,
-0.018,-0.043,0.013,-0.02,-0.049,0.013,-0.02,-0.049,0.013,-0.02,
0.018,0.033,0.052,0.033,0.052,0.033,0.052,0.033,0.052,0.033,
-0.288,-0.31,-0.292,-0.199,-0.298,-0.372,-0.343,-0.416,-0.193,-0.372,
0.193,0.059,0.091,0.067,-0.12,0.015,-0.191,-0.143,-0.084,-0.057,
-0.11,-0.18,-0.21,-0.24,-0.236,-0.24,-0.236,-0.24,-0.236,-0.24,
0.034,-0.082,-0.126,-0.039,-0.104,-0.024,-0.037,-0.083,0.021,-0.17,
0.051,0.074,0.031,0.067,0.067,0.067,0.067,0.067,0.067,0.067,
0.026,0.094,0.106,0.023,-0.001,0.046,0.106,0.014,0.108,0.108,
0.077,0.111,0.078,0.077,-0.072,0.038,0.092,0.128,0.032,0.111,
0.01,-0.188,-0.008,-0.04,0.011,-0.072,-0.004,-0.128,-0.034,-0.242,
0.031,-0.075,-0.057,-0.011,-0.033,-0.051,-0.157,-0.057,-0.011,-0.033,
0.123,0.135,0.15,0.137,0.165,0.165,0.165,0.165,0.165,0.165,
-0.204,-0.429,-0.257,-0.118,-0.182,-0.334,-0.197,-0.182,-0.334,-0.197,
0.049,-0.106,-0.059,0.011,-0.136,0.017,-0.066,-0.084,-0.058,-0.084,
-0.298,-0.433,-0.286,-0.304,-0.298,-0.304,-0.298,-0.304,-0.298,-0.304,
0.066,0.032,0.083,0.074,0.051,0.083,0.074,0.051,0.083,0.074,
-0.182,-0.132,-0.019,-0.033,-0.162,-0.192,-0.036,-0.045,-0.033,-0.162,
-0.075,-0.117,-0.055,-0.08,-0.23,-0.23,-0.23,-0.23,-0.23,-0.23,
-0.069,-0.036,-0.089,-0.094,-0.125,-0.042,0.03,-0.019,-0.021,-0.061,
-0.009,0.013,-0.016,0.01,-0.046,0.031,-0.019,-0.016,0.01,-0.046,
0.156,-0.091,0.115,-0.091,0.115,-0.091,0.115,-0.091,0.115,-0.091,
0.142,0.054,0.111,0.154,0.109,0.132,0.158,0.113,0.149,0.091,
0.14,0.0,0.136,0.109,0.163,0.112,0.111,0.135,0.143,0.179,
0.051,0.033,0.008,0.097,0.059,0.041,0.041,0.041,0.041,0.041,
-0.004,-0.079,-0.068,-0.017,-0.038,-0.012,-0.038,-0.012,-0.038,-0.012,
0.044,-0.043,0.043,0.047,0.023,-0.043,0.043,0.047,0.023,-0.043,
-0.026,-0.021,0.026,0.062,0.009,0.057,-0.001,0.057,-0.001,0.057,
0.056,-0.125,-0.161,-0.235,-0.251,-0.274,-0.276,-0.259,-0.138,-0.143,
-0.022,-0.166,-0.166,-0.166,-0.166,-0.166,-0.166,-0.166,-0.166,-0.166,
0.028,-0.048,0.096,0.015,0.0,0.061,0.014,0.015,0.0,0.061,
-0.106,-0.169,-0.169,-0.169,-0.169,-0.169,-0.169,-0.169,-0.169,-0.169,
-0.017,0.077,0.054,0.044,0.133,0.07,-0.082,-0.01,0.133,0.07,
-0.215,-0.179,-0.118,-0.187,-0.219,-0.219,-0.219,-0.219,-0.219,-0.219,
-0.111,-0.124,-0.082,-0.098,-0.116,-0.139,-0.167,-0.082,-0.098,-0.116,
0.26,0.244,-0.024,0.193,0.178,0.252,-0.035,0.193,0.249,0.088,
-0.096,-0.15,-0.15,-0.15,-0.15,-0.15,-0.15,-0.15,-0.15,-0.15,
-0.151,-0.309,-0.158,-0.016,-0.154,-0.173,-0.01,-0.016,-0.01,-0.016,
-0.077,0.018,-0.002,-0.034,-0.04,-0.04,-0.04,-0.04,-0.04,-0.04,
0.041,-0.064,-0.057,-0.011,0.008,-0.039,-0.041,-0.014,-0.038,-0.082,
-0.018,-0.049,-0.026,-0.008,0.021,0.009,-0.023,-0.033,0.041,0.021,
-0.258,-0.343,-0.257,-0.332,-0.37,-0.418,-0.227,-0.317,-0.317,-0.317,
0.16,-0.058,-0.101,-0.101,-0.101,-0.101,-0.101,-0.101,-0.101,-0.101,
0.145,0.024,0.09,0.075,0.027,0.09,0.075,0.027,0.09,0.075,
0.074,-0.019,0.11,0.11,0.11,0.11,0.11,0.11,0.11,0.11,
-0.031,-0.025,-0.034,-0.061,-0.061,-0.061,-0.061,-0.061,-0.061,-0.061,
0.112,0.018,-0.015,0.132,0.053,0.032,0.11,-0.012,-0.015,0.132,


