0.25,0.25,0.25,0.25,0.25,0.25,0.25,0.25,0.25,0.25,
0.2,0.2,0.2,0.2,0.2,0.2,0.2,0.2,0.2,0.2,
0.215,0.215,0.215,0.215,0.215,0.215,0.215,0.215,0.215,0.215,
0.405,0.405,0.405,0.405,0.405,0.405,0.405,0.405,0.405,0.405,
0.129,0.129,0.129,0.129,0.129,0.129,0.129,0.129,0.129,0.129,
0.244,0.244,0.244,0.244,0.244,0.244,0.244,0.244,0.244,0.244,
0.118,0.118,0.118,0.118,0.118,0.118,0.118,0.118,0.118,0.118,
0.259,0.259,0.259,0.259,0.259,0.259,0.259,0.259,0.259,0.259,
0.219,0.219,0.219,0.219,0.219,0.219,0.219,0.219,0.219,0.219,
0.394,0.394,0.394,0.394,0.394,0.394,0.394,0.394,0.394,0.394,
0.329,0.329,0.329,0.329,0.329,0.329,0.329,0.329,0.329,0.329,
0.271,0.271,0.271,0.271,0.271,0.271,0.271,0.271,0.271,0.271,
0.356,0.356,0.356,0.356,0.356,0.356,0.356,0.356,0.356,0.356,
0.424,0.424,0.424,0.424,0.424,0.424,0.424,0.424,0.424,0.424,
0.31,0.31,0.31,0.31,0.31,0.31,0.31,0.31,0.31,0.31,
0.279,0.279,0.279,0.279,0.279,0.279,0.279,0.279,0.279,0.279,
0.402,0.402,0.402,0.402,0.402,0.402,0.402,0.402,0.402,0.402,
0.344,0.344,0.344,0.344,0.344,0.344,0.344,0.344,0.344,0.344,
0.3,0.3,0.3,0.3,0.3,0.3,0.3,0.3,0.3,0.3,
0.418,0.418,0.418,0.418,0.418,0.418,0.418,0.418,0.418,0.418,
0.2,0.2,0.2,0.2,0.2,0.2,0.2,0.2,0.2,0.2,
0.482,0.482,0.482,0.482,0.482,0.482,0.482,0.482,0.482,0.482,
0.25,0.25,0.25,0.25,0.25,0.25,0.25,0.25,0.25,0.25,
0.332,0.332,0.332,0.332,0.332,0.332,0.332,0.332,0.332,0.332,
0.117,0.117,0.117,0.117,0.117,0.117,0.117,0.117,0.117,0.117,
0.242,0.242,0.242,0.242,0.242,0.242,0.242,0.242,0.242,0.242,
0.293,0.293,0.293,0.293,0.293,0.293,0.293,0.293,0.293,0.293,
0.399,0.399,0.399,0.399,0.399,0.399,0.399,0.399,0.399,0.399,
0.251,0.251,0.251,0.251,0.251,0.251,0.251,0.251,0.251,0.251,
0.405,0.405,0.405,0.405,0.405,0.405,0.405,0.405,0.405,0.405,
0.355,0.355,0.355,0.355,0.355,0.355,0.355,0.355,0.355,0.355,
0.21,0.21,0.21,0.21,0.21,0.21,0.21,0.21,0.21,0.21,
0.311,0.311,0.311,0.311,0.311,0.311,0.311,0.311,0.311,0.311,
0.256,0.256,0.256,0.256,0.256,0.256,0.256,0.256,0.256,0.256,
0.426,0.426,0.426,0.426,0.426,0.426,0.426,0.426,0.426,0.426,
0.263,0.263,0.263,0.263,0.263,0.263,0.263,0.263,0.263,0.263,
0.302,0.302,0.302,0.302,0.302,0.302,0.302,0.302,0.302,0.302,
0.253,0.253,0.253,0.253,0.253,0.253,0.253,0.253,0.253,0.253,
0.336,0.336,0.336,0.336,0.336,0.336,0.336,0.336,0.336,0.336,
0.283,0.283,0.283,0.283,0.283,0.283,0.283,0.283,0.283,0.283,
0.182,0.182,0.182,0.182,0.182,0.182,0.182,0.182,0.182,0.182,
0.236,0.236,0.236,0.236,0.236,0.236,0.236,0.236,0.236,0.236,
0.232,0.232,0.232,0.232,0.232,0.232,0.232,0.232,0.232,0.232,
0.268,0.268,0.268,0.268,0.268,0.268,0.268,0.268,0.268,0.268,
0.401,0.401,0.401,0.401,0.401,0.401,0.401,0.401,0.401,0.401,
0.365,0.365,0.365,0.365,0.365,0.365,0.365,0.365,0.365,0.365,
0.289,0.289,0.289,0.289,0.289,0.289,0.289,0.289,0.289,0.289,
0.244,0.244,0.244,0.244,0.244,0.244,0.244,0.244,0.244,0.244,
0.296,0.296,0.296,0.296,0.296,0.296,0.296,0.296,0.296,0.296,
0.408,0.408,0.408,0.408,0.408,0.408,0.408,0.408,0.408,0.408,
0.448,0.448,0.448,0.448,0.448,0.448,0.448,0.448,0.448,0.448,
0.235,0.235,0.235,0.235,0.235,0.235,0.235,0.235,0.235,0.235,
0.201,0.201,0.201,0.201,0.201,0.201,0.201,0.201,0.201,0.201,
0.363,0.363,0.363,0.363,0.363,0.363,0.363,0.363,0.363,0.363,
0.262,0.262,0.262,0.262,0.262,0.262,0.262,0.262,0.262,0.262,
0.289,0.289,0.289,0.289,0.289,0.289,0.289,0.289,0.289,0.289,
0.443,0.443,0.443,0.443,0.443,0.443,0.443,0.443,0.443,0.443,
0.171,0.171,0.171,0.171,0.171,0.171,0.171,0.171,0.171,0.171,
0.298,0.298,0.298,0.298,0.298,0.298,0.298,0.298,0.298,0.298,
0.287,0.287,0.287,0.287,0.287,0.287,0.287,0.287,0.287,0.287,
0.262,0.262,0.262,0.262,0.262,0.262,0.262,0.262,0.262,0.262,
0.369,0.369,0.369,0.369,0.369,0.369,0.369,0.369,0.369,0.369,
0.248,0.248,0.248,0.248,0.248,0.248,0.248,0.248,0.248,0.248,
0.294,0.294,0.294,0.294,0.294,0.294,0.294,0.294,0.294,0.294,
0.262,0.262,0.262,0.262,0.262,0.262,0.262,0.262,0.262,0.262,
0.121,0.121,0.121,0.121,0.121,0.121,0.121,0.121,0.121,0.121,
0.441,0.441,0.441,0.441,0.441,0.441,0.441,0.441,0.441,0.441,
0.23,0.23,0.23,0.23,0.23,0.23,0.23,0.23,0.23,0.23,
0.547,0.547,0.547,0.547,0.547,0.547,0.547,0.547,0.547,0.547,
0.263,0.263,0.263,0.263,0.263,0.263,0.263,0.263,0.263,0.263,
0.423,0.423,0.423,0.423,0.423,0.423,0.423,0.423,0.423,0.423,
0.339,0.339,0.339,0.339,0.339,0.339,0.339,0.339,0.339,0.339,
0.302,0.302,0.302,0.302,0.302,0.302,0.302,0.302,0.302,0.302,
0.281,0.281,0.281,0.281,0.281,0.281,0.281,0.281,0.281,0.281,
0.203,0.203,0.203,0.203,0.203,0.203,0.203,0.203,0.203,0.203,
0.185,0.185,0.185,0.185,0.185,0.185,0.185,0.185,0.185,0.185,
0.201,0.201,0.201,0.201,0.201,0.201,0.201,0.201,0.201,0.201,
0.399,0.399,0.399,0.399,0.399,0.399,0.399,0.399,0.399,0.399,
0.181,0.181,0.181,0.181,0.181,0.181,0.181,0.181,0.181,0.181,
0.204,0.204,0.204,0.204,0.204,0.204,0.204,0.204,0.204,0.204,
0.287,0.287,0.287,0.287,0.287,0.287,0.287,0.287,0.287,0.287,
0.423,0.423,0.423,0.423,0.423,0.423,0.423,0.423,0.423,0.423,
0.437,0.437,0.437,0.437,0.437,0.437,0.437,0.437,0.437,0.437,
0.283,0.283,0.283,0.283,0.283,0.283,0.283,0.283,0.283,0.283,
0.353,0.353,0.353,0.353,0.353,0.353,0.353,0.353,0.353,0.353,
0.341,0.341,0.341,0.341,0.341,0.341,0.341,0.341,0.341,0.341,
0.402,0.402,0.402,0.402,0.402,0.402,0.402,0.402,0.402,0.402,
0.159,0.159,0.159,0.159,0.159,0.159,0.159,0.159,0.159,0.159,
0.123,0.123,0.123,0.123,0.123,0.123,0.123,0.123,0.123,0.123,
0.336,0.336,0.336,0.336,0.336,0.336,0.336,0.336,0.336,0.336,
0.408,0.408,0.408,0.408,0.408,0.408,0.408,0.408,0.408,0.408,
0.317,0.317,0.317,0.317,0.317,0.317,0.317,0.317,0.317,0.317,
0.301,0.301,0.301,0.301,0.301,0.301,0.301,0.301,0.301,0.301,
0.291,0.291,0.291,0.291,0.291,0.291,0.291,0.291,0.291,0.291,
0.471,0.471,0.471,0.471,0.471,0.471,0.471,0.471,0.471,0.471,
0.38,0.38,0.38,0.38,0.38,0.38,0.38,0.38,0.38,0.38,
0.303,0.303,0.303,0.303,0.303,0.303,0.303,0.303,0.303,0.303,
0.257,0.257,0.257,0.257,0.257,0.257,0.257,0.257,0.257,0.257,
0.33,0.33,0.33,0.33,0.33,0.33,0.33,0.33,0.33,0.33,
0.237,0.237,0.237,0.237,0.237,0.237,0.237,0.237,0.237,0.237,

-0.234,-0.234,-0.234,-0.234,-0.234,-0.234,-0.234,-0.234,-0.234,-0.234,
-0.2,-0.2,-0.2,-0.2,-0.2,-0.2,-0.2,-0.2,-0.2,-0.2,
-0.233,-0.233,-0.233,-0.233,-0.233,-0.233,-0.233,-0.233,-0.233,-0.233,
-0.355,-0.355,-0.355,-0.355,-0.355,-0.355,-0.355,-0.355,-0.355,-0.355,
-0.188,-0.188,-0.188,-0.188,-0.188,-0.188,-0.188,-0.188,-0.188,-0.188,
-0.27,-0.27,-0.27,-0.27,-0.27,-0.27,-0.27,-0.27,-0.27,-0.27,
-0.201,-0.201,-0.201,-0.201,-0.201,-0.201,-0.201,-0.201,-0.201,-0.201,
-0.238,-0.238,-0.238,-0.238,-0.238,-0.238,-0.238,-0.238,-0.238,-0.238,
-0.191,-0.191,-0.191,-0.191,-0.191,-0.191,-0.191,-0.191,-0.191,-0.191,
-0.319,-0.319,-0.319,-0.319,-0.319,-0.319,-0.319,-0.319,-0.319,-0.319,
-0.239,-0.239,-0.239,-0.239,-0.239,-0.239,-0.239,-0.239,-0.239,-0.239,
-0.217,-0.217,-0.217,-0.217,-0.217,-0.217,-0.217,-0.217,-0.217,-0.217,
-0.296,-0.296,-0.296,-0.296,-0.296,-0.296,-0.296,-0.296,-0.296,-0.296,
-0.292,-0.292,-0.292,-0.292,-0.292,-0.292,-0.292,-0.292,-0.292,-0.292,
-0.266,-0.266,-0.266,-0.266,-0.266,-0.266,-0.266,-0.266,-0.266,-0.266,
-0.303,-0.303,-0.303,-0.303,-0.303,-0.303,-0.303,-0.303,-0.303,-0.303,
-0.402,-0.402,-0.402,-0.402,-0.402,-0.402,-0.402,-0.402,-0.402,-0.402,
-0.305,-0.305,-0.305,-0.305,-0.305,-0.305,-0.305,-0.305,-0.305,-0.305,
-0.296,-0.296,-0.296,-0.296,-0.296,-0.296,-0.296,-0.296,-0.296,-0.296,
-0.358,-0.358,-0.358,-0.358,-0.358,-0.358,-0.358,-0.358,-0.358,-0.358,
-0.174,-0.174,-0.174,-0.174,-0.174,-0.174,-0.174,-0.174,-0.174,-0.174,
-0.371,-0.371,-0.371,-0.371,-0.371,-0.371,-0.371,-0.371,-0.371,-0.371,
-0.243,-0.243,-0.243,-0.243,-0.243,-0.243,-0.243,-0.243,-0.243,-0.243,
-0.318,-0.318,-0.318,-0.318,-0.318,-0.318,-0.318,-0.318,-0.318,-0.318,
-0.11,-0.11,-0.11,-0.11,-0.11,-0.11,-0.11,-0.11,-0.11,-0.11,
-0.216,-0.216,-0.216,-0.216,-0.216,-0.216,-0.216,-0.216,-0.216,-0.216,
-0.284,-0.284,-0.284,-0.284,-0.284,-0.284,-0.284,-0.284,-0.284,-0.284,
-0.227,-0.227,-0.227,-0.227,-0.227,-0.227,-0.227,-0.227,-0.227,-0.227,
-0.249,-0.249,-0.249,-0.249,-0.249,-0.249,-0.249,-0.249,-0.249,-0.249,
-0.364,-0.364,-0.364,-0.364,-0.364,-0.364,-0.364,-0.364,-0.364,-0.364,
-0.355,-0.355,-0.355,-0.355,-0.355,-0.355,-0.355,-0.355,-0.355,-0.355,
-0.269,-0.269,-0.269,-0.269,-0.269,-0.269,-0.269,-0.269,-0.269,-0.269,
-0.228,-0.228,-0.228,-0.228,-0.228,-0.228,-0.228,-0.228,-0.228,-0.228,
-0.22,-0.22,-0.22,-0.22,-0.22,-0.22,-0.22,-0.22,-0.22,-0.22,
-0.38,-0.38,-0.38,-0.38,-0.38,-0.38,-0.38,-0.38,-0.38,-0.38,
-0.237,-0.237,-0.237,-0.237,-0.237,-0.237,-0.237,-0.237,-0.237,-0.237,
-0.279,-0.279,-0.279,-0.279,-0.279,-0.279,-0.279,-0.279,-0.279,-0.279,
-0.251,-0.251,-0.251,-0.251,-0.251,-0.251,-0.251,-0.251,-0.251,-0.251,
-0.309,-0.309,-0.309,-0.309,-0.309,-0.309,-0.309,-0.309,-0.309,-0.309,
-0.289,-0.289,-0.289,-0.289,-0.289,-0.289,-0.289,-0.289,-0.289,-0.289,
-0.164,-0.164,-0.164,-0.164,-0.164,-0.164,-0.164,-0.164,-0.164,-0.164,
-0.169,-0.169,-0.169,-0.169,-0.169,-0.169,-0.169,-0.169,-0.169,-0.169,
-0.19,-0.19,-0.19,-0.19,-0.19,-0.19,-0.19,-0.19,-0.19,-0.19,
-0.196,-0.196,-0.196,-0.196,-0.196,-0.196,-0.196,-0.196,-0.196,-0.196,
-0.401,-0.401,-0.401,-0.401,-0.401,-0.401,-0.401,-0.401,-0.401,-0.401,
-0.335,-0.335,-0.335,-0.335,-0.335,-0.335,-0.335,-0.335,-0.335,-0.335,
-0.277,-0.277,-0.277,-0.277,-0.277,-0.277,-0.277,-0.277,-0.277,-0.277,
-0.244,-0.244,-0.244,-0.244,-0.244,-0.244,-0.244,-0.244,-0.244,-0.244,
-0.296,-0.296,-0.296,-0.296,-0.296,-0.296,-0.296,-0.296,-0.296,-0.296,
-0.395,-0.395,-0.395,-0.395,-0.395,-0.395,-0.395,-0.395,-0.395,-0.395,
-0.307,-0.307,-0.307,-0.307,-0.307,-0.307,-0.307,-0.307,-0.307,-0.307,
-0.229,-0.229,-0.229,-0.229,-0.229,-0.229,-0.229,-0.229,-0.229,-0.229,
-0.215,-0.215,-0.215,-0.215,-0.215,-0.215,-0.215,-0.215,-0.215,-0.215,
-0.367,-0.367,-0.367,-0.367,-0.367,-0.367,-0.367,-0.367,-0.367,-0.367,
-0.314,-0.314,-0.314,-0.314,-0.314,-0.314,-0.314,-0.314,-0.314,-0.314,
-0.209,-0.209,-0.209,-0.209,-0.209,-0.209,-0.209,-0.209,-0.209,-0.209,
-0.363,-0.363,-0.363,-0.363,-0.363,-0.363,-0.363,-0.363,-0.363,-0.363,
-0.171,-0.171,-0.171,-0.171,-0.171,-0.171,-0.171,-0.171,-0.171,-0.171,
-0.289,-0.289,-0.289,-0.289,-0.289,-0.289,-0.289,-0.289,-0.289,-0.289,
-0.236,-0.236,-0.236,-0.236,-0.236,-0.236,-0.236,-0.236,-0.236,-0.236,
-0.239,-0.239,-0.239,-0.239,-0.239,-0.239,-0.239,-0.239,-0.239,-0.239,
-0.272,-0.272,-0.272,-0.272,-0.272,-0.272,-0.272,-0.272,-0.272,-0.272,
-0.206,-0.206,-0.206,-0.206,-0.206,-0.206,-0.206,-0.206,-0.206,-0.206,
-0.275,-0.275,-0.275,-0.275,-0.275,-0.275,-0.275,-0.275,-0.275,-0.275,
-0.27,-0.27,-0.27,-0.27,-0.27,-0.27,-0.27,-0.27,-0.27,-0.27,
-0.095,-0.095,-0.095,-0.095,-0.095,-0.095,-0.095,-0.095,-0.095,-0.095,
-0.412,-0.412,-0.412,-0.412,-0.412,-0.412,-0.412,-0.412,-0.412,-0.412,
-0.253,-0.253,-0.253,-0.253,-0.253,-0.253,-0.253,-0.253,-0.253,-0.253,
-0.476,-0.476,-0.476,-0.476,-0.476,-0.476,-0.476,-0.476,-0.476,-0.476,
-0.168,-0.168,-0.168,-0.168,-0.168,-0.168,-0.168,-0.168,-0.168,-0.168,
-0.377,-0.377,-0.377,-0.377,-0.377,-0.377,-0.377,-0.377,-0.377,-0.377,
-0.317,-0.317,-0.317,-0.317,-0.317,-0.317,-0.317,-0.317,-0.317,-0.317,
-0.287,-0.287,-0.287,-0.287,-0.287,-0.287,-0.287,-0.287,-0.287,-0.287,
-0.235,-0.235,-0.235,-0.235,-0.235,-0.235,-0.235,-0.235,-0.235,-0.235,
-0.177,-0.177,-0.177,-0.177,-0.177,-0.177,-0.177,-0.177,-0.177,-0.177,
-0.162,-0.162,-0.162,-0.162,-0.162,-0.162,-0.162,-0.162,-0.162,-0.162,
-0.184,-0.184,-0.184,-0.184,-0.184,-0.184,-0.184,-0.184,-0.184,-0.184,
-0.346,-0.346,-0.346,-0.346,-0.346,-0.346,-0.346,-0.346,-0.346,-0.346,
-0.137,-0.137,-0.137,-0.137,-0.137,-0.137,-0.137,-0.137,-0.137,-0.137,
-0.262,-0.262,-0.262,-0.262,-0.262,-0.262,-0.262,-0.262,-0.262,-0.262,
-0.281,-0.281,-0.281,-0.281,-0.281,-0.281,-0.281,-0.281,-0.281,-0.281,
-0.327,-0.327,-0.327,-0.327,-0.327,-0.327,-0.327,-0.327,-0.327,-0.327,
-0.308,-0.308,-0.308,-0.308,-0.308,-0.308,-0.308,-0.308,-0.308,-0.308,
-0.294,-0.294,-0.294,-0.294,-0.294,-0.294,-0.294,-0.294,-0.294,-0.294,
-0.217,-0.217,-0.217,-0.217,-0.217,-0.217,-0.217,-0.217,-0.217,-0.217,
-0.362,-0.362,-0.362,-0.362,-0.362,-0.362,-0.362,-0.362,-0.362,-0.362,
-0.402,-0.402,-0.402,-0.402,-0.402,-0.402,-0.402,-0.402,-0.402,-0.402,
-0.108,-0.108,-0.108,-0.108,-0.108,-0.108,-0.108,-0.108,-0.108,-0.108,
-0.123,-0.123,-0.123,-0.123,-0.123,-0.123,-0.123,-0.123,-0.123,-0.123,
-0.314,-0.314,-0.314,-0.314,-0.314,-0.314,-0.314,-0.314,-0.314,-0.314,
-0.331,-0.331,-0.331,-0.331,-0.331,-0.331,-0.331,-0.331,-0.331,-0.331,
-0.27,-0.27,-0.27,-0.27,-0.27,-0.27,-0.27,-0.27,-0.27,-0.27,
-0.299,-0.299,-0.299,-0.299,-0.299,-0.299,-0.299,-0.299,-0.299,-0.299,
-0.23,-0.23,-0.23,-0.23,-0.23,-0.23,-0.23,-0.23,-0.23,-0.23,
-0.471,-0.471,-0.471,-0.471,-0.471,-0.471,-0.471,-0.471,-0.471,-0.471,
-0.255,-0.255,-0.255,-0.255,-0.255,-0.255,-0.255,-0.255,-0.255,-0.255,
-0.269,-0.269,-0.269,-0.269,-0.269,-0.269,-0.269,-0.269,-0.269,-0.269,
-0.21,-0.21,-0.21,-0.21,-0.21,-0.21,-0.21,-0.21,-0.21,-0.21,
-0.301,-0.301,-0.301,-0.301,-0.301,-0.301,-0.301,-0.301,-0.301,-0.301,
-0.211,-0.211,-0.211,-0.211,-0.211,-0.211,-0.211,-0.211,-0.211,-0.211,

0.307,0.307,0.307,0.307,0.307,0.307,0.307,0.307,0.307,0.307,
0.126,0.126,0.126,0.126,0.126,0.126,0.126,0.126,0.126,0.126,
0.276,0.276,0.276,0.276,0.276,0.276,0.276,0.276,0.276,0.276,
0.23,0.23,0.23,0.23,0.23,0.23,0.23,0.23,0.23,0.23,
0.256,0.256,0.256,0.256,0.256,0.256,0.256,0.256,0.256,0.256,
0.275,0.275,0.275,0.275,0.275,0.275,0.275,0.275,0.275,0.275,
0.243,0.243,0.243,0.243,0.243,0.243,0.243,0.243,0.243,0.243,
0.142,0.142,0.142,0.142,0.142,0.142,0.142,0.142,0.142,0.142,
-0.013,-0.013,-0.013,-0.013,-0.013,-0.013,-0.013,-0.013,-0.013,-0.013,
0.266,0.266,0.266,0.266,0.266,0.266,0.266,0.266,0.266,0.266,
0.235,0.235,0.235,0.235,0.235,0.235,0.235,0.235,0.235,0.235,
0.139,0.139,0.139,0.139,0.139,0.139,0.139,0.139,0.139,0.139,
0.232,0.232,0.232,0.232,0.232,0.232,0.232,0.232,0.232,0.232,
0.22,0.22,0.22,0.22,0.22,0.22,0.22,0.22,0.22,0.22,
0.289,0.289,0.289,0.289,0.289,0.289,0.289,0.289,0.289,0.289,
0.193,0.193,0.193,0.193,0.193,0.193,0.193,0.193,0.193,0.193,
0.283,0.283,0.283,0.283,0.283,0.283,0.283,0.283,0.283,0.283,
0.101,0.101,0.101,0.101,0.101,0.101,0.101,0.101,0.101,0.101,
0.263,0.263,0.263,0.263,0.263,0.263,0.263,0.263,0.263,0.263,
0.239,0.239,0.239,0.239,0.239,0.239,0.239,0.239,0.239,0.239,
0.287,0.287,0.287,0.287,0.287,0.287,0.287,0.287,0.287,0.287,
0.318,0.318,0.318,0.318,0.318,0.318,0.318,0.318,0.318,0.318,
0.3,0.3,0.3,0.3,0.3,0.3,0.3,0.3,0.3,0.3,
0.317,0.317,0.317,0.317,0.317,0.317,0.317,0.317,0.317,0.317,
0.144,0.144,0.144,0.144,0.144,0.144,0.144,0.144,0.144,0.144,
0.23,0.23,0.23,0.23,0.23,0.23,0.23,0.23,0.23,0.23,
0.329,0.329,0.329,0.329,0.329,0.329,0.329,0.329,0.329,0.329,
0.149,0.149,0.149,0.149,0.149,0.149,0.149,0.149,0.149,0.149,
0.142,0.142,0.142,0.142,0.142,0.142,0.142,0.142,0.142,0.142,
0.351,0.351,0.351,0.351,0.351,0.351,0.351,0.351,0.351,0.351,
0.209,0.209,0.209,0.209,0.209,0.209,0.209,0.209,0.209,0.209,
0.182,0.182,0.182,0.182,0.182,0.182,0.182,0.182,0.182,0.182,
0.08,0.08,0.08,0.08,0.08,0.08,0.08,0.08,0.08,0.08,
0.139,0.139,0.139,0.139,0.139,0.139,0.139,0.139,0.139,0.139,
0.297,0.297,0.297,0.297,0.297,0.297,0.297,0.297,0.297,0.297,
0.24,0.24,0.24,0.24,0.24,0.24,0.24,0.24,0.24,0.24,
0.271,0.271,0.271,0.271,0.271,0.271,0.271,0.271,0.271,0.271,
0.288,0.288,0.288,0.288,0.288,0.288,0.288,0.288,0.288,0.288,
0.228,0.228,0.228,0.228,0.228,0.228,0.228,0.228,0.228,0.228,
0.217,0.217,0.217,0.217,0.217,0.217,0.217,0.217,0.217,0.217,
0.197,0.197,0.197,0.197,0.197,0.197,0.197,0.197,0.197,0.197,
0.2,0.2,0.2,0.2,0.2,0.2,0.2,0.2,0.2,0.2,
0.196,0.196,0.196,0.196,0.196,0.196,0.196,0.196,0.196,0.196,
0.304,0.304,0.304,0.304,0.304,0.304,0.304,0.304,0.304,0.304,
0.286,0.286,0.286,0.286,0.286,0.286,0.286,0.286,0.286,0.286,
0.305,0.305,0.305,0.305,0.305,0.305,0.305,0.305,0.305,0.305,
0.289,0.289,0.289,0.289,0.289,0.289,0.289,0.289,0.289,0.289,
0.187,0.187,0.187,0.187,0.187,0.187,0.187,0.187,0.187,0.187,
0.222,0.222,0.222,0.222,0.222,0.222,0.222,0.222,0.222,0.222,
0.372,0.372,0.372,0.372,0.372,0.372,0.372,0.372,0.372,0.372,
0.207,0.207,0.207,0.207,0.207,0.207,0.207,0.207,0.207,0.207,
0.263,0.263,0.263,0.263,0.263,0.263,0.263,0.263,0.263,0.263,
0.224,0.224,0.224,0.224,0.224,0.224,0.224,0.224,0.224,0.224,
0.387,0.387,0.387,0.387,0.387,0.387,0.387,0.387,0.387,0.387,
0.275,0.275,0.275,0.275,0.275,0.275,0.275,0.275,0.275,0.275,
0.187,0.187,0.187,0.187,0.187,0.187,0.187,0.187,0.187,0.187,
0.302,0.302,0.302,0.302,0.302,0.302,0.302,0.302,0.302,0.302,
0.235,0.235,0.235,0.235,0.235,0.235,0.235,0.235,0.235,0.235,
0.222,0.222,0.222,0.222,0.222,0.222,0.222,0.222,0.222,0.222,
0.192,0.192,0.192,0.192,0.192,0.192,0.192,0.192,0.192,0.192,
0.133,0.133,0.133,0.133,0.133,0.133,0.133,0.133,0.133,0.133,
0.188,0.188,0.188,0.188,0.188,0.188,0.188,0.188,0.188,0.188,
0.11,0.11,0.11,0.11,0.11,0.11,0.11,0.11,0.11,0.11,
0.177,0.177,0.177,0.177,0.177,0.177,0.177,0.177,0.177,0.177,
0.259,0.259,0.259,0.259,0.259,0.259,0.259,0.259,0.259,0.259,
0.214,0.214,0.214,0.214,0.214,0.214,0.214,0.214,0.214,0.214,
0.354,0.354,0.354,0.354,0.354,0.354,0.354,0.354,0.354,0.354,
0.102,0.102,0.102,0.102,0.102,0.102,0.102,0.102,0.102,0.102,
0.101,0.101,0.101,0.101,0.101,0.101,0.101,0.101,0.101,0.101,
0.196,0.196,0.196,0.196,0.196,0.196,0.196,0.196,0.196,0.196,
0.207,0.207,0.207,0.207,0.207,0.207,0.207,0.207,0.207,0.207,
0.275,0.275,0.275,0.275,0.275,0.275,0.275,0.275,0.275,0.275,
0.279,0.279,0.279,0.279,0.279,0.279,0.279,0.279,0.279,0.279,
0.182,0.182,0.182,0.182,0.182,0.182,0.182,0.182,0.182,0.182,
0.275,0.275,0.275,0.275,0.275,0.275,0.275,0.275,0.275,0.275,
0.288,0.288,0.288,0.288,0.288,0.288,0.288,0.288,0.288,0.288,
0.075,0.075,0.075,0.075,0.075,0.075,0.075,0.075,0.075,0.075,
0.316,0.316,0.316,0.316,0.316,0.316,0.316,0.316,0.316,0.316,
0.161,0.161,0.161,0.161,0.161,0.161,0.161,0.161,0.161,0.161,
0.197,0.197,0.197,0.197,0.197,0.197,0.197,0.197,0.197,0.197,
0.262,0.262,0.262,0.262,0.262,0.262,0.262,0.262,0.262,0.262,
0.296,0.296,0.296,0.296,0.296,0.296,0.296,0.296,0.296,0.296,
0.089,0.089,0.089,0.089,0.089,0.089,0.089,0.089,0.089,0.089,
0.137,0.137,0.137,0.137,0.137,0.137,0.137,0.137,0.137,0.137,
0.117,0.117,0.117,0.117,0.117,0.117,0.117,0.117,0.117,0.117,
0.251,0.251,0.251,0.251,0.251,0.251,0.251,0.251,0.251,0.251,
0.234,0.234,0.234,0.234,0.234,0.234,0.234,0.234,0.234,0.234,
0.188,0.188,0.188,0.188,0.188,0.188,0.188,0.188,0.188,0.188,
0.277,0.277,0.277,0.277,0.277,0.277,0.277,0.277,0.277,0.277,
0.262,0.262,0.262,0.262,0.262,0.262,0.262,0.262,0.262,0.262,
0.277,0.277,0.277,0.277,0.277,0.277,0.277,0.277,0.277,0.277,
0.049,0.049,0.049,0.049,0.049,0.049,0.049,0.049,0.049,0.049,
0.254,0.254,0.254,0.254,0.254,0.254,0.254,0.254,0.254,0.254,
0.232,0.232,0.232,0.232,0.232,0.232,0.232,0.232,0.232,0.232,
0.471,0.471,0.471,0.471,0.471,0.471,0.471,0.471,0.471,0.471,
0.206,0.206,0.206,0.206,0.206,0.206,0.206,0.206,0.206,0.206,
0.218,0.218,0.218,0.218,0.218,0.218,0.218,0.218,0.218,0.218,
0.224,0.224,0.224,0.224,0.224,0.224,0.224,0.224,0.224,0.224,
0.226,0.226,0.226,0.226,0.226,0.226,0.226,0.226,0.226,0.226,
0.262,0.262,0.262,0.262,0.262,0.262,0.262,0.262,0.262,0.262,

0.035,0.035,0.035,0.035,0.035,0.035,0.035,0.035,0.035,0.035,
0.188,0.188,0.188,0.188,0.188,0.188,0.188,0.188,0.188,0.188,
-0.161,-0.161,-0.161,-0.161,-0.161,-0.161,-0.161,-0.161,-0.161,-0.161,
0.086,0.086,0.086,0.086,0.086,0.086,0.086,0.086,0.086,0.086,
-0.084,-0.084,-0.084,-0.084,-0.084,-0.084,-0.084,-0.084,-0.084,-0.084,
-0.122,-0.122,-0.122,-0.122,-0.122,-0.122,-0.122,-0.122,-0.122,-0.122,
0.065,0.065,0.065,0.065,0.065,0.065,0.065,0.065,0.065,0.065,
0.112,0.112,0.112,0.112,0.112,0.112,0.112,0.112,0.112,0.112,
0.201,0.201,0.201,0.201,0.201,0.201,0.201,0.201,0.201,0.201,
0.011,0.011,0.011,0.011,0.011,0.011,0.011,0.011,0.011,0.011,
0.006,0.006,0.006,0.006,0.006,0.006,0.006,0.006,0.006,0.006,
0.091,0.091,0.091,0.091,0.091,0.091,0.091,0.091,0.091,0.091,
0.084,0.084,0.084,0.084,0.084,0.084,0.084,0.084,0.084,0.084,
0.091,0.091,0.091,0.091,0.091,0.091,0.091,0.091,0.091,0.091,
-0.086,-0.086,-0.086,-0.086,-0.086,-0.086,-0.086,-0.086,-0.086,-0.086,
0.069,0.069,0.069,0.069,0.069,0.069,0.069,0.069,0.069,0.069,
0.166,0.166,0.166,0.166,0.166,0.166,0.166,0.166,0.166,0.166,
0.227,0.227,0.227,0.227,0.227,0.227,0.227,0.227,0.227,0.227,
0.045,0.045,0.045,0.045,0.045,0.045,0.045,0.045,0.045,0.045,
0.157,0.157,0.157,0.157,0.157,0.157,0.157,0.157,0.157,0.157,
-0.136,-0.136,-0.136,-0.136,-0.136,-0.136,-0.136,-0.136,-0.136,-0.136,
0.093,0.093,0.093,0.093,0.093,0.093,0.093,0.093,0.093,0.093,
-0.075,-0.075,-0.075,-0.075,-0.075,-0.075,-0.075,-0.075,-0.075,-0.075,
0.063,0.063,0.063,0.063,0.063,0.063,0.063,0.063,0.063,0.063,
0.007,0.007,0.007,0.007,0.007,0.007,0.007,0.007,0.007,0.007,
0.012,0.012,0.012,0.012,0.012,0.012,0.012,0.012,0.012,0.012,
-0.062,-0.062,-0.062,-0.062,-0.062,-0.062,-0.062,-0.062,-0.062,-0.062,
0.098,0.098,0.098,0.098,0.098,0.098,0.098,0.098,0.098,0.098,
0.103,0.103,0.103,0.103,0.103,0.103,0.103,0.103,0.103,0.103,
0.02,0.02,0.02,0.02,0.02,0.02,0.02,0.02,0.02,0.02,
0.186,0.186,0.186,0.186,0.186,0.186,0.186,0.186,0.186,0.186,
0.106,0.106,0.106,0.106,0.106,0.106,0.106,0.106,0.106,0.106,
0.162,0.162,0.162,0.162,0.162,0.162,0.162,0.162,0.162,0.162,
0.095,0.095,0.095,0.095,0.095,0.095,0.095,0.095,0.095,0.095,
0.118,0.118,0.118,0.118,0.118,0.118,0.118,0.118,0.118,0.118,
-0.004,-0.004,-0.004,-0.004,-0.004,-0.004,-0.004,-0.004,-0.004,-0.004,
0.013,0.013,0.013,0.013,0.013,0.013,0.013,0.013,0.013,0.013,
-0.071,-0.071,-0.071,-0.071,-0.071,-0.071,-0.071,-0.071,-0.071,-0.071,
0.059,0.059,0.059,0.059,0.059,0.059,0.059,0.059,0.059,0.059,
0.103,0.103,0.103,0.103,0.103,0.103,0.103,0.103,0.103,0.103,
-0.04,-0.04,-0.04,-0.04,-0.04,-0.04,-0.04,-0.04,-0.04,-0.04,
-0.038,-0.038,-0.038,-0.038,-0.038,-0.038,-0.038,-0.038,-0.038,-0.038,
0.064,0.064,0.064,0.064,0.064,0.064,0.064,0.064,0.064,0.064,
-0.134,-0.134,-0.134,-0.134,-0.134,-0.134,-0.134,-0.134,-0.134,-0.134,
0.161,0.161,0.161,0.161,0.161,0.161,0.161,0.161,0.161,0.161,
0.044,0.044,0.044,0.044,0.044,0.044,0.044,0.044,0.044,0.044,
-0.051,-0.051,-0.051,-0.051,-0.051,-0.051,-0.051,-0.051,-0.051,-0.051,
0.07,0.07,0.07,0.07,0.07,0.07,0.07,0.07,0.07,0.07,
0.071,0.071,0.071,0.071,0.071,0.071,0.071,0.071,0.071,0.071,
0.036,0.036,0.036,0.036,0.036,0.036,0.036,0.036,0.036,0.036,
0.127,0.127,0.127,0.127,0.127,0.127,0.127,0.127,0.127,0.127,
-0.044,-0.044,-0.044,-0.044,-0.044,-0.044,-0.044,-0.044,-0.044,-0.044,
-0.026,-0.026,-0.026,-0.026,-0.026,-0.026,-0.026,-0.026,-0.026,-0.026,
-0.032,-0.032,-0.032,-0.032,-0.032,-0.032,-0.032,-0.032,-0.032,-0.032,
0.076,0.076,0.076,0.076,0.076,0.076,0.076,0.076,0.076,0.076,
-0.02,-0.02,-0.02,-0.02,-0.02,-0.02,-0.02,-0.02,-0.02,-0.02,
0.088,0.088,0.088,0.088,0.088,0.088,0.088,0.088,0.088,0.088,
-0.078,-0.078,-0.078,-0.078,-0.078,-0.078,-0.078,-0.078,-0.078,-0.078,
0.086,0.086,0.086,0.086,0.086,0.086,0.086,0.086,0.086,0.086,
0.07,0.07,0.07,0.07,0.07,0.07,0.07,0.07,0.07,0.07,
0.122,0.122,0.122,0.122,0.122,0.122,0.122,0.122,0.122,0.122,
0.136,0.136,0.136,0.136,0.136,0.136,0.136,0.136,0.136,0.136,
0.106,0.106,0.106,0.106,0.106,0.106,0.106,0.106,0.106,0.106,
0.12,0.12,0.12,0.12,0.12,0.12,0.12,0.12,0.12,0.12,
0.039,0.039,0.039,0.039,0.039,0.039,0.039,0.039,0.039,0.039,
-0.132,-0.132,-0.132,-0.132,-0.132,-0.132,-0.132,-0.132,-0.132,-0.132,
0.09,0.09,0.09,0.09,0.09,0.09,0.09,0.09,0.09,0.09,
0.168,0.168,0.168,0.168,0.168,0.168,0.168,0.168,0.168,0.168,
0.417,0.417,0.417,0.417,0.417,0.417,0.417,0.417,0.417,0.417,
-0.034,-0.034,-0.034,-0.034,-0.034,-0.034,-0.034,-0.034,-0.034,-0.034,
0.154,0.154,0.154,0.154,0.154,0.154,0.154,0.154,0.154,0.154,
0.058,0.058,0.058,0.058,0.058,0.058,0.058,0.058,0.058,0.058,
0.064,0.064,0.064,0.064,0.064,0.064,0.064,0.064,0.064,0.064,
0.065,0.065,0.065,0.065,0.065,0.065,0.065,0.065,0.065,0.065,
-0.119,-0.119,-0.119,-0.119,-0.119,-0.119,-0.119,-0.119,-0.119,-0.119,
-0.153,-0.153,-0.153,-0.153,-0.153,-0.153,-0.153,-0.153,-0.153,-0.153,
0.124,0.124,0.124,0.124,0.124,0.124,0.124,0.124,0.124,0.124,
-0.05,-0.05,-0.05,-0.05,-0.05,-0.05,-0.05,-0.05,-0.05,-0.05,
-0.025,-0.025,-0.025,-0.025,-0.025,-0.025,-0.025,-0.025,-0.025,-0.025,
0.081,0.081,0.081,0.081,0.081,0.081,0.081,0.081,0.081,0.081,
0.018,0.018,0.018,0.018,0.018,0.018,0.018,0.018,0.018,0.018,
0.043,0.043,0.043,0.043,0.043,0.043,0.043,0.043,0.043,0.043,
0.24,0.24,0.24,0.24,0.24,0.24,0.24,0.24,0.24,0.24,
0.182,0.182,0.182,0.182,0.182,0.182,0.182,0.182,0.182,0.182,
0.166,0.166,0.166,0.166,0.166,0.166,0.166,0.166,0.166,0.166,
0.148,0.148,0.148,0.148,0.148,0.148,0.148,0.148,0.148,0.148,
0.219,0.219,0.219,0.219,0.219,0.219,0.219,0.219,0.219,0.219,
0.086,0.086,0.086,0.086,0.086,0.086,0.086,0.086,0.086,0.086,
-0.176,-0.176,-0.176,-0.176,-0.176,-0.176,-0.176,-0.176,-0.176,-0.176,
0.02,0.02,0.02,0.02,0.02,0.02,0.02,0.02,0.02,0.02,
0.039,0.039,0.039,0.039,0.039,0.039,0.039,0.039,0.039,0.039,
0.229,0.229,0.229,0.229,0.229,0.229,0.229,0.229,0.229,0.229,
0.06,0.06,0.06,0.06,0.06,0.06,0.06,0.06,0.06,0.06,
-0.003,-0.003,-0.003,-0.003,-0.003,-0.003,-0.003,-0.003,-0.003,-0.003,
0.0,0.0,0.0,0.0,0.0,0.0,0.0,0.0,0.0,0.0,
0.062,0.062,0.062,0.062,0.062,0.062,0.062,0.062,0.062,0.062,
-0.062,-0.062,-0.062,-0.062,-0.062,-0.062,-0.062,-0.062,-0.062,-0.062,
0.018,0.018,0.018,0.018,0.018,0.018,0.018,0.018,0.018,0.018,
0.113,0.113,0.113,0.113,0.113,0.113,0.113,0.113,0.113,0.113,
-0.064,-0.064,-0.064,-0.064,-0.064,-0.064,-0.064,-0.064,-0.064,-0.064,

-0.044,-0.111,-0.148,-0.168,-0.022,-0.114,-0.126,-0.185,-0.148,-0.168,
0.0,0.015,-0.077,-0.011,0.015,-0.077,-0.011,0.015,-0.077,-0.011,
0.173,0.115,0.115,0.115,0.115,0.115,0.115,0.115,0.115,0.115,
0.015,-0.037,-0.051,-0.021,0.034,-0.021,0.034,-0.021,0.034,-0.021,
0.143,0.134,0.067,0.1,0.139,0.054,0.106,0.1,0.139,0.054,
0.184,0.116,0.115,0.115,0.115,0.115,0.115,0.115,0.115,0.115,
0.048,0.02,-0.085,0.049,0.006,-0.088,0.038,0.03,0.003,-0.076,
-0.004,0.055,0.007,0.073,0.032,0.073,0.032,0.073,0.032,0.073,
0.001,-0.032,-0.015,-0.048,-0.035,-0.031,0.064,0.064,0.064,0.064,
-0.018,-0.111,-0.058,-0.074,-0.08,-0.149,-0.146,-0.039,-0.117,-0.119,
-0.14,-0.119,-0.15,-0.01,-0.078,0.069,0.064,-0.041,0.069,0.064,
0.036,-0.098,-0.037,-0.053,-0.047,-0.015,-0.033,-0.056,-0.052,-0.042,
0.04,-0.02,-0.021,-0.003,-0.023,-0.045,-0.018,-0.021,-0.003,-0.023,
-0.139,-0.277,-0.294,-0.231,-0.169,-0.232,-0.19,-0.162,-0.302,-0.223,
0.083,-0.103,-0.017,0.049,0.047,0.056,-0.102,-0.017,0.049,0.047,
0.101,0.033,0.016,-0.042,0.036,0.065,0.057,0.048,0.055,-0.042,
-0.203,-0.171,-0.088,-0.083,-0.305,-0.179,-0.098,-0.098,-0.098,-0.098,
-0.104,-0.055,-0.183,-0.165,-0.076,-0.103,-0.138,-0.131,-0.18,-0.141,
0.017,0.096,0.057,0.103,0.077,0.079,0.077,0.079,0.077,0.079,
-0.165,-0.165,-0.203,-0.061,-0.203,-0.061,-0.203,-0.061,-0.203,-0.061,
0.198,0.131,0.115,0.136,0.115,0.136,0.115,0.136,0.115,0.136,
-0.207,-0.242,-0.083,-0.137,-0.118,-0.157,-0.144,-0.137,-0.071,-0.137,
0.112,-0.071,-0.074,-0.089,-0.187,-0.17,-0.178,-0.063,-0.067,-0.066,
-0.183,-0.164,-0.164,-0.164,-0.164,-0.164,-0.164,-0.164,-0.164,-0.164,
0.109,0.012,0.053,0.046,0.106,0.006,0.053,0.053,0.053,0.053,
0.115,0.041,0.02,0.13,0.101,0.079,-0.026,0.061,0.09,0.001,
0.112,-0.041,-0.077,0.052,0.023,-0.125,-0.078,0.031,0.01,-0.066,
-0.118,-0.026,0.052,-0.2,0.02,-0.171,0.035,0.067,0.029,0.015,
0.031,-0.005,0.003,-0.098,0.008,0.052,0.043,0.009,-0.098,0.008,
-0.234,-0.021,-0.107,-0.046,-0.107,-0.046,-0.107,-0.046,-0.107,-0.046,
-0.2,-0.425,-0.411,-0.308,-0.424,-0.411,-0.308,-0.424,-0.411,-0.308,
-0.043,-0.103,-0.18,-0.122,-0.099,-0.099,-0.099,-0.099,-0.099,-0.099,
0.125,-0.15,-0.07,-0.069,-0.192,0.004,0.057,-0.145,0.057,-0.145,
-0.004,-0.093,-0.013,-0.093,-0.013,-0.093,-0.013,-0.093,-0.013,-0.093,
-0.164,-0.256,-0.206,-0.206,-0.206,-0.206,-0.206,-0.206,-0.206,-0.206,
0.042,0.03,-0.007,0.035,-0.007,0.035,-0.007,0.035,-0.007,0.035,
-0.014,-0.076,-0.078,-0.077,-0.156,-0.017,-0.073,-0.147,-0.022,-0.048,
0.022,0.093,0.092,-0.003,0.092,-0.003,0.092,-0.003,0.092,-0.003,
-0.09,0.006,0.027,0.06,-0.128,-0.095,0.074,-0.011,-0.013,0.064,
-0.01,-0.154,-0.079,-0.025,-0.132,-0.015,-0.119,-0.069,-0.058,0.011,
0.149,0.026,0.1,-0.043,0.068,0.123,0.05,0.073,0.049,0.086,
0.077,0.037,0.059,0.034,0.013,0.059,0.034,0.013,0.059,0.034,
-0.058,-0.035,0.028,-0.046,-0.029,-0.059,-0.059,-0.059,-0.059,-0.059,
0.107,-0.128,-0.132,-0.109,-0.197,0.075,0.124,-0.086,-0.157,-0.079,
-0.24,-0.41,-0.127,-0.127,-0.127,-0.127,-0.127,-0.127,-0.127,-0.127,
-0.164,-0.104,-0.123,-0.061,-0.148,-0.061,-0.148,-0.061,-0.148,-0.061,
-0.06,0.027,0.072,0.014,0.085,0.102,0.102,0.102,0.102,0.102,
0.058,0.052,0.069,0.095,0.073,0.095,0.073,0.095,0.073,0.095,
0.062,0.022,0.022,0.022,0.022,0.022,0.022,0.022,0.022,0.022,
-0.021,-0.185,-0.227,-0.098,-0.147,-0.147,-0.147,-0.147,-0.147,-0.147,
-0.118,-0.25,-0.053,-0.162,-0.25,-0.053,-0.162,-0.25,-0.053,-0.162,
0.09,0.129,0.152,0.067,0.124,-0.029,0.129,0.152,0.067,0.124,
-0.021,0.09,0.063,0.053,0.069,0.066,0.026,0.01,0.045,0.045,
-0.2,-0.084,-0.12,-0.084,-0.12,-0.084,-0.12,-0.084,-0.12,-0.084,
-0.016,-0.041,0.013,0.013,-0.01,0.009,0.015,0.015,0.015,0.015,
0.019,0.034,0.054,0.034,0.054,0.034,0.054,0.034,0.054,0.034,
-0.288,-0.31,-0.291,-0.199,-0.298,-0.314,-0.3,-0.321,-0.226,-0.226,
0.193,0.06,0.091,0.068,-0.12,0.016,-0.19,-0.141,-0.084,-0.057,
-0.11,-0.18,-0.209,-0.239,-0.235,-0.239,-0.235,-0.239,-0.235,-0.239,
0.034,-0.082,-0.126,-0.038,-0.102,-0.024,-0.037,-0.084,0.021,-0.169,
0.019,0.003,0.066,0.034,0.034,0.034,0.034,0.034,0.034,0.034,
-0.073,-0.153,0.003,-0.033,0.013,0.013,0.013,0.013,0.013,0.013,
0.089,0.122,0.09,0.036,0.098,0.117,-0.037,-0.008,-0.046,0.119,
-0.008,-0.025,-0.101,0.038,-0.11,-0.008,-0.041,0.011,-0.072,-0.006,
0.027,-0.081,-0.027,0.02,-0.017,-0.069,-0.031,-0.026,-0.034,-0.104,
0.122,0.137,0.149,0.138,0.164,0.164,0.164,0.164,0.164,0.164,
-0.205,-0.429,-0.257,-0.118,-0.182,-0.334,-0.197,-0.182,-0.334,-0.197,
0.048,-0.105,-0.058,0.012,-0.135,0.017,-0.091,-0.058,-0.083,-0.058,
-0.298,-0.433,-0.285,-0.303,-0.298,-0.303,-0.298,-0.303,-0.298,-0.303,
0.065,0.031,0.083,0.073,0.05,0.083,0.073,0.05,0.083,0.073,
-0.182,-0.133,-0.021,-0.034,-0.162,-0.192,-0.037,-0.046,-0.034,-0.162,
-0.074,-0.116,-0.056,-0.081,-0.23,-0.23,-0.23,-0.23,-0.23,-0.23,
-0.07,-0.036,-0.09,-0.095,-0.126,-0.042,0.029,-0.019,-0.022,-0.062,
0.093,-0.016,0.063,0.032,0.064,0.033,0.064,0.033,0.064,0.033,
0.156,-0.091,0.115,-0.091,0.115,-0.091,0.115,-0.091,0.115,-0.091,
0.142,0.054,0.11,0.154,0.109,0.132,0.159,0.113,0.148,0.092,
0.141,0.001,0.137,0.11,0.161,0.113,0.112,0.134,0.141,0.18,
0.051,0.032,0.006,0.097,0.059,0.039,0.039,0.039,0.039,0.039,
0.114,0.04,0.078,0.083,0.107,0.083,0.107,0.083,0.107,0.083,
0.043,-0.044,0.042,0.046,0.023,-0.044,0.042,0.046,0.023,-0.044,
0.025,-0.056,-0.037,0.006,-0.01,-0.01,-0.01,-0.01,-0.01,-0.01,
0.055,-0.123,-0.16,-0.234,-0.251,-0.273,-0.274,-0.258,-0.138,-0.141,
-0.023,-0.167,-0.167,-0.167,-0.167,-0.167,-0.167,-0.167,-0.167,-0.167,
-0.037,-0.107,0.033,-0.034,-0.132,-0.059,0.033,-0.034,-0.132,-0.059,
-0.106,-0.169,-0.169,-0.169,-0.169,-0.169,-0.169,-0.169,-0.169,-0.169,
-0.07,0.025,0.0,-0.011,0.049,0.039,0.0,-0.011,0.049,0.039,
-0.214,-0.179,-0.118,-0.188,-0.218,-0.218,-0.218,-0.218,-0.218,-0.218,
-0.112,-0.123,-0.083,-0.098,-0.116,-0.139,-0.167,-0.083,-0.098,-0.116,
0.261,0.244,-0.022,0.194,0.178,0.253,-0.034,0.194,0.25,0.088,
-0.094,-0.148,-0.148,-0.148,-0.148,-0.148,-0.148,-0.148,-0.148,-0.148,
-0.151,-0.307,-0.156,-0.014,-0.152,-0.171,-0.01,-0.014,-0.01,-0.014,
0.001,-0.101,-0.067,-0.097,-0.019,-0.063,-0.142,-0.037,-0.087,-0.051,
0.041,-0.013,-0.011,-0.026,-0.032,-0.057,-0.011,-0.026,-0.032,-0.057,
-0.018,-0.048,-0.026,-0.007,0.024,0.008,-0.103,-0.027,-0.006,0.051,
-0.258,-0.344,-0.257,-0.332,-0.369,-0.419,-0.228,-0.317,-0.317,-0.317,
0.16,-0.059,-0.1,-0.1,-0.1,-0.1,-0.1,-0.1,-0.1,-0.1,
0.145,0.025,0.091,0.076,0.026,0.091,0.076,0.026,0.091,0.076,
0.073,-0.021,0.109,0.109,0.109,0.109,0.109,0.109,0.109,0.109,
-0.031,-0.024,-0.032,-0.061,-0.061,-0.061,-0.061,-0.061,-0.061,-0.061,
0.111,0.017,0.026,0.034,0.102,0.034,0.102,0.034,0.102,0.034,


