11354.0,11354.0,11354.0,11354.0,11354.0,11354.0,11354.0,11354.0,11354.0,11354.0,
10173.0,10173.0,10173.0,10173.0,10173.0,10173.0,10173.0,10173.0,10173.0,10173.0,
9883.0,9883.0,9883.0,9883.0,9883.0,9883.0,9883.0,9883.0,9883.0,9883.0,
13781.0,13781.0,13781.0,13781.0,13781.0,13781.0,13781.0,13781.0,13781.0,13781.0,
9524.0,9524.0,9524.0,9524.0,9524.0,9524.0,9524.0,9524.0,9524.0,9524.0,
9763.0,9763.0,9763.0,9763.0,9763.0,9763.0,9763.0,9763.0,9763.0,9763.0,
9583.0,9583.0,9583.0,9583.0,9583.0,9583.0,9583.0,9583.0,9583.0,9583.0,
10263.0,10263.0,10263.0,10263.0,10263.0,10263.0,10263.0,10263.0,10263.0,10263.0,
10094.0,10094.0,10094.0,10094.0,10094.0,10094.0,10094.0,10094.0,10094.0,10094.0,
12859.0,12859.0,12859.0,12859.0,12859.0,12859.0,12859.0,12859.0,12859.0,12859.0,
11789.0,11789.0,11789.0,11789.0,11789.0,11789.0,11789.0,11789.0,11789.0,11789.0,
11085.0,11085.0,11085.0,11085.0,11085.0,11085.0,11085.0,11085.0,11085.0,11085.0,
12050.0,12050.0,12050.0,12050.0,12050.0,12050.0,12050.0,12050.0,12050.0,12050.0,
13874.0,13874.0,13874.0,13874.0,13874.0,13874.0,13874.0,13874.0,13874.0,13874.0,
10818.0,10818.0,10818.0,10818.0,10818.0,10818.0,10818.0,10818.0,10818.0,10818.0,
9907.0,9907.0,9907.0,9907.0,9907.0,9907.0,9907.0,9907.0,9907.0,9907.0,
13443.0,13443.0,13443.0,13443.0,13443.0,13443.0,13443.0,13443.0,13443.0,13443.0,
12132.0,12132.0,12132.0,12132.0,12132.0,12132.0,12132.0,12132.0,12132.0,12132.0,
12662.0,12662.0,12662.0,12662.0,12662.0,12662.0,12662.0,12662.0,12662.0,12662.0,
14621.0,14621.0,14621.0,14621.0,14621.0,14621.0,14621.0,14621.0,14621.0,14621.0,
11817.0,11817.0,11817.0,11817.0,11817.0,11817.0,11817.0,11817.0,11817.0,11817.0,
16305.0,16305.0,16305.0,16305.0,16305.0,16305.0,16305.0,16305.0,16305.0,16305.0,
11333.0,11333.0,11333.0,11333.0,11333.0,11333.0,11333.0,11333.0,11333.0,11333.0,
13452.0,13452.0,13452.0,13452.0,13452.0,13452.0,13452.0,13452.0,13452.0,13452.0,
9433.0,9433.0,9433.0,9433.0,9433.0,9433.0,9433.0,9433.0,9433.0,9433.0,
11600.0,11600.0,11600.0,11600.0,11600.0,11600.0,11600.0,11600.0,11600.0,11600.0,
11815.0,11815.0,11815.0,11815.0,11815.0,11815.0,11815.0,11815.0,11815.0,11815.0,
12888.0,12888.0,12888.0,12888.0,12888.0,12888.0,12888.0,12888.0,12888.0,12888.0,
10259.0,10259.0,10259.0,10259.0,10259.0,10259.0,10259.0,10259.0,10259.0,10259.0,
14924.0,14924.0,14924.0,14924.0,14924.0,14924.0,14924.0,14924.0,14924.0,14924.0,
13368.0,13368.0,13368.0,13368.0,13368.0,13368.0,13368.0,13368.0,13368.0,13368.0,
9447.0,9447.0,9447.0,9447.0,9447.0,9447.0,9447.0,9447.0,9447.0,9447.0,
12098.0,12098.0,12098.0,12098.0,12098.0,12098.0,12098.0,12098.0,12098.0,12098.0,
9860.0,9860.0,9860.0,9860.0,9860.0,9860.0,9860.0,9860.0,9860.0,9860.0,
13413.0,13413.0,13413.0,13413.0,13413.0,13413.0,13413.0,13413.0,13413.0,13413.0,
9650.0,9650.0,9650.0,9650.0,9650.0,9650.0,9650.0,9650.0,9650.0,9650.0,
10648.0,10648.0,10648.0,10648.0,10648.0,10648.0,10648.0,10648.0,10648.0,10648.0,
11188.0,11188.0,11188.0,11188.0,11188.0,11188.0,11188.0,11188.0,11188.0,11188.0,
11596.0,11596.0,11596.0,11596.0,11596.0,11596.0,11596.0,11596.0,11596.0,11596.0,
10279.0,10279.0,10279.0,10279.0,10279.0,10279.0,10279.0,10279.0,10279.0,10279.0,
10145.0,10145.0,10145.0,10145.0,10145.0,10145.0,10145.0,10145.0,10145.0,10145.0,
11700.0,11700.0,11700.0,11700.0,11700.0,11700.0,11700.0,11700.0,11700.0,11700.0,
10832.0,10832.0,10832.0,10832.0,10832.0,10832.0,10832.0,10832.0,10832.0,10832.0,
13111.0,13111.0,13111.0,13111.0,13111.0,13111.0,13111.0,13111.0,13111.0,13111.0,
13130.0,13130.0,13130.0,13130.0,13130.0,13130.0,13130.0,13130.0,13130.0,13130.0,
11638.0,11638.0,11638.0,11638.0,11638.0,11638.0,11638.0,11638.0,11638.0,11638.0,
12326.0,12326.0,12326.0,12326.0,12326.0,12326.0,12326.0,12326.0,12326.0,12326.0,
11239.0,11239.0,11239.0,11239.0,11239.0,11239.0,11239.0,11239.0,11239.0,11239.0,
10334.0,10334.0,10334.0,10334.0,10334.0,10334.0,10334.0,10334.0,10334.0,10334.0,
13482.0,13482.0,13482.0,13482.0,13482.0,13482.0,13482.0,13482.0,13482.0,13482.0,
15146.0,15146.0,15146.0,15146.0,15146.0,15146.0,15146.0,15146.0,15146.0,15146.0,
11169.0,11169.0,11169.0,11169.0,11169.0,11169.0,11169.0,11169.0,11169.0,11169.0,
10158.0,10158.0,10158.0,10158.0,10158.0,10158.0,10158.0,10158.0,10158.0,10158.0,
13017.0,13017.0,13017.0,13017.0,13017.0,13017.0,13017.0,13017.0,13017.0,13017.0,
9744.0,9744.0,9744.0,9744.0,9744.0,9744.0,9744.0,9744.0,9744.0,9744.0,
10989.0,10989.0,10989.0,10989.0,10989.0,10989.0,10989.0,10989.0,10989.0,10989.0,
13800.0,13800.0,13800.0,13800.0,13800.0,13800.0,13800.0,13800.0,13800.0,13800.0,
10477.0,10477.0,10477.0,10477.0,10477.0,10477.0,10477.0,10477.0,10477.0,10477.0,
11368.0,11368.0,11368.0,11368.0,11368.0,11368.0,11368.0,11368.0,11368.0,11368.0,
11151.0,11151.0,11151.0,11151.0,11151.0,11151.0,11151.0,11151.0,11151.0,11151.0,
10539.0,10539.0,10539.0,10539.0,10539.0,10539.0,10539.0,10539.0,10539.0,10539.0,
11804.0,11804.0,11804.0,11804.0,11804.0,11804.0,11804.0,11804.0,11804.0,11804.0,
11397.0,11397.0,11397.0,11397.0,11397.0,11397.0,11397.0,11397.0,11397.0,11397.0,
10941.0,10941.0,10941.0,10941.0,10941.0,10941.0,10941.0,10941.0,10941.0,10941.0,
10126.0,10126.0,10126.0,10126.0,10126.0,10126.0,10126.0,10126.0,10126.0,10126.0,
9562.0,9562.0,9562.0,9562.0,9562.0,9562.0,9562.0,9562.0,9562.0,9562.0,
15939.0,15939.0,15939.0,15939.0,15939.0,15939.0,15939.0,15939.0,15939.0,15939.0,
9742.0,9742.0,9742.0,9742.0,9742.0,9742.0,9742.0,9742.0,9742.0,9742.0,
17159.0,17159.0,17159.0,17159.0,17159.0,17159.0,17159.0,17159.0,17159.0,17159.0,
12346.0,12346.0,12346.0,12346.0,12346.0,12346.0,12346.0,12346.0,12346.0,12346.0,
12114.0,12114.0,12114.0,12114.0,12114.0,12114.0,12114.0,12114.0,12114.0,12114.0,
11351.0,11351.0,11351.0,11351.0,11351.0,11351.0,11351.0,11351.0,11351.0,11351.0,
11337.0,11337.0,11337.0,11337.0,11337.0,11337.0,11337.0,11337.0,11337.0,11337.0,
10985.0,10985.0,10985.0,10985.0,10985.0,10985.0,10985.0,10985.0,10985.0,10985.0,
11888.0,11888.0,11888.0,11888.0,11888.0,11888.0,11888.0,11888.0,11888.0,11888.0,
10021.0,10021.0,10021.0,10021.0,10021.0,10021.0,10021.0,10021.0,10021.0,10021.0,
11376.0,11376.0,11376.0,11376.0,11376.0,11376.0,11376.0,11376.0,11376.0,11376.0,
12187.0,12187.0,12187.0,12187.0,12187.0,12187.0,12187.0,12187.0,12187.0,12187.0,
9518.0,9518.0,9518.0,9518.0,9518.0,9518.0,9518.0,9518.0,9518.0,9518.0,
9304.0,9304.0,9304.0,9304.0,9304.0,9304.0,9304.0,9304.0,9304.0,9304.0,
10368.0,10368.0,10368.0,10368.0,10368.0,10368.0,10368.0,10368.0,10368.0,10368.0,
14580.0,14580.0,14580.0,14580.0,14580.0,14580.0,14580.0,14580.0,14580.0,14580.0,
15760.0,15760.0,15760.0,15760.0,15760.0,15760.0,15760.0,15760.0,15760.0,15760.0,
10724.0,10724.0,10724.0,10724.0,10724.0,10724.0,10724.0,10724.0,10724.0,10724.0,
11751.0,11751.0,11751.0,11751.0,11751.0,11751.0,11751.0,11751.0,11751.0,11751.0,
12116.0,12116.0,12116.0,12116.0,12116.0,12116.0,12116.0,12116.0,12116.0,12116.0,
12533.0,12533.0,12533.0,12533.0,12533.0,12533.0,12533.0,12533.0,12533.0,12533.0,
9751.0,9751.0,9751.0,9751.0,9751.0,9751.0,9751.0,9751.0,9751.0,9751.0,
13286.0,13286.0,13286.0,13286.0,13286.0,13286.0,13286.0,13286.0,13286.0,13286.0,
11139.0,11139.0,11139.0,11139.0,11139.0,11139.0,11139.0,11139.0,11139.0,11139.0,
13443.0,13443.0,13443.0,13443.0,13443.0,13443.0,13443.0,13443.0,13443.0,13443.0,
10423.0,10423.0,10423.0,10423.0,10423.0,10423.0,10423.0,10423.0,10423.0,10423.0,
10394.0,10394.0,10394.0,10394.0,10394.0,10394.0,10394.0,10394.0,10394.0,10394.0,
10449.0,10449.0,10449.0,10449.0,10449.0,10449.0,10449.0,10449.0,10449.0,10449.0,
15538.0,15538.0,15538.0,15538.0,15538.0,15538.0,15538.0,15538.0,15538.0,15538.0,
15858.0,15858.0,15858.0,15858.0,15858.0,15858.0,15858.0,15858.0,15858.0,15858.0,
10393.0,10393.0,10393.0,10393.0,10393.0,10393.0,10393.0,10393.0,10393.0,10393.0,
11937.0,11937.0,11937.0,11937.0,11937.0,11937.0,11937.0,11937.0,11937.0,11937.0,
10990.0,10990.0,10990.0,10990.0,10990.0,10990.0,10990.0,10990.0,10990.0,10990.0,
10983.0,10983.0,10983.0,10983.0,10983.0,10983.0,10983.0,10983.0,10983.0,10983.0,

8518.0,8518.0,8518.0,8518.0,8518.0,8518.0,8518.0,8518.0,8518.0,8518.0,
8141.0,8141.0,8141.0,8141.0,8141.0,8141.0,8141.0,8141.0,8141.0,8141.0,
7760.0,7760.0,7760.0,7760.0,7760.0,7760.0,7760.0,7760.0,7760.0,7760.0,
8206.0,8206.0,8206.0,8206.0,8206.0,8206.0,8206.0,8206.0,8206.0,8206.0,
8297.0,8297.0,8297.0,8297.0,8297.0,8297.0,8297.0,8297.0,8297.0,8297.0,
7625.0,7625.0,7625.0,7625.0,7625.0,7625.0,7625.0,7625.0,7625.0,7625.0,
8445.0,8445.0,8445.0,8445.0,8445.0,8445.0,8445.0,8445.0,8445.0,8445.0,
7606.0,7606.0,7606.0,7606.0,7606.0,7606.0,7606.0,7606.0,7606.0,7606.0,
7881.0,7881.0,7881.0,7881.0,7881.0,7881.0,7881.0,7881.0,7881.0,7881.0,
7787.0,7787.0,7787.0,7787.0,7787.0,7787.0,7787.0,7787.0,7787.0,7787.0,
7913.0,7913.0,7913.0,7913.0,7913.0,7913.0,7913.0,7913.0,7913.0,7913.0,
8077.0,8077.0,8077.0,8077.0,8077.0,8077.0,8077.0,8077.0,8077.0,8077.0,
7758.0,7758.0,7758.0,7758.0,7758.0,7758.0,7758.0,7758.0,7758.0,7758.0,
7996.0,7996.0,7996.0,7996.0,7996.0,7996.0,7996.0,7996.0,7996.0,7996.0,
7445.0,7445.0,7445.0,7445.0,7445.0,7445.0,7445.0,7445.0,7445.0,7445.0,
7280.0,7280.0,7280.0,7280.0,7280.0,7280.0,7280.0,7280.0,7280.0,7280.0,
8034.0,8034.0,8034.0,8034.0,8034.0,8034.0,8034.0,8034.0,8034.0,8034.0,
7958.0,7958.0,7958.0,7958.0,7958.0,7958.0,7958.0,7958.0,7958.0,7958.0,
8866.0,8866.0,8866.0,8866.0,8866.0,8866.0,8866.0,8866.0,8866.0,8866.0,
8508.0,8508.0,8508.0,8508.0,8508.0,8508.0,8508.0,8508.0,8508.0,8508.0,
9454.0,9454.0,9454.0,9454.0,9454.0,9454.0,9454.0,9454.0,9454.0,9454.0,
8448.0,8448.0,8448.0,8448.0,8448.0,8448.0,8448.0,8448.0,8448.0,8448.0,
8505.0,8505.0,8505.0,8505.0,8505.0,8505.0,8505.0,8505.0,8505.0,8505.0,
8983.0,8983.0,8983.0,8983.0,8983.0,8983.0,8983.0,8983.0,8983.0,8983.0,
8328.0,8328.0,8328.0,8328.0,8328.0,8328.0,8328.0,8328.0,8328.0,8328.0,
8805.0,8805.0,8805.0,8805.0,8805.0,8805.0,8805.0,8805.0,8805.0,8805.0,
8350.0,8350.0,8350.0,8350.0,8350.0,8350.0,8350.0,8350.0,8350.0,8350.0,
7740.0,7740.0,7740.0,7740.0,7740.0,7740.0,7740.0,7740.0,7740.0,7740.0,
7683.0,7683.0,7683.0,7683.0,7683.0,7683.0,7683.0,7683.0,7683.0,7683.0,
8887.0,8887.0,8887.0,8887.0,8887.0,8887.0,8887.0,8887.0,8887.0,8887.0,
8619.0,8619.0,8619.0,8619.0,8619.0,8619.0,8619.0,8619.0,8619.0,8619.0,
7461.0,7461.0,7461.0,7461.0,7461.0,7461.0,7461.0,7461.0,7461.0,7461.0,
8330.0,8330.0,8330.0,8330.0,8330.0,8330.0,8330.0,8330.0,8330.0,8330.0,
7332.0,7332.0,7332.0,7332.0,7332.0,7332.0,7332.0,7332.0,7332.0,7332.0,
7706.0,7706.0,7706.0,7706.0,7706.0,7706.0,7706.0,7706.0,7706.0,7706.0,
7117.0,7117.0,7117.0,7117.0,7117.0,7117.0,7117.0,7117.0,7117.0,7117.0,
7439.0,7439.0,7439.0,7439.0,7439.0,7439.0,7439.0,7439.0,7439.0,7439.0,
8358.0,8358.0,8358.0,8358.0,8358.0,8358.0,8358.0,8358.0,8358.0,8358.0,
7704.0,7704.0,7704.0,7704.0,7704.0,7704.0,7704.0,7704.0,7704.0,7704.0,
7360.0,7360.0,7360.0,7360.0,7360.0,7360.0,7360.0,7360.0,7360.0,7360.0,
8302.0,8302.0,8302.0,8302.0,8302.0,8302.0,8302.0,8302.0,8302.0,8302.0,
8947.0,8947.0,8947.0,8947.0,8947.0,8947.0,8947.0,8947.0,8947.0,8947.0,
7912.0,7912.0,7912.0,7912.0,7912.0,7912.0,7912.0,7912.0,7912.0,7912.0,
9596.0,9596.0,9596.0,9596.0,9596.0,9596.0,9596.0,9596.0,9596.0,9596.0,
7865.0,7865.0,7865.0,7865.0,7865.0,7865.0,7865.0,7865.0,7865.0,7865.0,
7388.0,7388.0,7388.0,7388.0,7388.0,7388.0,7388.0,7388.0,7388.0,7388.0,
8758.0,8758.0,8758.0,8758.0,8758.0,8758.0,8758.0,8758.0,8758.0,8758.0,
8502.0,8502.0,8502.0,8502.0,8502.0,8502.0,8502.0,8502.0,8502.0,8502.0,
7268.0,7268.0,7268.0,7268.0,7268.0,7268.0,7268.0,7268.0,7268.0,7268.0,
7986.0,7986.0,7986.0,7986.0,7986.0,7986.0,7986.0,7986.0,7986.0,7986.0,
8366.0,8366.0,8366.0,8366.0,8366.0,8366.0,8366.0,8366.0,8366.0,8366.0,
8548.0,8548.0,8548.0,8548.0,8548.0,8548.0,8548.0,8548.0,8548.0,8548.0,
7750.0,7750.0,7750.0,7750.0,7750.0,7750.0,7750.0,7750.0,7750.0,7750.0,
8298.0,8298.0,8298.0,8298.0,8298.0,8298.0,8298.0,8298.0,8298.0,8298.0,
7201.0,7201.0,7201.0,7201.0,7201.0,7201.0,7201.0,7201.0,7201.0,7201.0,
7814.0,7814.0,7814.0,7814.0,7814.0,7814.0,7814.0,7814.0,7814.0,7814.0,
7690.0,7690.0,7690.0,7690.0,7690.0,7690.0,7690.0,7690.0,7690.0,7690.0,
8690.0,8690.0,8690.0,8690.0,8690.0,8690.0,8690.0,8690.0,8690.0,8690.0,
7976.0,7976.0,7976.0,7976.0,7976.0,7976.0,7976.0,7976.0,7976.0,7976.0,
7958.0,7958.0,7958.0,7958.0,7958.0,7958.0,7958.0,7958.0,7958.0,7958.0,
7779.0,7779.0,7779.0,7779.0,7779.0,7779.0,7779.0,7779.0,7779.0,7779.0,
7453.0,7453.0,7453.0,7453.0,7453.0,7453.0,7453.0,7453.0,7453.0,7453.0,
8575.0,8575.0,8575.0,8575.0,8575.0,8575.0,8575.0,8575.0,8575.0,8575.0,
7728.0,7728.0,7728.0,7728.0,7728.0,7728.0,7728.0,7728.0,7728.0,7728.0,
7477.0,7477.0,7477.0,7477.0,7477.0,7477.0,7477.0,7477.0,7477.0,7477.0,
8399.0,8399.0,8399.0,8399.0,8399.0,8399.0,8399.0,8399.0,8399.0,8399.0,
8915.0,8915.0,8915.0,8915.0,8915.0,8915.0,8915.0,8915.0,8915.0,8915.0,
7499.0,7499.0,7499.0,7499.0,7499.0,7499.0,7499.0,7499.0,7499.0,7499.0,
7771.0,7771.0,7771.0,7771.0,7771.0,7771.0,7771.0,7771.0,7771.0,7771.0,
9104.0,9104.0,9104.0,9104.0,9104.0,9104.0,9104.0,9104.0,9104.0,9104.0,
6987.0,6987.0,6987.0,6987.0,6987.0,6987.0,6987.0,6987.0,6987.0,6987.0,
7508.0,7508.0,7508.0,7508.0,7508.0,7508.0,7508.0,7508.0,7508.0,7508.0,
7914.0,7914.0,7914.0,7914.0,7914.0,7914.0,7914.0,7914.0,7914.0,7914.0,
7893.0,7893.0,7893.0,7893.0,7893.0,7893.0,7893.0,7893.0,7893.0,7893.0,
9473.0,9473.0,9473.0,9473.0,9473.0,9473.0,9473.0,9473.0,9473.0,9473.0,
8166.0,8166.0,8166.0,8166.0,8166.0,8166.0,8166.0,8166.0,8166.0,8166.0,
9086.0,9086.0,9086.0,9086.0,9086.0,9086.0,9086.0,9086.0,9086.0,9086.0,
7322.0,7322.0,7322.0,7322.0,7322.0,7322.0,7322.0,7322.0,7322.0,7322.0,
7795.0,7795.0,7795.0,7795.0,7795.0,7795.0,7795.0,7795.0,7795.0,7795.0,
7408.0,7408.0,7408.0,7408.0,7408.0,7408.0,7408.0,7408.0,7408.0,7408.0,
7399.0,7399.0,7399.0,7399.0,7399.0,7399.0,7399.0,7399.0,7399.0,7399.0,
8405.0,8405.0,8405.0,8405.0,8405.0,8405.0,8405.0,8405.0,8405.0,8405.0,
8882.0,8882.0,8882.0,8882.0,8882.0,8882.0,8882.0,8882.0,8882.0,8882.0,
7677.0,7677.0,7677.0,7677.0,7677.0,7677.0,7677.0,7677.0,7677.0,7677.0,
7596.0,7596.0,7596.0,7596.0,7596.0,7596.0,7596.0,7596.0,7596.0,7596.0,
7983.0,7983.0,7983.0,7983.0,7983.0,7983.0,7983.0,7983.0,7983.0,7983.0,
7500.0,7500.0,7500.0,7500.0,7500.0,7500.0,7500.0,7500.0,7500.0,7500.0,
8205.0,8205.0,8205.0,8205.0,8205.0,8205.0,8205.0,8205.0,8205.0,8205.0,
11649.0,11649.0,11649.0,11649.0,11649.0,11649.0,11649.0,11649.0,11649.0,11649.0,
7400.0,7400.0,7400.0,7400.0,7400.0,7400.0,7400.0,7400.0,7400.0,7400.0,
7963.0,7963.0,7963.0,7963.0,7963.0,7963.0,7963.0,7963.0,7963.0,7963.0,
7123.0,7123.0,7123.0,7123.0,7123.0,7123.0,7123.0,7123.0,7123.0,7123.0,
7277.0,7277.0,7277.0,7277.0,7277.0,7277.0,7277.0,7277.0,7277.0,7277.0,
7404.0,7404.0,7404.0,7404.0,7404.0,7404.0,7404.0,7404.0,7404.0,7404.0,
8223.0,8223.0,8223.0,8223.0,8223.0,8223.0,8223.0,8223.0,8223.0,8223.0,
9831.0,9831.0,9831.0,9831.0,9831.0,9831.0,9831.0,9831.0,9831.0,9831.0,
7234.0,7234.0,7234.0,7234.0,7234.0,7234.0,7234.0,7234.0,7234.0,7234.0,
8873.0,8873.0,8873.0,8873.0,8873.0,8873.0,8873.0,8873.0,8873.0,8873.0,
7360.0,7360.0,7360.0,7360.0,7360.0,7360.0,7360.0,7360.0,7360.0,7360.0,
8384.0,8384.0,8384.0,8384.0,8384.0,8384.0,8384.0,8384.0,8384.0,8384.0,

11122.0,11122.0,11122.0,11122.0,11122.0,11122.0,11122.0,11122.0,11122.0,11122.0,
10175.0,10175.0,10175.0,10175.0,10175.0,10175.0,10175.0,10175.0,10175.0,10175.0,
10114.0,10114.0,10114.0,10114.0,10114.0,10114.0,10114.0,10114.0,10114.0,10114.0,
12714.0,12714.0,12714.0,12714.0,12714.0,12714.0,12714.0,12714.0,12714.0,12714.0,
10215.0,10215.0,10215.0,10215.0,10215.0,10215.0,10215.0,10215.0,10215.0,10215.0,
10002.0,10002.0,10002.0,10002.0,10002.0,10002.0,10002.0,10002.0,10002.0,10002.0,
10575.0,10575.0,10575.0,10575.0,10575.0,10575.0,10575.0,10575.0,10575.0,10575.0,
9975.0,9975.0,9975.0,9975.0,9975.0,9975.0,9975.0,9975.0,9975.0,9975.0,
9739.0,9739.0,9739.0,9739.0,9739.0,9739.0,9739.0,9739.0,9739.0,9739.0,
11445.0,11445.0,11445.0,11445.0,11445.0,11445.0,11445.0,11445.0,11445.0,11445.0,
10400.0,10400.0,10400.0,10400.0,10400.0,10400.0,10400.0,10400.0,10400.0,10400.0,
10321.0,10321.0,10321.0,10321.0,10321.0,10321.0,10321.0,10321.0,10321.0,10321.0,
11026.0,11026.0,11026.0,11026.0,11026.0,11026.0,11026.0,11026.0,11026.0,11026.0,
11280.0,11280.0,11280.0,11280.0,11280.0,11280.0,11280.0,11280.0,11280.0,11280.0,
10171.0,10171.0,10171.0,10171.0,10171.0,10171.0,10171.0,10171.0,10171.0,10171.0,
10254.0,10254.0,10254.0,10254.0,10254.0,10254.0,10254.0,10254.0,10254.0,10254.0,
13443.0,13443.0,13443.0,13443.0,13443.0,13443.0,13443.0,13443.0,13443.0,13443.0,
11451.0,11451.0,11451.0,11451.0,11451.0,11451.0,11451.0,11451.0,11451.0,11451.0,
12586.0,12586.0,12586.0,12586.0,12586.0,12586.0,12586.0,12586.0,12586.0,12586.0,
13266.0,13266.0,13266.0,13266.0,13266.0,13266.0,13266.0,13266.0,13266.0,13266.0,
11455.0,11455.0,11455.0,11455.0,11455.0,11455.0,11455.0,11455.0,11455.0,11455.0,
13443.0,13443.0,13443.0,13443.0,13443.0,13443.0,13443.0,13443.0,13443.0,13443.0,
11227.0,11227.0,11227.0,11227.0,11227.0,11227.0,11227.0,11227.0,11227.0,11227.0,
13189.0,13189.0,13189.0,13189.0,13189.0,13189.0,13189.0,13189.0,13189.0,13189.0,
9358.0,9358.0,9358.0,9358.0,9358.0,9358.0,9358.0,9358.0,9358.0,9358.0,
11221.0,11221.0,11221.0,11221.0,11221.0,11221.0,11221.0,11221.0,11221.0,11221.0,
11672.0,11672.0,11672.0,11672.0,11672.0,11672.0,11672.0,11672.0,11672.0,11672.0,
10008.0,10008.0,10008.0,10008.0,10008.0,10008.0,10008.0,10008.0,10008.0,10008.0,
10233.0,10233.0,10233.0,10233.0,10233.0,10233.0,10233.0,10233.0,10233.0,10233.0,
13948.0,13948.0,13948.0,13948.0,13948.0,13948.0,13948.0,13948.0,13948.0,13948.0,
13368.0,13368.0,13368.0,13368.0,13368.0,13368.0,13368.0,13368.0,13368.0,13368.0,
10206.0,10206.0,10206.0,10206.0,10206.0,10206.0,10206.0,10206.0,10206.0,10206.0,
10801.0,10801.0,10801.0,10801.0,10801.0,10801.0,10801.0,10801.0,10801.0,10801.0,
9407.0,9407.0,9407.0,9407.0,9407.0,9407.0,9407.0,9407.0,9407.0,9407.0,
12423.0,12423.0,12423.0,12423.0,12423.0,12423.0,12423.0,12423.0,12423.0,12423.0,
9328.0,9328.0,9328.0,9328.0,9328.0,9328.0,9328.0,9328.0,9328.0,9328.0,
10311.0,10311.0,10311.0,10311.0,10311.0,10311.0,10311.0,10311.0,10311.0,10311.0,
11158.0,11158.0,11158.0,11158.0,11158.0,11158.0,11158.0,11158.0,11158.0,11158.0,
11138.0,11138.0,11138.0,11138.0,11138.0,11138.0,11138.0,11138.0,11138.0,11138.0,
10361.0,10361.0,10361.0,10361.0,10361.0,10361.0,10361.0,10361.0,10361.0,10361.0,
9921.0,9921.0,9921.0,9921.0,9921.0,9921.0,9921.0,9921.0,9921.0,9921.0,
10756.0,10756.0,10756.0,10756.0,10756.0,10756.0,10756.0,10756.0,10756.0,10756.0,
10274.0,10274.0,10274.0,10274.0,10274.0,10274.0,10274.0,10274.0,10274.0,10274.0,
11947.0,11947.0,11947.0,11947.0,11947.0,11947.0,11947.0,11947.0,11947.0,11947.0,
13130.0,13130.0,13130.0,13130.0,13130.0,13130.0,13130.0,13130.0,13130.0,13130.0,
11106.0,11106.0,11106.0,11106.0,11106.0,11106.0,11106.0,11106.0,11106.0,11106.0,
12130.0,12130.0,12130.0,12130.0,12130.0,12130.0,12130.0,12130.0,12130.0,12130.0,
11239.0,11239.0,11239.0,11239.0,11239.0,11239.0,11239.0,11239.0,11239.0,11239.0,
10335.0,10335.0,10335.0,10335.0,10335.0,10335.0,10335.0,10335.0,10335.0,10335.0,
13182.0,13182.0,13182.0,13182.0,13182.0,13182.0,13182.0,13182.0,13182.0,13182.0,
12071.0,12071.0,12071.0,12071.0,12071.0,12071.0,12071.0,12071.0,12071.0,12071.0,
11086.0,11086.0,11086.0,11086.0,11086.0,11086.0,11086.0,11086.0,11086.0,11086.0,
10334.0,10334.0,10334.0,10334.0,10334.0,10334.0,10334.0,10334.0,10334.0,10334.0,
13096.0,13096.0,13096.0,13096.0,13096.0,13096.0,13096.0,13096.0,13096.0,13096.0,
10495.0,10495.0,10495.0,10495.0,10495.0,10495.0,10495.0,10495.0,10495.0,10495.0,
9879.0,9879.0,9879.0,9879.0,9879.0,9879.0,9879.0,9879.0,9879.0,9879.0,
12075.0,12075.0,12075.0,12075.0,12075.0,12075.0,12075.0,12075.0,12075.0,12075.0,
10476.0,10476.0,10476.0,10476.0,10476.0,10476.0,10476.0,10476.0,10476.0,10476.0,
11216.0,11216.0,11216.0,11216.0,11216.0,11216.0,11216.0,11216.0,11216.0,11216.0,
10401.0,10401.0,10401.0,10401.0,10401.0,10401.0,10401.0,10401.0,10401.0,10401.0,
10226.0,10226.0,10226.0,10226.0,10226.0,10226.0,10226.0,10226.0,10226.0,10226.0,
10239.0,10239.0,10239.0,10239.0,10239.0,10239.0,10239.0,10239.0,10239.0,10239.0,
10796.0,10796.0,10796.0,10796.0,10796.0,10796.0,10796.0,10796.0,10796.0,10796.0,
10658.0,10658.0,10658.0,10658.0,10658.0,10658.0,10658.0,10658.0,10658.0,10658.0,
10240.0,10240.0,10240.0,10240.0,10240.0,10240.0,10240.0,10240.0,10240.0,10240.0,
9277.0,9277.0,9277.0,9277.0,9277.0,9277.0,9277.0,9277.0,9277.0,9277.0,
15156.0,15156.0,15156.0,15156.0,15156.0,15156.0,15156.0,15156.0,15156.0,15156.0,
10043.0,10043.0,10043.0,10043.0,10043.0,10043.0,10043.0,10043.0,10043.0,10043.0,
14819.0,14819.0,14819.0,14819.0,14819.0,14819.0,14819.0,14819.0,14819.0,14819.0,
10934.0,10934.0,10934.0,10934.0,10934.0,10934.0,10934.0,10934.0,10934.0,10934.0,
11215.0,11215.0,11215.0,11215.0,11215.0,11215.0,11215.0,11215.0,11215.0,11215.0,
10992.0,10992.0,10992.0,10992.0,10992.0,10992.0,10992.0,10992.0,10992.0,10992.0,
11098.0,11098.0,11098.0,11098.0,11098.0,11098.0,11098.0,11098.0,11098.0,11098.0,
10324.0,10324.0,10324.0,10324.0,10324.0,10324.0,10324.0,10324.0,10324.0,10324.0,
11509.0,11509.0,11509.0,11509.0,11509.0,11509.0,11509.0,11509.0,11509.0,11509.0,
9743.0,9743.0,9743.0,9743.0,9743.0,9743.0,9743.0,9743.0,9743.0,9743.0,
11134.0,11134.0,11134.0,11134.0,11134.0,11134.0,11134.0,11134.0,11134.0,11134.0,
11201.0,11201.0,11201.0,11201.0,11201.0,11201.0,11201.0,11201.0,11201.0,11201.0,
9207.0,9207.0,9207.0,9207.0,9207.0,9207.0,9207.0,9207.0,9207.0,9207.0,
10038.0,10038.0,10038.0,10038.0,10038.0,10038.0,10038.0,10038.0,10038.0,10038.0,
10291.0,10291.0,10291.0,10291.0,10291.0,10291.0,10291.0,10291.0,10291.0,10291.0,
12498.0,12498.0,12498.0,12498.0,12498.0,12498.0,12498.0,12498.0,12498.0,12498.0,
12813.0,12813.0,12813.0,12813.0,12813.0,12813.0,12813.0,12813.0,12813.0,12813.0,
10883.0,10883.0,10883.0,10883.0,10883.0,10883.0,10883.0,10883.0,10883.0,10883.0,
9704.0,9704.0,9704.0,9704.0,9704.0,9704.0,9704.0,9704.0,9704.0,9704.0,
12520.0,12520.0,12520.0,12520.0,12520.0,12520.0,12520.0,12520.0,12520.0,12520.0,
12533.0,12533.0,12533.0,12533.0,12533.0,12533.0,12533.0,12533.0,12533.0,12533.0,
9198.0,9198.0,9198.0,9198.0,9198.0,9198.0,9198.0,9198.0,9198.0,9198.0,
13286.0,13286.0,13286.0,13286.0,13286.0,13286.0,13286.0,13286.0,13286.0,13286.0,
10775.0,10775.0,10775.0,10775.0,10775.0,10775.0,10775.0,10775.0,10775.0,10775.0,
11896.0,11896.0,11896.0,11896.0,11896.0,11896.0,11896.0,11896.0,11896.0,11896.0,
9746.0,9746.0,9746.0,9746.0,9746.0,9746.0,9746.0,9746.0,9746.0,9746.0,
10364.0,10364.0,10364.0,10364.0,10364.0,10364.0,10364.0,10364.0,10364.0,10364.0,
9626.0,9626.0,9626.0,9626.0,9626.0,9626.0,9626.0,9626.0,9626.0,9626.0,
15538.0,15538.0,15538.0,15538.0,15538.0,15538.0,15538.0,15538.0,15538.0,15538.0,
13194.0,13194.0,13194.0,13194.0,13194.0,13194.0,13194.0,13194.0,13194.0,13194.0,
9884.0,9884.0,9884.0,9884.0,9884.0,9884.0,9884.0,9884.0,9884.0,9884.0,
11225.0,11225.0,11225.0,11225.0,11225.0,11225.0,11225.0,11225.0,11225.0,11225.0,
10534.0,10534.0,10534.0,10534.0,10534.0,10534.0,10534.0,10534.0,10534.0,10534.0,
10621.0,10621.0,10621.0,10621.0,10621.0,10621.0,10621.0,10621.0,10621.0,10621.0,

7699.0,7699.0,7699.0,7699.0,7699.0,7699.0,7699.0,7699.0,7699.0,7699.0,
8891.0,8891.0,8891.0,8891.0,8891.0,8891.0,8891.0,8891.0,8891.0,8891.0,
7319.0,7319.0,7319.0,7319.0,7319.0,7319.0,7319.0,7319.0,7319.0,7319.0,
9802.0,9802.0,9802.0,9802.0,9802.0,9802.0,9802.0,9802.0,9802.0,9802.0,
7603.0,7603.0,7603.0,7603.0,7603.0,7603.0,7603.0,7603.0,7603.0,7603.0,
7335.0,7335.0,7335.0,7335.0,7335.0,7335.0,7335.0,7335.0,7335.0,7335.0,
8000.0,8000.0,8000.0,8000.0,8000.0,8000.0,8000.0,8000.0,8000.0,8000.0,
8556.0,8556.0,8556.0,8556.0,8556.0,8556.0,8556.0,8556.0,8556.0,8556.0,
9871.0,9871.0,9871.0,9871.0,9871.0,9871.0,9871.0,9871.0,9871.0,9871.0,
8392.0,8392.0,8392.0,8392.0,8392.0,8392.0,8392.0,8392.0,8392.0,8392.0,
7951.0,7951.0,7951.0,7951.0,7951.0,7951.0,7951.0,7951.0,7951.0,7951.0,
8893.0,8893.0,8893.0,8893.0,8893.0,8893.0,8893.0,8893.0,8893.0,8893.0,
8474.0,8474.0,8474.0,8474.0,8474.0,8474.0,8474.0,8474.0,8474.0,8474.0,
8790.0,8790.0,8790.0,8790.0,8790.0,8790.0,8790.0,8790.0,8790.0,8790.0,
7229.0,7229.0,7229.0,7229.0,7229.0,7229.0,7229.0,7229.0,7229.0,7229.0,
8269.0,8269.0,8269.0,8269.0,8269.0,8269.0,8269.0,8269.0,8269.0,8269.0,
9634.0,9634.0,9634.0,9634.0,9634.0,9634.0,9634.0,9634.0,9634.0,9634.0,
10302.0,10302.0,10302.0,10302.0,10302.0,10302.0,10302.0,10302.0,10302.0,10302.0,
9286.0,9286.0,9286.0,9286.0,9286.0,9286.0,9286.0,9286.0,9286.0,9286.0,
10093.0,10093.0,10093.0,10093.0,10093.0,10093.0,10093.0,10093.0,10093.0,10093.0,
8174.0,8174.0,8174.0,8174.0,8174.0,8174.0,8174.0,8174.0,8174.0,8174.0,
9163.0,9163.0,9163.0,9163.0,9163.0,9163.0,9163.0,9163.0,9163.0,9163.0,
7862.0,7862.0,7862.0,7862.0,7862.0,7862.0,7862.0,7862.0,7862.0,7862.0,
9002.0,9002.0,9002.0,9002.0,9002.0,9002.0,9002.0,9002.0,9002.0,9002.0,
8008.0,8008.0,8008.0,8008.0,8008.0,8008.0,8008.0,8008.0,8008.0,8008.0,
8651.0,8651.0,8651.0,8651.0,8651.0,8651.0,8651.0,8651.0,8651.0,8651.0,
7828.0,7828.0,7828.0,7828.0,7828.0,7828.0,7828.0,7828.0,7828.0,7828.0,
8516.0,8516.0,8516.0,8516.0,8516.0,8516.0,8516.0,8516.0,8516.0,8516.0,
8784.0,8784.0,8784.0,8784.0,8784.0,8784.0,8784.0,8784.0,8784.0,8784.0,
9063.0,9063.0,9063.0,9063.0,9063.0,9063.0,9063.0,9063.0,9063.0,9063.0,
10579.0,10579.0,10579.0,10579.0,10579.0,10579.0,10579.0,10579.0,10579.0,10579.0,
8347.0,8347.0,8347.0,8347.0,8347.0,8347.0,8347.0,8347.0,8347.0,8347.0,
9941.0,9941.0,9941.0,9941.0,9941.0,9941.0,9941.0,9941.0,9941.0,9941.0,
8103.0,8103.0,8103.0,8103.0,8103.0,8103.0,8103.0,8103.0,8103.0,8103.0,
8729.0,8729.0,8729.0,8729.0,8729.0,8729.0,8729.0,8729.0,8729.0,8729.0,
7082.0,7082.0,7082.0,7082.0,7082.0,7082.0,7082.0,7082.0,7082.0,7082.0,
7515.0,7515.0,7515.0,7515.0,7515.0,7515.0,7515.0,7515.0,7515.0,7515.0,
7955.0,7955.0,7955.0,7955.0,7955.0,7955.0,7955.0,7955.0,7955.0,7955.0,
8601.0,8601.0,8601.0,8601.0,8601.0,8601.0,8601.0,8601.0,8601.0,8601.0,
8108.0,8108.0,8108.0,8108.0,8108.0,8108.0,8108.0,8108.0,8108.0,8108.0,
7966.0,7966.0,7966.0,7966.0,7966.0,7966.0,7966.0,7966.0,7966.0,7966.0,
8603.0,8603.0,8603.0,8603.0,8603.0,8603.0,8603.0,8603.0,8603.0,8603.0,
8259.0,8259.0,8259.0,8259.0,8259.0,8259.0,8259.0,8259.0,8259.0,8259.0,
8314.0,8314.0,8314.0,8314.0,8314.0,8314.0,8314.0,8314.0,8314.0,8314.0,
9366.0,9366.0,9366.0,9366.0,9366.0,9366.0,9366.0,9366.0,9366.0,9366.0,
7728.0,7728.0,7728.0,7728.0,7728.0,7728.0,7728.0,7728.0,7728.0,7728.0,
8634.0,8634.0,8634.0,8634.0,8634.0,8634.0,8634.0,8634.0,8634.0,8634.0,
9132.0,9132.0,9132.0,9132.0,9132.0,9132.0,9132.0,9132.0,9132.0,9132.0,
8034.0,8034.0,8034.0,8034.0,8034.0,8034.0,8034.0,8034.0,8034.0,8034.0,
8282.0,8282.0,8282.0,8282.0,8282.0,8282.0,8282.0,8282.0,8282.0,8282.0,
9571.0,9571.0,9571.0,9571.0,9571.0,9571.0,9571.0,9571.0,9571.0,9571.0,
8166.0,8166.0,8166.0,8166.0,8166.0,8166.0,8166.0,8166.0,8166.0,8166.0,
8022.0,8022.0,8022.0,8022.0,8022.0,8022.0,8022.0,8022.0,8022.0,8022.0,
8026.0,8026.0,8026.0,8026.0,8026.0,8026.0,8026.0,8026.0,8026.0,8026.0,
8349.0,8349.0,8349.0,8349.0,8349.0,8349.0,8349.0,8349.0,8349.0,8349.0,
8031.0,8031.0,8031.0,8031.0,8031.0,8031.0,8031.0,8031.0,8031.0,8031.0,
8429.0,8429.0,8429.0,8429.0,8429.0,8429.0,8429.0,8429.0,8429.0,8429.0,
8013.0,8013.0,8013.0,8013.0,8013.0,8013.0,8013.0,8013.0,8013.0,8013.0,
8727.0,8727.0,8727.0,8727.0,8727.0,8727.0,8727.0,8727.0,8727.0,8727.0,
8407.0,8407.0,8407.0,8407.0,8407.0,8407.0,8407.0,8407.0,8407.0,8407.0,
8057.0,8057.0,8057.0,8057.0,8057.0,8057.0,8057.0,8057.0,8057.0,8057.0,
8307.0,8307.0,8307.0,8307.0,8307.0,8307.0,8307.0,8307.0,8307.0,8307.0,
9610.0,9610.0,9610.0,9610.0,9610.0,9610.0,9610.0,9610.0,9610.0,9610.0,
8773.0,8773.0,8773.0,8773.0,8773.0,8773.0,8773.0,8773.0,8773.0,8773.0,
7591.0,7591.0,7591.0,7591.0,7591.0,7591.0,7591.0,7591.0,7591.0,7591.0,
7578.0,7578.0,7578.0,7578.0,7578.0,7578.0,7578.0,7578.0,7578.0,7578.0,
9780.0,9780.0,9780.0,9780.0,9780.0,9780.0,9780.0,9780.0,9780.0,9780.0,
9014.0,9014.0,9014.0,9014.0,9014.0,9014.0,9014.0,9014.0,9014.0,9014.0,
13334.0,13334.0,13334.0,13334.0,13334.0,13334.0,13334.0,13334.0,13334.0,13334.0,
8795.0,8795.0,8795.0,8795.0,8795.0,8795.0,8795.0,8795.0,8795.0,8795.0,
8890.0,8890.0,8890.0,8890.0,8890.0,8890.0,8890.0,8890.0,8890.0,8890.0,
7970.0,7970.0,7970.0,7970.0,7970.0,7970.0,7970.0,7970.0,7970.0,7970.0,
8015.0,8015.0,8015.0,8015.0,8015.0,8015.0,8015.0,8015.0,8015.0,8015.0,
8446.0,8446.0,8446.0,8446.0,8446.0,8446.0,8446.0,8446.0,8446.0,8446.0,
8352.0,8352.0,8352.0,8352.0,8352.0,8352.0,8352.0,8352.0,8352.0,8352.0,
6929.0,6929.0,6929.0,6929.0,6929.0,6929.0,6929.0,6929.0,6929.0,6929.0,
10304.0,10304.0,10304.0,10304.0,10304.0,10304.0,10304.0,10304.0,10304.0,10304.0,
7668.0,7668.0,7668.0,7668.0,7668.0,7668.0,7668.0,7668.0,7668.0,7668.0,
7574.0,7574.0,7574.0,7574.0,7574.0,7574.0,7574.0,7574.0,7574.0,7574.0,
8062.0,8062.0,8062.0,8062.0,8062.0,8062.0,8062.0,8062.0,8062.0,8062.0,
7586.0,7586.0,7586.0,7586.0,7586.0,7586.0,7586.0,7586.0,7586.0,7586.0,
10585.0,10585.0,10585.0,10585.0,10585.0,10585.0,10585.0,10585.0,10585.0,10585.0,
11675.0,11675.0,11675.0,11675.0,11675.0,11675.0,11675.0,11675.0,11675.0,11675.0,
9394.0,9394.0,9394.0,9394.0,9394.0,9394.0,9394.0,9394.0,9394.0,9394.0,
8568.0,8568.0,8568.0,8568.0,8568.0,8568.0,8568.0,8568.0,8568.0,8568.0,
9374.0,9374.0,9374.0,9374.0,9374.0,9374.0,9374.0,9374.0,9374.0,9374.0,
9596.0,9596.0,9596.0,9596.0,9596.0,9596.0,9596.0,9596.0,9596.0,9596.0,
7469.0,7469.0,7469.0,7469.0,7469.0,7469.0,7469.0,7469.0,7469.0,7469.0,
9609.0,9609.0,9609.0,9609.0,9609.0,9609.0,9609.0,9609.0,9609.0,9609.0,
7957.0,7957.0,7957.0,7957.0,7957.0,7957.0,7957.0,7957.0,7957.0,7957.0,
8603.0,8603.0,8603.0,8603.0,8603.0,8603.0,8603.0,8603.0,8603.0,8603.0,
8406.0,8406.0,8406.0,8406.0,8406.0,8406.0,8406.0,8406.0,8406.0,8406.0,
7735.0,7735.0,7735.0,7735.0,7735.0,7735.0,7735.0,7735.0,7735.0,7735.0,
7389.0,7389.0,7389.0,7389.0,7389.0,7389.0,7389.0,7389.0,7389.0,7389.0,
8223.0,8223.0,8223.0,8223.0,8223.0,8223.0,8223.0,8223.0,8223.0,8223.0,
10477.0,10477.0,10477.0,10477.0,10477.0,10477.0,10477.0,10477.0,10477.0,10477.0,
7726.0,7726.0,7726.0,7726.0,7726.0,7726.0,7726.0,7726.0,7726.0,7726.0,
8707.0,8707.0,8707.0,8707.0,8707.0,8707.0,8707.0,8707.0,8707.0,8707.0,
8155.0,8155.0,8155.0,8155.0,8155.0,8155.0,8155.0,8155.0,8155.0,8155.0,
8333.0,8333.0,8333.0,8333.0,8333.0,8333.0,8333.0,8333.0,8333.0,8333.0,

7426.0,7426.0,7426.0,7426.0,7426.0,7426.0,7426.0,7426.0,7426.0,7426.0,
7229.0,7229.0,7229.0,7229.0,7229.0,7229.0,7229.0,7229.0,7229.0,7229.0,
8730.0,8730.0,8730.0,8730.0,8730.0,8730.0,8730.0,8730.0,8730.0,8730.0,
8956.0,8956.0,8956.0,8956.0,8956.0,8956.0,8956.0,8956.0,8956.0,8956.0,
8297.0,8297.0,8297.0,8297.0,8297.0,8297.0,8297.0,8297.0,8297.0,8297.0,
7510.0,7510.0,7510.0,7510.0,7510.0,7510.0,7510.0,7510.0,7510.0,7510.0,
7488.0,7488.0,7488.0,7488.0,7488.0,7488.0,7488.0,7488.0,7488.0,7488.0,
7606.0,7606.0,7606.0,7606.0,7606.0,7606.0,7606.0,7606.0,7606.0,7606.0,
7881.0,7881.0,7881.0,7881.0,7881.0,7881.0,7881.0,7881.0,7881.0,7881.0,
8303.0,8303.0,8303.0,8303.0,8303.0,8303.0,8303.0,8303.0,8303.0,8303.0,
7913.0,7913.0,7913.0,7913.0,7913.0,7913.0,7913.0,7913.0,7913.0,7913.0,
8077.0,8077.0,8077.0,8077.0,8077.0,8077.0,8077.0,8077.0,8077.0,8077.0,
7758.0,7758.0,7758.0,7758.0,7758.0,7758.0,7758.0,7758.0,7758.0,7758.0,
7996.0,7996.0,7996.0,7996.0,7996.0,7996.0,7996.0,7996.0,7996.0,7996.0,
7908.0,7908.0,7908.0,7908.0,7908.0,7908.0,7908.0,7908.0,7908.0,7908.0,
7695.0,7695.0,7695.0,7695.0,7695.0,7695.0,7695.0,7695.0,7695.0,7695.0,
8034.0,8034.0,8034.0,8034.0,8034.0,8034.0,8034.0,8034.0,8034.0,8034.0,
7958.0,7958.0,7958.0,7958.0,7958.0,7958.0,7958.0,7958.0,7958.0,7958.0,
8866.0,8866.0,8866.0,8866.0,8866.0,8866.0,8866.0,8866.0,8866.0,8866.0,
8508.0,8508.0,8508.0,8508.0,8508.0,8508.0,8508.0,8508.0,8508.0,8508.0,
9454.0,9454.0,9454.0,9454.0,9454.0,9454.0,9454.0,9454.0,9454.0,9454.0,
8323.0,8323.0,8323.0,8323.0,8323.0,8323.0,8323.0,8323.0,8323.0,8323.0,
8505.0,8505.0,8505.0,8505.0,8505.0,8505.0,8505.0,8505.0,8505.0,8505.0,
8432.0,8432.0,8432.0,8432.0,8432.0,8432.0,8432.0,8432.0,8432.0,8432.0,
7945.0,7945.0,7945.0,7945.0,7945.0,7945.0,7945.0,7945.0,7945.0,7945.0,
8549.0,8549.0,8549.0,8549.0,8549.0,8549.0,8549.0,8549.0,8549.0,8549.0,
8350.0,8350.0,8350.0,8350.0,8350.0,8350.0,8350.0,8350.0,8350.0,8350.0,
7683.0,7683.0,7683.0,7683.0,7683.0,7683.0,7683.0,7683.0,7683.0,7683.0,
7882.0,7882.0,7882.0,7882.0,7882.0,7882.0,7882.0,7882.0,7882.0,7882.0,
8887.0,8887.0,8887.0,8887.0,8887.0,8887.0,8887.0,8887.0,8887.0,8887.0,
8619.0,8619.0,8619.0,8619.0,8619.0,8619.0,8619.0,8619.0,8619.0,8619.0,
7461.0,7461.0,7461.0,7461.0,7461.0,7461.0,7461.0,7461.0,7461.0,7461.0,
8330.0,8330.0,8330.0,8330.0,8330.0,8330.0,8330.0,8330.0,8330.0,8330.0,
7327.0,7327.0,7327.0,7327.0,7327.0,7327.0,7327.0,7327.0,7327.0,7327.0,
7706.0,7706.0,7706.0,7706.0,7706.0,7706.0,7706.0,7706.0,7706.0,7706.0,
7117.0,7117.0,7117.0,7117.0,7117.0,7117.0,7117.0,7117.0,7117.0,7117.0,
7424.0,7424.0,7424.0,7424.0,7424.0,7424.0,7424.0,7424.0,7424.0,7424.0,
8551.0,8551.0,8551.0,8551.0,8551.0,8551.0,8551.0,8551.0,8551.0,8551.0,
8095.0,8095.0,8095.0,8095.0,8095.0,8095.0,8095.0,8095.0,8095.0,8095.0,
7275.0,7275.0,7275.0,7275.0,7275.0,7275.0,7275.0,7275.0,7275.0,7275.0,
8302.0,8302.0,8302.0,8302.0,8302.0,8302.0,8302.0,8302.0,8302.0,8302.0,
8947.0,8947.0,8947.0,8947.0,8947.0,8947.0,8947.0,8947.0,8947.0,8947.0,
7721.0,7721.0,7721.0,7721.0,7721.0,7721.0,7721.0,7721.0,7721.0,7721.0,
9596.0,9596.0,9596.0,9596.0,9596.0,9596.0,9596.0,9596.0,9596.0,9596.0,
7865.0,7865.0,7865.0,7865.0,7865.0,7865.0,7865.0,7865.0,7865.0,7865.0,
7388.0,7388.0,7388.0,7388.0,7388.0,7388.0,7388.0,7388.0,7388.0,7388.0,
9090.0,9090.0,9090.0,9090.0,9090.0,9090.0,9090.0,9090.0,9090.0,9090.0,
8502.0,8502.0,8502.0,8502.0,8502.0,8502.0,8502.0,8502.0,8502.0,8502.0,
7470.0,7470.0,7470.0,7470.0,7470.0,7470.0,7470.0,7470.0,7470.0,7470.0,
7986.0,7986.0,7986.0,7986.0,7986.0,7986.0,7986.0,7986.0,7986.0,7986.0,
8366.0,8366.0,8366.0,8366.0,8366.0,8366.0,8366.0,8366.0,8366.0,8366.0,
8548.0,8548.0,8548.0,8548.0,8548.0,8548.0,8548.0,8548.0,8548.0,8548.0,
8235.0,8235.0,8235.0,8235.0,8235.0,8235.0,8235.0,8235.0,8235.0,8235.0,
8298.0,8298.0,8298.0,8298.0,8298.0,8298.0,8298.0,8298.0,8298.0,8298.0,
7031.0,7031.0,7031.0,7031.0,7031.0,7031.0,7031.0,7031.0,7031.0,7031.0,
8195.0,8195.0,8195.0,8195.0,8195.0,8195.0,8195.0,8195.0,8195.0,8195.0,
7690.0,7690.0,7690.0,7690.0,7690.0,7690.0,7690.0,7690.0,7690.0,7690.0,
8690.0,8690.0,8690.0,8690.0,8690.0,8690.0,8690.0,8690.0,8690.0,8690.0,
7976.0,7976.0,7976.0,7976.0,7976.0,7976.0,7976.0,7976.0,7976.0,7976.0,
7817.0,7817.0,7817.0,7817.0,7817.0,7817.0,7817.0,7817.0,7817.0,7817.0,
7776.0,7776.0,7776.0,7776.0,7776.0,7776.0,7776.0,7776.0,7776.0,7776.0,
7172.0,7172.0,7172.0,7172.0,7172.0,7172.0,7172.0,7172.0,7172.0,7172.0,
8719.0,8719.0,8719.0,8719.0,8719.0,8719.0,8719.0,8719.0,8719.0,8719.0,
7728.0,7728.0,7728.0,7728.0,7728.0,7728.0,7728.0,7728.0,7728.0,7728.0,
7294.0,7294.0,7294.0,7294.0,7294.0,7294.0,7294.0,7294.0,7294.0,7294.0,
8399.0,8399.0,8399.0,8399.0,8399.0,8399.0,8399.0,8399.0,8399.0,8399.0,
8915.0,8915.0,8915.0,8915.0,8915.0,8915.0,8915.0,8915.0,8915.0,8915.0,
7499.0,7499.0,7499.0,7499.0,7499.0,7499.0,7499.0,7499.0,7499.0,7499.0,
7771.0,7771.0,7771.0,7771.0,7771.0,7771.0,7771.0,7771.0,7771.0,7771.0,
9104.0,9104.0,9104.0,9104.0,9104.0,9104.0,9104.0,9104.0,9104.0,9104.0,
7524.0,7524.0,7524.0,7524.0,7524.0,7524.0,7524.0,7524.0,7524.0,7524.0,
7508.0,7508.0,7508.0,7508.0,7508.0,7508.0,7508.0,7508.0,7508.0,7508.0,
7502.0,7502.0,7502.0,7502.0,7502.0,7502.0,7502.0,7502.0,7502.0,7502.0,
7893.0,7893.0,7893.0,7893.0,7893.0,7893.0,7893.0,7893.0,7893.0,7893.0,
9473.0,9473.0,9473.0,9473.0,9473.0,9473.0,9473.0,9473.0,9473.0,9473.0,
8189.0,8189.0,8189.0,8189.0,8189.0,8189.0,8189.0,8189.0,8189.0,8189.0,
9028.0,9028.0,9028.0,9028.0,9028.0,9028.0,9028.0,9028.0,9028.0,9028.0,
8065.0,8065.0,8065.0,8065.0,8065.0,8065.0,8065.0,8065.0,8065.0,8065.0,
7768.0,7768.0,7768.0,7768.0,7768.0,7768.0,7768.0,7768.0,7768.0,7768.0,
7408.0,7408.0,7408.0,7408.0,7408.0,7408.0,7408.0,7408.0,7408.0,7408.0,
7462.0,7462.0,7462.0,7462.0,7462.0,7462.0,7462.0,7462.0,7462.0,7462.0,
8405.0,8405.0,8405.0,8405.0,8405.0,8405.0,8405.0,8405.0,8405.0,8405.0,
8882.0,8882.0,8882.0,8882.0,8882.0,8882.0,8882.0,8882.0,8882.0,8882.0,
7677.0,7677.0,7677.0,7677.0,7677.0,7677.0,7677.0,7677.0,7677.0,7677.0,
7278.0,7278.0,7278.0,7278.0,7278.0,7278.0,7278.0,7278.0,7278.0,7278.0,
7983.0,7983.0,7983.0,7983.0,7983.0,7983.0,7983.0,7983.0,7983.0,7983.0,
7500.0,7500.0,7500.0,7500.0,7500.0,7500.0,7500.0,7500.0,7500.0,7500.0,
6824.0,6824.0,6824.0,6824.0,6824.0,6824.0,6824.0,6824.0,6824.0,6824.0,
11649.0,11649.0,11649.0,11649.0,11649.0,11649.0,11649.0,11649.0,11649.0,11649.0,
7793.0,7793.0,7793.0,7793.0,7793.0,7793.0,7793.0,7793.0,7793.0,7793.0,
8262.0,8262.0,8262.0,8262.0,8262.0,8262.0,8262.0,8262.0,8262.0,8262.0,
7144.0,7144.0,7144.0,7144.0,7144.0,7144.0,7144.0,7144.0,7144.0,7144.0,
7277.0,7277.0,7277.0,7277.0,7277.0,7277.0,7277.0,7277.0,7277.0,7277.0,
7404.0,7404.0,7404.0,7404.0,7404.0,7404.0,7404.0,7404.0,7404.0,7404.0,
8223.0,8223.0,8223.0,8223.0,8223.0,8223.0,8223.0,8223.0,8223.0,8223.0,
9831.0,9831.0,9831.0,9831.0,9831.0,9831.0,9831.0,9831.0,9831.0,9831.0,
7381.0,7381.0,7381.0,7381.0,7381.0,7381.0,7381.0,7381.0,7381.0,7381.0,
8542.0,8542.0,8542.0,8542.0,8542.0,8542.0,8542.0,8542.0,8542.0,8542.0,
7230.0,7230.0,7230.0,7230.0,7230.0,7230.0,7230.0,7230.0,7230.0,7230.0,
8384.0,8384.0,8384.0,8384.0,8384.0,8384.0,8384.0,8384.0,8384.0,8384.0,

7763.0,8354.0,8724.0,8707.0,8200.0,8095.0,8661.0,9100.0,8724.0,8707.0,
7224.0,7108.0,7827.0,7310.0,7108.0,7827.0,7310.0,7108.0,7827.0,7310.0,
7214.0,7726.0,7726.0,7726.0,7726.0,7726.0,7726.0,7726.0,7726.0,7726.0,
8823.0,9298.0,9448.0,9145.0,8661.0,9145.0,8661.0,9145.0,8661.0,9145.0,
7110.0,7178.0,7746.0,7469.0,7141.0,7846.0,7414.0,7469.0,7141.0,7846.0,
6820.0,7382.0,7394.0,7394.0,7394.0,7394.0,7394.0,7394.0,7394.0,7394.0,
7126.0,7343.0,8180.0,7115.0,7446.0,8209.0,7202.0,7262.0,7469.0,8103.0,
7634.0,7183.0,7553.0,7048.0,7354.0,7048.0,7354.0,7048.0,7354.0,7048.0,
7874.0,8142.0,8006.0,8279.0,8165.0,8135.0,7382.0,7382.0,7382.0,7382.0,
8457.0,9346.0,8814.0,8972.0,9021.0,9756.0,9720.0,8644.0,9409.0,9419.0,
9196.0,8981.0,9301.0,7996.0,8583.0,7372.0,7400.0,8245.0,7372.0,7400.0,
7794.0,8951.0,8393.0,8536.0,8474.0,8208.0,8353.0,8552.0,8522.0,8433.0,
7452.0,7914.0,7847.0,7799.0,8279.0,8841.0,9066.0,8649.0,8330.0,7913.0,
9286.0,11056.0,11321.0,10394.0,9621.0,10406.0,9859.0,9532.0,11439.0,10279.0,
7251.0,8811.0,8052.0,7516.0,7533.0,7463.0,8804.0,8052.0,7516.0,7533.0,
6923.0,7441.0,7769.0,7442.0,7220.0,7328.0,7284.0,8041.0,7420.0,7199.0,
10080.0,9696.0,8820.0,8769.0,11565.0,9793.0,8913.0,8913.0,8913.0,8913.0,
8883.0,8416.0,9736.0,9534.0,8612.0,8873.0,9235.0,9156.0,9709.0,9262.0,
8711.0,8021.0,8365.0,7948.0,8183.0,8168.0,8183.0,8168.0,8183.0,8168.0,
10195.0,10183.0,10673.0,9067.0,10673.0,9067.0,10673.0,9067.0,10673.0,9067.0,
7588.0,8220.0,8372.0,8175.0,8372.0,8175.0,8372.0,8175.0,8372.0,8175.0,
10494.0,10978.0,9059.0,9629.0,9430.0,9870.0,9722.0,9634.0,8943.0,9634.0,
7550.0,9146.0,9181.0,9323.0,10459.0,10244.0,10338.0,9072.0,9107.0,9101.0,
10317.0,10091.0,10091.0,10091.0,10091.0,10091.0,10091.0,10091.0,10091.0,10091.0,
7086.0,7856.0,7204.0,7706.0,7317.0,7562.0,7317.0,7562.0,7317.0,7562.0,
7558.0,8187.0,8367.0,8407.0,7890.0,8138.0,8124.0,8407.0,7890.0,8138.0,
7416.0,8708.0,9045.0,7917.0,8158.0,8836.0,9424.0,7917.0,8158.0,8836.0,
8717.0,7884.0,7278.0,9594.0,7522.0,9270.0,7411.0,7158.0,7462.0,8158.0,
7639.0,7920.0,7859.0,8730.0,7822.0,7749.0,8295.0,7307.0,7587.0,7809.0,
11598.0,9078.0,9936.0,9312.0,9936.0,9312.0,9936.0,9312.0,9936.0,9312.0,
10784.0,14996.0,14635.0,12466.0,14976.0,14635.0,12466.0,14976.0,14635.0,12466.0,
7797.0,8320.0,9112.0,8499.0,8278.0,8278.0,8278.0,8278.0,8278.0,8278.0,
7294.0,9810.0,8963.0,8947.0,10319.0,8302.0,7868.0,9752.0,7867.0,9752.0,
7351.0,8078.0,7432.0,8078.0,7432.0,8078.0,7432.0,8078.0,7432.0,8078.0,
9216.0,10338.0,9701.0,9701.0,9701.0,9701.0,9701.0,9701.0,9701.0,9701.0,
6817.0,6903.0,7159.0,6860.0,7159.0,6860.0,7159.0,6860.0,7159.0,6860.0,
7531.0,8028.0,8051.0,8038.0,8796.0,7555.0,8018.0,8698.0,7597.0,7801.0,
8367.0,7756.0,7764.0,8577.0,7764.0,8577.0,7764.0,8577.0,7764.0,8577.0,
8895.0,8040.0,7873.0,8251.0,7807.0,9846.0,8300.0,7812.0,8659.0,8291.0,
7345.0,8602.0,7892.0,7463.0,8378.0,7387.0,8256.0,7816.0,7715.0,7184.0,
7061.0,8082.0,7471.0,8678.0,7735.0,7277.0,7887.0,7692.0,7893.0,7588.0,
8252.0,8611.0,8419.0,8633.0,8825.0,8419.0,8633.0,8825.0,8419.0,8633.0,
8204.0,8005.0,7502.0,8095.0,7955.0,8217.0,8217.0,8217.0,8217.0,8217.0,
8572.0,11004.0,11060.0,10771.0,11958.0,8874.0,8402.0,10500.0,11377.0,10428.0,
10346.0,13332.0,9007.0,9007.0,9007.0,9007.0,9007.0,9007.0,9007.0,9007.0,
8843.0,8258.0,8432.0,7868.0,8680.0,7868.0,8680.0,7868.0,8680.0,7868.0,
9678.0,8843.0,8449.0,8969.0,8318.0,8173.0,8173.0,8173.0,8173.0,8173.0,
8001.0,8062.0,7906.0,7688.0,7879.0,7688.0,7879.0,7688.0,7879.0,7688.0,
7001.0,7306.0,7306.0,7306.0,7306.0,7306.0,7306.0,7306.0,7306.0,7306.0,
8159.0,9788.0,10327.0,8843.0,9358.0,9358.0,9358.0,9358.0,9358.0,9358.0,
9480.0,11151.0,8826.0,9977.0,11151.0,8826.0,9977.0,11151.0,8826.0,9977.0,
7776.0,7437.0,7251.0,7976.0,7483.0,8810.0,7437.0,7251.0,7976.0,7483.0,
8417.0,7501.0,7942.0,7554.0,7579.0,7681.0,7690.0,8023.0,8158.0,7863.0,
10363.0,9049.0,9414.0,9048.0,9414.0,9048.0,9414.0,9048.0,9414.0,9048.0,
7150.0,7334.0,6930.0,6935.0,7100.0,6961.0,6924.0,6924.0,6924.0,6924.0,
8045.0,7924.0,7758.0,7924.0,7758.0,7924.0,7758.0,7924.0,7758.0,7924.0,
10791.0,11142.0,10847.0,9598.0,10947.0,11207.0,10985.0,11318.0,9930.0,9930.0,
7015.0,8167.0,7897.0,8102.0,9867.0,8552.0,10729.0,10123.0,9479.0,9213.0,
8966.0,9731.0,10100.0,10494.0,10442.0,10494.0,10442.0,10494.0,10442.0,10494.0,
7542.0,8516.0,8945.0,9078.0,8276.0,8945.0,9078.0,8276.0,8945.0,9078.0,
7632.0,7753.0,7258.0,7510.0,7664.0,7258.0,7510.0,7664.0,7258.0,7510.0,
7749.0,8471.0,7159.0,7423.0,7091.0,7091.0,7091.0,7091.0,7091.0,7091.0,
7836.0,7545.0,7827.0,8294.0,7757.0,7594.0,8933.0,8671.0,9014.0,7569.0,
7798.0,7922.0,8592.0,7435.0,8673.0,7786.0,8054.0,7634.0,8329.0,7762.0,
7095.0,7934.0,7495.0,7146.0,7413.0,7837.0,7677.0,7507.0,7565.0,7775.0,
7379.0,7257.0,7148.0,7246.0,7024.0,7024.0,7024.0,7024.0,7024.0,7024.0,
11197.0,15598.0,11985.0,10105.0,10891.0,13377.0,11097.0,10891.0,13377.0,11097.0,
7136.0,8383.0,7966.0,7411.0,8679.0,7368.0,8259.0,7960.0,8184.0,7960.0,
11069.0,13706.0,10879.0,11162.0,11068.0,11162.0,11068.0,11162.0,11068.0,11162.0,
8506.0,8809.0,8352.0,8427.0,8636.0,8352.0,8427.0,8636.0,8352.0,8427.0,
9200.0,8674.0,7674.0,7792.0,8982.0,9315.0,7814.0,7886.0,7792.0,8982.0,
8108.0,8493.0,7950.0,8156.0,9740.0,9740.0,9740.0,9740.0,9740.0,9740.0,
8060.0,7778.0,8236.0,8282.0,8577.0,7826.0,7280.0,7645.0,7665.0,7989.0,
7165.0,8036.0,7401.0,7646.0,7482.0,8035.0,7401.0,7646.0,7482.0,8035.0,
7997.0,10427.0,8383.0,10427.0,8383.0,10427.0,8383.0,10427.0,8383.0,10427.0,
7021.0,7746.0,7282.0,6921.0,7297.0,7108.0,6889.0,7264.0,6973.0,7442.0,
7762.0,9026.0,7798.0,8044.0,7573.0,8014.0,8024.0,7824.0,7756.0,7412.0,
7658.0,7814.0,8016.0,7288.0,7599.0,7749.0,7749.0,7749.0,7749.0,7749.0,
6879.0,7450.0,7164.0,7121.0,6941.0,7121.0,6941.0,7121.0,6941.0,7121.0,
7088.0,7459.0,7047.0,6844.0,7180.0,7369.0,7174.0,7063.0,7240.0,7459.0,
7648.0,7335.0,7211.0,7195.0,7209.0,7248.0,6994.0,7391.0,7034.0,7466.0,
7942.0,9598.0,10016.0,10984.0,11220.0,11570.0,11596.0,11347.0,9748.0,9801.0,
9080.0,10656.0,10656.0,10656.0,10656.0,10656.0,10656.0,10656.0,10656.0,10656.0,
7981.0,8614.0,7425.0,7957.0,8842.0,8157.0,7425.0,7957.0,8842.0,8157.0,
7989.0,8593.0,8593.0,8593.0,8593.0,8593.0,8593.0,8593.0,8593.0,8593.0,
8591.0,7784.0,7984.0,8072.0,7603.0,7677.0,7984.0,8072.0,7603.0,7677.0,
9543.0,9125.0,8499.0,9221.0,9594.0,9594.0,9594.0,9594.0,9594.0,9594.0,
7682.0,7787.0,7443.0,7566.0,7604.0,7534.0,7604.0,7534.0,7604.0,7534.0,
8617.0,8809.0,11923.0,9397.0,9573.0,8706.0,12063.0,9397.0,8738.0,10624.0,
8610.0,9163.0,9163.0,9163.0,9163.0,9163.0,9163.0,9163.0,9163.0,9163.0,
9726.0,11943.0,9798.0,8394.0,9753.0,9978.0,8344.0,8394.0,8344.0,8394.0,
7127.0,7468.0,7431.0,7431.0,7431.0,7431.0,7431.0,7431.0,7431.0,7431.0,
6969.0,7359.0,7351.0,7470.0,7506.0,7703.0,7351.0,7470.0,7506.0,7703.0,
7541.0,7786.0,7605.0,7464.0,7235.0,7339.0,7571.0,7663.0,7697.0,7427.0,
11079.0,12516.0,11067.0,12300.0,13038.0,14131.0,10640.0,12043.0,12043.0,12043.0,
8265.0,10440.0,10930.0,10930.0,10930.0,10930.0,10930.0,10930.0,10930.0,10930.0,
7041.0,8033.0,7497.0,7620.0,8016.0,7497.0,7620.0,8016.0,7497.0,7620.0,
7922.0,8721.0,7611.0,7611.0,7611.0,7611.0,7611.0,7611.0,7611.0,7611.0,
7466.0,7409.0,7472.0,7705.0,7705.0,7705.0,7705.0,7705.0,7705.0,7705.0,
7445.0,8235.0,8156.0,8098.0,7524.0,8098.0,7524.0,8098.0,7524.0,8098.0,


