0.072,0.072,0.072,0.072,0.072,0.072,0.072,0.072,0.072,0.072,
0.033,0.033,0.033,0.033,0.033,0.033,0.033,0.033,0.033,0.033,
0.056,0.056,0.056,0.056,0.056,0.056,0.056,0.056,0.056,0.056,
-0.026,-0.026,-0.026,-0.026,-0.026,-0.026,-0.026,-0.026,-0.026,-0.026,
0.012,0.012,0.012,0.012,0.012,0.012,0.012,0.012,0.012,0.012,
-0.022,-0.022,-0.022,-0.022,-0.022,-0.022,-0.022,-0.022,-0.022,-0.022,
-0.012,-0.012,-0.012,-0.012,-0.012,-0.012,-0.012,-0.012,-0.012,-0.012,
0.001,0.001,0.001,0.001,0.001,0.001,0.001,0.001,0.001,0.001,
0.011,0.011,0.011,0.011,0.011,0.011,0.011,0.011,0.011,0.011,
0.031,0.031,0.031,0.031,0.031,0.031,0.031,0.031,0.031,0.031,
-0.013,-0.013,-0.013,-0.013,-0.013,-0.013,-0.013,-0.013,-0.013,-0.013,
0.012,0.012,0.012,0.012,0.012,0.012,0.012,0.012,0.012,0.012,
0.021,0.021,0.021,0.021,0.021,0.021,0.021,0.021,0.021,0.021,
-0.05,-0.05,-0.05,-0.05,-0.05,-0.05,-0.05,-0.05,-0.05,-0.05,
-0.006,-0.006,-0.006,-0.006,-0.006,-0.006,-0.006,-0.006,-0.006,-0.006,
-0.001,-0.001,-0.001,-0.001,-0.001,-0.001,-0.001,-0.001,-0.001,-0.001,
0.121,0.121,0.121,0.121,0.121,0.121,0.121,0.121,0.121,0.121,
0.045,0.045,0.045,0.045,0.045,0.045,0.045,0.045,0.045,0.045,
0.012,0.012,0.012,0.012,0.012,0.012,0.012,0.012,0.012,0.012,
0.087,0.087,0.087,0.087,0.087,0.087,0.087,0.087,0.087,0.087,
0.045,0.045,0.045,0.045,0.045,0.045,0.045,0.045,0.045,0.045,
0.007,0.007,0.007,0.007,0.007,0.007,0.007,0.007,0.007,0.007,
0.007,0.007,0.007,0.007,0.007,0.007,0.007,0.007,0.007,0.007,
0.02,0.02,0.02,0.02,0.02,0.02,0.02,0.02,0.02,0.02,
-0.005,-0.005,-0.005,-0.005,-0.005,-0.005,-0.005,-0.005,-0.005,-0.005,
0.022,0.022,0.022,0.022,0.022,0.022,0.022,0.022,0.022,0.022,
-0.005,-0.005,-0.005,-0.005,-0.005,-0.005,-0.005,-0.005,-0.005,-0.005,
0.031,0.031,0.031,0.031,0.031,0.031,0.031,0.031,0.031,0.031,
0.017,0.017,0.017,0.017,0.017,0.017,0.017,0.017,0.017,0.017,
-0.003,-0.003,-0.003,-0.003,-0.003,-0.003,-0.003,-0.003,-0.003,-0.003,
0.003,0.003,0.003,0.003,0.003,0.003,0.003,0.003,0.003,0.003,
0.013,0.013,0.013,0.013,0.013,0.013,0.013,0.013,0.013,0.013,
0.005,0.005,0.005,0.005,0.005,0.005,0.005,0.005,0.005,0.005,
-0.019,-0.019,-0.019,-0.019,-0.019,-0.019,-0.019,-0.019,-0.019,-0.019,
0.039,0.039,0.039,0.039,0.039,0.039,0.039,0.039,0.039,0.039,
0.026,0.026,0.026,0.026,0.026,0.026,0.026,0.026,0.026,0.026,
-0.009,-0.009,-0.009,-0.009,-0.009,-0.009,-0.009,-0.009,-0.009,-0.009,
0.022,0.022,0.022,0.022,0.022,0.022,0.022,0.022,0.022,0.022,
0.055,0.055,0.055,0.055,0.055,0.055,0.055,0.055,0.055,0.055,
0.039,0.039,0.039,0.039,0.039,0.039,0.039,0.039,0.039,0.039,
0.018,0.018,0.018,0.018,0.018,0.018,0.018,0.018,0.018,0.018,
0.025,0.025,0.025,0.025,0.025,0.025,0.025,0.025,0.025,0.025,
0.022,0.022,0.022,0.022,0.022,0.022,0.022,0.022,0.022,0.022,
0.051,0.051,0.051,0.051,0.051,0.051,0.051,0.051,0.051,0.051,
0.016,0.016,0.016,0.016,0.016,0.016,0.016,0.016,0.016,0.016,
0.038,0.038,0.038,0.038,0.038,0.038,0.038,0.038,0.038,0.038,
0.069,0.069,0.069,0.069,0.069,0.069,0.069,0.069,0.069,0.069,
-0.02,-0.02,-0.02,-0.02,-0.02,-0.02,-0.02,-0.02,-0.02,-0.02,
-0.014,-0.014,-0.014,-0.014,-0.014,-0.014,-0.014,-0.014,-0.014,-0.014,
0.039,0.039,0.039,0.039,0.039,0.039,0.039,0.039,0.039,0.039,
0.001,0.001,0.001,0.001,0.001,0.001,0.001,0.001,0.001,0.001,
0.033,0.033,0.033,0.033,0.033,0.033,0.033,0.033,0.033,0.033,
-0.005,-0.005,-0.005,-0.005,-0.005,-0.005,-0.005,-0.005,-0.005,-0.005,
0.0,0.0,0.0,0.0,0.0,0.0,0.0,0.0,0.0,0.0,
0.006,0.006,0.006,0.006,0.006,0.006,0.006,0.006,0.006,0.006,
0.01,0.01,0.01,0.01,0.01,0.01,0.01,0.01,0.01,0.01,
0.015,0.015,0.015,0.015,0.015,0.015,0.015,0.015,0.015,0.015,
0.015,0.015,0.015,0.015,0.015,0.015,0.015,0.015,0.015,0.015,
0.021,0.021,0.021,0.021,0.021,0.021,0.021,0.021,0.021,0.021,
0.001,0.001,0.001,0.001,0.001,0.001,0.001,0.001,0.001,0.001,
-0.022,-0.022,-0.022,-0.022,-0.022,-0.022,-0.022,-0.022,-0.022,-0.022,
0.0,0.0,0.0,0.0,0.0,0.0,0.0,0.0,0.0,0.0,
0.017,0.017,0.017,0.017,0.017,0.017,0.017,0.017,0.017,0.017,
-0.004,-0.004,-0.004,-0.004,-0.004,-0.004,-0.004,-0.004,-0.004,-0.004,
-0.003,-0.003,-0.003,-0.003,-0.003,-0.003,-0.003,-0.003,-0.003,-0.003,
-0.016,-0.016,-0.016,-0.016,-0.016,-0.016,-0.016,-0.016,-0.016,-0.016,
0.022,0.022,0.022,0.022,0.022,0.022,0.022,0.022,0.022,0.022,
-0.016,-0.016,-0.016,-0.016,-0.016,-0.016,-0.016,-0.016,-0.016,-0.016,
0.03,0.03,0.03,0.03,0.03,0.03,0.03,0.03,0.03,0.03,
0.034,0.034,0.034,0.034,0.034,0.034,0.034,0.034,0.034,0.034,
0.019,0.019,0.019,0.019,0.019,0.019,0.019,0.019,0.019,0.019,
0.016,0.016,0.016,0.016,0.016,0.016,0.016,0.016,0.016,0.016,
-0.014,-0.014,-0.014,-0.014,-0.014,-0.014,-0.014,-0.014,-0.014,-0.014,
0.044,0.044,0.044,0.044,0.044,0.044,0.044,0.044,0.044,0.044,
0.029,0.029,0.029,0.029,0.029,0.029,0.029,0.029,0.029,0.029,
0.025,0.025,0.025,0.025,0.025,0.025,0.025,0.025,0.025,0.025,
0.023,0.023,0.023,0.023,0.023,0.023,0.023,0.023,0.023,0.023,
-0.014,-0.014,-0.014,-0.014,-0.014,-0.014,-0.014,-0.014,-0.014,-0.014,
-0.006,-0.006,-0.006,-0.006,-0.006,-0.006,-0.006,-0.006,-0.006,-0.006,
-0.012,-0.012,-0.012,-0.012,-0.012,-0.012,-0.012,-0.012,-0.012,-0.012,
0.032,0.032,0.032,0.032,0.032,0.032,0.032,0.032,0.032,0.032,
0.018,0.018,0.018,0.018,0.018,0.018,0.018,0.018,0.018,0.018,
-0.034,-0.034,-0.034,-0.034,-0.034,-0.034,-0.034,-0.034,-0.034,-0.034,
-0.006,-0.006,-0.006,-0.006,-0.006,-0.006,-0.006,-0.006,-0.006,-0.006,
0.016,0.016,0.016,0.016,0.016,0.016,0.016,0.016,0.016,0.016,
0.034,0.034,0.034,0.034,0.034,0.034,0.034,0.034,0.034,0.034,
0.058,0.058,0.058,0.058,0.058,0.058,0.058,0.058,0.058,0.058,
0.005,0.005,0.005,0.005,0.005,0.005,0.005,0.005,0.005,0.005,
0.02,0.02,0.02,0.02,0.02,0.02,0.02,0.02,0.02,0.02,
0.047,0.047,0.047,0.047,0.047,0.047,0.047,0.047,0.047,0.047,
0.025,0.025,0.025,0.025,0.025,0.025,0.025,0.025,0.025,0.025,
0.049,0.049,0.049,0.049,0.049,0.049,0.049,0.049,0.049,0.049,
0.024,0.024,0.024,0.024,0.024,0.024,0.024,0.024,0.024,0.024,
0.048,0.048,0.048,0.048,0.048,0.048,0.048,0.048,0.048,0.048,
0.053,0.053,0.053,0.053,0.053,0.053,0.053,0.053,0.053,0.053,
0.031,0.031,0.031,0.031,0.031,0.031,0.031,0.031,0.031,0.031,
0.02,0.02,0.02,0.02,0.02,0.02,0.02,0.02,0.02,0.02,
0.045,0.045,0.045,0.045,0.045,0.045,0.045,0.045,0.045,0.045,
-0.003,-0.003,-0.003,-0.003,-0.003,-0.003,-0.003,-0.003,-0.003,-0.003,
0.035,0.035,0.035,0.035,0.035,0.035,0.035,0.035,0.035,0.035,

-0.031,-0.031,-0.031,-0.031,-0.031,-0.031,-0.031,-0.031,-0.031,-0.031,
-0.02,-0.02,-0.02,-0.02,-0.02,-0.02,-0.02,-0.02,-0.02,-0.02,
-0.014,-0.014,-0.014,-0.014,-0.014,-0.014,-0.014,-0.014,-0.014,-0.014,
0.046,0.046,0.046,0.046,0.046,0.046,0.046,0.046,0.046,0.046,
0.031,0.031,0.031,0.031,0.031,0.031,0.031,0.031,0.031,0.031,
0.03,0.03,0.03,0.03,0.03,0.03,0.03,0.03,0.03,0.03,
0.003,0.003,0.003,0.003,0.003,0.003,0.003,0.003,0.003,0.003,
-0.012,-0.012,-0.012,-0.012,-0.012,-0.012,-0.012,-0.012,-0.012,-0.012,
0.04,0.04,0.04,0.04,0.04,0.04,0.04,0.04,0.04,0.04,
0.001,0.001,0.001,0.001,0.001,0.001,0.001,0.001,0.001,0.001,
0.013,0.013,0.013,0.013,0.013,0.013,0.013,0.013,0.013,0.013,
-0.035,-0.035,-0.035,-0.035,-0.035,-0.035,-0.035,-0.035,-0.035,-0.035,
-0.008,-0.008,-0.008,-0.008,-0.008,-0.008,-0.008,-0.008,-0.008,-0.008,
0.071,0.071,0.071,0.071,0.071,0.071,0.071,0.071,0.071,0.071,
-0.003,-0.003,-0.003,-0.003,-0.003,-0.003,-0.003,-0.003,-0.003,-0.003,
0.016,0.016,0.016,0.016,0.016,0.016,0.016,0.016,0.016,0.016,
0.018,0.018,0.018,0.018,0.018,0.018,0.018,0.018,0.018,0.018,
0.015,0.015,0.015,0.015,0.015,0.015,0.015,0.015,0.015,0.015,
-0.03,-0.03,-0.03,-0.03,-0.03,-0.03,-0.03,-0.03,-0.03,-0.03,
-0.041,-0.041,-0.041,-0.041,-0.041,-0.041,-0.041,-0.041,-0.041,-0.041,
0.007,0.007,0.007,0.007,0.007,0.007,0.007,0.007,0.007,0.007,
-0.003,-0.003,-0.003,-0.003,-0.003,-0.003,-0.003,-0.003,-0.003,-0.003,
0.0,0.0,0.0,0.0,0.0,0.0,0.0,0.0,0.0,0.0,
-0.026,-0.026,-0.026,-0.026,-0.026,-0.026,-0.026,-0.026,-0.026,-0.026,
-0.002,-0.002,-0.002,-0.002,-0.002,-0.002,-0.002,-0.002,-0.002,-0.002,
-0.006,-0.006,-0.006,-0.006,-0.006,-0.006,-0.006,-0.006,-0.006,-0.006,
-0.019,-0.019,-0.019,-0.019,-0.019,-0.019,-0.019,-0.019,-0.019,-0.019,
0.016,0.016,0.016,0.016,0.016,0.016,0.016,0.016,0.016,0.016,
0.001,0.001,0.001,0.001,0.001,0.001,0.001,0.001,0.001,0.001,
-0.003,-0.003,-0.003,-0.003,-0.003,-0.003,-0.003,-0.003,-0.003,-0.003,
-0.053,-0.053,-0.053,-0.053,-0.053,-0.053,-0.053,-0.053,-0.053,-0.053,
-0.007,-0.007,-0.007,-0.007,-0.007,-0.007,-0.007,-0.007,-0.007,-0.007,
-0.043,-0.043,-0.043,-0.043,-0.043,-0.043,-0.043,-0.043,-0.043,-0.043,
0.019,0.019,0.019,0.019,0.019,0.019,0.019,0.019,0.019,0.019,
-0.019,-0.019,-0.019,-0.019,-0.019,-0.019,-0.019,-0.019,-0.019,-0.019,
0.037,0.037,0.037,0.037,0.037,0.037,0.037,0.037,0.037,0.037,
0.014,0.014,0.014,0.014,0.014,0.014,0.014,0.014,0.014,0.014,
-0.022,-0.022,-0.022,-0.022,-0.022,-0.022,-0.022,-0.022,-0.022,-0.022,
0.006,0.006,0.006,0.006,0.006,0.006,0.006,0.006,0.006,0.006,
-0.019,-0.019,-0.019,-0.019,-0.019,-0.019,-0.019,-0.019,-0.019,-0.019,
0.002,0.002,0.002,0.002,0.002,0.002,0.002,0.002,0.002,0.002,
-0.011,-0.011,-0.011,-0.011,-0.011,-0.011,-0.011,-0.011,-0.011,-0.011,
0.008,0.008,0.008,0.008,0.008,0.008,0.008,0.008,0.008,0.008,
-0.016,-0.016,-0.016,-0.016,-0.016,-0.016,-0.016,-0.016,-0.016,-0.016,
-0.013,-0.013,-0.013,-0.013,-0.013,-0.013,-0.013,-0.013,-0.013,-0.013,
-0.043,-0.043,-0.043,-0.043,-0.043,-0.043,-0.043,-0.043,-0.043,-0.043,
-0.044,-0.044,-0.044,-0.044,-0.044,-0.044,-0.044,-0.044,-0.044,-0.044,
0.032,0.032,0.032,0.032,0.032,0.032,0.032,0.032,0.032,0.032,
0.003,0.003,0.003,0.003,0.003,0.003,0.003,0.003,0.003,0.003,
-0.02,-0.02,-0.02,-0.02,-0.02,-0.02,-0.02,-0.02,-0.02,-0.02,
0.03,0.03,0.03,0.03,0.03,0.03,0.03,0.03,0.03,0.03,
-0.034,-0.034,-0.034,-0.034,-0.034,-0.034,-0.034,-0.034,-0.034,-0.034,
-0.015,-0.015,-0.015,-0.015,-0.015,-0.015,-0.015,-0.015,-0.015,-0.015,
0.007,0.007,0.007,0.007,0.007,0.007,0.007,0.007,0.007,0.007,
-0.014,-0.014,-0.014,-0.014,-0.014,-0.014,-0.014,-0.014,-0.014,-0.014,
0.006,0.006,0.006,0.006,0.006,0.006,0.006,0.006,0.006,0.006,
-0.036,-0.036,-0.036,-0.036,-0.036,-0.036,-0.036,-0.036,-0.036,-0.036,
-0.025,-0.025,-0.025,-0.025,-0.025,-0.025,-0.025,-0.025,-0.025,-0.025,
-0.006,-0.006,-0.006,-0.006,-0.006,-0.006,-0.006,-0.006,-0.006,-0.006,
0.01,0.01,0.01,0.01,0.01,0.01,0.01,0.01,0.01,0.01,
0.065,0.065,0.065,0.065,0.065,0.065,0.065,0.065,0.065,0.065,
0.001,0.001,0.001,0.001,0.001,0.001,0.001,0.001,0.001,0.001,
-0.023,-0.023,-0.023,-0.023,-0.023,-0.023,-0.023,-0.023,-0.023,-0.023,
0.057,0.057,0.057,0.057,0.057,0.057,0.057,0.057,0.057,0.057,
-0.003,-0.003,-0.003,-0.003,-0.003,-0.003,-0.003,-0.003,-0.003,-0.003,
0.014,0.014,0.014,0.014,0.014,0.014,0.014,0.014,0.014,0.014,
-0.021,-0.021,-0.021,-0.021,-0.021,-0.021,-0.021,-0.021,-0.021,-0.021,
0.023,0.023,0.023,0.023,0.023,0.023,0.023,0.023,0.023,0.023,
-0.015,-0.015,-0.015,-0.015,-0.015,-0.015,-0.015,-0.015,-0.015,-0.015,
-0.019,-0.019,-0.019,-0.019,-0.019,-0.019,-0.019,-0.019,-0.019,-0.019,
0.014,0.014,0.014,0.014,0.014,0.014,0.014,0.014,0.014,0.014,
-0.018,-0.018,-0.018,-0.018,-0.018,-0.018,-0.018,-0.018,-0.018,-0.018,
0.023,0.023,0.023,0.023,0.023,0.023,0.023,0.023,0.023,0.023,
-0.013,-0.013,-0.013,-0.013,-0.013,-0.013,-0.013,-0.013,-0.013,-0.013,
0.016,0.016,0.016,0.016,0.016,0.016,0.016,0.016,0.016,0.016,
-0.04,-0.04,-0.04,-0.04,-0.04,-0.04,-0.04,-0.04,-0.04,-0.04,
-0.001,-0.001,-0.001,-0.001,-0.001,-0.001,-0.001,-0.001,-0.001,-0.001,
0.032,0.032,0.032,0.032,0.032,0.032,0.032,0.032,0.032,0.032,
-0.011,-0.011,-0.011,-0.011,-0.011,-0.011,-0.011,-0.011,-0.011,-0.011,
0.083,0.083,0.083,0.083,0.083,0.083,0.083,0.083,0.083,0.083,
-0.028,-0.028,-0.028,-0.028,-0.028,-0.028,-0.028,-0.028,-0.028,-0.028,
0.005,0.005,0.005,0.005,0.005,0.005,0.005,0.005,0.005,0.005,
0.03,0.03,0.03,0.03,0.03,0.03,0.03,0.03,0.03,0.03,
0.017,0.017,0.017,0.017,0.017,0.017,0.017,0.017,0.017,0.017,
-0.024,-0.024,-0.024,-0.024,-0.024,-0.024,-0.024,-0.024,-0.024,-0.024,
0.005,0.005,0.005,0.005,0.005,0.005,0.005,0.005,0.005,0.005,
-0.104,-0.104,-0.104,-0.104,-0.104,-0.104,-0.104,-0.104,-0.104,-0.104,
0.026,0.026,0.026,0.026,0.026,0.026,0.026,0.026,0.026,0.026,
0.063,0.063,0.063,0.063,0.063,0.063,0.063,0.063,0.063,0.063,
-0.017,-0.017,-0.017,-0.017,-0.017,-0.017,-0.017,-0.017,-0.017,-0.017,
0.008,0.008,0.008,0.008,0.008,0.008,0.008,0.008,0.008,0.008,
-0.008,-0.008,-0.008,-0.008,-0.008,-0.008,-0.008,-0.008,-0.008,-0.008,
-0.047,-0.047,-0.047,-0.047,-0.047,-0.047,-0.047,-0.047,-0.047,-0.047,
0.004,0.004,0.004,0.004,0.004,0.004,0.004,0.004,0.004,0.004,
0.021,0.021,0.021,0.021,0.021,0.021,0.021,0.021,0.021,0.021,
-0.019,-0.019,-0.019,-0.019,-0.019,-0.019,-0.019,-0.019,-0.019,-0.019,
-0.031,-0.031,-0.031,-0.031,-0.031,-0.031,-0.031,-0.031,-0.031,-0.031,
-0.01,-0.01,-0.01,-0.01,-0.01,-0.01,-0.01,-0.01,-0.01,-0.01,
0.005,0.005,0.005,0.005,0.005,0.005,0.005,0.005,0.005,0.005,
-0.002,-0.002,-0.002,-0.002,-0.002,-0.002,-0.002,-0.002,-0.002,-0.002,

0.018,0.018,0.018,0.018,0.018,0.018,0.018,0.018,0.018,0.018,
0.057,0.057,0.057,0.057,0.057,0.057,0.057,0.057,0.057,0.057,
-0.013,-0.013,-0.013,-0.013,-0.013,-0.013,-0.013,-0.013,-0.013,-0.013,
-0.011,-0.011,-0.011,-0.011,-0.011,-0.011,-0.011,-0.011,-0.011,-0.011,
-0.015,-0.015,-0.015,-0.015,-0.015,-0.015,-0.015,-0.015,-0.015,-0.015,
0.013,0.013,0.013,0.013,0.013,0.013,0.013,0.013,0.013,0.013,
0.009,0.009,0.009,0.009,0.009,0.009,0.009,0.009,0.009,0.009,
-0.011,-0.011,-0.011,-0.011,-0.011,-0.011,-0.011,-0.011,-0.011,-0.011,
-0.027,-0.027,-0.027,-0.027,-0.027,-0.027,-0.027,-0.027,-0.027,-0.027,
-0.06,-0.06,-0.06,-0.06,-0.06,-0.06,-0.06,-0.06,-0.06,-0.06,
-0.022,-0.022,-0.022,-0.022,-0.022,-0.022,-0.022,-0.022,-0.022,-0.022,
0.019,0.019,0.019,0.019,0.019,0.019,0.019,0.019,0.019,0.019,
0.004,0.004,0.004,0.004,0.004,0.004,0.004,0.004,0.004,0.004,
-0.019,-0.019,-0.019,-0.019,-0.019,-0.019,-0.019,-0.019,-0.019,-0.019,
0.027,0.027,0.027,0.027,0.027,0.027,0.027,0.027,0.027,0.027,
-0.018,-0.018,-0.018,-0.018,-0.018,-0.018,-0.018,-0.018,-0.018,-0.018,
0.001,0.001,0.001,0.001,0.001,0.001,0.001,0.001,0.001,0.001,
-0.023,-0.023,-0.023,-0.023,-0.023,-0.023,-0.023,-0.023,-0.023,-0.023,
-0.016,-0.016,-0.016,-0.016,-0.016,-0.016,-0.016,-0.016,-0.016,-0.016,
0.018,0.018,0.018,0.018,0.018,0.018,0.018,0.018,0.018,0.018,
-0.003,-0.003,-0.003,-0.003,-0.003,-0.003,-0.003,-0.003,-0.003,-0.003,
0.057,0.057,0.057,0.057,0.057,0.057,0.057,0.057,0.057,0.057,
-0.043,-0.043,-0.043,-0.043,-0.043,-0.043,-0.043,-0.043,-0.043,-0.043,
-0.019,-0.019,-0.019,-0.019,-0.019,-0.019,-0.019,-0.019,-0.019,-0.019,
-0.003,-0.003,-0.003,-0.003,-0.003,-0.003,-0.003,-0.003,-0.003,-0.003,
-0.006,-0.006,-0.006,-0.006,-0.006,-0.006,-0.006,-0.006,-0.006,-0.006,
-0.004,-0.004,-0.004,-0.004,-0.004,-0.004,-0.004,-0.004,-0.004,-0.004,
-0.019,-0.019,-0.019,-0.019,-0.019,-0.019,-0.019,-0.019,-0.019,-0.019,
-0.006,-0.006,-0.006,-0.006,-0.006,-0.006,-0.006,-0.006,-0.006,-0.006,
0.022,0.022,0.022,0.022,0.022,0.022,0.022,0.022,0.022,0.022,
0.04,0.04,0.04,0.04,0.04,0.04,0.04,0.04,0.04,0.04,
0.019,0.019,0.019,0.019,0.019,0.019,0.019,0.019,0.019,0.019,
0.046,0.046,0.046,0.046,0.046,0.046,0.046,0.046,0.046,0.046,
-0.018,-0.018,-0.018,-0.018,-0.018,-0.018,-0.018,-0.018,-0.018,-0.018,
0.001,0.001,0.001,0.001,0.001,0.001,0.001,0.001,0.001,0.001,
-0.024,-0.024,-0.024,-0.024,-0.024,-0.024,-0.024,-0.024,-0.024,-0.024,
-0.012,-0.012,-0.012,-0.012,-0.012,-0.012,-0.012,-0.012,-0.012,-0.012,
0.006,0.006,0.006,0.006,0.006,0.006,0.006,0.006,0.006,0.006,
-0.03,-0.03,-0.03,-0.03,-0.03,-0.03,-0.03,-0.03,-0.03,-0.03,
0.029,0.029,0.029,0.029,0.029,0.029,0.029,0.029,0.029,0.029,
-0.031,-0.031,-0.031,-0.031,-0.031,-0.031,-0.031,-0.031,-0.031,-0.031,
0.003,0.003,0.003,0.003,0.003,0.003,0.003,0.003,0.003,0.003,
0.002,0.002,0.002,0.002,0.002,0.002,0.002,0.002,0.002,0.002,
-0.004,-0.004,-0.004,-0.004,-0.004,-0.004,-0.004,-0.004,-0.004,-0.004,
-0.031,-0.031,-0.031,-0.031,-0.031,-0.031,-0.031,-0.031,-0.031,-0.031,
0.028,0.028,0.028,0.028,0.028,0.028,0.028,0.028,0.028,0.028,
0.001,0.001,0.001,0.001,0.001,0.001,0.001,0.001,0.001,0.001,
0.007,0.007,0.007,0.007,0.007,0.007,0.007,0.007,0.007,0.007,
0.01,0.01,0.01,0.01,0.01,0.01,0.01,0.01,0.01,0.01,
-0.038,-0.038,-0.038,-0.038,-0.038,-0.038,-0.038,-0.038,-0.038,-0.038,
-0.034,-0.034,-0.034,-0.034,-0.034,-0.034,-0.034,-0.034,-0.034,-0.034,
0.048,0.048,0.048,0.048,0.048,0.048,0.048,0.048,0.048,0.048,
-0.001,-0.001,-0.001,-0.001,-0.001,-0.001,-0.001,-0.001,-0.001,-0.001,
0.02,0.02,0.02,0.02,0.02,0.02,0.02,0.02,0.02,0.02,
0.018,0.018,0.018,0.018,0.018,0.018,0.018,0.018,0.018,0.018,
0.031,0.031,0.031,0.031,0.031,0.031,0.031,0.031,0.031,0.031,
0.024,0.024,0.024,0.024,0.024,0.024,0.024,0.024,0.024,0.024,
0.023,0.023,0.023,0.023,0.023,0.023,0.023,0.023,0.023,0.023,
-0.036,-0.036,-0.036,-0.036,-0.036,-0.036,-0.036,-0.036,-0.036,-0.036,
0.006,0.006,0.006,0.006,0.006,0.006,0.006,0.006,0.006,0.006,
-0.01,-0.01,-0.01,-0.01,-0.01,-0.01,-0.01,-0.01,-0.01,-0.01,
0.018,0.018,0.018,0.018,0.018,0.018,0.018,0.018,0.018,0.018,
0.0,0.0,0.0,0.0,0.0,0.0,0.0,0.0,0.0,0.0,
-0.036,-0.036,-0.036,-0.036,-0.036,-0.036,-0.036,-0.036,-0.036,-0.036,
-0.003,-0.003,-0.003,-0.003,-0.003,-0.003,-0.003,-0.003,-0.003,-0.003,
-0.002,-0.002,-0.002,-0.002,-0.002,-0.002,-0.002,-0.002,-0.002,-0.002,
0.02,0.02,0.02,0.02,0.02,0.02,0.02,0.02,0.02,0.02,
-0.03,-0.03,-0.03,-0.03,-0.03,-0.03,-0.03,-0.03,-0.03,-0.03,
0.048,0.048,0.048,0.048,0.048,0.048,0.048,0.048,0.048,0.048,
-0.005,-0.005,-0.005,-0.005,-0.005,-0.005,-0.005,-0.005,-0.005,-0.005,
0.011,0.011,0.011,0.011,0.011,0.011,0.011,0.011,0.011,0.011,
0.031,0.031,0.031,0.031,0.031,0.031,0.031,0.031,0.031,0.031,
-0.015,-0.015,-0.015,-0.015,-0.015,-0.015,-0.015,-0.015,-0.015,-0.015,
0.016,0.016,0.016,0.016,0.016,0.016,0.016,0.016,0.016,0.016,
-0.012,-0.012,-0.012,-0.012,-0.012,-0.012,-0.012,-0.012,-0.012,-0.012,
0.02,0.02,0.02,0.02,0.02,0.02,0.02,0.02,0.02,0.02,
0.006,0.006,0.006,0.006,0.006,0.006,0.006,0.006,0.006,0.006,
-0.02,-0.02,-0.02,-0.02,-0.02,-0.02,-0.02,-0.02,-0.02,-0.02,
0.006,0.006,0.006,0.006,0.006,0.006,0.006,0.006,0.006,0.006,
-0.011,-0.011,-0.011,-0.011,-0.011,-0.011,-0.011,-0.011,-0.011,-0.011,
0.015,0.015,0.015,0.015,0.015,0.015,0.015,0.015,0.015,0.015,
-0.003,-0.003,-0.003,-0.003,-0.003,-0.003,-0.003,-0.003,-0.003,-0.003,
0.0,0.0,0.0,0.0,0.0,0.0,0.0,0.0,0.0,0.0,
0.001,0.001,0.001,0.001,0.001,0.001,0.001,0.001,0.001,0.001,
0.023,0.023,0.023,0.023,0.023,0.023,0.023,0.023,0.023,0.023,
-0.018,-0.018,-0.018,-0.018,-0.018,-0.018,-0.018,-0.018,-0.018,-0.018,
0.095,0.095,0.095,0.095,0.095,0.095,0.095,0.095,0.095,0.095,
-0.014,-0.014,-0.014,-0.014,-0.014,-0.014,-0.014,-0.014,-0.014,-0.014,
-0.086,-0.086,-0.086,-0.086,-0.086,-0.086,-0.086,-0.086,-0.086,-0.086,
0.001,0.001,0.001,0.001,0.001,0.001,0.001,0.001,0.001,0.001,
-0.01,-0.01,-0.01,-0.01,-0.01,-0.01,-0.01,-0.01,-0.01,-0.01,
0.005,0.005,0.005,0.005,0.005,0.005,0.005,0.005,0.005,0.005,
0.034,0.034,0.034,0.034,0.034,0.034,0.034,0.034,0.034,0.034,
-0.012,-0.012,-0.012,-0.012,-0.012,-0.012,-0.012,-0.012,-0.012,-0.012,
-0.005,-0.005,-0.005,-0.005,-0.005,-0.005,-0.005,-0.005,-0.005,-0.005,
0.019,0.019,0.019,0.019,0.019,0.019,0.019,0.019,0.019,0.019,
0.003,0.003,0.003,0.003,0.003,0.003,0.003,0.003,0.003,0.003,
0.014,0.014,0.014,0.014,0.014,0.014,0.014,0.014,0.014,0.014,
-0.026,-0.026,-0.026,-0.026,-0.026,-0.026,-0.026,-0.026,-0.026,-0.026,
0.035,0.035,0.035,0.035,0.035,0.035,0.035,0.035,0.035,0.035,

0.017,0.017,0.017,0.017,0.017,0.017,0.017,0.017,0.017,0.017,
-0.042,-0.042,-0.042,-0.042,-0.042,-0.042,-0.042,-0.042,-0.042,-0.042,
0.019,0.019,0.019,0.019,0.019,0.019,0.019,0.019,0.019,0.019,
0.002,0.002,0.002,0.002,0.002,0.002,0.002,0.002,0.002,0.002,
-0.087,-0.087,-0.087,-0.087,-0.087,-0.087,-0.087,-0.087,-0.087,-0.087,
-0.006,-0.006,-0.006,-0.006,-0.006,-0.006,-0.006,-0.006,-0.006,-0.006,
-0.041,-0.041,-0.041,-0.041,-0.041,-0.041,-0.041,-0.041,-0.041,-0.041,
0.017,0.017,0.017,0.017,0.017,0.017,0.017,0.017,0.017,0.017,
-0.041,-0.041,-0.041,-0.041,-0.041,-0.041,-0.041,-0.041,-0.041,-0.041,
0.045,0.045,0.045,0.045,0.045,0.045,0.045,0.045,0.045,0.045,
0.03,0.03,0.03,0.03,0.03,0.03,0.03,0.03,0.03,0.03,
0.019,0.019,0.019,0.019,0.019,0.019,0.019,0.019,0.019,0.019,
-0.048,-0.048,-0.048,-0.048,-0.048,-0.048,-0.048,-0.048,-0.048,-0.048,
0.037,0.037,0.037,0.037,0.037,0.037,0.037,0.037,0.037,0.037,
-0.053,-0.053,-0.053,-0.053,-0.053,-0.053,-0.053,-0.053,-0.053,-0.053,
0.015,0.015,0.015,0.015,0.015,0.015,0.015,0.015,0.015,0.015,
-0.066,-0.066,-0.066,-0.066,-0.066,-0.066,-0.066,-0.066,-0.066,-0.066,
0.016,0.016,0.016,0.016,0.016,0.016,0.016,0.016,0.016,0.016,
0.042,0.042,0.042,0.042,0.042,0.042,0.042,0.042,0.042,0.042,
-0.082,-0.082,-0.082,-0.082,-0.082,-0.082,-0.082,-0.082,-0.082,-0.082,
-0.027,-0.027,-0.027,-0.027,-0.027,-0.027,-0.027,-0.027,-0.027,-0.027,
-0.038,-0.038,-0.038,-0.038,-0.038,-0.038,-0.038,-0.038,-0.038,-0.038,
0.063,0.063,0.063,0.063,0.063,0.063,0.063,0.063,0.063,0.063,
0.025,0.025,0.025,0.025,0.025,0.025,0.025,0.025,0.025,0.025,
0.002,0.002,0.002,0.002,0.002,0.002,0.002,0.002,0.002,0.002,
0.01,0.01,0.01,0.01,0.01,0.01,0.01,0.01,0.01,0.01,
0.018,0.018,0.018,0.018,0.018,0.018,0.018,0.018,0.018,0.018,
-0.069,-0.069,-0.069,-0.069,-0.069,-0.069,-0.069,-0.069,-0.069,-0.069,
0.018,0.018,0.018,0.018,0.018,0.018,0.018,0.018,0.018,0.018,
-0.024,-0.024,-0.024,-0.024,-0.024,-0.024,-0.024,-0.024,-0.024,-0.024,
0.022,0.022,0.022,0.022,0.022,0.022,0.022,0.022,0.022,0.022,
0.005,0.005,0.005,0.005,0.005,0.005,0.005,0.005,0.005,0.005,
0.025,0.025,0.025,0.025,0.025,0.025,0.025,0.025,0.025,0.025,
0.024,0.024,0.024,0.024,0.024,0.024,0.024,0.024,0.024,0.024,
0.025,0.025,0.025,0.025,0.025,0.025,0.025,0.025,0.025,0.025,
-0.009,-0.009,-0.009,-0.009,-0.009,-0.009,-0.009,-0.009,-0.009,-0.009,
0.027,0.027,0.027,0.027,0.027,0.027,0.027,0.027,0.027,0.027,
-0.001,-0.001,-0.001,-0.001,-0.001,-0.001,-0.001,-0.001,-0.001,-0.001,
-0.029,-0.029,-0.029,-0.029,-0.029,-0.029,-0.029,-0.029,-0.029,-0.029,
-0.064,-0.064,-0.064,-0.064,-0.064,-0.064,-0.064,-0.064,-0.064,-0.064,
0.02,0.02,0.02,0.02,0.02,0.02,0.02,0.02,0.02,0.02,
0.011,0.011,0.011,0.011,0.011,0.011,0.011,0.011,0.011,0.011,
-0.003,-0.003,-0.003,-0.003,-0.003,-0.003,-0.003,-0.003,-0.003,-0.003,
0.043,0.043,0.043,0.043,0.043,0.043,0.043,0.043,0.043,0.043,
0.049,0.049,0.049,0.049,0.049,0.049,0.049,0.049,0.049,0.049,
-0.06,-0.06,-0.06,-0.06,-0.06,-0.06,-0.06,-0.06,-0.06,-0.06,
0.034,0.034,0.034,0.034,0.034,0.034,0.034,0.034,0.034,0.034,
0.041,0.041,0.041,0.041,0.041,0.041,0.041,0.041,0.041,0.041,
0.001,0.001,0.001,0.001,0.001,0.001,0.001,0.001,0.001,0.001,
0.07,0.07,0.07,0.07,0.07,0.07,0.07,0.07,0.07,0.07,
-0.009,-0.009,-0.009,-0.009,-0.009,-0.009,-0.009,-0.009,-0.009,-0.009,
-0.035,-0.035,-0.035,-0.035,-0.035,-0.035,-0.035,-0.035,-0.035,-0.035,
0.01,0.01,0.01,0.01,0.01,0.01,0.01,0.01,0.01,0.01,
-0.006,-0.006,-0.006,-0.006,-0.006,-0.006,-0.006,-0.006,-0.006,-0.006,
-0.006,-0.006,-0.006,-0.006,-0.006,-0.006,-0.006,-0.006,-0.006,-0.006,
-0.035,-0.035,-0.035,-0.035,-0.035,-0.035,-0.035,-0.035,-0.035,-0.035,
0.009,0.009,0.009,0.009,0.009,0.009,0.009,0.009,0.009,0.009,
-0.033,-0.033,-0.033,-0.033,-0.033,-0.033,-0.033,-0.033,-0.033,-0.033,
-0.011,-0.011,-0.011,-0.011,-0.011,-0.011,-0.011,-0.011,-0.011,-0.011,
0.007,0.007,0.007,0.007,0.007,0.007,0.007,0.007,0.007,0.007,
-0.055,-0.055,-0.055,-0.055,-0.055,-0.055,-0.055,-0.055,-0.055,-0.055,
-0.022,-0.022,-0.022,-0.022,-0.022,-0.022,-0.022,-0.022,-0.022,-0.022,
0.001,0.001,0.001,0.001,0.001,0.001,0.001,0.001,0.001,0.001,
-0.016,-0.016,-0.016,-0.016,-0.016,-0.016,-0.016,-0.016,-0.016,-0.016,
0.015,0.015,0.015,0.015,0.015,0.015,0.015,0.015,0.015,0.015,
-0.056,-0.056,-0.056,-0.056,-0.056,-0.056,-0.056,-0.056,-0.056,-0.056,
-0.119,-0.119,-0.119,-0.119,-0.119,-0.119,-0.119,-0.119,-0.119,-0.119,
0.006,0.006,0.006,0.006,0.006,0.006,0.006,0.006,0.006,0.006,
-0.115,-0.115,-0.115,-0.115,-0.115,-0.115,-0.115,-0.115,-0.115,-0.115,
0.03,0.03,0.03,0.03,0.03,0.03,0.03,0.03,0.03,0.03,
-0.018,-0.018,-0.018,-0.018,-0.018,-0.018,-0.018,-0.018,-0.018,-0.018,
-0.048,-0.048,-0.048,-0.048,-0.048,-0.048,-0.048,-0.048,-0.048,-0.048,
-0.005,-0.005,-0.005,-0.005,-0.005,-0.005,-0.005,-0.005,-0.005,-0.005,
-0.004,-0.004,-0.004,-0.004,-0.004,-0.004,-0.004,-0.004,-0.004,-0.004,
-0.004,-0.004,-0.004,-0.004,-0.004,-0.004,-0.004,-0.004,-0.004,-0.004,
0.011,0.011,0.011,0.011,0.011,0.011,0.011,0.011,0.011,0.011,
-0.017,-0.017,-0.017,-0.017,-0.017,-0.017,-0.017,-0.017,-0.017,-0.017,
0.025,0.025,0.025,0.025,0.025,0.025,0.025,0.025,0.025,0.025,
0.014,0.014,0.014,0.014,0.014,0.014,0.014,0.014,0.014,0.014,
-0.017,-0.017,-0.017,-0.017,-0.017,-0.017,-0.017,-0.017,-0.017,-0.017,
-0.018,-0.018,-0.018,-0.018,-0.018,-0.018,-0.018,-0.018,-0.018,-0.018,
0.005,0.005,0.005,0.005,0.005,0.005,0.005,0.005,0.005,0.005,
-0.006,-0.006,-0.006,-0.006,-0.006,-0.006,-0.006,-0.006,-0.006,-0.006,
0.011,0.011,0.011,0.011,0.011,0.011,0.011,0.011,0.011,0.011,
0.001,0.001,0.001,0.001,0.001,0.001,0.001,0.001,0.001,0.001,
0.003,0.003,0.003,0.003,0.003,0.003,0.003,0.003,0.003,0.003,
-0.049,-0.049,-0.049,-0.049,-0.049,-0.049,-0.049,-0.049,-0.049,-0.049,
-0.005,-0.005,-0.005,-0.005,-0.005,-0.005,-0.005,-0.005,-0.005,-0.005,
-0.036,-0.036,-0.036,-0.036,-0.036,-0.036,-0.036,-0.036,-0.036,-0.036,
-0.026,-0.026,-0.026,-0.026,-0.026,-0.026,-0.026,-0.026,-0.026,-0.026,
-0.007,-0.007,-0.007,-0.007,-0.007,-0.007,-0.007,-0.007,-0.007,-0.007,
-0.034,-0.034,-0.034,-0.034,-0.034,-0.034,-0.034,-0.034,-0.034,-0.034,
-0.018,-0.018,-0.018,-0.018,-0.018,-0.018,-0.018,-0.018,-0.018,-0.018,
-0.013,-0.013,-0.013,-0.013,-0.013,-0.013,-0.013,-0.013,-0.013,-0.013,
-0.03,-0.03,-0.03,-0.03,-0.03,-0.03,-0.03,-0.03,-0.03,-0.03,
-0.001,-0.001,-0.001,-0.001,-0.001,-0.001,-0.001,-0.001,-0.001,-0.001,
-0.005,-0.005,-0.005,-0.005,-0.005,-0.005,-0.005,-0.005,-0.005,-0.005,
-0.009,-0.009,-0.009,-0.009,-0.009,-0.009,-0.009,-0.009,-0.009,-0.009,
-0.023,-0.023,-0.023,-0.023,-0.023,-0.023,-0.023,-0.023,-0.023,-0.023,
0.011,0.011,0.011,0.011,0.011,0.011,0.011,0.011,0.011,0.011,

-0.02,-0.02,-0.02,-0.02,-0.02,-0.02,-0.02,-0.02,-0.02,-0.02,
0.022,0.022,0.022,0.022,0.022,0.022,0.022,0.022,0.022,0.022,
-0.009,-0.009,-0.009,-0.009,-0.009,-0.009,-0.009,-0.009,-0.009,-0.009,
-0.031,-0.031,-0.031,-0.031,-0.031,-0.031,-0.031,-0.031,-0.031,-0.031,
0.064,0.064,0.064,0.064,0.064,0.064,0.064,0.064,0.064,0.064,
-0.017,-0.017,-0.017,-0.017,-0.017,-0.017,-0.017,-0.017,-0.017,-0.017,
0.04,0.04,0.04,0.04,0.04,0.04,0.04,0.04,0.04,0.04,
0.008,0.008,0.008,0.008,0.008,0.008,0.008,0.008,0.008,0.008,
0.056,0.056,0.056,0.056,0.056,0.056,0.056,0.056,0.056,0.056,
-0.001,-0.001,-0.001,-0.001,-0.001,-0.001,-0.001,-0.001,-0.001,-0.001,
-0.037,-0.037,-0.037,-0.037,-0.037,-0.037,-0.037,-0.037,-0.037,-0.037,
0.013,0.013,0.013,0.013,0.013,0.013,0.013,0.013,0.013,0.013,
0.026,0.026,0.026,0.026,0.026,0.026,0.026,0.026,0.026,0.026,
0.007,0.007,0.007,0.007,0.007,0.007,0.007,0.007,0.007,0.007,
0.028,0.028,0.028,0.028,0.028,0.028,0.028,0.028,0.028,0.028,
0.002,0.002,0.002,0.002,0.002,0.002,0.002,0.002,0.002,0.002,
0.074,0.074,0.074,0.074,0.074,0.074,0.074,0.074,0.074,0.074,
-0.015,-0.015,-0.015,-0.015,-0.015,-0.015,-0.015,-0.015,-0.015,-0.015,
0.008,0.008,0.008,0.008,0.008,0.008,0.008,0.008,0.008,0.008,
0.053,0.053,0.053,0.053,0.053,0.053,0.053,0.053,0.053,0.053,
0.03,0.03,0.03,0.03,0.03,0.03,0.03,0.03,0.03,0.03,
0.02,0.02,0.02,0.02,0.02,0.02,0.02,0.02,0.02,0.02,
-0.044,-0.044,-0.044,-0.044,-0.044,-0.044,-0.044,-0.044,-0.044,-0.044,
0.002,0.002,0.002,0.002,0.002,0.002,0.002,0.002,0.002,0.002,
0.008,0.008,0.008,0.008,0.008,0.008,0.008,0.008,0.008,0.008,
0.024,0.024,0.024,0.024,0.024,0.024,0.024,0.024,0.024,0.024,
0.001,0.001,0.001,0.001,0.001,0.001,0.001,0.001,0.001,0.001,
0.08,0.08,0.08,0.08,0.08,0.08,0.08,0.08,0.08,0.08,
-0.008,-0.008,-0.008,-0.008,-0.008,-0.008,-0.008,-0.008,-0.008,-0.008,
-0.018,-0.018,-0.018,-0.018,-0.018,-0.018,-0.018,-0.018,-0.018,-0.018,
0.006,0.006,0.006,0.006,0.006,0.006,0.006,0.006,0.006,0.006,
-0.027,-0.027,-0.027,-0.027,-0.027,-0.027,-0.027,-0.027,-0.027,-0.027,
-0.02,-0.02,-0.02,-0.02,-0.02,-0.02,-0.02,-0.02,-0.02,-0.02,
-0.03,-0.03,-0.03,-0.03,-0.03,-0.03,-0.03,-0.03,-0.03,-0.03,
-0.009,-0.009,-0.009,-0.009,-0.009,-0.009,-0.009,-0.009,-0.009,-0.009,
0.019,0.019,0.019,0.019,0.019,0.019,0.019,0.019,0.019,0.019,
-0.044,-0.044,-0.044,-0.044,-0.044,-0.044,-0.044,-0.044,-0.044,-0.044,
0.008,0.008,0.008,0.008,0.008,0.008,0.008,0.008,0.008,0.008,
0.062,0.062,0.062,0.062,0.062,0.062,0.062,0.062,0.062,0.062,
0.07,0.07,0.07,0.07,0.07,0.07,0.07,0.07,0.07,0.07,
-0.004,-0.004,-0.004,-0.004,-0.004,-0.004,-0.004,-0.004,-0.004,-0.004,
-0.048,-0.048,-0.048,-0.048,-0.048,-0.048,-0.048,-0.048,-0.048,-0.048,
0.007,0.007,0.007,0.007,0.007,0.007,0.007,0.007,0.007,0.007,
-0.041,-0.041,-0.041,-0.041,-0.041,-0.041,-0.041,-0.041,-0.041,-0.041,
-0.015,-0.015,-0.015,-0.015,-0.015,-0.015,-0.015,-0.015,-0.015,-0.015,
0.053,0.053,0.053,0.053,0.053,0.053,0.053,0.053,0.053,0.053,
0.001,0.001,0.001,0.001,0.001,0.001,0.001,0.001,0.001,0.001,
-0.052,-0.052,-0.052,-0.052,-0.052,-0.052,-0.052,-0.052,-0.052,-0.052,
-0.006,-0.006,-0.006,-0.006,-0.006,-0.006,-0.006,-0.006,-0.006,-0.006,
-0.07,-0.07,-0.07,-0.07,-0.07,-0.07,-0.07,-0.07,-0.07,-0.07,
0.019,0.019,0.019,0.019,0.019,0.019,0.019,0.019,0.019,0.019,
0.006,0.006,0.006,0.006,0.006,0.006,0.006,0.006,0.006,0.006,
-0.046,-0.046,-0.046,-0.046,-0.046,-0.046,-0.046,-0.046,-0.046,-0.046,
0.007,0.007,0.007,0.007,0.007,0.007,0.007,0.007,0.007,0.007,
0.012,0.012,0.012,0.012,0.012,0.012,0.012,0.012,0.012,0.012,
-0.003,-0.003,-0.003,-0.003,-0.003,-0.003,-0.003,-0.003,-0.003,-0.003,
-0.009,-0.009,-0.009,-0.009,-0.009,-0.009,-0.009,-0.009,-0.009,-0.009,
0.033,0.033,0.033,0.033,0.033,0.033,0.033,0.033,0.033,0.033,
0.046,0.046,0.046,0.046,0.046,0.046,0.046,0.046,0.046,0.046,
-0.003,-0.003,-0.003,-0.003,-0.003,-0.003,-0.003,-0.003,-0.003,-0.003,
0.031,0.031,0.031,0.031,0.031,0.031,0.031,0.031,0.031,0.031,
0.014,0.014,0.014,0.014,0.014,0.014,0.014,0.014,0.014,0.014,
0.009,0.009,0.009,0.009,0.009,0.009,0.009,0.009,0.009,0.009,
-0.005,-0.005,-0.005,-0.005,-0.005,-0.005,-0.005,-0.005,-0.005,-0.005,
0.029,0.029,0.029,0.029,0.029,0.029,0.029,0.029,0.029,0.029,
0.044,0.044,0.044,0.044,0.044,0.044,0.044,0.044,0.044,0.044,
0.111,0.111,0.111,0.111,0.111,0.111,0.111,0.111,0.111,0.111,
0.003,0.003,0.003,0.003,0.003,0.003,0.003,0.003,0.003,0.003,
0.085,0.085,0.085,0.085,0.085,0.085,0.085,0.085,0.085,0.085,
-0.029,-0.029,-0.029,-0.029,-0.029,-0.029,-0.029,-0.029,-0.029,-0.029,
0.015,0.015,0.015,0.015,0.015,0.015,0.015,0.015,0.015,0.015,
0.087,0.087,0.087,0.087,0.087,0.087,0.087,0.087,0.087,0.087,
0.013,0.013,0.013,0.013,0.013,0.013,0.013,0.013,0.013,0.013,
-0.008,-0.008,-0.008,-0.008,-0.008,-0.008,-0.008,-0.008,-0.008,-0.008,
0.002,0.002,0.002,0.002,0.002,0.002,0.002,0.002,0.002,0.002,
-0.007,-0.007,-0.007,-0.007,-0.007,-0.007,-0.007,-0.007,-0.007,-0.007,
0.01,0.01,0.01,0.01,0.01,0.01,0.01,0.01,0.01,0.01,
0.004,0.004,0.004,0.004,0.004,0.004,0.004,0.004,0.004,0.004,
-0.01,-0.01,-0.01,-0.01,-0.01,-0.01,-0.01,-0.01,-0.01,-0.01,
-0.028,-0.028,-0.028,-0.028,-0.028,-0.028,-0.028,-0.028,-0.028,-0.028,
0.021,0.021,0.021,0.021,0.021,0.021,0.021,0.021,0.021,0.021,
-0.011,-0.011,-0.011,-0.011,-0.011,-0.011,-0.011,-0.011,-0.011,-0.011,
-0.038,-0.038,-0.038,-0.038,-0.038,-0.038,-0.038,-0.038,-0.038,-0.038,
-0.002,-0.002,-0.002,-0.002,-0.002,-0.002,-0.002,-0.002,-0.002,-0.002,
-0.012,-0.012,-0.012,-0.012,-0.012,-0.012,-0.012,-0.012,-0.012,-0.012,
-0.01,-0.01,-0.01,-0.01,-0.01,-0.01,-0.01,-0.01,-0.01,-0.01,
0.063,0.063,0.063,0.063,0.063,0.063,0.063,0.063,0.063,0.063,
0.046,0.046,0.046,0.046,0.046,0.046,0.046,0.046,0.046,0.046,
0.076,0.076,0.076,0.076,0.076,0.076,0.076,0.076,0.076,0.076,
0.051,0.051,0.051,0.051,0.051,0.051,0.051,0.051,0.051,0.051,
0.021,0.021,0.021,0.021,0.021,0.021,0.021,0.021,0.021,0.021,
0.013,0.013,0.013,0.013,0.013,0.013,0.013,0.013,0.013,0.013,
-0.002,-0.002,-0.002,-0.002,-0.002,-0.002,-0.002,-0.002,-0.002,-0.002,
-0.054,-0.054,-0.054,-0.054,-0.054,-0.054,-0.054,-0.054,-0.054,-0.054,
0.036,0.036,0.036,0.036,0.036,0.036,0.036,0.036,0.036,0.036,
-0.019,-0.019,-0.019,-0.019,-0.019,-0.019,-0.019,-0.019,-0.019,-0.019,
0.018,0.018,0.018,0.018,0.018,0.018,0.018,0.018,0.018,0.018,
-0.009,-0.009,-0.009,-0.009,-0.009,-0.009,-0.009,-0.009,-0.009,-0.009,
0.04,0.04,0.04,0.04,0.04,0.04,0.04,0.04,0.04,0.04,
-0.022,-0.022,-0.022,-0.022,-0.022,-0.022,-0.022,-0.022,-0.022,-0.022,


