1.0,1.0,1.0,1.0,1.0,1.0,1.0,1.0,1.0,1.0,
1.0,1.0,1.0,1.0,1.0,1.0,1.0,1.0,1.0,1.0,
1.0,1.0,1.0,1.0,1.0,1.0,1.0,1.0,1.0,1.0,
0.988,0.988,0.988,0.988,0.988,0.988,0.988,0.988,0.988,0.988,
1.0,1.0,1.0,1.0,1.0,1.0,1.0,1.0,1.0,1.0,
0.982,0.982,0.982,0.982,0.982,0.982,0.982,0.982,0.982,0.982,
1.0,1.0,1.0,1.0,1.0,1.0,1.0,1.0,1.0,1.0,
0.975,0.975,0.975,0.975,0.975,0.975,0.975,0.975,0.975,0.975,
0.96,0.96,0.96,0.96,0.96,0.96,0.96,0.96,0.96,0.96,
1.0,1.0,1.0,1.0,1.0,1.0,1.0,1.0,1.0,1.0,
0.996,0.996,0.996,0.996,0.996,0.996,0.996,0.996,0.996,0.996,
1.0,1.0,1.0,1.0,1.0,1.0,1.0,1.0,1.0,1.0,
0.97,0.97,0.97,0.97,0.97,0.97,0.97,0.97,0.97,0.97,
1.0,1.0,1.0,1.0,1.0,1.0,1.0,1.0,1.0,1.0,
0.981,0.981,0.981,0.981,0.981,0.981,0.981,0.981,0.981,0.981,
0.987,0.987,0.987,0.987,0.987,0.987,0.987,0.987,0.987,0.987,
1.0,1.0,1.0,1.0,1.0,1.0,1.0,1.0,1.0,1.0,
0.996,0.996,0.996,0.996,0.996,0.996,0.996,0.996,0.996,0.996,
0.976,0.976,0.976,0.976,0.976,0.976,0.976,0.976,0.976,0.976,
0.949,0.949,0.949,0.949,0.949,0.949,0.949,0.949,0.949,0.949,
0.997,0.997,0.997,0.997,0.997,0.997,0.997,0.997,0.997,0.997,
0.996,0.996,0.996,0.996,0.996,0.996,0.996,0.996,0.996,0.996,
0.985,0.985,0.985,0.985,0.985,0.985,0.985,0.985,0.985,0.985,
0.962,0.962,0.962,0.962,0.962,0.962,0.962,0.962,0.962,0.962,
0.994,0.994,0.994,0.994,0.994,0.994,0.994,0.994,0.994,0.994,
1.0,1.0,1.0,1.0,1.0,1.0,1.0,1.0,1.0,1.0,
0.957,0.957,0.957,0.957,0.957,0.957,0.957,0.957,0.957,0.957,
1.0,1.0,1.0,1.0,1.0,1.0,1.0,1.0,1.0,1.0,
1.0,1.0,1.0,1.0,1.0,1.0,1.0,1.0,1.0,1.0,
1.0,1.0,1.0,1.0,1.0,1.0,1.0,1.0,1.0,1.0,
1.0,1.0,1.0,1.0,1.0,1.0,1.0,1.0,1.0,1.0,
1.0,1.0,1.0,1.0,1.0,1.0,1.0,1.0,1.0,1.0,
0.992,0.992,0.992,0.992,0.992,0.992,0.992,0.992,0.992,0.992,
1.0,1.0,1.0,1.0,1.0,1.0,1.0,1.0,1.0,1.0,
1.0,1.0,1.0,1.0,1.0,1.0,1.0,1.0,1.0,1.0,
1.0,1.0,1.0,1.0,1.0,1.0,1.0,1.0,1.0,1.0,
0.99,0.99,0.99,0.99,0.99,0.99,0.99,0.99,0.99,0.99,
1.0,1.0,1.0,1.0,1.0,1.0,1.0,1.0,1.0,1.0,
0.992,0.992,0.992,0.992,0.992,0.992,0.992,0.992,0.992,0.992,
1.0,1.0,1.0,1.0,1.0,1.0,1.0,1.0,1.0,1.0,
0.967,0.967,0.967,0.967,0.967,0.967,0.967,0.967,0.967,0.967,
0.944,0.944,0.944,0.944,0.944,0.944,0.944,0.944,0.944,0.944,
1.0,1.0,1.0,1.0,1.0,1.0,1.0,1.0,1.0,1.0,
1.0,1.0,1.0,1.0,1.0,1.0,1.0,1.0,1.0,1.0,
1.0,1.0,1.0,1.0,1.0,1.0,1.0,1.0,1.0,1.0,
0.983,0.983,0.983,0.983,0.983,0.983,0.983,0.983,0.983,0.983,
1.0,1.0,1.0,1.0,1.0,1.0,1.0,1.0,1.0,1.0,
0.977,0.977,0.977,0.977,0.977,0.977,0.977,0.977,0.977,0.977,
0.991,0.991,0.991,0.991,0.991,0.991,0.991,0.991,0.991,0.991,
0.988,0.988,0.988,0.988,0.988,0.988,0.988,0.988,0.988,0.988,
0.992,0.992,0.992,0.992,0.992,0.992,0.992,0.992,0.992,0.992,
0.976,0.976,0.976,0.976,0.976,0.976,0.976,0.976,0.976,0.976,
0.963,0.963,0.963,0.963,0.963,0.963,0.963,0.963,0.963,0.963,
0.959,0.959,0.959,0.959,0.959,0.959,0.959,0.959,0.959,0.959,
1.0,1.0,1.0,1.0,1.0,1.0,1.0,1.0,1.0,1.0,
0.997,0.997,0.997,0.997,0.997,0.997,0.997,0.997,0.997,0.997,
0.95,0.95,0.95,0.95,0.95,0.95,0.95,0.95,0.95,0.95,
0.998,0.998,0.998,0.998,0.998,0.998,0.998,0.998,0.998,0.998,
1.0,1.0,1.0,1.0,1.0,1.0,1.0,1.0,1.0,1.0,
1.0,1.0,1.0,1.0,1.0,1.0,1.0,1.0,1.0,1.0,
1.0,1.0,1.0,1.0,1.0,1.0,1.0,1.0,1.0,1.0,
1.0,1.0,1.0,1.0,1.0,1.0,1.0,1.0,1.0,1.0,
1.0,1.0,1.0,1.0,1.0,1.0,1.0,1.0,1.0,1.0,
0.998,0.998,0.998,0.998,0.998,0.998,0.998,0.998,0.998,0.998,
0.968,0.968,0.968,0.968,0.968,0.968,0.968,0.968,0.968,0.968,
0.975,0.975,0.975,0.975,0.975,0.975,0.975,0.975,0.975,0.975,
0.913,0.913,0.913,0.913,0.913,0.913,0.913,0.913,0.913,0.913,
1.0,1.0,1.0,1.0,1.0,1.0,1.0,1.0,1.0,1.0,
0.897,0.897,0.897,0.897,0.897,0.897,0.897,0.897,0.897,0.897,
0.983,0.983,0.983,0.983,0.983,0.983,0.983,0.983,0.983,0.983,
0.989,0.989,0.989,0.989,0.989,0.989,0.989,0.989,0.989,0.989,
1.0,1.0,1.0,1.0,1.0,1.0,1.0,1.0,1.0,1.0,
0.99,0.99,0.99,0.99,0.99,0.99,0.99,0.99,0.99,0.99,
1.0,1.0,1.0,1.0,1.0,1.0,1.0,1.0,1.0,1.0,
0.995,0.995,0.995,0.995,0.995,0.995,0.995,0.995,0.995,0.995,
1.0,1.0,1.0,1.0,1.0,1.0,1.0,1.0,1.0,1.0,
1.0,1.0,1.0,1.0,1.0,1.0,1.0,1.0,1.0,1.0,
1.0,1.0,1.0,1.0,1.0,1.0,1.0,1.0,1.0,1.0,
0.974,0.974,0.974,0.974,0.974,0.974,0.974,0.974,0.974,0.974,
1.0,1.0,1.0,1.0,1.0,1.0,1.0,1.0,1.0,1.0,
1.0,1.0,1.0,1.0,1.0,1.0,1.0,1.0,1.0,1.0,
0.994,0.994,0.994,0.994,0.994,0.994,0.994,0.994,0.994,0.994,
0.924,0.924,0.924,0.924,0.924,0.924,0.924,0.924,0.924,0.924,
1.0,1.0,1.0,1.0,1.0,1.0,1.0,1.0,1.0,1.0,
1.0,1.0,1.0,1.0,1.0,1.0,1.0,1.0,1.0,1.0,
1.0,1.0,1.0,1.0,1.0,1.0,1.0,1.0,1.0,1.0,
0.955,0.955,0.955,0.955,0.955,0.955,0.955,0.955,0.955,0.955,
1.0,1.0,1.0,1.0,1.0,1.0,1.0,1.0,1.0,1.0,
0.944,0.944,0.944,0.944,0.944,0.944,0.944,0.944,0.944,0.944,
1.0,1.0,1.0,1.0,1.0,1.0,1.0,1.0,1.0,1.0,
0.997,0.997,0.997,0.997,0.997,0.997,0.997,0.997,0.997,0.997,
1.0,1.0,1.0,1.0,1.0,1.0,1.0,1.0,1.0,1.0,
1.0,1.0,1.0,1.0,1.0,1.0,1.0,1.0,1.0,1.0,
0.959,0.959,0.959,0.959,0.959,0.959,0.959,0.959,0.959,0.959,
1.0,1.0,1.0,1.0,1.0,1.0,1.0,1.0,1.0,1.0,
1.0,1.0,1.0,1.0,1.0,1.0,1.0,1.0,1.0,1.0,
0.999,0.999,0.999,0.999,0.999,0.999,0.999,0.999,0.999,0.999,
0.995,0.995,0.995,0.995,0.995,0.995,0.995,0.995,0.995,0.995,
0.982,0.982,0.982,0.982,0.982,0.982,0.982,0.982,0.982,0.982,
0.997,0.997,0.997,0.997,0.997,0.997,0.997,0.997,0.997,0.997,

0.937,0.937,0.937,0.937,0.937,0.937,0.937,0.937,0.937,0.937,
0.971,0.971,0.971,0.971,0.971,0.971,0.971,0.971,0.971,0.971,
0.937,0.937,0.937,0.937,0.937,0.937,0.937,0.937,0.937,0.937,
1.0,1.0,1.0,1.0,1.0,1.0,1.0,1.0,1.0,1.0,
0.967,0.967,0.967,0.967,0.967,0.967,0.967,0.967,0.967,0.967,
1.0,1.0,1.0,1.0,1.0,1.0,1.0,1.0,1.0,1.0,
0.976,0.976,0.976,0.976,0.976,0.976,0.976,0.976,0.976,0.976,
0.981,0.981,0.981,0.981,0.981,0.981,0.981,0.981,0.981,0.981,
0.976,0.976,0.976,0.976,0.976,0.976,0.976,0.976,0.976,0.976,
0.96,0.96,0.96,0.96,0.96,0.96,0.96,0.96,0.96,0.96,
0.993,0.993,0.993,0.993,0.993,0.993,0.993,0.993,0.993,0.993,
0.984,0.984,0.984,0.984,0.984,0.984,0.984,0.984,0.984,0.984,
0.954,0.954,0.954,0.954,0.954,0.954,0.954,0.954,0.954,0.954,
0.983,0.983,0.983,0.983,0.983,0.983,0.983,0.983,0.983,0.983,
0.948,0.948,0.948,0.948,0.948,0.948,0.948,0.948,0.948,0.948,
0.981,0.981,0.981,0.981,0.981,0.981,0.981,0.981,0.981,0.981,
0.881,0.881,0.881,0.881,0.881,0.881,0.881,0.881,0.881,0.881,
0.979,0.979,0.979,0.979,0.979,0.979,0.979,0.979,0.979,0.979,
0.986,0.986,0.986,0.986,0.986,0.986,0.986,0.986,0.986,0.986,
0.95,0.95,0.95,0.95,0.95,0.95,0.95,0.95,0.95,0.95,
0.945,0.945,0.945,0.945,0.945,0.945,0.945,0.945,0.945,0.945,
1.0,1.0,1.0,1.0,1.0,1.0,1.0,1.0,1.0,1.0,
0.97,0.97,0.97,0.97,0.97,0.97,0.97,0.97,0.97,0.97,
0.948,0.948,0.948,0.948,0.948,0.948,0.948,0.948,0.948,0.948,
0.986,0.986,0.986,0.986,0.986,0.986,0.986,0.986,0.986,0.986,
0.953,0.953,0.953,0.953,0.953,0.953,0.953,0.953,0.953,0.953,
0.972,0.972,0.972,0.972,0.972,0.972,0.972,0.972,0.972,0.972,
0.953,0.953,0.953,0.953,0.953,0.953,0.953,0.953,0.953,0.953,
0.973,0.973,0.973,0.973,0.973,0.973,0.973,0.973,0.973,0.973,
0.993,0.993,0.993,0.993,0.993,0.993,0.993,0.993,0.993,0.993,
0.974,0.974,0.974,0.974,0.974,0.974,0.974,0.974,0.974,0.974,
0.98,0.98,0.98,0.98,0.98,0.98,0.98,0.98,0.98,0.98,
1.0,1.0,1.0,1.0,1.0,1.0,1.0,1.0,1.0,1.0,
0.973,0.973,0.973,0.973,0.973,0.973,0.973,0.973,0.973,0.973,
0.982,0.982,0.982,0.982,0.982,0.982,0.982,0.982,0.982,0.982,
0.972,0.972,0.972,0.972,0.972,0.972,0.972,0.972,0.972,0.972,
0.974,0.974,0.974,0.974,0.974,0.974,0.974,0.974,0.974,0.974,
0.982,0.982,0.982,0.982,0.982,0.982,0.982,0.982,0.982,0.982,
0.956,0.956,0.956,0.956,0.956,0.956,0.956,0.956,0.956,0.956,
0.95,0.95,0.95,0.95,0.95,0.95,0.95,0.95,0.95,0.95,
0.976,0.976,0.976,0.976,0.976,0.976,0.976,0.976,0.976,0.976,
1.0,1.0,1.0,1.0,1.0,1.0,1.0,1.0,1.0,1.0,
0.982,0.982,0.982,0.982,0.982,0.982,0.982,0.982,0.982,0.982,
0.96,0.96,0.96,0.96,0.96,0.96,0.96,0.96,0.96,0.96,
0.961,0.961,0.961,0.961,0.961,0.961,0.961,0.961,0.961,0.961,
0.969,0.969,0.969,0.969,0.969,0.969,0.969,0.969,0.969,0.969,
0.929,0.929,0.929,0.929,0.929,0.929,0.929,0.929,0.929,0.929,
1.0,1.0,1.0,1.0,1.0,1.0,1.0,1.0,1.0,1.0,
0.995,0.995,0.995,0.995,0.995,0.995,0.995,0.995,0.995,0.995,
0.973,0.973,0.973,0.973,0.973,0.973,0.973,0.973,0.973,0.973,
1.0,1.0,1.0,1.0,1.0,1.0,1.0,1.0,1.0,1.0,
0.956,0.956,0.956,0.956,0.956,0.956,0.956,0.956,0.956,0.956,
1.0,1.0,1.0,1.0,1.0,1.0,1.0,1.0,1.0,1.0,
0.996,0.996,0.996,0.996,0.996,0.996,0.996,0.996,0.996,0.996,
0.98,0.98,0.98,0.98,0.98,0.98,0.98,0.98,0.98,0.98,
0.995,0.995,0.995,0.995,0.995,0.995,0.995,0.995,0.995,0.995,
0.925,0.925,0.925,0.925,0.925,0.925,0.925,0.925,0.925,0.925,
0.95,0.95,0.95,0.95,0.95,0.95,0.95,0.95,0.95,0.95,
0.995,0.995,0.995,0.995,0.995,0.995,0.995,0.995,0.995,0.995,
0.987,0.987,0.987,0.987,0.987,0.987,0.987,0.987,0.987,0.987,
0.964,0.964,0.964,0.964,0.964,0.964,0.964,0.964,0.964,0.964,
0.978,0.978,0.978,0.978,0.978,0.978,0.978,0.978,0.978,0.978,
0.99,0.99,0.99,0.99,0.99,0.99,0.99,0.99,0.99,0.99,
1.0,1.0,1.0,1.0,1.0,1.0,1.0,1.0,1.0,1.0,
0.943,0.943,0.943,0.943,0.943,0.943,0.943,0.943,0.943,0.943,
0.987,0.987,0.987,0.987,0.987,0.987,0.987,0.987,0.987,0.987,
0.889,0.889,0.889,0.889,0.889,0.889,0.889,0.889,0.889,0.889,
0.992,0.992,0.992,0.992,0.992,0.992,0.992,0.992,0.992,0.992,
0.906,0.906,0.906,0.906,0.906,0.906,0.906,0.906,0.906,0.906,
0.987,0.987,0.987,0.987,0.987,0.987,0.987,0.987,0.987,0.987,
0.972,0.972,0.972,0.972,0.972,0.972,0.972,0.972,0.972,0.972,
0.934,0.934,0.934,0.934,0.934,0.934,0.934,0.934,0.934,0.934,
0.994,0.994,0.994,0.994,0.994,0.994,0.994,0.994,0.994,0.994,
0.968,0.968,0.968,0.968,0.968,0.968,0.968,0.968,0.968,0.968,
0.95,0.95,0.95,0.95,0.95,0.95,0.95,0.95,0.95,0.95,
0.962,0.962,0.962,0.962,0.962,0.962,0.962,0.962,0.962,0.962,
0.961,0.961,0.961,0.961,0.961,0.961,0.961,0.961,0.961,0.961,
0.966,0.966,0.966,0.966,0.966,0.966,0.966,0.966,0.966,0.966,
0.987,0.987,0.987,0.987,0.987,0.987,0.987,0.987,0.987,0.987,
0.975,0.975,0.975,0.975,0.975,0.975,0.975,0.975,0.975,0.975,
0.986,0.986,0.986,0.986,0.986,0.986,0.986,0.986,0.986,0.986,
0.987,0.987,0.987,0.987,0.987,0.987,0.987,0.987,0.987,0.987,
0.958,0.958,0.958,0.958,0.958,0.958,0.958,0.958,0.958,0.958,
0.997,0.997,0.997,0.997,0.997,0.997,0.997,0.997,0.997,0.997,
0.969,0.969,0.969,0.969,0.969,0.969,0.969,0.969,0.969,0.969,
0.985,0.985,0.985,0.985,0.985,0.985,0.985,0.985,0.985,0.985,
0.903,0.903,0.903,0.903,0.903,0.903,0.903,0.903,0.903,0.903,
0.976,0.976,0.976,0.976,0.976,0.976,0.976,0.976,0.976,0.976,
0.925,0.925,0.925,0.925,0.925,0.925,0.925,0.925,0.925,0.925,
0.935,0.935,0.935,0.935,0.935,0.935,0.935,0.935,0.935,0.935,
0.964,0.964,0.964,0.964,0.964,0.964,0.964,0.964,0.964,0.964,
0.982,0.982,0.982,0.982,0.982,0.982,0.982,0.982,0.982,0.982,
0.964,0.964,0.964,0.964,0.964,0.964,0.964,0.964,0.964,0.964,
0.964,0.964,0.964,0.964,0.964,0.964,0.964,0.964,0.964,0.964,
0.931,0.931,0.931,0.931,0.931,0.931,0.931,0.931,0.931,0.931,
0.953,0.953,0.953,0.953,0.953,0.953,0.953,0.953,0.953,0.953,
0.968,0.968,0.968,0.968,0.968,0.968,0.968,0.968,0.968,0.968,
1.0,1.0,1.0,1.0,1.0,1.0,1.0,1.0,1.0,1.0,
0.99,0.99,0.99,0.99,0.99,0.99,0.99,0.99,0.99,0.99,
0.993,0.993,0.993,0.993,0.993,0.993,0.993,0.993,0.993,0.993,

0.985,0.985,0.985,0.985,0.985,0.985,0.985,0.985,0.985,0.985,
0.951,0.951,0.951,0.951,0.951,0.951,0.951,0.951,0.951,0.951,
0.969,0.969,0.969,0.969,0.969,0.969,0.969,0.969,0.969,0.969,
0.997,0.997,0.997,0.997,0.997,0.997,0.997,0.997,0.997,0.997,
0.952,0.952,0.952,0.952,0.952,0.952,0.952,0.952,0.952,0.952,
0.974,0.974,0.974,0.974,0.974,0.974,0.974,0.974,0.974,0.974,
0.987,0.987,0.987,0.987,0.987,0.987,0.987,0.987,0.987,0.987,
1.0,1.0,1.0,1.0,1.0,1.0,1.0,1.0,1.0,1.0,
0.913,0.913,0.913,0.913,0.913,0.913,0.913,0.913,0.913,0.913,
0.974,0.974,0.974,0.974,0.974,0.974,0.974,0.974,0.974,0.974,
1.0,1.0,1.0,1.0,1.0,1.0,1.0,1.0,1.0,1.0,
0.971,0.971,0.971,0.971,0.971,0.971,0.971,0.971,0.971,0.971,
0.971,0.971,0.971,0.971,0.971,0.971,0.971,0.971,0.971,0.971,
0.985,0.985,0.985,0.985,0.985,0.985,0.985,0.985,0.985,0.985,
0.963,0.963,0.963,0.963,0.963,0.963,0.963,0.963,0.963,0.963,
0.972,0.972,0.972,0.972,0.972,0.972,0.972,0.972,0.972,0.972,
0.853,0.853,0.853,0.853,0.853,0.853,0.853,0.853,0.853,0.853,
0.984,0.984,0.984,0.984,0.984,0.984,0.984,0.984,0.984,0.984,
0.987,0.987,0.987,0.987,0.987,0.987,0.987,0.987,0.987,0.987,
0.978,0.978,0.978,0.978,0.978,0.978,0.978,0.978,0.978,0.978,
0.964,0.964,0.964,0.964,0.964,0.964,0.964,0.964,0.964,0.964,
0.97,0.97,0.97,0.97,0.97,0.97,0.97,0.97,0.97,0.97,
0.97,0.97,0.97,0.97,0.97,0.97,0.97,0.97,0.97,0.97,
0.974,0.974,0.974,0.974,0.974,0.974,0.974,0.974,0.974,0.974,
1.0,1.0,1.0,1.0,1.0,1.0,1.0,1.0,1.0,1.0,
0.983,0.983,0.983,0.983,0.983,0.983,0.983,0.983,0.983,0.983,
0.97,0.97,0.97,0.97,0.97,0.97,0.97,0.97,0.97,0.97,
0.947,0.947,0.947,0.947,0.947,0.947,0.947,0.947,0.947,0.947,
0.999,0.999,0.999,0.999,0.999,0.999,0.999,0.999,0.999,0.999,
0.969,0.969,0.969,0.969,0.969,0.969,0.969,0.969,0.969,0.969,
0.998,0.998,0.998,0.998,0.998,0.998,0.998,0.998,0.998,0.998,
0.964,0.964,0.964,0.964,0.964,0.964,0.964,0.964,0.964,0.964,
0.976,0.976,0.976,0.976,0.976,0.976,0.976,0.976,0.976,0.976,
0.995,0.995,0.995,0.995,0.995,0.995,0.995,0.995,0.995,0.995,
0.984,0.984,0.984,0.984,0.984,0.984,0.984,0.984,0.984,0.984,
0.959,0.959,0.959,0.959,0.959,0.959,0.959,0.959,0.959,0.959,
0.979,0.979,0.979,0.979,0.979,0.979,0.979,0.979,0.979,0.979,
0.983,0.983,0.983,0.983,0.983,0.983,0.983,0.983,0.983,0.983,
0.978,0.978,0.978,0.978,0.978,0.978,0.978,0.978,0.978,0.978,
0.978,0.978,0.978,0.978,0.978,0.978,0.978,0.978,0.978,0.978,
0.989,0.989,0.989,0.989,0.989,0.989,0.989,0.989,0.989,0.989,
0.92,0.92,0.92,0.92,0.92,0.92,0.92,0.92,0.92,0.92,
0.966,0.966,0.966,0.966,0.966,0.966,0.966,0.966,0.966,0.966,
0.97,0.97,0.97,0.97,0.97,0.97,0.97,0.97,0.97,0.97,
0.963,0.963,0.963,0.963,0.963,0.963,0.963,0.963,0.963,0.963,
1.0,1.0,1.0,1.0,1.0,1.0,1.0,1.0,1.0,1.0,
0.969,0.969,0.969,0.969,0.969,0.969,0.969,0.969,0.969,0.969,
0.915,0.915,0.915,0.915,0.915,0.915,0.915,0.915,0.915,0.915,
0.983,0.983,0.983,0.983,0.983,0.983,0.983,0.983,0.983,0.983,
0.978,0.978,0.978,0.978,0.978,0.978,0.978,0.978,0.978,0.978,
0.955,0.955,0.955,0.955,0.955,0.955,0.955,0.955,0.955,0.955,
1.0,1.0,1.0,1.0,1.0,1.0,1.0,1.0,1.0,1.0,
0.94,0.94,0.94,0.94,0.94,0.94,0.94,0.94,0.94,0.94,
0.952,0.952,0.952,0.952,0.952,0.952,0.952,0.952,0.952,0.952,
0.995,0.995,0.995,0.995,0.995,0.995,0.995,0.995,0.995,0.995,
0.96,0.96,0.96,0.96,0.96,0.96,0.96,0.96,0.96,0.96,
0.991,0.991,0.991,0.991,0.991,0.991,0.991,0.991,0.991,0.991,
0.979,0.979,0.979,0.979,0.979,0.979,0.979,0.979,0.979,0.979,
0.969,0.969,0.969,0.969,0.969,0.969,0.969,0.969,0.969,0.969,
0.975,0.975,0.975,0.975,0.975,0.975,0.975,0.975,0.975,0.975,
0.96,0.96,0.96,0.96,0.96,0.96,0.96,0.96,0.96,0.96,
0.983,0.983,0.983,0.983,0.983,0.983,0.983,0.983,0.983,0.983,
0.991,0.991,0.991,0.991,0.991,0.991,0.991,0.991,0.991,0.991,
0.962,0.962,0.962,0.962,0.962,0.962,0.962,0.962,0.962,0.962,
0.995,0.995,0.995,0.995,0.995,0.995,0.995,0.995,0.995,0.995,
0.959,0.959,0.959,0.959,0.959,0.959,0.959,0.959,0.959,0.959,
0.926,0.926,0.926,0.926,0.926,0.926,0.926,0.926,0.926,0.926,
0.979,0.979,0.979,0.979,0.979,0.979,0.979,0.979,0.979,0.979,
0.94,0.94,0.94,0.94,0.94,0.94,0.94,0.94,0.94,0.94,
1.0,1.0,1.0,1.0,1.0,1.0,1.0,1.0,1.0,1.0,
0.97,0.97,0.97,0.97,0.97,0.97,0.97,0.97,0.97,0.97,
0.985,0.985,0.985,0.985,0.985,0.985,0.985,0.985,0.985,0.985,
0.971,0.971,0.971,0.971,0.971,0.971,0.971,0.971,0.971,0.971,
0.967,0.967,0.967,0.967,0.967,0.967,0.967,0.967,0.967,0.967,
0.983,0.983,0.983,0.983,0.983,0.983,0.983,0.983,0.983,0.983,
0.97,0.97,0.97,0.97,0.97,0.97,0.97,0.97,0.97,0.97,
0.956,0.956,0.956,0.956,0.956,0.956,0.956,0.956,0.956,0.956,
0.94,0.94,0.94,0.94,0.94,0.94,0.94,0.94,0.94,0.94,
1.0,1.0,1.0,1.0,1.0,1.0,1.0,1.0,1.0,1.0,
0.934,0.934,0.934,0.934,0.934,0.934,0.934,0.934,0.934,0.934,
0.986,0.986,0.986,0.986,0.986,0.986,0.986,0.986,0.986,0.986,
0.996,0.996,0.996,0.996,0.996,0.996,0.996,0.996,0.996,0.996,
0.958,0.958,0.958,0.958,0.958,0.958,0.958,0.958,0.958,0.958,
0.974,0.974,0.974,0.974,0.974,0.974,0.974,0.974,0.974,0.974,
0.954,0.954,0.954,0.954,0.954,0.954,0.954,0.954,0.954,0.954,
0.992,0.992,0.992,0.992,0.992,0.992,0.992,0.992,0.992,0.992,
1.0,1.0,1.0,1.0,1.0,1.0,1.0,1.0,1.0,1.0,
0.992,0.992,0.992,0.992,0.992,0.992,0.992,0.992,0.992,0.992,
0.858,0.858,0.858,0.858,0.858,0.858,0.858,0.858,0.858,0.858,
0.972,0.972,0.972,0.972,0.972,0.972,0.972,0.972,0.972,0.972,
0.947,0.947,0.947,0.947,0.947,0.947,0.947,0.947,0.947,0.947,
0.965,0.965,0.965,0.965,0.965,0.965,0.965,0.965,0.965,0.965,
0.983,0.983,0.983,0.983,0.983,0.983,0.983,0.983,0.983,0.983,
0.927,0.927,0.927,0.927,0.927,0.927,0.927,0.927,0.927,0.927,
0.918,0.918,0.918,0.918,0.918,0.918,0.918,0.918,0.918,0.918,
0.978,0.978,0.978,0.978,0.978,0.978,0.978,0.978,0.978,0.978,
0.96,0.96,0.96,0.96,0.96,0.96,0.96,0.96,0.96,0.96,
0.97,0.97,0.97,0.97,0.97,0.97,0.97,0.97,0.97,0.97,
0.991,0.991,0.991,0.991,0.991,0.991,0.991,0.991,0.991,0.991,
0.981,0.981,0.981,0.981,0.981,0.981,0.981,0.981,0.981,0.981,

0.957,0.957,0.957,0.957,0.957,0.957,0.957,0.957,0.957,0.957,
0.971,0.971,0.971,0.971,0.971,0.971,0.971,0.971,0.971,0.971,
0.961,0.961,0.961,0.961,0.961,0.961,0.961,0.961,0.961,0.961,
0.957,0.957,0.957,0.957,0.957,0.957,0.957,0.957,0.957,0.957,
0.977,0.977,0.977,0.977,0.977,0.977,0.977,0.977,0.977,0.977,
0.954,0.954,0.954,0.954,0.954,0.954,0.954,0.954,0.954,0.954,
0.993,0.993,0.993,0.993,0.993,0.993,0.993,0.993,0.993,0.993,
0.989,0.989,0.989,0.989,0.989,0.989,0.989,0.989,0.989,0.989,
0.932,0.932,0.932,0.932,0.932,0.932,0.932,0.932,0.932,0.932,
0.973,0.973,0.973,0.973,0.973,0.973,0.973,0.973,0.973,0.973,
0.996,0.996,0.996,0.996,0.996,0.996,0.996,0.996,0.996,0.996,
0.965,0.965,0.965,0.965,0.965,0.965,0.965,0.965,0.965,0.965,
0.959,0.959,0.959,0.959,0.959,0.959,0.959,0.959,0.959,0.959,
0.98,0.98,0.98,0.98,0.98,0.98,0.98,0.98,0.98,0.98,
0.949,0.949,0.949,0.949,0.949,0.949,0.949,0.949,0.949,0.949,
0.987,0.987,0.987,0.987,0.987,0.987,0.987,0.987,0.987,0.987,
0.853,0.853,0.853,0.853,0.853,0.853,0.853,0.853,0.853,0.853,
1.0,1.0,1.0,1.0,1.0,1.0,1.0,1.0,1.0,1.0,
1.0,1.0,1.0,1.0,1.0,1.0,1.0,1.0,1.0,1.0,
0.971,0.971,0.971,0.971,0.971,0.971,0.971,0.971,0.971,0.971,
0.929,0.929,0.929,0.929,0.929,0.929,0.929,0.929,0.929,0.929,
0.992,0.992,0.992,0.992,0.992,0.992,0.992,0.992,0.992,0.992,
0.972,0.972,0.972,0.972,0.972,0.972,0.972,0.972,0.972,0.972,
1.0,1.0,1.0,1.0,1.0,1.0,1.0,1.0,1.0,1.0,
0.985,0.985,0.985,0.985,0.985,0.985,0.985,0.985,0.985,0.985,
0.986,0.986,0.986,0.986,0.986,0.986,0.986,0.986,0.986,0.986,
0.962,0.962,0.962,0.962,0.962,0.962,0.962,0.962,0.962,0.962,
0.98,0.98,0.98,0.98,0.98,0.98,0.98,0.98,0.98,0.98,
0.988,0.988,0.988,0.988,0.988,0.988,0.988,0.988,0.988,0.988,
0.972,0.972,0.972,0.972,0.972,0.972,0.972,0.972,0.972,0.972,
0.967,0.967,0.967,0.967,0.967,0.967,0.967,0.967,0.967,0.967,
0.984,0.984,0.984,0.984,0.984,0.984,0.984,0.984,0.984,0.984,
0.976,0.976,0.976,0.976,0.976,0.976,0.976,0.976,0.976,0.976,
0.98,0.98,0.98,0.98,0.98,0.98,0.98,0.98,0.98,0.98,
0.965,0.965,0.965,0.965,0.965,0.965,0.965,0.965,0.965,0.965,
0.953,0.953,0.953,0.953,0.953,0.953,0.953,0.953,0.953,0.953,
1.0,1.0,1.0,1.0,1.0,1.0,1.0,1.0,1.0,1.0,
0.983,0.983,0.983,0.983,0.983,0.983,0.983,0.983,0.983,0.983,
0.984,0.984,0.984,0.984,0.984,0.984,0.984,0.984,0.984,0.984,
0.967,0.967,0.967,0.967,0.967,0.967,0.967,0.967,0.967,0.967,
0.956,0.956,0.956,0.956,0.956,0.956,0.956,0.956,0.956,0.956,
0.928,0.928,0.928,0.928,0.928,0.928,0.928,0.928,0.928,0.928,
0.982,0.982,0.982,0.982,0.982,0.982,0.982,0.982,0.982,0.982,
0.954,0.954,0.954,0.954,0.954,0.954,0.954,0.954,0.954,0.954,
0.986,0.986,0.986,0.986,0.986,0.986,0.986,0.986,0.986,0.986,
0.967,0.967,0.967,0.967,0.967,0.967,0.967,0.967,0.967,0.967,
0.969,0.969,0.969,0.969,0.969,0.969,0.969,0.969,0.969,0.969,
0.955,0.955,0.955,0.955,0.955,0.955,0.955,0.955,0.955,0.955,
1.0,1.0,1.0,1.0,1.0,1.0,1.0,1.0,1.0,1.0,
0.994,0.994,0.994,0.994,0.994,0.994,0.994,0.994,0.994,0.994,
0.977,0.977,0.977,0.977,0.977,0.977,0.977,0.977,0.977,0.977,
0.958,0.958,0.958,0.958,0.958,0.958,0.958,0.958,0.958,0.958,
0.966,0.966,0.966,0.966,0.966,0.966,0.966,0.966,0.966,0.966,
0.959,0.959,0.959,0.959,0.959,0.959,0.959,0.959,0.959,0.959,
0.975,0.975,0.975,0.975,0.975,0.975,0.975,0.975,0.975,0.975,
1.0,1.0,1.0,1.0,1.0,1.0,1.0,1.0,1.0,1.0,
0.929,0.929,0.929,0.929,0.929,0.929,0.929,0.929,0.929,0.929,
0.975,0.975,0.975,0.975,0.975,0.975,0.975,0.975,0.975,0.975,
0.989,0.989,0.989,0.989,0.989,0.989,0.989,0.989,0.989,0.989,
0.979,0.979,0.979,0.979,0.979,0.979,0.979,0.979,0.979,0.979,
0.958,0.958,0.958,0.958,0.958,0.958,0.958,0.958,0.958,0.958,
0.983,0.983,0.983,0.983,0.983,0.983,0.983,0.983,0.983,0.983,
0.983,0.983,0.983,0.983,0.983,0.983,0.983,0.983,0.983,0.983,
0.956,0.956,0.956,0.956,0.956,0.956,0.956,0.956,0.956,0.956,
0.959,0.959,0.959,0.959,0.959,0.959,0.959,0.959,0.959,0.959,
1.0,1.0,1.0,1.0,1.0,1.0,1.0,1.0,1.0,1.0,
0.903,0.903,0.903,0.903,0.903,0.903,0.903,0.903,0.903,0.903,
0.974,0.974,0.974,0.974,0.974,0.974,0.974,0.974,0.974,0.974,
0.94,0.94,0.94,0.94,0.94,0.94,0.94,0.94,0.94,0.94,
0.976,0.976,0.976,0.976,0.976,0.976,0.976,0.976,0.976,0.976,
1.0,1.0,1.0,1.0,1.0,1.0,1.0,1.0,1.0,1.0,
0.968,0.968,0.968,0.968,0.968,0.968,0.968,0.968,0.968,0.968,
1.0,1.0,1.0,1.0,1.0,1.0,1.0,1.0,1.0,1.0,
0.986,0.986,0.986,0.986,0.986,0.986,0.986,0.986,0.986,0.986,
0.953,0.953,0.953,0.953,0.953,0.953,0.953,0.953,0.953,0.953,
0.968,0.968,0.968,0.968,0.968,0.968,0.968,0.968,0.968,0.968,
0.989,0.989,0.989,0.989,0.989,0.989,0.989,0.989,0.989,0.989,
0.983,0.983,0.983,0.983,0.983,0.983,0.983,0.983,0.983,0.983,
0.972,0.972,0.972,0.972,0.972,0.972,0.972,0.972,0.972,0.972,
0.913,0.913,0.913,0.913,0.913,0.913,0.913,0.913,0.913,0.913,
0.983,0.983,0.983,0.983,0.983,0.983,0.983,0.983,0.983,0.983,
0.99,0.99,0.99,0.99,0.99,0.99,0.99,0.99,0.99,0.99,
0.958,0.958,0.958,0.958,0.958,0.958,0.958,0.958,0.958,0.958,
0.975,0.975,0.975,0.975,0.975,0.975,0.975,0.975,0.975,0.975,
0.976,0.976,0.976,0.976,0.976,0.976,0.976,0.976,0.976,0.976,
0.985,0.985,0.985,0.985,0.985,0.985,0.985,0.985,0.985,0.985,
0.919,0.919,0.919,0.919,0.919,0.919,0.919,0.919,0.919,0.919,
0.953,0.953,0.953,0.953,0.953,0.953,0.953,0.953,0.953,0.953,
0.913,0.913,0.913,0.913,0.913,0.913,0.913,0.913,0.913,0.913,
0.964,0.964,0.964,0.964,0.964,0.964,0.964,0.964,0.964,0.964,
0.958,0.958,0.958,0.958,0.958,0.958,0.958,0.958,0.958,0.958,
0.959,0.959,0.959,0.959,0.959,0.959,0.959,0.959,0.959,0.959,
0.996,0.996,0.996,0.996,0.996,0.996,0.996,0.996,0.996,0.996,
0.931,0.931,0.931,0.931,0.931,0.931,0.931,0.931,0.931,0.931,
0.926,0.926,0.926,0.926,0.926,0.926,0.926,0.926,0.926,0.926,
0.919,0.919,0.919,0.919,0.919,0.919,0.919,0.919,0.919,0.919,
0.967,0.967,0.967,0.967,0.967,0.967,0.967,0.967,0.967,0.967,
0.985,0.985,0.985,0.985,0.985,0.985,0.985,0.985,0.985,0.985,
1.0,1.0,1.0,1.0,1.0,1.0,1.0,1.0,1.0,1.0,
0.981,0.981,0.981,0.981,0.981,0.981,0.981,0.981,0.981,0.981,

0.902,0.902,0.902,0.902,0.902,0.902,0.902,0.902,0.902,0.902,
0.973,0.973,0.973,0.973,0.973,0.973,0.973,0.973,0.973,0.973,
1.0,1.0,1.0,1.0,1.0,1.0,1.0,1.0,1.0,1.0,
0.989,0.989,0.989,0.989,0.989,0.989,0.989,0.989,0.989,0.989,
0.963,0.963,0.963,0.963,0.963,0.963,0.963,0.963,0.963,0.963,
0.952,0.952,0.952,0.952,0.952,0.952,0.952,0.952,0.952,0.952,
0.994,0.994,0.994,0.994,0.994,0.994,0.994,0.994,0.994,0.994,
0.973,0.973,0.973,0.973,0.973,0.973,0.973,0.973,0.973,0.973,
1.0,1.0,1.0,1.0,1.0,1.0,1.0,1.0,1.0,1.0,
0.962,0.962,0.962,0.962,0.962,0.962,0.962,0.962,0.962,0.962,
0.996,0.996,0.996,0.996,0.996,0.996,0.996,0.996,0.996,0.996,
0.972,0.972,0.972,0.972,0.972,0.972,0.972,0.972,0.972,0.972,
1.0,1.0,1.0,1.0,1.0,1.0,1.0,1.0,1.0,1.0,
0.965,0.965,0.965,0.965,0.965,0.965,0.965,0.965,0.965,0.965,
1.0,1.0,1.0,1.0,1.0,1.0,1.0,1.0,1.0,1.0,
1.0,1.0,1.0,1.0,1.0,1.0,1.0,1.0,1.0,1.0,
0.935,0.935,0.935,0.935,0.935,0.935,0.935,0.935,0.935,0.935,
0.961,0.961,0.961,0.961,0.961,0.961,0.961,0.961,0.961,0.961,
0.993,0.993,0.993,0.993,0.993,0.993,0.993,0.993,0.993,0.993,
0.953,0.953,0.953,0.953,0.953,0.953,0.953,0.953,0.953,0.953,
1.0,1.0,1.0,1.0,1.0,1.0,1.0,1.0,1.0,1.0,
0.955,0.955,0.955,0.955,0.955,0.955,0.955,0.955,0.955,0.955,
1.0,1.0,1.0,1.0,1.0,1.0,1.0,1.0,1.0,1.0,
0.998,0.998,0.998,0.998,0.998,0.998,0.998,0.998,0.998,0.998,
0.98,0.98,0.98,0.98,0.98,0.98,0.98,0.98,0.98,0.98,
0.983,0.983,0.983,0.983,0.983,0.983,0.983,0.983,0.983,0.983,
1.0,1.0,1.0,1.0,1.0,1.0,1.0,1.0,1.0,1.0,
0.969,0.969,0.969,0.969,0.969,0.969,0.969,0.969,0.969,0.969,
0.967,0.967,0.967,0.967,0.967,0.967,0.967,0.967,0.967,0.967,
0.961,0.961,0.961,0.961,0.961,0.961,0.961,0.961,0.961,0.961,
0.996,0.996,0.996,0.996,0.996,0.996,0.996,0.996,0.996,0.996,
0.949,0.949,0.949,0.949,0.949,0.949,0.949,0.949,0.949,0.949,
0.947,0.947,0.947,0.947,0.947,0.947,0.947,0.947,0.947,0.947,
0.973,0.973,0.973,0.973,0.973,0.973,0.973,0.973,0.973,0.973,
0.969,0.969,0.969,0.969,0.969,0.969,0.969,0.969,0.969,0.969,
0.992,0.992,0.992,0.992,0.992,0.992,0.992,0.992,0.992,0.992,
0.976,0.976,0.976,0.976,0.976,0.976,0.976,0.976,0.976,0.976,
0.983,0.983,0.983,0.983,0.983,0.983,0.983,0.983,0.983,0.983,
1.0,1.0,1.0,1.0,1.0,1.0,1.0,1.0,1.0,1.0,
0.976,0.976,0.976,0.976,0.976,0.976,0.976,0.976,0.976,0.976,
1.0,1.0,1.0,1.0,1.0,1.0,1.0,1.0,1.0,1.0,
0.95,0.95,0.95,0.95,0.95,0.95,0.95,0.95,0.95,0.95,
0.978,0.978,0.978,0.978,0.978,0.978,0.978,0.978,0.978,0.978,
0.968,0.968,0.968,0.968,0.968,0.968,0.968,0.968,0.968,0.968,
0.931,0.931,0.931,0.931,0.931,0.931,0.931,0.931,0.931,0.931,
0.993,0.993,0.993,0.993,0.993,0.993,0.993,0.993,0.993,0.993,
0.957,0.957,0.957,0.957,0.957,0.957,0.957,0.957,0.957,0.957,
0.867,0.867,0.867,0.867,0.867,0.867,0.867,0.867,0.867,0.867,
0.992,0.992,0.992,0.992,0.992,0.992,0.992,0.992,0.992,0.992,
0.921,0.921,0.921,0.921,0.921,0.921,0.921,0.921,0.921,0.921,
0.976,0.976,0.976,0.976,0.976,0.976,0.976,0.976,0.976,0.976,
0.951,0.951,0.951,0.951,0.951,0.951,0.951,0.951,0.951,0.951,
0.965,0.965,0.965,0.965,0.965,0.965,0.965,0.965,0.965,0.965,
0.982,0.982,0.982,0.982,0.982,0.982,0.982,0.982,0.982,0.982,
0.98,0.98,0.98,0.98,0.98,0.98,0.98,0.98,0.98,0.98,
0.993,0.993,0.993,0.993,0.993,0.993,0.993,0.993,0.993,0.993,
1.0,1.0,1.0,1.0,1.0,1.0,1.0,1.0,1.0,1.0,
1.0,1.0,1.0,1.0,1.0,1.0,1.0,1.0,1.0,1.0,
0.987,0.987,0.987,0.987,0.987,0.987,0.987,0.987,0.987,0.987,
0.969,0.969,0.969,0.969,0.969,0.969,0.969,0.969,0.969,0.969,
0.986,0.986,0.986,0.986,0.986,0.986,0.986,0.986,0.986,0.986,
0.973,0.973,0.973,0.973,0.973,0.973,0.973,0.973,0.973,0.973,
0.997,0.997,0.997,0.997,0.997,0.997,0.997,0.997,0.997,0.997,
0.982,0.982,0.982,0.982,0.982,0.982,0.982,0.982,0.982,0.982,
1.0,1.0,1.0,1.0,1.0,1.0,1.0,1.0,1.0,1.0,
0.996,0.996,0.996,0.996,0.996,0.996,0.996,0.996,0.996,0.996,
1.0,1.0,1.0,1.0,1.0,1.0,1.0,1.0,1.0,1.0,
0.995,0.995,0.995,0.995,0.995,0.995,0.995,0.995,0.995,0.995,
1.0,1.0,1.0,1.0,1.0,1.0,1.0,1.0,1.0,1.0,
0.972,0.972,0.972,0.972,0.972,0.972,0.972,0.972,0.972,0.972,
0.969,0.969,0.969,0.969,0.969,0.969,0.969,0.969,0.969,0.969,
0.976,0.976,0.976,0.976,0.976,0.976,0.976,0.976,0.976,0.976,
0.979,0.979,0.979,0.979,0.979,0.979,0.979,0.979,0.979,0.979,
0.946,0.946,0.946,0.946,0.946,0.946,0.946,0.946,0.946,0.946,
1.0,1.0,1.0,1.0,1.0,1.0,1.0,1.0,1.0,1.0,
0.936,0.936,0.936,0.936,0.936,0.936,0.936,0.936,0.936,0.936,
0.998,0.998,0.998,0.998,0.998,0.998,0.998,0.998,0.998,0.998,
0.966,0.966,0.966,0.966,0.966,0.966,0.966,0.966,0.966,0.966,
0.971,0.971,0.971,0.971,0.971,0.971,0.971,0.971,0.971,0.971,
0.957,0.957,0.957,0.957,0.957,0.957,0.957,0.957,0.957,0.957,
0.987,0.987,0.987,0.987,0.987,0.987,0.987,0.987,0.987,0.987,
0.979,0.979,0.979,0.979,0.979,0.979,0.979,0.979,0.979,0.979,
0.962,0.962,0.962,0.962,0.962,0.962,0.962,0.962,0.962,0.962,
0.988,0.988,0.988,0.988,0.988,0.988,0.988,0.988,0.988,0.988,
0.979,0.979,0.979,0.979,0.979,0.979,0.979,0.979,0.979,0.979,
0.97,0.97,0.97,0.97,0.97,0.97,0.97,0.97,0.97,0.97,
0.967,0.967,0.967,0.967,0.967,0.967,0.967,0.967,0.967,0.967,
0.969,0.969,0.969,0.969,0.969,0.969,0.969,0.969,0.969,0.969,
1.0,1.0,1.0,1.0,1.0,1.0,1.0,1.0,1.0,1.0,
0.983,0.983,0.983,0.983,0.983,0.983,0.983,0.983,0.983,0.983,
1.0,1.0,1.0,1.0,1.0,1.0,1.0,1.0,1.0,1.0,
0.992,0.992,0.992,0.992,0.992,0.992,0.992,0.992,0.992,0.992,
0.992,0.992,0.992,0.992,0.992,0.992,0.992,0.992,0.992,0.992,
0.928,0.928,0.928,0.928,0.928,0.928,0.928,0.928,0.928,0.928,
0.935,0.935,0.935,0.935,0.935,0.935,0.935,0.935,0.935,0.935,
0.951,0.951,0.951,0.951,0.951,0.951,0.951,0.951,0.951,0.951,
1.0,1.0,1.0,1.0,1.0,1.0,1.0,1.0,1.0,1.0,
0.965,0.965,0.965,0.965,0.965,0.965,0.965,0.965,0.965,0.965,
0.975,0.975,0.975,0.975,0.975,0.975,0.975,0.975,0.975,0.975,
1.0,1.0,1.0,1.0,1.0,1.0,1.0,1.0,1.0,1.0,

0.966,0.966,0.966,0.966,0.966,0.966,0.966,0.966,0.966,0.966,
0.959,0.959,0.959,0.959,0.959,0.959,0.959,0.959,0.959,0.959,
0.979,0.979,0.979,0.979,0.979,0.979,0.979,0.979,0.979,0.979,
0.981,0.981,0.981,0.981,0.981,0.981,0.981,0.981,0.981,0.981,
0.997,0.997,0.997,0.997,0.997,0.997,0.997,0.997,0.997,0.997,
0.972,0.972,0.972,0.972,0.972,0.972,0.972,0.972,0.972,0.972,
0.948,0.948,0.948,0.948,0.948,0.948,0.948,0.948,0.948,0.948,
0.99,0.99,0.99,0.99,0.99,0.99,0.99,0.99,0.99,0.99,
0.919,0.919,0.919,0.919,0.919,0.919,0.919,0.919,0.919,0.919,
0.948,0.948,0.948,0.948,0.948,0.948,0.948,0.948,0.948,0.948,
0.999,0.999,0.999,0.999,0.999,0.999,0.999,0.999,0.999,0.999,
0.954,0.954,0.954,0.954,0.954,0.954,0.954,0.954,0.954,0.954,
0.93,0.93,0.93,0.93,0.93,0.93,0.93,0.93,0.93,0.93,
0.977,0.977,0.977,0.977,0.977,0.977,0.977,0.977,0.977,0.977,
0.969,0.969,0.969,0.969,0.969,0.969,0.969,0.969,0.969,0.969,
0.977,0.977,0.977,0.977,0.977,0.977,0.977,0.977,0.977,0.977,
0.877,0.877,0.877,0.877,0.877,0.877,0.877,0.877,0.877,0.877,
0.984,0.984,0.984,0.984,0.984,0.984,0.984,0.984,0.984,0.984,
0.982,0.982,0.982,0.982,0.982,0.982,0.982,0.982,0.982,0.982,
1.0,1.0,1.0,1.0,1.0,1.0,1.0,1.0,1.0,1.0,
0.935,0.935,0.935,0.935,0.935,0.935,0.935,0.935,0.935,0.935,
0.916,0.916,0.916,0.916,0.916,0.916,0.916,0.916,0.916,0.916,
0.964,0.964,0.964,0.964,0.964,0.964,0.964,0.964,0.964,0.964,
0.974,0.974,0.974,0.974,0.974,0.974,0.974,0.974,0.974,0.974,
0.979,0.979,0.979,0.979,0.979,0.979,0.979,0.979,0.979,0.979,
0.953,0.953,0.953,0.953,0.953,0.953,0.953,0.953,0.953,0.953,
0.976,0.976,0.976,0.976,0.976,0.976,0.976,0.976,0.976,0.976,
0.939,0.939,0.939,0.939,0.939,0.939,0.939,0.939,0.939,0.939,
0.962,0.962,0.962,0.962,0.962,0.962,0.962,0.962,0.962,0.962,
0.975,0.975,0.975,0.975,0.975,0.975,0.975,0.975,0.975,0.975,
0.955,0.955,0.955,0.955,0.955,0.955,0.955,0.955,0.955,0.955,
0.965,0.965,0.965,0.965,0.965,0.965,0.965,0.965,0.965,0.965,
0.938,0.938,0.938,0.938,0.938,0.938,0.938,0.938,0.938,0.938,
0.966,0.966,0.966,0.966,0.966,0.966,0.966,0.966,0.966,0.966,
0.969,0.969,0.969,0.969,0.969,0.969,0.969,0.969,0.969,0.969,
0.959,0.959,0.959,0.959,0.959,0.959,0.959,0.959,0.959,0.959,
0.984,0.984,0.984,0.984,0.984,0.984,0.984,0.984,0.984,0.984,
0.953,0.953,0.953,0.953,0.953,0.953,0.953,0.953,0.953,0.953,
0.971,0.971,0.971,0.971,0.971,0.971,0.971,0.971,0.971,0.971,
0.935,0.935,0.935,0.935,0.935,0.935,0.935,0.935,0.935,0.935,
0.945,0.945,0.945,0.945,0.945,0.945,0.945,0.945,0.945,0.945,
0.973,0.973,0.973,0.973,0.973,0.973,0.973,0.973,0.973,0.973,
0.966,0.966,0.966,0.966,0.966,0.966,0.966,0.966,0.966,0.966,
0.959,0.959,0.959,0.959,0.959,0.959,0.959,0.959,0.959,0.959,
0.946,0.946,0.946,0.946,0.946,0.946,0.946,0.946,0.946,0.946,
0.973,0.973,0.973,0.973,0.973,0.973,0.973,0.973,0.973,0.973,
0.929,0.929,0.929,0.929,0.929,0.929,0.929,0.929,0.929,0.929,
0.971,0.971,0.971,0.971,0.971,0.971,0.971,0.971,0.971,0.971,
0.985,0.985,0.985,0.985,0.985,0.985,0.985,0.985,0.985,0.985,
1.0,1.0,1.0,1.0,1.0,1.0,1.0,1.0,1.0,1.0,
0.966,0.966,0.966,0.966,0.966,0.966,0.966,0.966,0.966,0.966,
0.95,0.95,0.95,0.95,0.95,0.95,0.95,0.95,0.95,0.95,
0.967,0.967,0.967,0.967,0.967,0.967,0.967,0.967,0.967,0.967,
1.0,1.0,1.0,1.0,1.0,1.0,1.0,1.0,1.0,1.0,
0.981,0.981,0.981,0.981,0.981,0.981,0.981,0.981,0.981,0.981,
0.992,0.992,0.992,0.992,0.992,0.992,0.992,0.992,0.992,0.992,
0.926,0.926,0.926,0.926,0.926,0.926,0.926,0.926,0.926,0.926,
0.942,0.942,0.942,0.942,0.942,0.942,0.942,0.942,0.942,0.942,
0.948,0.948,0.948,0.948,0.948,0.948,0.948,0.948,0.948,0.948,
0.984,0.984,0.984,0.984,0.984,0.984,0.984,0.984,0.984,0.984,
0.967,0.967,0.967,0.967,0.967,0.967,0.967,0.967,0.967,0.967,
0.965,0.965,0.965,0.965,0.965,0.965,0.965,0.965,0.965,0.965,
0.996,0.996,0.996,0.996,0.996,0.996,0.996,0.996,0.996,0.996,
0.99,0.99,0.99,0.99,0.99,0.99,0.99,0.99,0.99,0.99,
0.934,0.934,0.934,0.934,0.934,0.934,0.934,0.934,0.934,0.934,
0.965,0.965,0.965,0.965,0.965,0.965,0.965,0.965,0.965,0.965,
0.92,0.92,0.92,0.92,0.92,0.92,0.92,0.92,0.92,0.92,
0.987,0.987,0.987,0.987,0.987,0.987,0.987,0.987,0.987,0.987,
0.906,0.906,0.906,0.906,0.906,0.906,0.906,0.906,0.906,0.906,
0.979,0.979,0.979,0.979,0.979,0.979,0.979,0.979,0.979,0.979,
0.954,0.954,0.954,0.954,0.954,0.954,0.954,0.954,0.954,0.954,
0.989,0.989,0.989,0.989,0.989,0.989,0.989,0.989,0.989,0.989,
0.994,0.994,0.994,0.994,0.994,0.994,0.994,0.994,0.994,0.994,
0.974,0.974,0.974,0.974,0.974,0.974,0.974,0.974,0.974,0.974,
0.978,0.978,0.978,0.978,0.978,0.978,0.978,0.978,0.978,0.978,
0.957,0.957,0.957,0.957,0.957,0.957,0.957,0.957,0.957,0.957,
0.964,0.964,0.964,0.964,0.964,0.964,0.964,0.964,0.964,0.964,
0.966,0.966,0.966,0.966,0.966,0.966,0.966,0.966,0.966,0.966,
0.995,0.995,0.995,0.995,0.995,0.995,0.995,0.995,0.995,0.995,
0.964,0.964,0.964,0.964,0.964,0.964,0.964,0.964,0.964,0.964,
0.972,0.972,0.972,0.972,0.972,0.972,0.972,0.972,0.972,0.972,
1.0,1.0,1.0,1.0,1.0,1.0,1.0,1.0,1.0,1.0,
1.0,1.0,1.0,1.0,1.0,1.0,1.0,1.0,1.0,1.0,
0.987,0.987,0.987,0.987,0.987,0.987,0.987,0.987,0.987,0.987,
0.965,0.965,0.965,0.965,0.965,0.965,0.965,0.965,0.965,0.965,
0.969,0.969,0.969,0.969,0.969,0.969,0.969,0.969,0.969,0.969,
0.898,0.898,0.898,0.898,0.898,0.898,0.898,0.898,0.898,0.898,
0.952,0.952,0.952,0.952,0.952,0.952,0.952,0.952,0.952,0.952,
0.913,0.913,0.913,0.913,0.913,0.913,0.913,0.913,0.913,0.913,
0.973,0.973,0.973,0.973,0.973,0.973,0.973,0.973,0.973,0.973,
0.954,0.954,0.954,0.954,0.954,0.954,0.954,0.954,0.954,0.954,
0.972,0.972,0.972,0.972,0.972,0.972,0.972,0.972,0.972,0.972,
0.976,0.976,0.976,0.976,0.976,0.976,0.976,0.976,0.976,0.976,
1.0,1.0,1.0,1.0,1.0,1.0,1.0,1.0,1.0,1.0,
0.92,0.92,0.92,0.92,0.92,0.92,0.92,0.92,0.92,0.92,
0.951,0.951,0.951,0.951,0.951,0.951,0.951,0.951,0.951,0.951,
0.972,0.972,0.972,0.972,0.972,0.972,0.972,0.972,0.972,0.972,
0.974,0.974,0.974,0.974,0.974,0.974,0.974,0.974,0.974,0.974,
0.967,0.967,0.967,0.967,0.967,0.967,0.967,0.967,0.967,0.967,
0.984,0.984,0.984,0.984,0.984,0.984,0.984,0.984,0.984,0.984,


