0.072,0.072,0.072,0.072,0.072,0.072,0.072,0.072,0.072,0.072,
0.033,0.033,0.033,0.033,0.033,0.033,0.033,0.033,0.033,0.033,
0.024,0.024,0.024,0.024,0.024,0.024,0.024,0.024,0.024,0.024,
-0.014,-0.014,-0.014,-0.014,-0.014,-0.014,-0.014,-0.014,-0.014,-0.014,
0.012,0.012,0.012,0.012,0.012,0.012,0.012,0.012,0.012,0.012,
0.013,0.013,0.013,0.013,0.013,0.013,0.013,0.013,0.013,0.013,
0.007,0.007,0.007,0.007,0.007,0.007,0.007,0.007,0.007,0.007,
0.002,0.002,0.002,0.002,0.002,0.002,0.002,0.002,0.002,0.002,
0.013,0.013,0.013,0.013,0.013,0.013,0.013,0.013,0.013,0.013,
0.03,0.03,0.03,0.03,0.03,0.03,0.03,0.03,0.03,0.03,
-0.018,-0.018,-0.018,-0.018,-0.018,-0.018,-0.018,-0.018,-0.018,-0.018,
0.018,0.018,0.018,0.018,0.018,0.018,0.018,0.018,0.018,0.018,
0.013,0.013,0.013,0.013,0.013,0.013,0.013,0.013,0.013,0.013,
-0.038,-0.038,-0.038,-0.038,-0.038,-0.038,-0.038,-0.038,-0.038,-0.038,
0.031,0.031,0.031,0.031,0.031,0.031,0.031,0.031,0.031,0.031,
0.01,0.01,0.01,0.01,0.01,0.01,0.01,0.01,0.01,0.01,
0.135,0.135,0.135,0.135,0.135,0.135,0.135,0.135,0.135,0.135,
0.031,0.031,0.031,0.031,0.031,0.031,0.031,0.031,0.031,0.031,
0.01,0.01,0.01,0.01,0.01,0.01,0.01,0.01,0.01,0.01,
0.085,0.085,0.085,0.085,0.085,0.085,0.085,0.085,0.085,0.085,
0.017,0.017,0.017,0.017,0.017,0.017,0.017,0.017,0.017,0.017,
0.023,0.023,0.023,0.023,0.023,0.023,0.023,0.023,0.023,0.023,
0.006,0.006,0.006,0.006,0.006,0.006,0.006,0.006,0.006,0.006,
0.028,0.028,0.028,0.028,0.028,0.028,0.028,0.028,0.028,0.028,
0.007,0.007,0.007,0.007,0.007,0.007,0.007,0.007,0.007,0.007,
0.008,0.008,0.008,0.008,0.008,0.008,0.008,0.008,0.008,0.008,
0.006,0.006,0.006,0.006,0.006,0.006,0.006,0.006,0.006,0.006,
0.007,0.007,0.007,0.007,0.007,0.007,0.007,0.007,0.007,0.007,
0.014,0.014,0.014,0.014,0.014,0.014,0.014,0.014,0.014,0.014,
-0.009,-0.009,-0.009,-0.009,-0.009,-0.009,-0.009,-0.009,-0.009,-0.009,
0.004,0.004,0.004,0.004,0.004,0.004,0.004,0.004,0.004,0.004,
0.017,0.017,0.017,0.017,0.017,0.017,0.017,0.017,0.017,0.017,
0.013,0.013,0.013,0.013,0.013,0.013,0.013,0.013,0.013,0.013,
-0.017,-0.017,-0.017,-0.017,-0.017,-0.017,-0.017,-0.017,-0.017,-0.017,
0.029,0.029,0.029,0.029,0.029,0.029,0.029,0.029,0.029,0.029,
0.03,0.03,0.03,0.03,0.03,0.03,0.03,0.03,0.03,0.03,
0.01,0.01,0.01,0.01,0.01,0.01,0.01,0.01,0.01,0.01,
0.02,0.02,0.02,0.02,0.02,0.02,0.02,0.02,0.02,0.02,
0.034,0.034,0.034,0.034,0.034,0.034,0.034,0.034,0.034,0.034,
0.029,0.029,0.029,0.029,0.029,0.029,0.029,0.029,0.029,0.029,
0.019,0.019,0.019,0.019,0.019,0.019,0.019,0.019,0.019,0.019,
0.026,0.026,0.026,0.026,0.026,0.026,0.026,0.026,0.026,0.026,
0.039,0.039,0.039,0.039,0.039,0.039,0.039,0.039,0.039,0.039,
0.05,0.05,0.05,0.05,0.05,0.05,0.05,0.05,0.05,0.05,
0.017,0.017,0.017,0.017,0.017,0.017,0.017,0.017,0.017,0.017,
-0.001,-0.001,-0.001,-0.001,-0.001,-0.001,-0.001,-0.001,-0.001,-0.001,
0.04,0.04,0.04,0.04,0.04,0.04,0.04,0.04,0.04,0.04,
0.002,0.002,0.002,0.002,0.002,0.002,0.002,0.002,0.002,0.002,
-0.009,-0.009,-0.009,-0.009,-0.009,-0.009,-0.009,-0.009,-0.009,-0.009,
0.039,0.039,0.039,0.039,0.039,0.039,0.039,0.039,0.039,0.039,
-0.001,-0.001,-0.001,-0.001,-0.001,-0.001,-0.001,-0.001,-0.001,-0.001,
0.013,0.013,0.013,0.013,0.013,0.013,0.013,0.013,0.013,0.013,
-0.002,-0.002,-0.002,-0.002,-0.002,-0.002,-0.002,-0.002,-0.002,-0.002,
0.029,0.029,0.029,0.029,0.029,0.029,0.029,0.029,0.029,0.029,
0.018,0.018,0.018,0.018,0.018,0.018,0.018,0.018,0.018,0.018,
-0.015,-0.015,-0.015,-0.015,-0.015,-0.015,-0.015,-0.015,-0.015,-0.015,
0.003,0.003,0.003,0.003,0.003,0.003,0.003,0.003,0.003,0.003,
0.032,0.032,0.032,0.032,0.032,0.032,0.032,0.032,0.032,0.032,
0.024,0.024,0.024,0.024,0.024,0.024,0.024,0.024,0.024,0.024,
0.024,0.024,0.024,0.024,0.024,0.024,0.024,0.024,0.024,0.024,
0.019,0.019,0.019,0.019,0.019,0.019,0.019,0.019,0.019,0.019,
0.004,0.004,0.004,0.004,0.004,0.004,0.004,0.004,0.004,0.004,
0.004,0.004,0.004,0.004,0.004,0.004,0.004,0.004,0.004,0.004,
-0.004,-0.004,-0.004,-0.004,-0.004,-0.004,-0.004,-0.004,-0.004,-0.004,
0.047,0.047,0.047,0.047,0.047,0.047,0.047,0.047,0.047,0.047,
-0.027,-0.027,-0.027,-0.027,-0.027,-0.027,-0.027,-0.027,-0.027,-0.027,
0.022,0.022,0.022,0.022,0.022,0.022,0.022,0.022,0.022,0.022,
-0.01,-0.01,-0.01,-0.01,-0.01,-0.01,-0.01,-0.01,-0.01,-0.01,
0.03,0.03,0.03,0.03,0.03,0.03,0.03,0.03,0.03,0.03,
0.018,0.018,0.018,0.018,0.018,0.018,0.018,0.018,0.018,0.018,
0.004,0.004,0.004,0.004,0.004,0.004,0.004,0.004,0.004,0.004,
0.006,0.006,0.006,0.006,0.006,0.006,0.006,0.006,0.006,0.006,
-0.024,-0.024,-0.024,-0.024,-0.024,-0.024,-0.024,-0.024,-0.024,-0.024,
0.034,0.034,0.034,0.034,0.034,0.034,0.034,0.034,0.034,0.034,
-0.001,-0.001,-0.001,-0.001,-0.001,-0.001,-0.001,-0.001,-0.001,-0.001,
0.016,0.016,0.016,0.016,0.016,0.016,0.016,0.016,0.016,0.016,
0.032,0.032,0.032,0.032,0.032,0.032,0.032,0.032,0.032,0.032,
-0.012,-0.012,-0.012,-0.012,-0.012,-0.012,-0.012,-0.012,-0.012,-0.012,
0.011,0.011,0.011,0.011,0.011,0.011,0.011,0.011,0.011,0.011,
-0.017,-0.017,-0.017,-0.017,-0.017,-0.017,-0.017,-0.017,-0.017,-0.017,
0.03,0.03,0.03,0.03,0.03,0.03,0.03,0.03,0.03,0.03,
-0.003,-0.003,-0.003,-0.003,-0.003,-0.003,-0.003,-0.003,-0.003,-0.003,
-0.035,-0.035,-0.035,-0.035,-0.035,-0.035,-0.035,-0.035,-0.035,-0.035,
0.004,0.004,0.004,0.004,0.004,0.004,0.004,0.004,0.004,0.004,
0.028,0.028,0.028,0.028,0.028,0.028,0.028,0.028,0.028,0.028,
0.024,0.024,0.024,0.024,0.024,0.024,0.024,0.024,0.024,0.024,
0.059,0.059,0.059,0.059,0.059,0.059,0.059,0.059,0.059,0.059,
0.021,0.021,0.021,0.021,0.021,0.021,0.021,0.021,0.021,0.021,
0.02,0.02,0.02,0.02,0.02,0.02,0.02,0.02,0.02,0.02,
0.034,0.034,0.034,0.034,0.034,0.034,0.034,0.034,0.034,0.034,
0.024,0.024,0.024,0.024,0.024,0.024,0.024,0.024,0.024,0.024,
0.036,0.036,0.036,0.036,0.036,0.036,0.036,0.036,0.036,0.036,
-0.017,-0.017,-0.017,-0.017,-0.017,-0.017,-0.017,-0.017,-0.017,-0.017,
0.056,0.056,0.056,0.056,0.056,0.056,0.056,0.056,0.056,0.056,
0.051,0.051,0.051,0.051,0.051,0.051,0.051,0.051,0.051,0.051,
0.03,0.03,0.03,0.03,0.03,0.03,0.03,0.03,0.03,0.03,
-0.006,-0.006,-0.006,-0.006,-0.006,-0.006,-0.006,-0.006,-0.006,-0.006,
0.044,0.044,0.044,0.044,0.044,0.044,0.044,0.044,0.044,0.044,
-0.004,-0.004,-0.004,-0.004,-0.004,-0.004,-0.004,-0.004,-0.004,-0.004,
-0.014,-0.014,-0.014,-0.014,-0.014,-0.014,-0.014,-0.014,-0.014,-0.014,

-0.032,-0.032,-0.032,-0.032,-0.032,-0.032,-0.032,-0.032,-0.032,-0.032,
-0.008,-0.008,-0.008,-0.008,-0.008,-0.008,-0.008,-0.008,-0.008,-0.008,
0.016,0.016,0.016,0.016,0.016,0.016,0.016,0.016,0.016,0.016,
0.011,0.011,0.011,0.011,0.011,0.011,0.011,0.011,0.011,0.011,
0.026,0.026,0.026,0.026,0.026,0.026,0.026,0.026,0.026,0.026,
0.011,0.011,0.011,0.011,0.011,0.011,0.011,0.011,0.011,0.011,
-0.014,-0.014,-0.014,-0.014,-0.014,-0.014,-0.014,-0.014,-0.014,-0.014,
-0.009,-0.009,-0.009,-0.009,-0.009,-0.009,-0.009,-0.009,-0.009,-0.009,
0.024,0.024,0.024,0.024,0.024,0.024,0.024,0.024,0.024,0.024,
0.001,0.001,0.001,0.001,0.001,0.001,0.001,0.001,0.001,0.001,
0.019,0.019,0.019,0.019,0.019,0.019,0.019,0.019,0.019,0.019,
-0.034,-0.034,-0.034,-0.034,-0.034,-0.034,-0.034,-0.034,-0.034,-0.034,
-0.002,-0.002,-0.002,-0.002,-0.002,-0.002,-0.002,-0.002,-0.002,-0.002,
0.058,0.058,0.058,0.058,0.058,0.058,0.058,0.058,0.058,0.058,
-0.002,-0.002,-0.002,-0.002,-0.002,-0.002,-0.002,-0.002,-0.002,-0.002,
0.013,0.013,0.013,0.013,0.013,0.013,0.013,0.013,0.013,0.013,
0.0,0.0,0.0,0.0,0.0,0.0,0.0,0.0,0.0,0.0,
0.014,0.014,0.014,0.014,0.014,0.014,0.014,0.014,0.014,0.014,
-0.01,-0.01,-0.01,-0.01,-0.01,-0.01,-0.01,-0.01,-0.01,-0.01,
-0.039,-0.039,-0.039,-0.039,-0.039,-0.039,-0.039,-0.039,-0.039,-0.039,
0.017,0.017,0.017,0.017,0.017,0.017,0.017,0.017,0.017,0.017,
-0.019,-0.019,-0.019,-0.019,-0.019,-0.019,-0.019,-0.019,-0.019,-0.019,
-0.015,-0.015,-0.015,-0.015,-0.015,-0.015,-0.015,-0.015,-0.015,-0.015,
-0.014,-0.014,-0.014,-0.014,-0.014,-0.014,-0.014,-0.014,-0.014,-0.014,
0.0,0.0,0.0,0.0,0.0,0.0,0.0,0.0,0.0,0.0,
0.001,0.001,0.001,0.001,0.001,0.001,0.001,0.001,0.001,0.001,
-0.018,-0.018,-0.018,-0.018,-0.018,-0.018,-0.018,-0.018,-0.018,-0.018,
0.031,0.031,0.031,0.031,0.031,0.031,0.031,0.031,0.031,0.031,
0.005,0.005,0.005,0.005,0.005,0.005,0.005,0.005,0.005,0.005,
0.003,0.003,0.003,0.003,0.003,0.003,0.003,0.003,0.003,0.003,
-0.054,-0.054,-0.054,-0.054,-0.054,-0.054,-0.054,-0.054,-0.054,-0.054,
-0.023,-0.023,-0.023,-0.023,-0.023,-0.023,-0.023,-0.023,-0.023,-0.023,
-0.041,-0.041,-0.041,-0.041,-0.041,-0.041,-0.041,-0.041,-0.041,-0.041,
0.011,0.011,0.011,0.011,0.011,0.011,0.011,0.011,0.011,0.011,
0.0,0.0,0.0,0.0,0.0,0.0,0.0,0.0,0.0,0.0,
0.029,0.029,0.029,0.029,0.029,0.029,0.029,0.029,0.029,0.029,
-0.003,-0.003,-0.003,-0.003,-0.003,-0.003,-0.003,-0.003,-0.003,-0.003,
-0.007,-0.007,-0.007,-0.007,-0.007,-0.007,-0.007,-0.007,-0.007,-0.007,
0.013,0.013,0.013,0.013,0.013,0.013,0.013,0.013,0.013,0.013,
-0.022,-0.022,-0.022,-0.022,-0.022,-0.022,-0.022,-0.022,-0.022,-0.022,
0.002,0.002,0.002,0.002,0.002,0.002,0.002,0.002,0.002,0.002,
-0.005,-0.005,-0.005,-0.005,-0.005,-0.005,-0.005,-0.005,-0.005,-0.005,
-0.033,-0.033,-0.033,-0.033,-0.033,-0.033,-0.033,-0.033,-0.033,-0.033,
-0.015,-0.015,-0.015,-0.015,-0.015,-0.015,-0.015,-0.015,-0.015,-0.015,
-0.014,-0.014,-0.014,-0.014,-0.014,-0.014,-0.014,-0.014,-0.014,-0.014,
-0.011,-0.011,-0.011,-0.011,-0.011,-0.011,-0.011,-0.011,-0.011,-0.011,
-0.042,-0.042,-0.042,-0.042,-0.042,-0.042,-0.042,-0.042,-0.042,-0.042,
0.024,0.024,0.024,0.024,0.024,0.024,0.024,0.024,0.024,0.024,
0.008,0.008,0.008,0.008,0.008,0.008,0.008,0.008,0.008,0.008,
-0.02,-0.02,-0.02,-0.02,-0.02,-0.02,-0.02,-0.02,-0.02,-0.02,
0.034,0.034,0.034,0.034,0.034,0.034,0.034,0.034,0.034,0.034,
-0.032,-0.032,-0.032,-0.032,-0.032,-0.032,-0.032,-0.032,-0.032,-0.032,
0.017,0.017,0.017,0.017,0.017,0.017,0.017,0.017,0.017,0.017,
-0.023,-0.023,-0.023,-0.023,-0.023,-0.023,-0.023,-0.023,-0.023,-0.023,
-0.027,-0.027,-0.027,-0.027,-0.027,-0.027,-0.027,-0.027,-0.027,-0.027,
0.018,0.018,0.018,0.018,0.018,0.018,0.018,0.018,0.018,0.018,
-0.035,-0.035,-0.035,-0.035,-0.035,-0.035,-0.035,-0.035,-0.035,-0.035,
-0.03,-0.03,-0.03,-0.03,-0.03,-0.03,-0.03,-0.03,-0.03,-0.03,
-0.008,-0.008,-0.008,-0.008,-0.008,-0.008,-0.008,-0.008,-0.008,-0.008,
0.003,0.003,0.003,0.003,0.003,0.003,0.003,0.003,0.003,0.003,
0.016,0.016,0.016,0.016,0.016,0.016,0.016,0.016,0.016,0.016,
-0.014,-0.014,-0.014,-0.014,-0.014,-0.014,-0.014,-0.014,-0.014,-0.014,
0.004,0.004,0.004,0.004,0.004,0.004,0.004,0.004,0.004,0.004,
0.056,0.056,0.056,0.056,0.056,0.056,0.056,0.056,0.056,0.056,
-0.029,-0.029,-0.029,-0.029,-0.029,-0.029,-0.029,-0.029,-0.029,-0.029,
0.026,0.026,0.026,0.026,0.026,0.026,0.026,0.026,0.026,0.026,
-0.022,-0.022,-0.022,-0.022,-0.022,-0.022,-0.022,-0.022,-0.022,-0.022,
0.016,0.016,0.016,0.016,0.016,0.016,0.016,0.016,0.016,0.016,
-0.014,-0.014,-0.014,-0.014,-0.014,-0.014,-0.014,-0.014,-0.014,-0.014,
-0.019,-0.019,-0.019,-0.019,-0.019,-0.019,-0.019,-0.019,-0.019,-0.019,
-0.005,-0.005,-0.005,-0.005,-0.005,-0.005,-0.005,-0.005,-0.005,-0.005,
-0.018,-0.018,-0.018,-0.018,-0.018,-0.018,-0.018,-0.018,-0.018,-0.018,
-0.009,-0.009,-0.009,-0.009,-0.009,-0.009,-0.009,-0.009,-0.009,-0.009,
0.013,0.013,0.013,0.013,0.013,0.013,0.013,0.013,0.013,0.013,
0.027,0.027,0.027,0.027,0.027,0.027,0.027,0.027,0.027,0.027,
-0.029,-0.029,-0.029,-0.029,-0.029,-0.029,-0.029,-0.029,-0.029,-0.029,
-0.006,-0.006,-0.006,-0.006,-0.006,-0.006,-0.006,-0.006,-0.006,-0.006,
0.034,0.034,0.034,0.034,0.034,0.034,0.034,0.034,0.034,0.034,
-0.017,-0.017,-0.017,-0.017,-0.017,-0.017,-0.017,-0.017,-0.017,-0.017,
0.083,0.083,0.083,0.083,0.083,0.083,0.083,0.083,0.083,0.083,
-0.037,-0.037,-0.037,-0.037,-0.037,-0.037,-0.037,-0.037,-0.037,-0.037,
-0.004,-0.004,-0.004,-0.004,-0.004,-0.004,-0.004,-0.004,-0.004,-0.004,
0.031,0.031,0.031,0.031,0.031,0.031,0.031,0.031,0.031,0.031,
0.014,0.014,0.014,0.014,0.014,0.014,0.014,0.014,0.014,0.014,
-0.018,-0.018,-0.018,-0.018,-0.018,-0.018,-0.018,-0.018,-0.018,-0.018,
0.024,0.024,0.024,0.024,0.024,0.024,0.024,0.024,0.024,0.024,
-0.105,-0.105,-0.105,-0.105,-0.105,-0.105,-0.105,-0.105,-0.105,-0.105,
0.01,0.01,0.01,0.01,0.01,0.01,0.01,0.01,0.01,0.01,
0.062,0.062,0.062,0.062,0.062,0.062,0.062,0.062,0.062,0.062,
-0.017,-0.017,-0.017,-0.017,-0.017,-0.017,-0.017,-0.017,-0.017,-0.017,
0.007,0.007,0.007,0.007,0.007,0.007,0.007,0.007,0.007,0.007,
-0.01,-0.01,-0.01,-0.01,-0.01,-0.01,-0.01,-0.01,-0.01,-0.01,
0.005,0.005,0.005,0.005,0.005,0.005,0.005,0.005,0.005,0.005,
-0.013,-0.013,-0.013,-0.013,-0.013,-0.013,-0.013,-0.013,-0.013,-0.013,
0.022,0.022,0.022,0.022,0.022,0.022,0.022,0.022,0.022,0.022,
-0.02,-0.02,-0.02,-0.02,-0.02,-0.02,-0.02,-0.02,-0.02,-0.02,
0.032,0.032,0.032,0.032,0.032,0.032,0.032,0.032,0.032,0.032,
-0.009,-0.009,-0.009,-0.009,-0.009,-0.009,-0.009,-0.009,-0.009,-0.009,
0.006,0.006,0.006,0.006,0.006,0.006,0.006,0.006,0.006,0.006,
0.001,0.001,0.001,0.001,0.001,0.001,0.001,0.001,0.001,0.001,

0.026,0.026,0.026,0.026,0.026,0.026,0.026,0.026,0.026,0.026,
0.021,0.021,0.021,0.021,0.021,0.021,0.021,0.021,0.021,0.021,
-0.013,-0.013,-0.013,-0.013,-0.013,-0.013,-0.013,-0.013,-0.013,-0.013,
0.013,0.013,0.013,0.013,0.013,0.013,0.013,0.013,0.013,0.013,
-0.009,-0.009,-0.009,-0.009,-0.009,-0.009,-0.009,-0.009,-0.009,-0.009,
0.001,0.001,0.001,0.001,0.001,0.001,0.001,0.001,0.001,0.001,
0.015,0.015,0.015,0.015,0.015,0.015,0.015,0.015,0.015,0.015,
0.012,0.012,0.012,0.012,0.012,0.012,0.012,0.012,0.012,0.012,
-0.011,-0.011,-0.011,-0.011,-0.011,-0.011,-0.011,-0.011,-0.011,-0.011,
-0.06,-0.06,-0.06,-0.06,-0.06,-0.06,-0.06,-0.06,-0.06,-0.06,
0.01,0.01,0.01,0.01,0.01,0.01,0.01,0.01,0.01,0.01,
0.017,0.017,0.017,0.017,0.017,0.017,0.017,0.017,0.017,0.017,
0.015,0.015,0.015,0.015,0.015,0.015,0.015,0.015,0.015,0.015,
-0.019,-0.019,-0.019,-0.019,-0.019,-0.019,-0.019,-0.019,-0.019,-0.019,
-0.016,-0.016,-0.016,-0.016,-0.016,-0.016,-0.016,-0.016,-0.016,-0.016,
-0.005,-0.005,-0.005,-0.005,-0.005,-0.005,-0.005,-0.005,-0.005,-0.005,
0.0,0.0,0.0,0.0,0.0,0.0,0.0,0.0,0.0,0.0,
-0.019,-0.019,-0.019,-0.019,-0.019,-0.019,-0.019,-0.019,-0.019,-0.019,
-0.037,-0.037,-0.037,-0.037,-0.037,-0.037,-0.037,-0.037,-0.037,-0.037,
0.017,0.017,0.017,0.017,0.017,0.017,0.017,0.017,0.017,0.017,
-0.003,-0.003,-0.003,-0.003,-0.003,-0.003,-0.003,-0.003,-0.003,-0.003,
0.058,0.058,0.058,0.058,0.058,0.058,0.058,0.058,0.058,0.058,
-0.016,-0.016,-0.016,-0.016,-0.016,-0.016,-0.016,-0.016,-0.016,-0.016,
0.0,0.0,0.0,0.0,0.0,0.0,0.0,0.0,0.0,0.0,
0.006,0.006,0.006,0.006,0.006,0.006,0.006,0.006,0.006,0.006,
-0.01,-0.01,-0.01,-0.01,-0.01,-0.01,-0.01,-0.01,-0.01,-0.01,
-0.006,-0.006,-0.006,-0.006,-0.006,-0.006,-0.006,-0.006,-0.006,-0.006,
-0.026,-0.026,-0.026,-0.026,-0.026,-0.026,-0.026,-0.026,-0.026,-0.026,
-0.01,-0.01,-0.01,-0.01,-0.01,-0.01,-0.01,-0.01,-0.01,-0.01,
0.004,0.004,0.004,0.004,0.004,0.004,0.004,0.004,0.004,0.004,
0.039,0.039,0.039,0.039,0.039,0.039,0.039,0.039,0.039,0.039,
0.034,0.034,0.034,0.034,0.034,0.034,0.034,0.034,0.034,0.034,
0.031,0.031,0.031,0.031,0.031,0.031,0.031,0.031,0.031,0.031,
-0.012,-0.012,-0.012,-0.012,-0.012,-0.012,-0.012,-0.012,-0.012,-0.012,
0.013,0.013,0.013,0.013,0.013,0.013,0.013,0.013,0.013,0.013,
-0.02,-0.02,-0.02,-0.02,-0.02,-0.02,-0.02,-0.02,-0.02,-0.02,
-0.056,-0.056,-0.056,-0.056,-0.056,-0.056,-0.056,-0.056,-0.056,-0.056,
0.026,0.026,0.026,0.026,0.026,0.026,0.026,0.026,0.026,0.026,
-0.024,-0.024,-0.024,-0.024,-0.024,-0.024,-0.024,-0.024,-0.024,-0.024,
0.006,0.006,0.006,0.006,0.006,0.006,0.006,0.006,0.006,0.006,
-0.03,-0.03,-0.03,-0.03,-0.03,-0.03,-0.03,-0.03,-0.03,-0.03,
-0.003,-0.003,-0.003,-0.003,-0.003,-0.003,-0.003,-0.003,-0.003,-0.003,
0.013,0.013,0.013,0.013,0.013,0.013,0.013,0.013,0.013,0.013,
-0.005,-0.005,-0.005,-0.005,-0.005,-0.005,-0.005,-0.005,-0.005,-0.005,
0.011,0.011,0.011,0.011,0.011,0.011,0.011,0.011,0.011,0.011,
0.009,0.009,0.009,0.009,0.009,0.009,0.009,0.009,0.009,0.009,
0.001,0.001,0.001,0.001,0.001,0.001,0.001,0.001,0.001,0.001,
0.008,0.008,0.008,0.008,0.008,0.008,0.008,0.008,0.008,0.008,
0.004,0.004,0.004,0.004,0.004,0.004,0.004,0.004,0.004,0.004,
-0.038,-0.038,-0.038,-0.038,-0.038,-0.038,-0.038,-0.038,-0.038,-0.038,
-0.001,-0.001,-0.001,-0.001,-0.001,-0.001,-0.001,-0.001,-0.001,-0.001,
0.037,0.037,0.037,0.037,0.037,0.037,0.037,0.037,0.037,0.037,
-0.034,-0.034,-0.034,-0.034,-0.034,-0.034,-0.034,-0.034,-0.034,-0.034,
0.019,0.019,0.019,0.019,0.019,0.019,0.019,0.019,0.019,0.019,
0.014,0.014,0.014,0.014,0.014,0.014,0.014,0.014,0.014,0.014,
0.019,0.019,0.019,0.019,0.019,0.019,0.019,0.019,0.019,0.019,
0.025,0.025,0.025,0.025,0.025,0.025,0.025,0.025,0.025,0.025,
0.028,0.028,0.028,0.028,0.028,0.028,0.028,0.028,0.028,0.028,
-0.025,-0.025,-0.025,-0.025,-0.025,-0.025,-0.025,-0.025,-0.025,-0.025,
-0.005,-0.005,-0.005,-0.005,-0.005,-0.005,-0.005,-0.005,-0.005,-0.005,
0.006,0.006,0.006,0.006,0.006,0.006,0.006,0.006,0.006,0.006,
0.019,0.019,0.019,0.019,0.019,0.019,0.019,0.019,0.019,0.019,
-0.022,-0.022,-0.022,-0.022,-0.022,-0.022,-0.022,-0.022,-0.022,-0.022,
-0.037,-0.037,-0.037,-0.037,-0.037,-0.037,-0.037,-0.037,-0.037,-0.037,
-0.005,-0.005,-0.005,-0.005,-0.005,-0.005,-0.005,-0.005,-0.005,-0.005,
-0.002,-0.002,-0.002,-0.002,-0.002,-0.002,-0.002,-0.002,-0.002,-0.002,
0.021,0.021,0.021,0.021,0.021,0.021,0.021,0.021,0.021,0.021,
-0.01,-0.01,-0.01,-0.01,-0.01,-0.01,-0.01,-0.01,-0.01,-0.01,
0.047,0.047,0.047,0.047,0.047,0.047,0.047,0.047,0.047,0.047,
0.007,0.007,0.007,0.007,0.007,0.007,0.007,0.007,0.007,0.007,
0.021,0.021,0.021,0.021,0.021,0.021,0.021,0.021,0.021,0.021,
0.038,0.038,0.038,0.038,0.038,0.038,0.038,0.038,0.038,0.038,
0.026,0.026,0.026,0.026,0.026,0.026,0.026,0.026,0.026,0.026,
-0.01,-0.01,-0.01,-0.01,-0.01,-0.01,-0.01,-0.01,-0.01,-0.01,
-0.029,-0.029,-0.029,-0.029,-0.029,-0.029,-0.029,-0.029,-0.029,-0.029,
0.031,0.031,0.031,0.031,0.031,0.031,0.031,0.031,0.031,0.031,
-0.023,-0.023,-0.023,-0.023,-0.023,-0.023,-0.023,-0.023,-0.023,-0.023,
-0.029,-0.029,-0.029,-0.029,-0.029,-0.029,-0.029,-0.029,-0.029,-0.029,
0.023,0.023,0.023,0.023,0.023,0.023,0.023,0.023,0.023,0.023,
-0.031,-0.031,-0.031,-0.031,-0.031,-0.031,-0.031,-0.031,-0.031,-0.031,
0.021,0.021,0.021,0.021,0.021,0.021,0.021,0.021,0.021,0.021,
0.011,0.011,0.011,0.011,0.011,0.011,0.011,0.011,0.011,0.011,
0.0,0.0,0.0,0.0,0.0,0.0,0.0,0.0,0.0,0.0,
0.001,0.001,0.001,0.001,0.001,0.001,0.001,0.001,0.001,0.001,
0.02,0.02,0.02,0.02,0.02,0.02,0.02,0.02,0.02,0.02,
-0.019,-0.019,-0.019,-0.019,-0.019,-0.019,-0.019,-0.019,-0.019,-0.019,
0.096,0.096,0.096,0.096,0.096,0.096,0.096,0.096,0.096,0.096,
-0.021,-0.021,-0.021,-0.021,-0.021,-0.021,-0.021,-0.021,-0.021,-0.021,
-0.086,-0.086,-0.086,-0.086,-0.086,-0.086,-0.086,-0.086,-0.086,-0.086,
0.024,0.024,0.024,0.024,0.024,0.024,0.024,0.024,0.024,0.024,
-0.015,-0.015,-0.015,-0.015,-0.015,-0.015,-0.015,-0.015,-0.015,-0.015,
-0.013,-0.013,-0.013,-0.013,-0.013,-0.013,-0.013,-0.013,-0.013,-0.013,
-0.014,-0.014,-0.014,-0.014,-0.014,-0.014,-0.014,-0.014,-0.014,-0.014,
-0.008,-0.008,-0.008,-0.008,-0.008,-0.008,-0.008,-0.008,-0.008,-0.008,
-0.007,-0.007,-0.007,-0.007,-0.007,-0.007,-0.007,-0.007,-0.007,-0.007,
0.021,0.021,0.021,0.021,0.021,0.021,0.021,0.021,0.021,0.021,
-0.053,-0.053,-0.053,-0.053,-0.053,-0.053,-0.053,-0.053,-0.053,-0.053,
-0.011,-0.011,-0.011,-0.011,-0.011,-0.011,-0.011,-0.011,-0.011,-0.011,
-0.003,-0.003,-0.003,-0.003,-0.003,-0.003,-0.003,-0.003,-0.003,-0.003,
0.035,0.035,0.035,0.035,0.035,0.035,0.035,0.035,0.035,0.035,

0.003,0.003,0.003,0.003,0.003,0.003,0.003,0.003,0.003,0.003,
-0.009,-0.009,-0.009,-0.009,-0.009,-0.009,-0.009,-0.009,-0.009,-0.009,
-0.004,-0.004,-0.004,-0.004,-0.004,-0.004,-0.004,-0.004,-0.004,-0.004,
0.005,0.005,0.005,0.005,0.005,0.005,0.005,0.005,0.005,0.005,
-0.062,-0.062,-0.062,-0.062,-0.062,-0.062,-0.062,-0.062,-0.062,-0.062,
0.016,0.016,0.016,0.016,0.016,0.016,0.016,0.016,0.016,0.016,
0.015,0.015,0.015,0.015,0.015,0.015,0.015,0.015,0.015,0.015,
0.009,0.009,0.009,0.009,0.009,0.009,0.009,0.009,0.009,0.009,
-0.081,-0.081,-0.081,-0.081,-0.081,-0.081,-0.081,-0.081,-0.081,-0.081,
0.044,0.044,0.044,0.044,0.044,0.044,0.044,0.044,0.044,0.044,
-0.005,-0.005,-0.005,-0.005,-0.005,-0.005,-0.005,-0.005,-0.005,-0.005,
0.021,0.021,0.021,0.021,0.021,0.021,0.021,0.021,0.021,0.021,
-0.059,-0.059,-0.059,-0.059,-0.059,-0.059,-0.059,-0.059,-0.059,-0.059,
0.037,0.037,0.037,0.037,0.037,0.037,0.037,0.037,0.037,0.037,
-0.032,-0.032,-0.032,-0.032,-0.032,-0.032,-0.032,-0.032,-0.032,-0.032,
-0.028,-0.028,-0.028,-0.028,-0.028,-0.028,-0.028,-0.028,-0.028,-0.028,
-0.065,-0.065,-0.065,-0.065,-0.065,-0.065,-0.065,-0.065,-0.065,-0.065,
-0.013,-0.013,-0.013,-0.013,-0.013,-0.013,-0.013,-0.013,-0.013,-0.013,
0.065,0.065,0.065,0.065,0.065,0.065,0.065,0.065,0.065,0.065,
-0.082,-0.082,-0.082,-0.082,-0.082,-0.082,-0.082,-0.082,-0.082,-0.082,
-0.028,-0.028,-0.028,-0.028,-0.028,-0.028,-0.028,-0.028,-0.028,-0.028,
-0.039,-0.039,-0.039,-0.039,-0.039,-0.039,-0.039,-0.039,-0.039,-0.039,
0.052,0.052,0.052,0.052,0.052,0.052,0.052,0.052,0.052,0.052,
-0.036,-0.036,-0.036,-0.036,-0.036,-0.036,-0.036,-0.036,-0.036,-0.036,
-0.008,-0.008,-0.008,-0.008,-0.008,-0.008,-0.008,-0.008,-0.008,-0.008,
0.004,0.004,0.004,0.004,0.004,0.004,0.004,0.004,0.004,0.004,
-0.006,-0.006,-0.006,-0.006,-0.006,-0.006,-0.006,-0.006,-0.006,-0.006,
-0.044,-0.044,-0.044,-0.044,-0.044,-0.044,-0.044,-0.044,-0.044,-0.044,
0.003,0.003,0.003,0.003,0.003,0.003,0.003,0.003,0.003,0.003,
-0.005,-0.005,-0.005,-0.005,-0.005,-0.005,-0.005,-0.005,-0.005,-0.005,
0.022,0.022,0.022,0.022,0.022,0.022,0.022,0.022,0.022,0.022,
0.008,0.008,0.008,0.008,0.008,0.008,0.008,0.008,0.008,0.008,
0.03,0.03,0.03,0.03,0.03,0.03,0.03,0.03,0.03,0.03,
0.02,0.02,0.02,0.02,0.02,0.02,0.02,0.02,0.02,0.02,
0.006,0.006,0.006,0.006,0.006,0.006,0.006,0.006,0.006,0.006,
-0.011,-0.011,-0.011,-0.011,-0.011,-0.011,-0.011,-0.011,-0.011,-0.011,
0.069,0.069,0.069,0.069,0.069,0.069,0.069,0.069,0.069,0.069,
-0.013,-0.013,-0.013,-0.013,-0.013,-0.013,-0.013,-0.013,-0.013,-0.013,
0.0,0.0,0.0,0.0,0.0,0.0,0.0,0.0,0.0,0.0,
-0.042,-0.042,-0.042,-0.042,-0.042,-0.042,-0.042,-0.042,-0.042,-0.042,
0.013,0.013,0.013,0.013,0.013,0.013,0.013,0.013,0.013,0.013,
0.012,0.012,0.012,0.012,0.012,0.012,0.012,0.012,0.012,0.012,
-0.023,-0.023,-0.023,-0.023,-0.023,-0.023,-0.023,-0.023,-0.023,-0.023,
0.043,0.043,0.043,0.043,0.043,0.043,0.043,0.043,0.043,0.043,
0.02,0.02,0.02,0.02,0.02,0.02,0.02,0.02,0.02,0.02,
-0.015,-0.015,-0.015,-0.015,-0.015,-0.015,-0.015,-0.015,-0.015,-0.015,
0.032,0.032,0.032,0.032,0.032,0.032,0.032,0.032,0.032,0.032,
0.043,0.043,0.043,0.043,0.043,0.043,0.043,0.043,0.043,0.043,
-0.004,-0.004,-0.004,-0.004,-0.004,-0.004,-0.004,-0.004,-0.004,-0.004,
0.099,0.099,0.099,0.099,0.099,0.099,0.099,0.099,0.099,0.099,
-0.015,-0.015,-0.015,-0.015,-0.015,-0.015,-0.015,-0.015,-0.015,-0.015,
-0.025,-0.025,-0.025,-0.025,-0.025,-0.025,-0.025,-0.025,-0.025,-0.025,
0.009,0.009,0.009,0.009,0.009,0.009,0.009,0.009,0.009,0.009,
-0.005,-0.005,-0.005,-0.005,-0.005,-0.005,-0.005,-0.005,-0.005,-0.005,
-0.01,-0.01,-0.01,-0.01,-0.01,-0.01,-0.01,-0.01,-0.01,-0.01,
-0.035,-0.035,-0.035,-0.035,-0.035,-0.035,-0.035,-0.035,-0.035,-0.035,
0.009,0.009,0.009,0.009,0.009,0.009,0.009,0.009,0.009,0.009,
-0.031,-0.031,-0.031,-0.031,-0.031,-0.031,-0.031,-0.031,-0.031,-0.031,
-0.033,-0.033,-0.033,-0.033,-0.033,-0.033,-0.033,-0.033,-0.033,-0.033,
0.026,0.026,0.026,0.026,0.026,0.026,0.026,0.026,0.026,0.026,
-0.064,-0.064,-0.064,-0.064,-0.064,-0.064,-0.064,-0.064,-0.064,-0.064,
-0.021,-0.021,-0.021,-0.021,-0.021,-0.021,-0.021,-0.021,-0.021,-0.021,
0.004,0.004,0.004,0.004,0.004,0.004,0.004,0.004,0.004,0.004,
0.023,0.023,0.023,0.023,0.023,0.023,0.023,0.023,0.023,0.023,
-0.023,-0.023,-0.023,-0.023,-0.023,-0.023,-0.023,-0.023,-0.023,-0.023,
-0.039,-0.039,-0.039,-0.039,-0.039,-0.039,-0.039,-0.039,-0.039,-0.039,
-0.119,-0.119,-0.119,-0.119,-0.119,-0.119,-0.119,-0.119,-0.119,-0.119,
0.001,0.001,0.001,0.001,0.001,0.001,0.001,0.001,0.001,0.001,
-0.115,-0.115,-0.115,-0.115,-0.115,-0.115,-0.115,-0.115,-0.115,-0.115,
0.018,0.018,0.018,0.018,0.018,0.018,0.018,0.018,0.018,0.018,
-0.01,-0.01,-0.01,-0.01,-0.01,-0.01,-0.01,-0.01,-0.01,-0.01,
0.001,0.001,0.001,0.001,0.001,0.001,0.001,0.001,0.001,0.001,
-0.029,-0.029,-0.029,-0.029,-0.029,-0.029,-0.029,-0.029,-0.029,-0.029,
0.002,0.002,0.002,0.002,0.002,0.002,0.002,0.002,0.002,0.002,
0.001,0.001,0.001,0.001,0.001,0.001,0.001,0.001,0.001,0.001,
0.0,0.0,0.0,0.0,0.0,0.0,0.0,0.0,0.0,0.0,
0.032,0.032,0.032,0.032,0.032,0.032,0.032,0.032,0.032,0.032,
0.031,0.031,0.031,0.031,0.031,0.031,0.031,0.031,0.031,0.031,
0.007,0.007,0.007,0.007,0.007,0.007,0.007,0.007,0.007,0.007,
0.003,0.003,0.003,0.003,0.003,0.003,0.003,0.003,0.003,0.003,
-0.02,-0.02,-0.02,-0.02,-0.02,-0.02,-0.02,-0.02,-0.02,-0.02,
-0.01,-0.01,-0.01,-0.01,-0.01,-0.01,-0.01,-0.01,-0.01,-0.01,
-0.006,-0.006,-0.006,-0.006,-0.006,-0.006,-0.006,-0.006,-0.006,-0.006,
-0.005,-0.005,-0.005,-0.005,-0.005,-0.005,-0.005,-0.005,-0.005,-0.005,
0.006,0.006,0.006,0.006,0.006,0.006,0.006,0.006,0.006,0.006,
0.003,0.003,0.003,0.003,0.003,0.003,0.003,0.003,0.003,0.003,
-0.049,-0.049,-0.049,-0.049,-0.049,-0.049,-0.049,-0.049,-0.049,-0.049,
0.002,0.002,0.002,0.002,0.002,0.002,0.002,0.002,0.002,0.002,
-0.036,-0.036,-0.036,-0.036,-0.036,-0.036,-0.036,-0.036,-0.036,-0.036,
-0.049,-0.049,-0.049,-0.049,-0.049,-0.049,-0.049,-0.049,-0.049,-0.049,
-0.007,-0.007,-0.007,-0.007,-0.007,-0.007,-0.007,-0.007,-0.007,-0.007,
-0.012,-0.012,-0.012,-0.012,-0.012,-0.012,-0.012,-0.012,-0.012,-0.012,
0.021,0.021,0.021,0.021,0.021,0.021,0.021,0.021,0.021,0.021,
0.0,0.0,0.0,0.0,0.0,0.0,0.0,0.0,0.0,0.0,
-0.028,-0.028,-0.028,-0.028,-0.028,-0.028,-0.028,-0.028,-0.028,-0.028,
-0.001,-0.001,-0.001,-0.001,-0.001,-0.001,-0.001,-0.001,-0.001,-0.001,
-0.004,-0.004,-0.004,-0.004,-0.004,-0.004,-0.004,-0.004,-0.004,-0.004,
0.012,0.012,0.012,0.012,0.012,0.012,0.012,0.012,0.012,0.012,
-0.046,-0.046,-0.046,-0.046,-0.046,-0.046,-0.046,-0.046,-0.046,-0.046,
0.003,0.003,0.003,0.003,0.003,0.003,0.003,0.003,0.003,0.003,

-0.038,-0.038,-0.038,-0.038,-0.038,-0.038,-0.038,-0.038,-0.038,-0.038,
0.013,0.013,0.013,0.013,0.013,0.013,0.013,0.013,0.013,0.013,
0.003,0.003,0.003,0.003,0.003,0.003,0.003,0.003,0.003,0.003,
-0.029,-0.029,-0.029,-0.029,-0.029,-0.029,-0.029,-0.029,-0.029,-0.029,
0.038,0.038,0.038,0.038,0.038,0.038,0.038,0.038,0.038,0.038,
-0.012,-0.012,-0.012,-0.012,-0.012,-0.012,-0.012,-0.012,-0.012,-0.012,
-0.006,-0.006,-0.006,-0.006,-0.006,-0.006,-0.006,-0.006,-0.006,-0.006,
-0.006,-0.006,-0.006,-0.006,-0.006,-0.006,-0.006,-0.006,-0.006,-0.006,
0.086,0.086,0.086,0.086,0.086,0.086,0.086,0.086,0.086,0.086,
0.004,0.004,0.004,0.004,0.004,0.004,0.004,0.004,0.004,0.004,
-0.019,-0.019,-0.019,-0.019,-0.019,-0.019,-0.019,-0.019,-0.019,-0.019,
0.012,0.012,0.012,0.012,0.012,0.012,0.012,0.012,0.012,0.012,
0.028,0.028,0.028,0.028,0.028,0.028,0.028,0.028,0.028,0.028,
0.007,0.007,0.007,0.007,0.007,0.007,0.007,0.007,0.007,0.007,
0.062,0.062,0.062,0.062,0.062,0.062,0.062,0.062,0.062,0.062,
0.042,0.042,0.042,0.042,0.042,0.042,0.042,0.042,0.042,0.042,
0.074,0.074,0.074,0.074,0.074,0.074,0.074,0.074,0.074,0.074,
0.022,0.022,0.022,0.022,0.022,0.022,0.022,0.022,0.022,0.022,
-0.013,-0.013,-0.013,-0.013,-0.013,-0.013,-0.013,-0.013,-0.013,-0.013,
0.054,0.054,0.054,0.054,0.054,0.054,0.054,0.054,0.054,0.054,
0.015,0.015,0.015,0.015,0.015,0.015,0.015,0.015,0.015,0.015,
0.02,0.02,0.02,0.02,0.02,0.02,0.02,0.02,0.02,0.02,
-0.024,-0.024,-0.024,-0.024,-0.024,-0.024,-0.024,-0.024,-0.024,-0.024,
0.03,0.03,0.03,0.03,0.03,0.03,0.03,0.03,0.03,0.03,
0.006,0.006,0.006,0.006,0.006,0.006,0.006,0.006,0.006,0.006,
0.004,0.004,0.004,0.004,0.004,0.004,0.004,0.004,0.004,0.004,
0.026,0.026,0.026,0.026,0.026,0.026,0.026,0.026,0.026,0.026,
0.054,0.054,0.054,0.054,0.054,0.054,0.054,0.054,0.054,0.054,
0.008,0.008,0.008,0.008,0.008,0.008,0.008,0.008,0.008,0.008,
-0.019,-0.019,-0.019,-0.019,-0.019,-0.019,-0.019,-0.019,-0.019,-0.019,
0.006,0.006,0.006,0.006,0.006,0.006,0.006,0.006,0.006,0.006,
-0.039,-0.039,-0.039,-0.039,-0.039,-0.039,-0.039,-0.039,-0.039,-0.039,
-0.019,-0.019,-0.019,-0.019,-0.019,-0.019,-0.019,-0.019,-0.019,-0.019,
-0.025,-0.025,-0.025,-0.025,-0.025,-0.025,-0.025,-0.025,-0.025,-0.025,
-0.028,-0.028,-0.028,-0.028,-0.028,-0.028,-0.028,-0.028,-0.028,-0.028,
0.018,0.018,0.018,0.018,0.018,0.018,0.018,0.018,0.018,0.018,
-0.02,-0.02,-0.02,-0.02,-0.02,-0.02,-0.02,-0.02,-0.02,-0.02,
-0.013,-0.013,-0.013,-0.013,-0.013,-0.013,-0.013,-0.013,-0.013,-0.013,
0.04,0.04,0.04,0.04,0.04,0.04,0.04,0.04,0.04,0.04,
0.061,0.061,0.061,0.061,0.061,0.061,0.061,0.061,0.061,0.061,
0.003,0.003,0.003,0.003,0.003,0.003,0.003,0.003,0.003,0.003,
-0.049,-0.049,-0.049,-0.049,-0.049,-0.049,-0.049,-0.049,-0.049,-0.049,
0.022,0.022,0.022,0.022,0.022,0.022,0.022,0.022,0.022,0.022,
-0.04,-0.04,-0.04,-0.04,-0.04,-0.04,-0.04,-0.04,-0.04,-0.04,
-0.027,-0.027,-0.027,-0.027,-0.027,-0.027,-0.027,-0.027,-0.027,-0.027,
0.029,0.029,0.029,0.029,0.029,0.029,0.029,0.029,0.029,0.029,
0.002,0.002,0.002,0.002,0.002,0.002,0.002,0.002,0.002,0.002,
-0.072,-0.072,-0.072,-0.072,-0.072,-0.072,-0.072,-0.072,-0.072,-0.072,
0.005,0.005,0.005,0.005,0.005,0.005,0.005,0.005,0.005,0.005,
-0.099,-0.099,-0.099,-0.099,-0.099,-0.099,-0.099,-0.099,-0.099,-0.099,
-0.016,-0.016,-0.016,-0.016,-0.016,-0.016,-0.016,-0.016,-0.016,-0.016,
0.016,0.016,0.016,0.016,0.016,0.016,0.016,0.016,0.016,0.016,
-0.046,-0.046,-0.046,-0.046,-0.046,-0.046,-0.046,-0.046,-0.046,-0.046,
0.007,0.007,0.007,0.007,0.007,0.007,0.007,0.007,0.007,0.007,
0.011,0.011,0.011,0.011,0.011,0.011,0.011,0.011,0.011,0.011,
-0.004,-0.004,-0.004,-0.004,-0.004,-0.004,-0.004,-0.004,-0.004,-0.004,
-0.01,-0.01,-0.01,-0.01,-0.01,-0.01,-0.01,-0.01,-0.01,-0.01,
0.017,0.017,0.017,0.017,0.017,0.017,0.017,0.017,0.017,0.017,
0.056,0.056,0.056,0.056,0.056,0.056,0.056,0.056,0.056,0.056,
-0.053,-0.053,-0.053,-0.053,-0.053,-0.053,-0.053,-0.053,-0.053,-0.053,
0.031,0.031,0.031,0.031,0.031,0.031,0.031,0.031,0.031,0.031,
0.004,0.004,0.004,0.004,0.004,0.004,0.004,0.004,0.004,0.004,
0.026,0.026,0.026,0.026,0.026,0.026,0.026,0.026,0.026,0.026,
-0.041,-0.041,-0.041,-0.041,-0.041,-0.041,-0.041,-0.041,-0.041,-0.041,
0.066,0.066,0.066,0.066,0.066,0.066,0.066,0.066,0.066,0.066,
0.025,0.025,0.025,0.025,0.025,0.025,0.025,0.025,0.025,0.025,
0.111,0.111,0.111,0.111,0.111,0.111,0.111,0.111,0.111,0.111,
-0.015,-0.015,-0.015,-0.015,-0.015,-0.015,-0.015,-0.015,-0.015,-0.015,
0.085,0.085,0.085,0.085,0.085,0.085,0.085,0.085,0.085,0.085,
-0.012,-0.012,-0.012,-0.012,-0.012,-0.012,-0.012,-0.012,-0.012,-0.012,
0.008,0.008,0.008,0.008,0.008,0.008,0.008,0.008,0.008,0.008,
0.037,0.037,0.037,0.037,0.037,0.037,0.037,0.037,0.037,0.037,
0.021,0.021,0.021,0.021,0.021,0.021,0.021,0.021,0.021,0.021,
0.006,0.006,0.006,0.006,0.006,0.006,0.006,0.006,0.006,0.006,
0.004,0.004,0.004,0.004,0.004,0.004,0.004,0.004,0.004,0.004,
-0.01,-0.01,-0.01,-0.01,-0.01,-0.01,-0.01,-0.01,-0.01,-0.01,
-0.007,-0.007,-0.007,-0.007,-0.007,-0.007,-0.007,-0.007,-0.007,-0.007,
-0.008,-0.008,-0.008,-0.008,-0.008,-0.008,-0.008,-0.008,-0.008,-0.008,
-0.022,-0.022,-0.022,-0.022,-0.022,-0.022,-0.022,-0.022,-0.022,-0.022,
-0.027,-0.027,-0.027,-0.027,-0.027,-0.027,-0.027,-0.027,-0.027,-0.027,
0.027,0.027,0.027,0.027,0.027,0.027,0.027,0.027,0.027,0.027,
-0.001,-0.001,-0.001,-0.001,-0.001,-0.001,-0.001,-0.001,-0.001,-0.001,
-0.039,-0.039,-0.039,-0.039,-0.039,-0.039,-0.039,-0.039,-0.039,-0.039,
0.013,0.013,0.013,0.013,0.013,0.013,0.013,0.013,0.013,0.013,
-0.012,-0.012,-0.012,-0.012,-0.012,-0.012,-0.012,-0.012,-0.012,-0.012,
-0.018,-0.018,-0.018,-0.018,-0.018,-0.018,-0.018,-0.018,-0.018,-0.018,
0.064,0.064,0.064,0.064,0.064,0.064,0.064,0.064,0.064,0.064,
0.045,0.045,0.045,0.045,0.045,0.045,0.045,0.045,0.045,0.045,
0.076,0.076,0.076,0.076,0.076,0.076,0.076,0.076,0.076,0.076,
0.04,0.04,0.04,0.04,0.04,0.04,0.04,0.04,0.04,0.04,
0.024,0.024,0.024,0.024,0.024,0.024,0.024,0.024,0.024,0.024,
0.038,0.038,0.038,0.038,0.038,0.038,0.038,0.038,0.038,0.038,
0.004,0.004,0.004,0.004,0.004,0.004,0.004,0.004,0.004,0.004,
-0.054,-0.054,-0.054,-0.054,-0.054,-0.054,-0.054,-0.054,-0.054,-0.054,
0.035,0.035,0.035,0.035,0.035,0.035,0.035,0.035,0.035,0.035,
-0.021,-0.021,-0.021,-0.021,-0.021,-0.021,-0.021,-0.021,-0.021,-0.021,
0.021,0.021,0.021,0.021,0.021,0.021,0.021,0.021,0.021,0.021,
-0.013,-0.013,-0.013,-0.013,-0.013,-0.013,-0.013,-0.013,-0.013,-0.013,
0.02,0.02,0.02,0.02,0.02,0.02,0.02,0.02,0.02,0.02,
-0.013,-0.013,-0.013,-0.013,-0.013,-0.013,-0.013,-0.013,-0.013,-0.013,


