3895.0,3895.0,3895.0,3895.0,3895.0,3895.0,3895.0,3895.0,3895.0,3895.0,
3488.0,3488.0,3488.0,3488.0,3488.0,3488.0,3488.0,3488.0,3488.0,3488.0,
3593.0,3593.0,3593.0,3593.0,3593.0,3593.0,3593.0,3593.0,3593.0,3593.0,
4273.0,4273.0,4273.0,4273.0,4273.0,4273.0,4273.0,4273.0,4273.0,4273.0,
3481.0,3481.0,3481.0,3481.0,3481.0,3481.0,3481.0,3481.0,3481.0,3481.0,
3457.0,3457.0,3457.0,3457.0,3457.0,3457.0,3457.0,3457.0,3457.0,3457.0,
3789.0,3789.0,3789.0,3789.0,3789.0,3789.0,3789.0,3789.0,3789.0,3789.0,
3636.0,3636.0,3636.0,3636.0,3636.0,3636.0,3636.0,3636.0,3636.0,3636.0,
3654.0,3654.0,3654.0,3654.0,3654.0,3654.0,3654.0,3654.0,3654.0,3654.0,
4190.0,4190.0,4190.0,4190.0,4190.0,4190.0,4190.0,4190.0,4190.0,4190.0,
4219.0,4219.0,4219.0,4219.0,4219.0,4219.0,4219.0,4219.0,4219.0,4219.0,
3771.0,3771.0,3771.0,3771.0,3771.0,3771.0,3771.0,3771.0,3771.0,3771.0,
4049.0,4049.0,4049.0,4049.0,4049.0,4049.0,4049.0,4049.0,4049.0,4049.0,
4079.0,4079.0,4079.0,4079.0,4079.0,4079.0,4079.0,4079.0,4079.0,4079.0,
3599.0,3599.0,3599.0,3599.0,3599.0,3599.0,3599.0,3599.0,3599.0,3599.0,
3488.0,3488.0,3488.0,3488.0,3488.0,3488.0,3488.0,3488.0,3488.0,3488.0,
4848.0,4848.0,4848.0,4848.0,4848.0,4848.0,4848.0,4848.0,4848.0,4848.0,
4218.0,4218.0,4218.0,4218.0,4218.0,4218.0,4218.0,4218.0,4218.0,4218.0,
3992.0,3992.0,3992.0,3992.0,3992.0,3992.0,3992.0,3992.0,3992.0,3992.0,
4398.0,4398.0,4398.0,4398.0,4398.0,4398.0,4398.0,4398.0,4398.0,4398.0,
4512.0,4512.0,4512.0,4512.0,4512.0,4512.0,4512.0,4512.0,4512.0,4512.0,
4749.0,4749.0,4749.0,4749.0,4749.0,4749.0,4749.0,4749.0,4749.0,4749.0,
4133.0,4133.0,4133.0,4133.0,4133.0,4133.0,4133.0,4133.0,4133.0,4133.0,
4162.0,4162.0,4162.0,4162.0,4162.0,4162.0,4162.0,4162.0,4162.0,4162.0,
3384.0,3384.0,3384.0,3384.0,3384.0,3384.0,3384.0,3384.0,3384.0,3384.0,
3862.0,3862.0,3862.0,3862.0,3862.0,3862.0,3862.0,3862.0,3862.0,3862.0,
3895.0,3895.0,3895.0,3895.0,3895.0,3895.0,3895.0,3895.0,3895.0,3895.0,
4002.0,4002.0,4002.0,4002.0,4002.0,4002.0,4002.0,4002.0,4002.0,4002.0,
3617.0,3617.0,3617.0,3617.0,3617.0,3617.0,3617.0,3617.0,3617.0,3617.0,
4479.0,4479.0,4479.0,4479.0,4479.0,4479.0,4479.0,4479.0,4479.0,4479.0,
4367.0,4367.0,4367.0,4367.0,4367.0,4367.0,4367.0,4367.0,4367.0,4367.0,
3600.0,3600.0,3600.0,3600.0,3600.0,3600.0,3600.0,3600.0,3600.0,3600.0,
3930.0,3930.0,3930.0,3930.0,3930.0,3930.0,3930.0,3930.0,3930.0,3930.0,
3632.0,3632.0,3632.0,3632.0,3632.0,3632.0,3632.0,3632.0,3632.0,3632.0,
4170.0,4170.0,4170.0,4170.0,4170.0,4170.0,4170.0,4170.0,4170.0,4170.0,
3493.0,3493.0,3493.0,3493.0,3493.0,3493.0,3493.0,3493.0,3493.0,3493.0,
3662.0,3662.0,3662.0,3662.0,3662.0,3662.0,3662.0,3662.0,3662.0,3662.0,
3861.0,3861.0,3861.0,3861.0,3861.0,3861.0,3861.0,3861.0,3861.0,3861.0,
3805.0,3805.0,3805.0,3805.0,3805.0,3805.0,3805.0,3805.0,3805.0,3805.0,
3583.0,3583.0,3583.0,3583.0,3583.0,3583.0,3583.0,3583.0,3583.0,3583.0,
3826.0,3826.0,3826.0,3826.0,3826.0,3826.0,3826.0,3826.0,3826.0,3826.0,
3920.0,3920.0,3920.0,3920.0,3920.0,3920.0,3920.0,3920.0,3920.0,3920.0,
3648.0,3648.0,3648.0,3648.0,3648.0,3648.0,3648.0,3648.0,3648.0,3648.0,
3995.0,3995.0,3995.0,3995.0,3995.0,3995.0,3995.0,3995.0,3995.0,3995.0,
4511.0,4511.0,4511.0,4511.0,4511.0,4511.0,4511.0,4511.0,4511.0,4511.0,
4013.0,4013.0,4013.0,4013.0,4013.0,4013.0,4013.0,4013.0,4013.0,4013.0,
3987.0,3987.0,3987.0,3987.0,3987.0,3987.0,3987.0,3987.0,3987.0,3987.0,
3857.0,3857.0,3857.0,3857.0,3857.0,3857.0,3857.0,3857.0,3857.0,3857.0,
3480.0,3480.0,3480.0,3480.0,3480.0,3480.0,3480.0,3480.0,3480.0,3480.0,
4343.0,4343.0,4343.0,4343.0,4343.0,4343.0,4343.0,4343.0,4343.0,4343.0,
4507.0,4507.0,4507.0,4507.0,4507.0,4507.0,4507.0,4507.0,4507.0,4507.0,
3537.0,3537.0,3537.0,3537.0,3537.0,3537.0,3537.0,3537.0,3537.0,3537.0,
3720.0,3720.0,3720.0,3720.0,3720.0,3720.0,3720.0,3720.0,3720.0,3720.0,
4064.0,4064.0,4064.0,4064.0,4064.0,4064.0,4064.0,4064.0,4064.0,4064.0,
3611.0,3611.0,3611.0,3611.0,3611.0,3611.0,3611.0,3611.0,3611.0,3611.0,
4622.0,4622.0,4622.0,4622.0,4622.0,4622.0,4622.0,4622.0,4622.0,4622.0,
3912.0,3912.0,3912.0,3912.0,3912.0,3912.0,3912.0,3912.0,3912.0,3912.0,
3630.0,3630.0,3630.0,3630.0,3630.0,3630.0,3630.0,3630.0,3630.0,3630.0,
4348.0,4348.0,4348.0,4348.0,4348.0,4348.0,4348.0,4348.0,4348.0,4348.0,
3881.0,3881.0,3881.0,3881.0,3881.0,3881.0,3881.0,3881.0,3881.0,3881.0,
3723.0,3723.0,3723.0,3723.0,3723.0,3723.0,3723.0,3723.0,3723.0,3723.0,
3595.0,3595.0,3595.0,3595.0,3595.0,3595.0,3595.0,3595.0,3595.0,3595.0,
3946.0,3946.0,3946.0,3946.0,3946.0,3946.0,3946.0,3946.0,3946.0,3946.0,
3691.0,3691.0,3691.0,3691.0,3691.0,3691.0,3691.0,3691.0,3691.0,3691.0,
3588.0,3588.0,3588.0,3588.0,3588.0,3588.0,3588.0,3588.0,3588.0,3588.0,
3608.0,3608.0,3608.0,3608.0,3608.0,3608.0,3608.0,3608.0,3608.0,3608.0,
4510.0,4510.0,4510.0,4510.0,4510.0,4510.0,4510.0,4510.0,4510.0,4510.0,
3551.0,3551.0,3551.0,3551.0,3551.0,3551.0,3551.0,3551.0,3551.0,3551.0,
4876.0,4876.0,4876.0,4876.0,4876.0,4876.0,4876.0,4876.0,4876.0,4876.0,
4365.0,4365.0,4365.0,4365.0,4365.0,4365.0,4365.0,4365.0,4365.0,4365.0,
4261.0,4261.0,4261.0,4261.0,4261.0,4261.0,4261.0,4261.0,4261.0,4261.0,
3763.0,3763.0,3763.0,3763.0,3763.0,3763.0,3763.0,3763.0,3763.0,3763.0,
3973.0,3973.0,3973.0,3973.0,3973.0,3973.0,3973.0,3973.0,3973.0,3973.0,
3744.0,3744.0,3744.0,3744.0,3744.0,3744.0,3744.0,3744.0,3744.0,3744.0,
4247.0,4247.0,4247.0,4247.0,4247.0,4247.0,4247.0,4247.0,4247.0,4247.0,
3455.0,3455.0,3455.0,3455.0,3455.0,3455.0,3455.0,3455.0,3455.0,3455.0,
3764.0,3764.0,3764.0,3764.0,3764.0,3764.0,3764.0,3764.0,3764.0,3764.0,
3644.0,3644.0,3644.0,3644.0,3644.0,3644.0,3644.0,3644.0,3644.0,3644.0,
3383.0,3383.0,3383.0,3383.0,3383.0,3383.0,3383.0,3383.0,3383.0,3383.0,
3759.0,3759.0,3759.0,3759.0,3759.0,3759.0,3759.0,3759.0,3759.0,3759.0,
3698.0,3698.0,3698.0,3698.0,3698.0,3698.0,3698.0,3698.0,3698.0,3698.0,
4327.0,4327.0,4327.0,4327.0,4327.0,4327.0,4327.0,4327.0,4327.0,4327.0,
4533.0,4533.0,4533.0,4533.0,4533.0,4533.0,4533.0,4533.0,4533.0,4533.0,
4257.0,4257.0,4257.0,4257.0,4257.0,4257.0,4257.0,4257.0,4257.0,4257.0,
3876.0,3876.0,3876.0,3876.0,3876.0,3876.0,3876.0,3876.0,3876.0,3876.0,
4018.0,4018.0,4018.0,4018.0,4018.0,4018.0,4018.0,4018.0,4018.0,4018.0,
4334.0,4334.0,4334.0,4334.0,4334.0,4334.0,4334.0,4334.0,4334.0,4334.0,
4122.0,4122.0,4122.0,4122.0,4122.0,4122.0,4122.0,4122.0,4122.0,4122.0,
4712.0,4712.0,4712.0,4712.0,4712.0,4712.0,4712.0,4712.0,4712.0,4712.0,
4074.0,4074.0,4074.0,4074.0,4074.0,4074.0,4074.0,4074.0,4074.0,4074.0,
4909.0,4909.0,4909.0,4909.0,4909.0,4909.0,4909.0,4909.0,4909.0,4909.0,
3535.0,3535.0,3535.0,3535.0,3535.0,3535.0,3535.0,3535.0,3535.0,3535.0,
3649.0,3649.0,3649.0,3649.0,3649.0,3649.0,3649.0,3649.0,3649.0,3649.0,
3507.0,3507.0,3507.0,3507.0,3507.0,3507.0,3507.0,3507.0,3507.0,3507.0,
4347.0,4347.0,4347.0,4347.0,4347.0,4347.0,4347.0,4347.0,4347.0,4347.0,
4551.0,4551.0,4551.0,4551.0,4551.0,4551.0,4551.0,4551.0,4551.0,4551.0,
3480.0,3480.0,3480.0,3480.0,3480.0,3480.0,3480.0,3480.0,3480.0,3480.0,
4114.0,4114.0,4114.0,4114.0,4114.0,4114.0,4114.0,4114.0,4114.0,4114.0,
3913.0,3913.0,3913.0,3913.0,3913.0,3913.0,3913.0,3913.0,3913.0,3913.0,
4094.0,4094.0,4094.0,4094.0,4094.0,4094.0,4094.0,4094.0,4094.0,4094.0,

3710.0,3710.0,3710.0,3710.0,3710.0,3710.0,3710.0,3710.0,3710.0,3710.0,
3583.0,3583.0,3583.0,3583.0,3583.0,3583.0,3583.0,3583.0,3583.0,3583.0,
3600.0,3600.0,3600.0,3600.0,3600.0,3600.0,3600.0,3600.0,3600.0,3600.0,
4129.0,4129.0,4129.0,4129.0,4129.0,4129.0,4129.0,4129.0,4129.0,4129.0,
3503.0,3503.0,3503.0,3503.0,3503.0,3503.0,3503.0,3503.0,3503.0,3503.0,
3523.0,3523.0,3523.0,3523.0,3523.0,3523.0,3523.0,3523.0,3523.0,3523.0,
3687.0,3687.0,3687.0,3687.0,3687.0,3687.0,3687.0,3687.0,3687.0,3687.0,
3473.0,3473.0,3473.0,3473.0,3473.0,3473.0,3473.0,3473.0,3473.0,3473.0,
3493.0,3493.0,3493.0,3493.0,3493.0,3493.0,3493.0,3493.0,3493.0,3493.0,
3959.0,3959.0,3959.0,3959.0,3959.0,3959.0,3959.0,3959.0,3959.0,3959.0,
4077.0,4077.0,4077.0,4077.0,4077.0,4077.0,4077.0,4077.0,4077.0,4077.0,
3830.0,3830.0,3830.0,3830.0,3830.0,3830.0,3830.0,3830.0,3830.0,3830.0,
3741.0,3741.0,3741.0,3741.0,3741.0,3741.0,3741.0,3741.0,3741.0,3741.0,
4216.0,4216.0,4216.0,4216.0,4216.0,4216.0,4216.0,4216.0,4216.0,4216.0,
3628.0,3628.0,3628.0,3628.0,3628.0,3628.0,3628.0,3628.0,3628.0,3628.0,
3501.0,3501.0,3501.0,3501.0,3501.0,3501.0,3501.0,3501.0,3501.0,3501.0,
4107.0,4107.0,4107.0,4107.0,4107.0,4107.0,4107.0,4107.0,4107.0,4107.0,
4030.0,4030.0,4030.0,4030.0,4030.0,4030.0,4030.0,4030.0,4030.0,4030.0,
4013.0,4013.0,4013.0,4013.0,4013.0,4013.0,4013.0,4013.0,4013.0,4013.0,
4398.0,4398.0,4398.0,4398.0,4398.0,4398.0,4398.0,4398.0,4398.0,4398.0,
4015.0,4015.0,4015.0,4015.0,4015.0,4015.0,4015.0,4015.0,4015.0,4015.0,
4804.0,4804.0,4804.0,4804.0,4804.0,4804.0,4804.0,4804.0,4804.0,4804.0,
4012.0,4012.0,4012.0,4012.0,4012.0,4012.0,4012.0,4012.0,4012.0,4012.0,
4119.0,4119.0,4119.0,4119.0,4119.0,4119.0,4119.0,4119.0,4119.0,4119.0,
3347.0,3347.0,3347.0,3347.0,3347.0,3347.0,3347.0,3347.0,3347.0,3347.0,
3713.0,3713.0,3713.0,3713.0,3713.0,3713.0,3713.0,3713.0,3713.0,3713.0,
3880.0,3880.0,3880.0,3880.0,3880.0,3880.0,3880.0,3880.0,3880.0,3880.0,
3925.0,3925.0,3925.0,3925.0,3925.0,3925.0,3925.0,3925.0,3925.0,3925.0,
3603.0,3603.0,3603.0,3603.0,3603.0,3603.0,3603.0,3603.0,3603.0,3603.0,
4479.0,4479.0,4479.0,4479.0,4479.0,4479.0,4479.0,4479.0,4479.0,4479.0,
4255.0,4255.0,4255.0,4255.0,4255.0,4255.0,4255.0,4255.0,4255.0,4255.0,
3778.0,3778.0,3778.0,3778.0,3778.0,3778.0,3778.0,3778.0,3778.0,3778.0,
4040.0,4040.0,4040.0,4040.0,4040.0,4040.0,4040.0,4040.0,4040.0,4040.0,
3648.0,3648.0,3648.0,3648.0,3648.0,3648.0,3648.0,3648.0,3648.0,3648.0,
4170.0,4170.0,4170.0,4170.0,4170.0,4170.0,4170.0,4170.0,4170.0,4170.0,
3291.0,3291.0,3291.0,3291.0,3291.0,3291.0,3291.0,3291.0,3291.0,3291.0,
3592.0,3592.0,3592.0,3592.0,3592.0,3592.0,3592.0,3592.0,3592.0,3592.0,
3990.0,3990.0,3990.0,3990.0,3990.0,3990.0,3990.0,3990.0,3990.0,3990.0,
3697.0,3697.0,3697.0,3697.0,3697.0,3697.0,3697.0,3697.0,3697.0,3697.0,
3615.0,3615.0,3615.0,3615.0,3615.0,3615.0,3615.0,3615.0,3615.0,3615.0,
3507.0,3507.0,3507.0,3507.0,3507.0,3507.0,3507.0,3507.0,3507.0,3507.0,
3953.0,3953.0,3953.0,3953.0,3953.0,3953.0,3953.0,3953.0,3953.0,3953.0,
3768.0,3768.0,3768.0,3768.0,3768.0,3768.0,3768.0,3768.0,3768.0,3768.0,
3815.0,3815.0,3815.0,3815.0,3815.0,3815.0,3815.0,3815.0,3815.0,3815.0,
4560.0,4560.0,4560.0,4560.0,4560.0,4560.0,4560.0,4560.0,4560.0,4560.0,
3829.0,3829.0,3829.0,3829.0,3829.0,3829.0,3829.0,3829.0,3829.0,3829.0,
3915.0,3915.0,3915.0,3915.0,3915.0,3915.0,3915.0,3915.0,3915.0,3915.0,
3723.0,3723.0,3723.0,3723.0,3723.0,3723.0,3723.0,3723.0,3723.0,3723.0,
3650.0,3650.0,3650.0,3650.0,3650.0,3650.0,3650.0,3650.0,3650.0,3650.0,
4343.0,4343.0,4343.0,4343.0,4343.0,4343.0,4343.0,4343.0,4343.0,4343.0,
4361.0,4361.0,4361.0,4361.0,4361.0,4361.0,4361.0,4361.0,4361.0,4361.0,
3769.0,3769.0,3769.0,3769.0,3769.0,3769.0,3769.0,3769.0,3769.0,3769.0,
3751.0,3751.0,3751.0,3751.0,3751.0,3751.0,3751.0,3751.0,3751.0,3751.0,
4391.0,4391.0,4391.0,4391.0,4391.0,4391.0,4391.0,4391.0,4391.0,4391.0,
3732.0,3732.0,3732.0,3732.0,3732.0,3732.0,3732.0,3732.0,3732.0,3732.0,
4237.0,4237.0,4237.0,4237.0,4237.0,4237.0,4237.0,4237.0,4237.0,4237.0,
3923.0,3923.0,3923.0,3923.0,3923.0,3923.0,3923.0,3923.0,3923.0,3923.0,
3484.0,3484.0,3484.0,3484.0,3484.0,3484.0,3484.0,3484.0,3484.0,3484.0,
4030.0,4030.0,4030.0,4030.0,4030.0,4030.0,4030.0,4030.0,4030.0,4030.0,
3746.0,3746.0,3746.0,3746.0,3746.0,3746.0,3746.0,3746.0,3746.0,3746.0,
3628.0,3628.0,3628.0,3628.0,3628.0,3628.0,3628.0,3628.0,3628.0,3628.0,
3553.0,3553.0,3553.0,3553.0,3553.0,3553.0,3553.0,3553.0,3553.0,3553.0,
3780.0,3780.0,3780.0,3780.0,3780.0,3780.0,3780.0,3780.0,3780.0,3780.0,
3811.0,3811.0,3811.0,3811.0,3811.0,3811.0,3811.0,3811.0,3811.0,3811.0,
3572.0,3572.0,3572.0,3572.0,3572.0,3572.0,3572.0,3572.0,3572.0,3572.0,
3460.0,3460.0,3460.0,3460.0,3460.0,3460.0,3460.0,3460.0,3460.0,3460.0,
4743.0,4743.0,4743.0,4743.0,4743.0,4743.0,4743.0,4743.0,4743.0,4743.0,
3752.0,3752.0,3752.0,3752.0,3752.0,3752.0,3752.0,3752.0,3752.0,3752.0,
4691.0,4691.0,4691.0,4691.0,4691.0,4691.0,4691.0,4691.0,4691.0,4691.0,
3741.0,3741.0,3741.0,3741.0,3741.0,3741.0,3741.0,3741.0,3741.0,3741.0,
4085.0,4085.0,4085.0,4085.0,4085.0,4085.0,4085.0,4085.0,4085.0,4085.0,
3758.0,3758.0,3758.0,3758.0,3758.0,3758.0,3758.0,3758.0,3758.0,3758.0,
3528.0,3528.0,3528.0,3528.0,3528.0,3528.0,3528.0,3528.0,3528.0,3528.0,
3506.0,3506.0,3506.0,3506.0,3506.0,3506.0,3506.0,3506.0,3506.0,3506.0,
3853.0,3853.0,3853.0,3853.0,3853.0,3853.0,3853.0,3853.0,3853.0,3853.0,
3270.0,3270.0,3270.0,3270.0,3270.0,3270.0,3270.0,3270.0,3270.0,3270.0,
3606.0,3606.0,3606.0,3606.0,3606.0,3606.0,3606.0,3606.0,3606.0,3606.0,
3716.0,3716.0,3716.0,3716.0,3716.0,3716.0,3716.0,3716.0,3716.0,3716.0,
3324.0,3324.0,3324.0,3324.0,3324.0,3324.0,3324.0,3324.0,3324.0,3324.0,
3642.0,3642.0,3642.0,3642.0,3642.0,3642.0,3642.0,3642.0,3642.0,3642.0,
3819.0,3819.0,3819.0,3819.0,3819.0,3819.0,3819.0,3819.0,3819.0,3819.0,
4429.0,4429.0,4429.0,4429.0,4429.0,4429.0,4429.0,4429.0,4429.0,4429.0,
4726.0,4726.0,4726.0,4726.0,4726.0,4726.0,4726.0,4726.0,4726.0,4726.0,
3902.0,3902.0,3902.0,3902.0,3902.0,3902.0,3902.0,3902.0,3902.0,3902.0,
3630.0,3630.0,3630.0,3630.0,3630.0,3630.0,3630.0,3630.0,3630.0,3630.0,
4025.0,4025.0,4025.0,4025.0,4025.0,4025.0,4025.0,4025.0,4025.0,4025.0,
4117.0,4117.0,4117.0,4117.0,4117.0,4117.0,4117.0,4117.0,4117.0,4117.0,
4019.0,4019.0,4019.0,4019.0,4019.0,4019.0,4019.0,4019.0,4019.0,4019.0,
4240.0,4240.0,4240.0,4240.0,4240.0,4240.0,4240.0,4240.0,4240.0,4240.0,
4034.0,4034.0,4034.0,4034.0,4034.0,4034.0,4034.0,4034.0,4034.0,4034.0,
4241.0,4241.0,4241.0,4241.0,4241.0,4241.0,4241.0,4241.0,4241.0,4241.0,
3327.0,3327.0,3327.0,3327.0,3327.0,3327.0,3327.0,3327.0,3327.0,3327.0,
3447.0,3447.0,3447.0,3447.0,3447.0,3447.0,3447.0,3447.0,3447.0,3447.0,
3470.0,3470.0,3470.0,3470.0,3470.0,3470.0,3470.0,3470.0,3470.0,3470.0,
4299.0,4299.0,4299.0,4299.0,4299.0,4299.0,4299.0,4299.0,4299.0,4299.0,
4541.0,4541.0,4541.0,4541.0,4541.0,4541.0,4541.0,4541.0,4541.0,4541.0,
3441.0,3441.0,3441.0,3441.0,3441.0,3441.0,3441.0,3441.0,3441.0,3441.0,
4313.0,4313.0,4313.0,4313.0,4313.0,4313.0,4313.0,4313.0,4313.0,4313.0,
3804.0,3804.0,3804.0,3804.0,3804.0,3804.0,3804.0,3804.0,3804.0,3804.0,
3938.0,3938.0,3938.0,3938.0,3938.0,3938.0,3938.0,3938.0,3938.0,3938.0,

3513.0,3513.0,3513.0,3513.0,3513.0,3513.0,3513.0,3513.0,3513.0,3513.0,
3582.0,3582.0,3582.0,3582.0,3582.0,3582.0,3582.0,3582.0,3582.0,3582.0,
3481.0,3481.0,3481.0,3481.0,3481.0,3481.0,3481.0,3481.0,3481.0,3481.0,
4192.0,4192.0,4192.0,4192.0,4192.0,4192.0,4192.0,4192.0,4192.0,4192.0,
3395.0,3395.0,3395.0,3395.0,3395.0,3395.0,3395.0,3395.0,3395.0,3395.0,
3473.0,3473.0,3473.0,3473.0,3473.0,3473.0,3473.0,3473.0,3473.0,3473.0,
3426.0,3426.0,3426.0,3426.0,3426.0,3426.0,3426.0,3426.0,3426.0,3426.0,
3581.0,3581.0,3581.0,3581.0,3581.0,3581.0,3581.0,3581.0,3581.0,3581.0,
3731.0,3731.0,3731.0,3731.0,3731.0,3731.0,3731.0,3731.0,3731.0,3731.0,
4001.0,4001.0,4001.0,4001.0,4001.0,4001.0,4001.0,4001.0,4001.0,4001.0,
4072.0,4072.0,4072.0,4072.0,4072.0,4072.0,4072.0,4072.0,4072.0,4072.0,
3805.0,3805.0,3805.0,3805.0,3805.0,3805.0,3805.0,3805.0,3805.0,3805.0,
3856.0,3856.0,3856.0,3856.0,3856.0,3856.0,3856.0,3856.0,3856.0,3856.0,
4281.0,4281.0,4281.0,4281.0,4281.0,4281.0,4281.0,4281.0,4281.0,4281.0,
3540.0,3540.0,3540.0,3540.0,3540.0,3540.0,3540.0,3540.0,3540.0,3540.0,
3566.0,3566.0,3566.0,3566.0,3566.0,3566.0,3566.0,3566.0,3566.0,3566.0,
4217.0,4217.0,4217.0,4217.0,4217.0,4217.0,4217.0,4217.0,4217.0,4217.0,
4016.0,4016.0,4016.0,4016.0,4016.0,4016.0,4016.0,4016.0,4016.0,4016.0,
3837.0,3837.0,3837.0,3837.0,3837.0,3837.0,3837.0,3837.0,3837.0,3837.0,
4417.0,4417.0,4417.0,4417.0,4417.0,4417.0,4417.0,4417.0,4417.0,4417.0,
3927.0,3927.0,3927.0,3927.0,3927.0,3927.0,3927.0,3927.0,3927.0,3927.0,
4673.0,4673.0,4673.0,4673.0,4673.0,4673.0,4673.0,4673.0,4673.0,4673.0,
3972.0,3972.0,3972.0,3972.0,3972.0,3972.0,3972.0,3972.0,3972.0,3972.0,
4177.0,4177.0,4177.0,4177.0,4177.0,4177.0,4177.0,4177.0,4177.0,4177.0,
3578.0,3578.0,3578.0,3578.0,3578.0,3578.0,3578.0,3578.0,3578.0,3578.0,
3821.0,3821.0,3821.0,3821.0,3821.0,3821.0,3821.0,3821.0,3821.0,3821.0,
3762.0,3762.0,3762.0,3762.0,3762.0,3762.0,3762.0,3762.0,3762.0,3762.0,
3896.0,3896.0,3896.0,3896.0,3896.0,3896.0,3896.0,3896.0,3896.0,3896.0,
3660.0,3660.0,3660.0,3660.0,3660.0,3660.0,3660.0,3660.0,3660.0,3660.0,
4689.0,4689.0,4689.0,4689.0,4689.0,4689.0,4689.0,4689.0,4689.0,4689.0,
4746.0,4746.0,4746.0,4746.0,4746.0,4746.0,4746.0,4746.0,4746.0,4746.0,
3756.0,3756.0,3756.0,3756.0,3756.0,3756.0,3756.0,3756.0,3756.0,3756.0,
3946.0,3946.0,3946.0,3946.0,3946.0,3946.0,3946.0,3946.0,3946.0,3946.0,
3488.0,3488.0,3488.0,3488.0,3488.0,3488.0,3488.0,3488.0,3488.0,3488.0,
4259.0,4259.0,4259.0,4259.0,4259.0,4259.0,4259.0,4259.0,4259.0,4259.0,
3389.0,3389.0,3389.0,3389.0,3389.0,3389.0,3389.0,3389.0,3389.0,3389.0,
3530.0,3530.0,3530.0,3530.0,3530.0,3530.0,3530.0,3530.0,3530.0,3530.0,
3829.0,3829.0,3829.0,3829.0,3829.0,3829.0,3829.0,3829.0,3829.0,3829.0,
3911.0,3911.0,3911.0,3911.0,3911.0,3911.0,3911.0,3911.0,3911.0,3911.0,
3573.0,3573.0,3573.0,3573.0,3573.0,3573.0,3573.0,3573.0,3573.0,3573.0,
3511.0,3511.0,3511.0,3511.0,3511.0,3511.0,3511.0,3511.0,3511.0,3511.0,
3696.0,3696.0,3696.0,3696.0,3696.0,3696.0,3696.0,3696.0,3696.0,3696.0,
3625.0,3625.0,3625.0,3625.0,3625.0,3625.0,3625.0,3625.0,3625.0,3625.0,
3897.0,3897.0,3897.0,3897.0,3897.0,3897.0,3897.0,3897.0,3897.0,3897.0,
4286.0,4286.0,4286.0,4286.0,4286.0,4286.0,4286.0,4286.0,4286.0,4286.0,
3741.0,3741.0,3741.0,3741.0,3741.0,3741.0,3741.0,3741.0,3741.0,3741.0,
3766.0,3766.0,3766.0,3766.0,3766.0,3766.0,3766.0,3766.0,3766.0,3766.0,
3784.0,3784.0,3784.0,3784.0,3784.0,3784.0,3784.0,3784.0,3784.0,3784.0,
3490.0,3490.0,3490.0,3490.0,3490.0,3490.0,3490.0,3490.0,3490.0,3490.0,
4107.0,4107.0,4107.0,4107.0,4107.0,4107.0,4107.0,4107.0,4107.0,4107.0,
4254.0,4254.0,4254.0,4254.0,4254.0,4254.0,4254.0,4254.0,4254.0,4254.0,
3543.0,3543.0,3543.0,3543.0,3543.0,3543.0,3543.0,3543.0,3543.0,3543.0,
3689.0,3689.0,3689.0,3689.0,3689.0,3689.0,3689.0,3689.0,3689.0,3689.0,
4126.0,4126.0,4126.0,4126.0,4126.0,4126.0,4126.0,4126.0,4126.0,4126.0,
3685.0,3685.0,3685.0,3685.0,3685.0,3685.0,3685.0,3685.0,3685.0,3685.0,
3758.0,3758.0,3758.0,3758.0,3758.0,3758.0,3758.0,3758.0,3758.0,3758.0,
4161.0,4161.0,4161.0,4161.0,4161.0,4161.0,4161.0,4161.0,4161.0,4161.0,
3526.0,3526.0,3526.0,3526.0,3526.0,3526.0,3526.0,3526.0,3526.0,3526.0,
4187.0,4187.0,4187.0,4187.0,4187.0,4187.0,4187.0,4187.0,4187.0,4187.0,
3785.0,3785.0,3785.0,3785.0,3785.0,3785.0,3785.0,3785.0,3785.0,3785.0,
3704.0,3704.0,3704.0,3704.0,3704.0,3704.0,3704.0,3704.0,3704.0,3704.0,
3721.0,3721.0,3721.0,3721.0,3721.0,3721.0,3721.0,3721.0,3721.0,3721.0,
3914.0,3914.0,3914.0,3914.0,3914.0,3914.0,3914.0,3914.0,3914.0,3914.0,
3587.0,3587.0,3587.0,3587.0,3587.0,3587.0,3587.0,3587.0,3587.0,3587.0,
3510.0,3510.0,3510.0,3510.0,3510.0,3510.0,3510.0,3510.0,3510.0,3510.0,
3454.0,3454.0,3454.0,3454.0,3454.0,3454.0,3454.0,3454.0,3454.0,3454.0,
4524.0,4524.0,4524.0,4524.0,4524.0,4524.0,4524.0,4524.0,4524.0,4524.0,
3432.0,3432.0,3432.0,3432.0,3432.0,3432.0,3432.0,3432.0,3432.0,3432.0,
4420.0,4420.0,4420.0,4420.0,4420.0,4420.0,4420.0,4420.0,4420.0,4420.0,
3822.0,3822.0,3822.0,3822.0,3822.0,3822.0,3822.0,3822.0,3822.0,3822.0,
3997.0,3997.0,3997.0,3997.0,3997.0,3997.0,3997.0,3997.0,3997.0,3997.0,
3647.0,3647.0,3647.0,3647.0,3647.0,3647.0,3647.0,3647.0,3647.0,3647.0,
3797.0,3797.0,3797.0,3797.0,3797.0,3797.0,3797.0,3797.0,3797.0,3797.0,
3605.0,3605.0,3605.0,3605.0,3605.0,3605.0,3605.0,3605.0,3605.0,3605.0,
4127.0,4127.0,4127.0,4127.0,4127.0,4127.0,4127.0,4127.0,4127.0,4127.0,
3303.0,3303.0,3303.0,3303.0,3303.0,3303.0,3303.0,3303.0,3303.0,3303.0,
3807.0,3807.0,3807.0,3807.0,3807.0,3807.0,3807.0,3807.0,3807.0,3807.0,
3712.0,3712.0,3712.0,3712.0,3712.0,3712.0,3712.0,3712.0,3712.0,3712.0,
3372.0,3372.0,3372.0,3372.0,3372.0,3372.0,3372.0,3372.0,3372.0,3372.0,
3511.0,3511.0,3511.0,3511.0,3511.0,3511.0,3511.0,3511.0,3511.0,3511.0,
3650.0,3650.0,3650.0,3650.0,3650.0,3650.0,3650.0,3650.0,3650.0,3650.0,
4199.0,4199.0,4199.0,4199.0,4199.0,4199.0,4199.0,4199.0,4199.0,4199.0,
4635.0,4635.0,4635.0,4635.0,4635.0,4635.0,4635.0,4635.0,4635.0,4635.0,
3546.0,3546.0,3546.0,3546.0,3546.0,3546.0,3546.0,3546.0,3546.0,3546.0,
3843.0,3843.0,3843.0,3843.0,3843.0,3843.0,3843.0,3843.0,3843.0,3843.0,
4107.0,4107.0,4107.0,4107.0,4107.0,4107.0,4107.0,4107.0,4107.0,4107.0,
3899.0,3899.0,3899.0,3899.0,3899.0,3899.0,3899.0,3899.0,3899.0,3899.0,
3682.0,3682.0,3682.0,3682.0,3682.0,3682.0,3682.0,3682.0,3682.0,3682.0,
4070.0,4070.0,4070.0,4070.0,4070.0,4070.0,4070.0,4070.0,4070.0,4070.0,
3949.0,3949.0,3949.0,3949.0,3949.0,3949.0,3949.0,3949.0,3949.0,3949.0,
4313.0,4313.0,4313.0,4313.0,4313.0,4313.0,4313.0,4313.0,4313.0,4313.0,
3535.0,3535.0,3535.0,3535.0,3535.0,3535.0,3535.0,3535.0,3535.0,3535.0,
3419.0,3419.0,3419.0,3419.0,3419.0,3419.0,3419.0,3419.0,3419.0,3419.0,
3442.0,3442.0,3442.0,3442.0,3442.0,3442.0,3442.0,3442.0,3442.0,3442.0,
4364.0,4364.0,4364.0,4364.0,4364.0,4364.0,4364.0,4364.0,4364.0,4364.0,
4632.0,4632.0,4632.0,4632.0,4632.0,4632.0,4632.0,4632.0,4632.0,4632.0,
3550.0,3550.0,3550.0,3550.0,3550.0,3550.0,3550.0,3550.0,3550.0,3550.0,
3983.0,3983.0,3983.0,3983.0,3983.0,3983.0,3983.0,3983.0,3983.0,3983.0,
3621.0,3621.0,3621.0,3621.0,3621.0,3621.0,3621.0,3621.0,3621.0,3621.0,
3731.0,3731.0,3731.0,3731.0,3731.0,3731.0,3731.0,3731.0,3731.0,3731.0,

3338.0,3338.0,3338.0,3338.0,3338.0,3338.0,3338.0,3338.0,3338.0,3338.0,
3448.0,3448.0,3448.0,3448.0,3448.0,3448.0,3448.0,3448.0,3448.0,3448.0,
3511.0,3511.0,3511.0,3511.0,3511.0,3511.0,3511.0,3511.0,3511.0,3511.0,
4192.0,4192.0,4192.0,4192.0,4192.0,4192.0,4192.0,4192.0,4192.0,4192.0,
3698.0,3698.0,3698.0,3698.0,3698.0,3698.0,3698.0,3698.0,3698.0,3698.0,
3457.0,3457.0,3457.0,3457.0,3457.0,3457.0,3457.0,3457.0,3457.0,3457.0,
3525.0,3525.0,3525.0,3525.0,3525.0,3525.0,3525.0,3525.0,3525.0,3525.0,
3514.0,3514.0,3514.0,3514.0,3514.0,3514.0,3514.0,3514.0,3514.0,3514.0,
3477.0,3477.0,3477.0,3477.0,3477.0,3477.0,3477.0,3477.0,3477.0,3477.0,
4314.0,4314.0,4314.0,4314.0,4314.0,4314.0,4314.0,4314.0,4314.0,4314.0,
4072.0,4072.0,4072.0,4072.0,4072.0,4072.0,4072.0,4072.0,4072.0,4072.0,
3707.0,3707.0,3707.0,3707.0,3707.0,3707.0,3707.0,3707.0,3707.0,3707.0,
3689.0,3689.0,3689.0,3689.0,3689.0,3689.0,3689.0,3689.0,3689.0,3689.0,
4281.0,4281.0,4281.0,4281.0,4281.0,4281.0,4281.0,4281.0,4281.0,4281.0,
3577.0,3577.0,3577.0,3577.0,3577.0,3577.0,3577.0,3577.0,3577.0,3577.0,
3463.0,3463.0,3463.0,3463.0,3463.0,3463.0,3463.0,3463.0,3463.0,3463.0,
3978.0,3978.0,3978.0,3978.0,3978.0,3978.0,3978.0,3978.0,3978.0,3978.0,
4070.0,4070.0,4070.0,4070.0,4070.0,4070.0,4070.0,4070.0,4070.0,4070.0,
3818.0,3818.0,3818.0,3818.0,3818.0,3818.0,3818.0,3818.0,3818.0,3818.0,
4102.0,4102.0,4102.0,4102.0,4102.0,4102.0,4102.0,4102.0,4102.0,4102.0,
3798.0,3798.0,3798.0,3798.0,3798.0,3798.0,3798.0,3798.0,3798.0,3798.0,
4647.0,4647.0,4647.0,4647.0,4647.0,4647.0,4647.0,4647.0,4647.0,4647.0,
3972.0,3972.0,3972.0,3972.0,3972.0,3972.0,3972.0,3972.0,3972.0,3972.0,
4129.0,4129.0,4129.0,4129.0,4129.0,4129.0,4129.0,4129.0,4129.0,4129.0,
3590.0,3590.0,3590.0,3590.0,3590.0,3590.0,3590.0,3590.0,3590.0,3590.0,
3671.0,3671.0,3671.0,3671.0,3671.0,3671.0,3671.0,3671.0,3671.0,3671.0,
3933.0,3933.0,3933.0,3933.0,3933.0,3933.0,3933.0,3933.0,3933.0,3933.0,
3801.0,3801.0,3801.0,3801.0,3801.0,3801.0,3801.0,3801.0,3801.0,3801.0,
3603.0,3603.0,3603.0,3603.0,3603.0,3603.0,3603.0,3603.0,3603.0,3603.0,
4614.0,4614.0,4614.0,4614.0,4614.0,4614.0,4614.0,4614.0,4614.0,4614.0,
4127.0,4127.0,4127.0,4127.0,4127.0,4127.0,4127.0,4127.0,4127.0,4127.0,
3748.0,3748.0,3748.0,3748.0,3748.0,3748.0,3748.0,3748.0,3748.0,3748.0,
4067.0,4067.0,4067.0,4067.0,4067.0,4067.0,4067.0,4067.0,4067.0,4067.0,
3391.0,3391.0,3391.0,3391.0,3391.0,3391.0,3391.0,3391.0,3391.0,3391.0,
4228.0,4228.0,4228.0,4228.0,4228.0,4228.0,4228.0,4228.0,4228.0,4228.0,
3380.0,3380.0,3380.0,3380.0,3380.0,3380.0,3380.0,3380.0,3380.0,3380.0,
3592.0,3592.0,3592.0,3592.0,3592.0,3592.0,3592.0,3592.0,3592.0,3592.0,
3633.0,3633.0,3633.0,3633.0,3633.0,3633.0,3633.0,3633.0,3633.0,3633.0,
3688.0,3688.0,3688.0,3688.0,3688.0,3688.0,3688.0,3688.0,3688.0,3688.0,
3563.0,3563.0,3563.0,3563.0,3563.0,3563.0,3563.0,3563.0,3563.0,3563.0,
3540.0,3540.0,3540.0,3540.0,3540.0,3540.0,3540.0,3540.0,3540.0,3540.0,
3696.0,3696.0,3696.0,3696.0,3696.0,3696.0,3696.0,3696.0,3696.0,3696.0,
3553.0,3553.0,3553.0,3553.0,3553.0,3553.0,3553.0,3553.0,3553.0,3553.0,
3897.0,3897.0,3897.0,3897.0,3897.0,3897.0,3897.0,3897.0,3897.0,3897.0,
4141.0,4141.0,4141.0,4141.0,4141.0,4141.0,4141.0,4141.0,4141.0,4141.0,
3771.0,3771.0,3771.0,3771.0,3771.0,3771.0,3771.0,3771.0,3771.0,3771.0,
3844.0,3844.0,3844.0,3844.0,3844.0,3844.0,3844.0,3844.0,3844.0,3844.0,
3627.0,3627.0,3627.0,3627.0,3627.0,3627.0,3627.0,3627.0,3627.0,3627.0,
3506.0,3506.0,3506.0,3506.0,3506.0,3506.0,3506.0,3506.0,3506.0,3506.0,
4107.0,4107.0,4107.0,4107.0,4107.0,4107.0,4107.0,4107.0,4107.0,4107.0,
4254.0,4254.0,4254.0,4254.0,4254.0,4254.0,4254.0,4254.0,4254.0,4254.0,
3601.0,3601.0,3601.0,3601.0,3601.0,3601.0,3601.0,3601.0,3601.0,3601.0,
3689.0,3689.0,3689.0,3689.0,3689.0,3689.0,3689.0,3689.0,3689.0,3689.0,
4034.0,4034.0,4034.0,4034.0,4034.0,4034.0,4034.0,4034.0,4034.0,4034.0,
3662.0,3662.0,3662.0,3662.0,3662.0,3662.0,3662.0,3662.0,3662.0,3662.0,
4014.0,4014.0,4014.0,4014.0,4014.0,4014.0,4014.0,4014.0,4014.0,4014.0,
4161.0,4161.0,4161.0,4161.0,4161.0,4161.0,4161.0,4161.0,4161.0,4161.0,
3636.0,3636.0,3636.0,3636.0,3636.0,3636.0,3636.0,3636.0,3636.0,3636.0,
4178.0,4178.0,4178.0,4178.0,4178.0,4178.0,4178.0,4178.0,4178.0,4178.0,
3741.0,3741.0,3741.0,3741.0,3741.0,3741.0,3741.0,3741.0,3741.0,3741.0,
3669.0,3669.0,3669.0,3669.0,3669.0,3669.0,3669.0,3669.0,3669.0,3669.0,
3595.0,3595.0,3595.0,3595.0,3595.0,3595.0,3595.0,3595.0,3595.0,3595.0,
3803.0,3803.0,3803.0,3803.0,3803.0,3803.0,3803.0,3803.0,3803.0,3803.0,
3631.0,3631.0,3631.0,3631.0,3631.0,3631.0,3631.0,3631.0,3631.0,3631.0,
3556.0,3556.0,3556.0,3556.0,3556.0,3556.0,3556.0,3556.0,3556.0,3556.0,
3393.0,3393.0,3393.0,3393.0,3393.0,3393.0,3393.0,3393.0,3393.0,3393.0,
4524.0,4524.0,4524.0,4524.0,4524.0,4524.0,4524.0,4524.0,4524.0,4524.0,
3586.0,3586.0,3586.0,3586.0,3586.0,3586.0,3586.0,3586.0,3586.0,3586.0,
4420.0,4420.0,4420.0,4420.0,4420.0,4420.0,4420.0,4420.0,4420.0,4420.0,
3822.0,3822.0,3822.0,3822.0,3822.0,3822.0,3822.0,3822.0,3822.0,3822.0,
3997.0,3997.0,3997.0,3997.0,3997.0,3997.0,3997.0,3997.0,3997.0,3997.0,
3591.0,3591.0,3591.0,3591.0,3591.0,3591.0,3591.0,3591.0,3591.0,3591.0,
3668.0,3668.0,3668.0,3668.0,3668.0,3668.0,3668.0,3668.0,3668.0,3668.0,
3512.0,3512.0,3512.0,3512.0,3512.0,3512.0,3512.0,3512.0,3512.0,3512.0,
3910.0,3910.0,3910.0,3910.0,3910.0,3910.0,3910.0,3910.0,3910.0,3910.0,
3484.0,3484.0,3484.0,3484.0,3484.0,3484.0,3484.0,3484.0,3484.0,3484.0,
3831.0,3831.0,3831.0,3831.0,3831.0,3831.0,3831.0,3831.0,3831.0,3831.0,
3692.0,3692.0,3692.0,3692.0,3692.0,3692.0,3692.0,3692.0,3692.0,3692.0,
3372.0,3372.0,3372.0,3372.0,3372.0,3372.0,3372.0,3372.0,3372.0,3372.0,
3556.0,3556.0,3556.0,3556.0,3556.0,3556.0,3556.0,3556.0,3556.0,3556.0,
3570.0,3570.0,3570.0,3570.0,3570.0,3570.0,3570.0,3570.0,3570.0,3570.0,
4199.0,4199.0,4199.0,4199.0,4199.0,4199.0,4199.0,4199.0,4199.0,4199.0,
4381.0,4381.0,4381.0,4381.0,4381.0,4381.0,4381.0,4381.0,4381.0,4381.0,
3535.0,3535.0,3535.0,3535.0,3535.0,3535.0,3535.0,3535.0,3535.0,3535.0,
3820.0,3820.0,3820.0,3820.0,3820.0,3820.0,3820.0,3820.0,3820.0,3820.0,
4153.0,4153.0,4153.0,4153.0,4153.0,4153.0,4153.0,4153.0,4153.0,4153.0,
4200.0,4200.0,4200.0,4200.0,4200.0,4200.0,4200.0,4200.0,4200.0,4200.0,
3487.0,3487.0,3487.0,3487.0,3487.0,3487.0,3487.0,3487.0,3487.0,3487.0,
4431.0,4431.0,4431.0,4431.0,4431.0,4431.0,4431.0,4431.0,4431.0,4431.0,
3797.0,3797.0,3797.0,3797.0,3797.0,3797.0,3797.0,3797.0,3797.0,3797.0,
4313.0,4313.0,4313.0,4313.0,4313.0,4313.0,4313.0,4313.0,4313.0,4313.0,
3452.0,3452.0,3452.0,3452.0,3452.0,3452.0,3452.0,3452.0,3452.0,3452.0,
3476.0,3476.0,3476.0,3476.0,3476.0,3476.0,3476.0,3476.0,3476.0,3476.0,
3497.0,3497.0,3497.0,3497.0,3497.0,3497.0,3497.0,3497.0,3497.0,3497.0,
4588.0,4588.0,4588.0,4588.0,4588.0,4588.0,4588.0,4588.0,4588.0,4588.0,
4632.0,4632.0,4632.0,4632.0,4632.0,4632.0,4632.0,4632.0,4632.0,4632.0,
3651.0,3651.0,3651.0,3651.0,3651.0,3651.0,3651.0,3651.0,3651.0,3651.0,
3852.0,3852.0,3852.0,3852.0,3852.0,3852.0,3852.0,3852.0,3852.0,3852.0,
3602.0,3602.0,3602.0,3602.0,3602.0,3602.0,3602.0,3602.0,3602.0,3602.0,
3836.0,3836.0,3836.0,3836.0,3836.0,3836.0,3836.0,3836.0,3836.0,3836.0,


