0.29,0.29,0.29,0.29,0.29,0.29,0.29,0.29,0.29,0.29,
0.252,0.252,0.252,0.252,0.252,0.252,0.252,0.252,0.252,0.252,
0.321,0.321,0.321,0.321,0.321,0.321,0.321,0.321,0.321,0.321,
0.323,0.323,0.323,0.323,0.323,0.323,0.323,0.323,0.323,0.323,
0.278,0.278,0.278,0.278,0.278,0.278,0.278,0.278,0.278,0.278,
0.309,0.309,0.309,0.309,0.309,0.309,0.309,0.309,0.309,0.309,
0.261,0.261,0.261,0.261,0.261,0.261,0.261,0.261,0.261,0.261,
0.313,0.313,0.313,0.313,0.313,0.313,0.313,0.313,0.313,0.313,
0.28,0.28,0.28,0.28,0.28,0.28,0.28,0.28,0.28,0.28,
0.306,0.306,0.306,0.306,0.306,0.306,0.306,0.306,0.306,0.306,
0.314,0.314,0.314,0.314,0.314,0.314,0.314,0.314,0.314,0.314,
0.322,0.322,0.322,0.322,0.322,0.322,0.322,0.322,0.322,0.322,
0.298,0.298,0.298,0.298,0.298,0.298,0.298,0.298,0.298,0.298,
0.28,0.28,0.28,0.28,0.28,0.28,0.28,0.28,0.28,0.28,
0.302,0.302,0.302,0.302,0.302,0.302,0.302,0.302,0.302,0.302,
0.291,0.291,0.291,0.291,0.291,0.291,0.291,0.291,0.291,0.291,
0.291,0.291,0.291,0.291,0.291,0.291,0.291,0.291,0.291,0.291,
0.346,0.346,0.346,0.346,0.346,0.346,0.346,0.346,0.346,0.346,
0.334,0.334,0.334,0.334,0.334,0.334,0.334,0.334,0.334,0.334,
0.306,0.306,0.306,0.306,0.306,0.306,0.306,0.306,0.306,0.306,
0.269,0.269,0.269,0.269,0.269,0.269,0.269,0.269,0.269,0.269,
0.317,0.317,0.317,0.317,0.317,0.317,0.317,0.317,0.317,0.317,
0.348,0.348,0.348,0.348,0.348,0.348,0.348,0.348,0.348,0.348,
0.268,0.268,0.268,0.268,0.268,0.268,0.268,0.268,0.268,0.268,
0.311,0.311,0.311,0.311,0.311,0.311,0.311,0.311,0.311,0.311,
0.285,0.285,0.285,0.285,0.285,0.285,0.285,0.285,0.285,0.285,
0.266,0.266,0.266,0.266,0.266,0.266,0.266,0.266,0.266,0.266,
0.276,0.276,0.276,0.276,0.276,0.276,0.276,0.276,0.276,0.276,
0.291,0.291,0.291,0.291,0.291,0.291,0.291,0.291,0.291,0.291,
0.356,0.356,0.356,0.356,0.356,0.356,0.356,0.356,0.356,0.356,
0.347,0.347,0.347,0.347,0.347,0.347,0.347,0.347,0.347,0.347,
0.276,0.276,0.276,0.276,0.276,0.276,0.276,0.276,0.276,0.276,
0.283,0.283,0.283,0.283,0.283,0.283,0.283,0.283,0.283,0.283,
0.265,0.265,0.265,0.265,0.265,0.265,0.265,0.265,0.265,0.265,
0.323,0.323,0.323,0.323,0.323,0.323,0.323,0.323,0.323,0.323,
0.287,0.287,0.287,0.287,0.287,0.287,0.287,0.287,0.287,0.287,
0.275,0.275,0.275,0.275,0.275,0.275,0.275,0.275,0.275,0.275,
0.322,0.322,0.322,0.322,0.322,0.322,0.322,0.322,0.322,0.322,
0.322,0.322,0.322,0.322,0.322,0.322,0.322,0.322,0.322,0.322,
0.276,0.276,0.276,0.276,0.276,0.276,0.276,0.276,0.276,0.276,
0.265,0.265,0.265,0.265,0.265,0.265,0.265,0.265,0.265,0.265,
0.265,0.265,0.265,0.265,0.265,0.265,0.265,0.265,0.265,0.265,
0.29,0.29,0.29,0.29,0.29,0.29,0.29,0.29,0.29,0.29,
0.238,0.238,0.238,0.238,0.238,0.238,0.238,0.238,0.238,0.238,
0.293,0.293,0.293,0.293,0.293,0.293,0.293,0.293,0.293,0.293,
0.302,0.302,0.302,0.302,0.302,0.302,0.302,0.302,0.302,0.302,
0.284,0.284,0.284,0.284,0.284,0.284,0.284,0.284,0.284,0.284,
0.274,0.274,0.274,0.274,0.274,0.274,0.274,0.274,0.274,0.274,
0.273,0.273,0.273,0.273,0.273,0.273,0.273,0.273,0.273,0.273,
0.277,0.277,0.277,0.277,0.277,0.277,0.277,0.277,0.277,0.277,
0.329,0.329,0.329,0.329,0.329,0.329,0.329,0.329,0.329,0.329,
0.275,0.275,0.275,0.275,0.275,0.275,0.275,0.275,0.275,0.275,
0.31,0.31,0.31,0.31,0.31,0.31,0.31,0.31,0.31,0.31,
0.328,0.328,0.328,0.328,0.328,0.328,0.328,0.328,0.328,0.328,
0.29,0.29,0.29,0.29,0.29,0.29,0.29,0.29,0.29,0.29,
0.259,0.259,0.259,0.259,0.259,0.259,0.259,0.259,0.259,0.259,
0.302,0.302,0.302,0.302,0.302,0.302,0.302,0.302,0.302,0.302,
0.268,0.268,0.268,0.268,0.268,0.268,0.268,0.268,0.268,0.268,
0.313,0.313,0.313,0.313,0.313,0.313,0.313,0.313,0.313,0.313,
0.326,0.326,0.326,0.326,0.326,0.326,0.326,0.326,0.326,0.326,
0.3,0.3,0.3,0.3,0.3,0.3,0.3,0.3,0.3,0.3,
0.28,0.28,0.28,0.28,0.28,0.28,0.28,0.28,0.28,0.28,
0.315,0.315,0.315,0.315,0.315,0.315,0.315,0.315,0.315,0.315,
0.309,0.309,0.309,0.309,0.309,0.309,0.309,0.309,0.309,0.309,
0.281,0.281,0.281,0.281,0.281,0.281,0.281,0.281,0.281,0.281,
0.257,0.257,0.257,0.257,0.257,0.257,0.257,0.257,0.257,0.257,
0.348,0.348,0.348,0.348,0.348,0.348,0.348,0.348,0.348,0.348,
0.299,0.299,0.299,0.299,0.299,0.299,0.299,0.299,0.299,0.299,
0.284,0.284,0.284,0.284,0.284,0.284,0.284,0.284,0.284,0.284,
0.253,0.253,0.253,0.253,0.253,0.253,0.253,0.253,0.253,0.253,
0.263,0.263,0.263,0.263,0.263,0.263,0.263,0.263,0.263,0.263,
0.291,0.291,0.291,0.291,0.291,0.291,0.291,0.291,0.291,0.291,
0.283,0.283,0.283,0.283,0.283,0.283,0.283,0.283,0.283,0.283,
0.263,0.263,0.263,0.263,0.263,0.263,0.263,0.263,0.263,0.263,
0.258,0.258,0.258,0.258,0.258,0.258,0.258,0.258,0.258,0.258,
0.337,0.337,0.337,0.337,0.337,0.337,0.337,0.337,0.337,0.337,
0.291,0.291,0.291,0.291,0.291,0.291,0.291,0.291,0.291,0.291,
0.262,0.262,0.262,0.262,0.262,0.262,0.262,0.262,0.262,0.262,
0.285,0.285,0.285,0.285,0.285,0.285,0.285,0.285,0.285,0.285,
0.293,0.293,0.293,0.293,0.293,0.293,0.293,0.293,0.293,0.293,
0.27,0.27,0.27,0.27,0.27,0.27,0.27,0.27,0.27,0.27,
0.335,0.335,0.335,0.335,0.335,0.335,0.335,0.335,0.335,0.335,
0.282,0.282,0.282,0.282,0.282,0.282,0.282,0.282,0.282,0.282,
0.32,0.32,0.32,0.32,0.32,0.32,0.32,0.32,0.32,0.32,
0.288,0.288,0.288,0.288,0.288,0.288,0.288,0.288,0.288,0.288,
0.343,0.343,0.343,0.343,0.343,0.343,0.343,0.343,0.343,0.343,
0.309,0.309,0.309,0.309,0.309,0.309,0.309,0.309,0.309,0.309,
0.277,0.277,0.277,0.277,0.277,0.277,0.277,0.277,0.277,0.277,
0.228,0.228,0.228,0.228,0.228,0.228,0.228,0.228,0.228,0.228,
0.291,0.291,0.291,0.291,0.291,0.291,0.291,0.291,0.291,0.291,
0.316,0.316,0.316,0.316,0.316,0.316,0.316,0.316,0.316,0.316,
0.298,0.298,0.298,0.298,0.298,0.298,0.298,0.298,0.298,0.298,
0.312,0.312,0.312,0.312,0.312,0.312,0.312,0.312,0.312,0.312,
0.309,0.309,0.309,0.309,0.309,0.309,0.309,0.309,0.309,0.309,
0.32,0.32,0.32,0.32,0.32,0.32,0.32,0.32,0.32,0.32,
0.271,0.271,0.271,0.271,0.271,0.271,0.271,0.271,0.271,0.271,
0.279,0.279,0.279,0.279,0.279,0.279,0.279,0.279,0.279,0.279,
0.316,0.316,0.316,0.316,0.316,0.316,0.316,0.316,0.316,0.316,
0.284,0.284,0.284,0.284,0.284,0.284,0.284,0.284,0.284,0.284,
0.281,0.281,0.281,0.281,0.281,0.281,0.281,0.281,0.281,0.281,

-0.29,-0.29,-0.29,-0.29,-0.29,-0.29,-0.29,-0.29,-0.29,-0.29,
-0.252,-0.252,-0.252,-0.252,-0.252,-0.252,-0.252,-0.252,-0.252,-0.252,
-0.321,-0.321,-0.321,-0.321,-0.321,-0.321,-0.321,-0.321,-0.321,-0.321,
-0.323,-0.323,-0.323,-0.323,-0.323,-0.323,-0.323,-0.323,-0.323,-0.323,
-0.278,-0.278,-0.278,-0.278,-0.278,-0.278,-0.278,-0.278,-0.278,-0.278,
-0.309,-0.309,-0.309,-0.309,-0.309,-0.309,-0.309,-0.309,-0.309,-0.309,
-0.261,-0.261,-0.261,-0.261,-0.261,-0.261,-0.261,-0.261,-0.261,-0.261,
-0.313,-0.313,-0.313,-0.313,-0.313,-0.313,-0.313,-0.313,-0.313,-0.313,
-0.28,-0.28,-0.28,-0.28,-0.28,-0.28,-0.28,-0.28,-0.28,-0.28,
-0.306,-0.306,-0.306,-0.306,-0.306,-0.306,-0.306,-0.306,-0.306,-0.306,
-0.314,-0.314,-0.314,-0.314,-0.314,-0.314,-0.314,-0.314,-0.314,-0.314,
-0.322,-0.322,-0.322,-0.322,-0.322,-0.322,-0.322,-0.322,-0.322,-0.322,
-0.298,-0.298,-0.298,-0.298,-0.298,-0.298,-0.298,-0.298,-0.298,-0.298,
-0.28,-0.28,-0.28,-0.28,-0.28,-0.28,-0.28,-0.28,-0.28,-0.28,
-0.302,-0.302,-0.302,-0.302,-0.302,-0.302,-0.302,-0.302,-0.302,-0.302,
-0.291,-0.291,-0.291,-0.291,-0.291,-0.291,-0.291,-0.291,-0.291,-0.291,
-0.291,-0.291,-0.291,-0.291,-0.291,-0.291,-0.291,-0.291,-0.291,-0.291,
-0.346,-0.346,-0.346,-0.346,-0.346,-0.346,-0.346,-0.346,-0.346,-0.346,
-0.334,-0.334,-0.334,-0.334,-0.334,-0.334,-0.334,-0.334,-0.334,-0.334,
-0.306,-0.306,-0.306,-0.306,-0.306,-0.306,-0.306,-0.306,-0.306,-0.306,
-0.269,-0.269,-0.269,-0.269,-0.269,-0.269,-0.269,-0.269,-0.269,-0.269,
-0.317,-0.317,-0.317,-0.317,-0.317,-0.317,-0.317,-0.317,-0.317,-0.317,
-0.348,-0.348,-0.348,-0.348,-0.348,-0.348,-0.348,-0.348,-0.348,-0.348,
-0.268,-0.268,-0.268,-0.268,-0.268,-0.268,-0.268,-0.268,-0.268,-0.268,
-0.311,-0.311,-0.311,-0.311,-0.311,-0.311,-0.311,-0.311,-0.311,-0.311,
-0.285,-0.285,-0.285,-0.285,-0.285,-0.285,-0.285,-0.285,-0.285,-0.285,
-0.266,-0.266,-0.266,-0.266,-0.266,-0.266,-0.266,-0.266,-0.266,-0.266,
-0.276,-0.276,-0.276,-0.276,-0.276,-0.276,-0.276,-0.276,-0.276,-0.276,
-0.291,-0.291,-0.291,-0.291,-0.291,-0.291,-0.291,-0.291,-0.291,-0.291,
-0.356,-0.356,-0.356,-0.356,-0.356,-0.356,-0.356,-0.356,-0.356,-0.356,
-0.347,-0.347,-0.347,-0.347,-0.347,-0.347,-0.347,-0.347,-0.347,-0.347,
-0.276,-0.276,-0.276,-0.276,-0.276,-0.276,-0.276,-0.276,-0.276,-0.276,
-0.283,-0.283,-0.283,-0.283,-0.283,-0.283,-0.283,-0.283,-0.283,-0.283,
-0.265,-0.265,-0.265,-0.265,-0.265,-0.265,-0.265,-0.265,-0.265,-0.265,
-0.323,-0.323,-0.323,-0.323,-0.323,-0.323,-0.323,-0.323,-0.323,-0.323,
-0.287,-0.287,-0.287,-0.287,-0.287,-0.287,-0.287,-0.287,-0.287,-0.287,
-0.275,-0.275,-0.275,-0.275,-0.275,-0.275,-0.275,-0.275,-0.275,-0.275,
-0.322,-0.322,-0.322,-0.322,-0.322,-0.322,-0.322,-0.322,-0.322,-0.322,
-0.322,-0.322,-0.322,-0.322,-0.322,-0.322,-0.322,-0.322,-0.322,-0.322,
-0.276,-0.276,-0.276,-0.276,-0.276,-0.276,-0.276,-0.276,-0.276,-0.276,
-0.265,-0.265,-0.265,-0.265,-0.265,-0.265,-0.265,-0.265,-0.265,-0.265,
-0.265,-0.265,-0.265,-0.265,-0.265,-0.265,-0.265,-0.265,-0.265,-0.265,
-0.29,-0.29,-0.29,-0.29,-0.29,-0.29,-0.29,-0.29,-0.29,-0.29,
-0.238,-0.238,-0.238,-0.238,-0.238,-0.238,-0.238,-0.238,-0.238,-0.238,
-0.293,-0.293,-0.293,-0.293,-0.293,-0.293,-0.293,-0.293,-0.293,-0.293,
-0.302,-0.302,-0.302,-0.302,-0.302,-0.302,-0.302,-0.302,-0.302,-0.302,
-0.284,-0.284,-0.284,-0.284,-0.284,-0.284,-0.284,-0.284,-0.284,-0.284,
-0.274,-0.274,-0.274,-0.274,-0.274,-0.274,-0.274,-0.274,-0.274,-0.274,
-0.273,-0.273,-0.273,-0.273,-0.273,-0.273,-0.273,-0.273,-0.273,-0.273,
-0.277,-0.277,-0.277,-0.277,-0.277,-0.277,-0.277,-0.277,-0.277,-0.277,
-0.329,-0.329,-0.329,-0.329,-0.329,-0.329,-0.329,-0.329,-0.329,-0.329,
-0.275,-0.275,-0.275,-0.275,-0.275,-0.275,-0.275,-0.275,-0.275,-0.275,
-0.31,-0.31,-0.31,-0.31,-0.31,-0.31,-0.31,-0.31,-0.31,-0.31,
-0.328,-0.328,-0.328,-0.328,-0.328,-0.328,-0.328,-0.328,-0.328,-0.328,
-0.29,-0.29,-0.29,-0.29,-0.29,-0.29,-0.29,-0.29,-0.29,-0.29,
-0.259,-0.259,-0.259,-0.259,-0.259,-0.259,-0.259,-0.259,-0.259,-0.259,
-0.302,-0.302,-0.302,-0.302,-0.302,-0.302,-0.302,-0.302,-0.302,-0.302,
-0.268,-0.268,-0.268,-0.268,-0.268,-0.268,-0.268,-0.268,-0.268,-0.268,
-0.313,-0.313,-0.313,-0.313,-0.313,-0.313,-0.313,-0.313,-0.313,-0.313,
-0.326,-0.326,-0.326,-0.326,-0.326,-0.326,-0.326,-0.326,-0.326,-0.326,
-0.3,-0.3,-0.3,-0.3,-0.3,-0.3,-0.3,-0.3,-0.3,-0.3,
-0.28,-0.28,-0.28,-0.28,-0.28,-0.28,-0.28,-0.28,-0.28,-0.28,
-0.315,-0.315,-0.315,-0.315,-0.315,-0.315,-0.315,-0.315,-0.315,-0.315,
-0.309,-0.309,-0.309,-0.309,-0.309,-0.309,-0.309,-0.309,-0.309,-0.309,
-0.281,-0.281,-0.281,-0.281,-0.281,-0.281,-0.281,-0.281,-0.281,-0.281,
-0.257,-0.257,-0.257,-0.257,-0.257,-0.257,-0.257,-0.257,-0.257,-0.257,
-0.348,-0.348,-0.348,-0.348,-0.348,-0.348,-0.348,-0.348,-0.348,-0.348,
-0.299,-0.299,-0.299,-0.299,-0.299,-0.299,-0.299,-0.299,-0.299,-0.299,
-0.284,-0.284,-0.284,-0.284,-0.284,-0.284,-0.284,-0.284,-0.284,-0.284,
-0.253,-0.253,-0.253,-0.253,-0.253,-0.253,-0.253,-0.253,-0.253,-0.253,
-0.263,-0.263,-0.263,-0.263,-0.263,-0.263,-0.263,-0.263,-0.263,-0.263,
-0.291,-0.291,-0.291,-0.291,-0.291,-0.291,-0.291,-0.291,-0.291,-0.291,
-0.283,-0.283,-0.283,-0.283,-0.283,-0.283,-0.283,-0.283,-0.283,-0.283,
-0.263,-0.263,-0.263,-0.263,-0.263,-0.263,-0.263,-0.263,-0.263,-0.263,
-0.258,-0.258,-0.258,-0.258,-0.258,-0.258,-0.258,-0.258,-0.258,-0.258,
-0.337,-0.337,-0.337,-0.337,-0.337,-0.337,-0.337,-0.337,-0.337,-0.337,
-0.291,-0.291,-0.291,-0.291,-0.291,-0.291,-0.291,-0.291,-0.291,-0.291,
-0.262,-0.262,-0.262,-0.262,-0.262,-0.262,-0.262,-0.262,-0.262,-0.262,
-0.285,-0.285,-0.285,-0.285,-0.285,-0.285,-0.285,-0.285,-0.285,-0.285,
-0.293,-0.293,-0.293,-0.293,-0.293,-0.293,-0.293,-0.293,-0.293,-0.293,
-0.27,-0.27,-0.27,-0.27,-0.27,-0.27,-0.27,-0.27,-0.27,-0.27,
-0.335,-0.335,-0.335,-0.335,-0.335,-0.335,-0.335,-0.335,-0.335,-0.335,
-0.282,-0.282,-0.282,-0.282,-0.282,-0.282,-0.282,-0.282,-0.282,-0.282,
-0.32,-0.32,-0.32,-0.32,-0.32,-0.32,-0.32,-0.32,-0.32,-0.32,
-0.288,-0.288,-0.288,-0.288,-0.288,-0.288,-0.288,-0.288,-0.288,-0.288,
-0.343,-0.343,-0.343,-0.343,-0.343,-0.343,-0.343,-0.343,-0.343,-0.343,
-0.309,-0.309,-0.309,-0.309,-0.309,-0.309,-0.309,-0.309,-0.309,-0.309,
-0.277,-0.277,-0.277,-0.277,-0.277,-0.277,-0.277,-0.277,-0.277,-0.277,
-0.228,-0.228,-0.228,-0.228,-0.228,-0.228,-0.228,-0.228,-0.228,-0.228,
-0.291,-0.291,-0.291,-0.291,-0.291,-0.291,-0.291,-0.291,-0.291,-0.291,
-0.316,-0.316,-0.316,-0.316,-0.316,-0.316,-0.316,-0.316,-0.316,-0.316,
-0.298,-0.298,-0.298,-0.298,-0.298,-0.298,-0.298,-0.298,-0.298,-0.298,
-0.312,-0.312,-0.312,-0.312,-0.312,-0.312,-0.312,-0.312,-0.312,-0.312,
-0.309,-0.309,-0.309,-0.309,-0.309,-0.309,-0.309,-0.309,-0.309,-0.309,
-0.32,-0.32,-0.32,-0.32,-0.32,-0.32,-0.32,-0.32,-0.32,-0.32,
-0.271,-0.271,-0.271,-0.271,-0.271,-0.271,-0.271,-0.271,-0.271,-0.271,
-0.279,-0.279,-0.279,-0.279,-0.279,-0.279,-0.279,-0.279,-0.279,-0.279,
-0.316,-0.316,-0.316,-0.316,-0.316,-0.316,-0.316,-0.316,-0.316,-0.316,
-0.284,-0.284,-0.284,-0.284,-0.284,-0.284,-0.284,-0.284,-0.284,-0.284,
-0.281,-0.281,-0.281,-0.281,-0.281,-0.281,-0.281,-0.281,-0.281,-0.281,

0.307,0.307,0.307,0.307,0.307,0.307,0.307,0.307,0.307,0.307,
0.332,0.332,0.332,0.332,0.332,0.332,0.332,0.332,0.332,0.332,
0.298,0.298,0.298,0.298,0.298,0.298,0.298,0.298,0.298,0.298,
0.282,0.282,0.282,0.282,0.282,0.282,0.282,0.282,0.282,0.282,
0.313,0.313,0.313,0.313,0.313,0.313,0.313,0.313,0.313,0.313,
0.267,0.267,0.267,0.267,0.267,0.267,0.267,0.267,0.267,0.267,
0.3,0.3,0.3,0.3,0.3,0.3,0.3,0.3,0.3,0.3,
0.257,0.257,0.257,0.257,0.257,0.257,0.257,0.257,0.257,0.257,
0.286,0.286,0.286,0.286,0.286,0.286,0.286,0.286,0.286,0.286,
0.29,0.29,0.29,0.29,0.29,0.29,0.29,0.29,0.29,0.29,
0.251,0.251,0.251,0.251,0.251,0.251,0.251,0.251,0.251,0.251,
0.244,0.244,0.244,0.244,0.244,0.244,0.244,0.244,0.244,0.244,
0.338,0.338,0.338,0.338,0.338,0.338,0.338,0.338,0.338,0.338,
0.358,0.358,0.358,0.358,0.358,0.358,0.358,0.358,0.358,0.358,
0.294,0.294,0.294,0.294,0.294,0.294,0.294,0.294,0.294,0.294,
0.323,0.323,0.323,0.323,0.323,0.323,0.323,0.323,0.323,0.323,
0.379,0.379,0.379,0.379,0.379,0.379,0.379,0.379,0.379,0.379,
0.28,0.28,0.28,0.28,0.28,0.28,0.28,0.28,0.28,0.28,
0.349,0.349,0.349,0.349,0.349,0.349,0.349,0.349,0.349,0.349,
0.347,0.347,0.347,0.347,0.347,0.347,0.347,0.347,0.347,0.347,
0.345,0.345,0.345,0.345,0.345,0.345,0.345,0.345,0.345,0.345,
0.308,0.308,0.308,0.308,0.308,0.308,0.308,0.308,0.308,0.308,
0.329,0.329,0.329,0.329,0.329,0.329,0.329,0.329,0.329,0.329,
0.286,0.286,0.286,0.286,0.286,0.286,0.286,0.286,0.286,0.286,
0.262,0.262,0.262,0.262,0.262,0.262,0.262,0.262,0.262,0.262,
0.349,0.349,0.349,0.349,0.349,0.349,0.349,0.349,0.349,0.349,
0.303,0.303,0.303,0.303,0.303,0.303,0.303,0.303,0.303,0.303,
0.355,0.355,0.355,0.355,0.355,0.355,0.355,0.355,0.355,0.355,
0.268,0.268,0.268,0.268,0.268,0.268,0.268,0.268,0.268,0.268,
0.337,0.337,0.337,0.337,0.337,0.337,0.337,0.337,0.337,0.337,
0.293,0.293,0.293,0.293,0.293,0.293,0.293,0.293,0.293,0.293,
0.337,0.337,0.337,0.337,0.337,0.337,0.337,0.337,0.337,0.337,
0.232,0.232,0.232,0.232,0.232,0.232,0.232,0.232,0.232,0.232,
0.301,0.301,0.301,0.301,0.301,0.301,0.301,0.301,0.301,0.301,
0.305,0.305,0.305,0.305,0.305,0.305,0.305,0.305,0.305,0.305,
0.285,0.285,0.285,0.285,0.285,0.285,0.285,0.285,0.285,0.285,
0.296,0.296,0.296,0.296,0.296,0.296,0.296,0.296,0.296,0.296,
0.339,0.339,0.339,0.339,0.339,0.339,0.339,0.339,0.339,0.339,
0.375,0.375,0.375,0.375,0.375,0.375,0.375,0.375,0.375,0.375,
0.265,0.265,0.265,0.265,0.265,0.265,0.265,0.265,0.265,0.265,
0.285,0.285,0.285,0.285,0.285,0.285,0.285,0.285,0.285,0.285,
0.349,0.349,0.349,0.349,0.349,0.349,0.349,0.349,0.349,0.349,
0.324,0.324,0.324,0.324,0.324,0.324,0.324,0.324,0.324,0.324,
0.332,0.332,0.332,0.332,0.332,0.332,0.332,0.332,0.332,0.332,
0.314,0.314,0.314,0.314,0.314,0.314,0.314,0.314,0.314,0.314,
0.284,0.284,0.284,0.284,0.284,0.284,0.284,0.284,0.284,0.284,
0.3,0.3,0.3,0.3,0.3,0.3,0.3,0.3,0.3,0.3,
0.316,0.316,0.316,0.316,0.316,0.316,0.316,0.316,0.316,0.316,
0.35,0.35,0.35,0.35,0.35,0.35,0.35,0.35,0.35,0.35,
0.301,0.301,0.301,0.301,0.301,0.301,0.301,0.301,0.301,0.301,
0.383,0.383,0.383,0.383,0.383,0.383,0.383,0.383,0.383,0.383,
0.347,0.347,0.347,0.347,0.347,0.347,0.347,0.347,0.347,0.347,
0.264,0.264,0.264,0.264,0.264,0.264,0.264,0.264,0.264,0.264,
0.324,0.324,0.324,0.324,0.324,0.324,0.324,0.324,0.324,0.324,
0.295,0.295,0.295,0.295,0.295,0.295,0.295,0.295,0.295,0.295,
0.287,0.287,0.287,0.287,0.287,0.287,0.287,0.287,0.287,0.287,
0.327,0.327,0.327,0.327,0.327,0.327,0.327,0.327,0.327,0.327,
0.32,0.32,0.32,0.32,0.32,0.32,0.32,0.32,0.32,0.32,
0.322,0.322,0.322,0.322,0.322,0.322,0.322,0.322,0.322,0.322,
0.346,0.346,0.346,0.346,0.346,0.346,0.346,0.346,0.346,0.346,
0.313,0.313,0.313,0.313,0.313,0.313,0.313,0.313,0.313,0.313,
0.318,0.318,0.318,0.318,0.318,0.318,0.318,0.318,0.318,0.318,
0.368,0.368,0.368,0.368,0.368,0.368,0.368,0.368,0.368,0.368,
0.293,0.293,0.293,0.293,0.293,0.293,0.293,0.293,0.293,0.293,
0.286,0.286,0.286,0.286,0.286,0.286,0.286,0.286,0.286,0.286,
0.3,0.3,0.3,0.3,0.3,0.3,0.3,0.3,0.3,0.3,
0.324,0.324,0.324,0.324,0.324,0.324,0.324,0.324,0.324,0.324,
0.28,0.28,0.28,0.28,0.28,0.28,0.28,0.28,0.28,0.28,
0.259,0.259,0.259,0.259,0.259,0.259,0.259,0.259,0.259,0.259,
0.252,0.252,0.252,0.252,0.252,0.252,0.252,0.252,0.252,0.252,
0.237,0.237,0.237,0.237,0.237,0.237,0.237,0.237,0.237,0.237,
0.273,0.273,0.273,0.273,0.273,0.273,0.273,0.273,0.273,0.273,
0.309,0.309,0.309,0.309,0.309,0.309,0.309,0.309,0.309,0.309,
0.269,0.269,0.269,0.269,0.269,0.269,0.269,0.269,0.269,0.269,
0.347,0.347,0.347,0.347,0.347,0.347,0.347,0.347,0.347,0.347,
0.313,0.313,0.313,0.313,0.313,0.313,0.313,0.313,0.313,0.313,
0.273,0.273,0.273,0.273,0.273,0.273,0.273,0.273,0.273,0.273,
0.28,0.28,0.28,0.28,0.28,0.28,0.28,0.28,0.28,0.28,
0.256,0.256,0.256,0.256,0.256,0.256,0.256,0.256,0.256,0.256,
0.252,0.252,0.252,0.252,0.252,0.252,0.252,0.252,0.252,0.252,
0.274,0.274,0.274,0.274,0.274,0.274,0.274,0.274,0.274,0.274,
0.32,0.32,0.32,0.32,0.32,0.32,0.32,0.32,0.32,0.32,
0.259,0.259,0.259,0.259,0.259,0.259,0.259,0.259,0.259,0.259,
0.281,0.281,0.281,0.281,0.281,0.281,0.281,0.281,0.281,0.281,
0.281,0.281,0.281,0.281,0.281,0.281,0.281,0.281,0.281,0.281,
0.376,0.376,0.376,0.376,0.376,0.376,0.376,0.376,0.376,0.376,
0.25,0.25,0.25,0.25,0.25,0.25,0.25,0.25,0.25,0.25,
0.264,0.264,0.264,0.264,0.264,0.264,0.264,0.264,0.264,0.264,
0.225,0.225,0.225,0.225,0.225,0.225,0.225,0.225,0.225,0.225,
0.32,0.32,0.32,0.32,0.32,0.32,0.32,0.32,0.32,0.32,
0.309,0.309,0.309,0.309,0.309,0.309,0.309,0.309,0.309,0.309,
0.335,0.335,0.335,0.335,0.335,0.335,0.335,0.335,0.335,0.335,
0.297,0.297,0.297,0.297,0.297,0.297,0.297,0.297,0.297,0.297,
0.267,0.267,0.267,0.267,0.267,0.267,0.267,0.267,0.267,0.267,
0.329,0.329,0.329,0.329,0.329,0.329,0.329,0.329,0.329,0.329,
0.279,0.279,0.279,0.279,0.279,0.279,0.279,0.279,0.279,0.279,
0.321,0.321,0.321,0.321,0.321,0.321,0.321,0.321,0.321,0.321,
0.318,0.318,0.318,0.318,0.318,0.318,0.318,0.318,0.318,0.318,
0.29,0.29,0.29,0.29,0.29,0.29,0.29,0.29,0.29,0.29,
0.342,0.342,0.342,0.342,0.342,0.342,0.342,0.342,0.342,0.342,

0.0,0.0,0.0,0.0,0.0,0.0,0.0,0.0,0.0,0.0,
-0.082,-0.082,-0.082,-0.082,-0.082,-0.082,-0.082,-0.082,-0.082,-0.082,
-0.056,-0.056,-0.056,-0.056,-0.056,-0.056,-0.056,-0.056,-0.056,-0.056,
0.019,0.019,0.019,0.019,0.019,0.019,0.019,0.019,0.019,0.019,
-0.048,-0.048,-0.048,-0.048,-0.048,-0.048,-0.048,-0.048,-0.048,-0.048,
0.046,0.046,0.046,0.046,0.046,0.046,0.046,0.046,0.046,0.046,
0.01,0.01,0.01,0.01,0.01,0.01,0.01,0.01,0.01,0.01,
0.075,0.075,0.075,0.075,0.075,0.075,0.075,0.075,0.075,0.075,
-0.008,-0.008,-0.008,-0.008,-0.008,-0.008,-0.008,-0.008,-0.008,-0.008,
0.062,0.062,0.062,0.062,0.062,0.062,0.062,0.062,0.062,0.062,
0.084,0.084,0.084,0.084,0.084,0.084,0.084,0.084,0.084,0.084,
0.103,0.103,0.103,0.103,0.103,0.103,0.103,0.103,0.103,0.103,
-0.056,-0.056,-0.056,-0.056,-0.056,-0.056,-0.056,-0.056,-0.056,-0.056,
-0.108,-0.108,-0.108,-0.108,-0.108,-0.108,-0.108,-0.108,-0.108,-0.108,
-0.003,-0.003,-0.003,-0.003,-0.003,-0.003,-0.003,-0.003,-0.003,-0.003,
-0.015,-0.015,-0.015,-0.015,-0.015,-0.015,-0.015,-0.015,-0.015,-0.015,
-0.124,-0.124,-0.124,-0.124,-0.124,-0.124,-0.124,-0.124,-0.124,-0.124,
0.092,0.092,0.092,0.092,0.092,0.092,0.092,0.092,0.092,0.092,
-0.023,-0.023,-0.023,-0.023,-0.023,-0.023,-0.023,-0.023,-0.023,-0.023,
-0.059,-0.059,-0.059,-0.059,-0.059,-0.059,-0.059,-0.059,-0.059,-0.059,
-0.104,-0.104,-0.104,-0.104,-0.104,-0.104,-0.104,-0.104,-0.104,-0.104,
0.007,0.007,0.007,0.007,0.007,0.007,0.007,0.007,0.007,0.007,
0.028,0.028,0.028,0.028,0.028,0.028,0.028,0.028,0.028,0.028,
0.039,0.039,0.039,0.039,0.039,0.039,0.039,0.039,0.039,0.039,
0.06,0.06,0.06,0.06,0.06,0.06,0.06,0.06,0.06,0.06,
-0.108,-0.108,-0.108,-0.108,-0.108,-0.108,-0.108,-0.108,-0.108,-0.108,
-0.049,-0.049,-0.049,-0.049,-0.049,-0.049,-0.049,-0.049,-0.049,-0.049,
-0.093,-0.093,-0.093,-0.093,-0.093,-0.093,-0.093,-0.093,-0.093,-0.093,
0.026,0.026,0.026,0.026,0.026,0.026,0.026,0.026,0.026,0.026,
0.029,0.029,0.029,0.029,0.029,0.029,0.029,0.029,0.029,0.029,
0.076,0.076,0.076,0.076,0.076,0.076,0.076,0.076,0.076,0.076,
-0.084,-0.084,-0.084,-0.084,-0.084,-0.084,-0.084,-0.084,-0.084,-0.084,
0.066,0.066,0.066,0.066,0.066,0.066,0.066,0.066,0.066,0.066,
-0.05,-0.05,-0.05,-0.05,-0.05,-0.05,-0.05,-0.05,-0.05,-0.05,
0.026,0.026,0.026,0.026,0.026,0.026,0.026,0.026,0.026,0.026,
0.003,0.003,0.003,0.003,0.003,0.003,0.003,0.003,0.003,0.003,
-0.024,-0.024,-0.024,-0.024,-0.024,-0.024,-0.024,-0.024,-0.024,-0.024,
-0.053,-0.053,-0.053,-0.053,-0.053,-0.053,-0.053,-0.053,-0.053,-0.053,
-0.081,-0.081,-0.081,-0.081,-0.081,-0.081,-0.081,-0.081,-0.081,-0.081,
0.049,0.049,0.049,0.049,0.049,0.049,0.049,0.049,0.049,0.049,
-0.027,-0.027,-0.027,-0.027,-0.027,-0.027,-0.027,-0.027,-0.027,-0.027,
-0.114,-0.114,-0.114,-0.114,-0.114,-0.114,-0.114,-0.114,-0.114,-0.114,
-0.023,-0.023,-0.023,-0.023,-0.023,-0.023,-0.023,-0.023,-0.023,-0.023,
-0.123,-0.123,-0.123,-0.123,-0.123,-0.123,-0.123,-0.123,-0.123,-0.123,
-0.03,-0.03,-0.03,-0.03,-0.03,-0.03,-0.03,-0.03,-0.03,-0.03,
0.025,0.025,0.025,0.025,0.025,0.025,0.025,0.025,0.025,0.025,
0.106,0.106,0.106,0.106,0.106,0.106,0.106,0.106,0.106,0.106,
-0.058,-0.058,-0.058,-0.058,-0.058,-0.058,-0.058,-0.058,-0.058,-0.058,
-0.123,-0.123,-0.123,-0.123,-0.123,-0.123,-0.123,-0.123,-0.123,-0.123,
-0.033,-0.033,-0.033,-0.033,-0.033,-0.033,-0.033,-0.033,-0.033,-0.033,
-0.08,-0.08,-0.08,-0.08,-0.08,-0.08,-0.08,-0.08,-0.08,-0.08,
-0.099,-0.099,-0.099,-0.099,-0.099,-0.099,-0.099,-0.099,-0.099,-0.099,
0.03,0.03,0.03,0.03,0.03,0.03,0.03,0.03,0.03,0.03,
0.006,0.006,0.006,0.006,0.006,0.006,0.006,0.006,0.006,0.006,
-0.007,-0.007,-0.007,-0.007,-0.007,-0.007,-0.007,-0.007,-0.007,-0.007,
-0.043,-0.043,-0.043,-0.043,-0.043,-0.043,-0.043,-0.043,-0.043,-0.043,
-0.036,-0.036,-0.036,-0.036,-0.036,-0.036,-0.036,-0.036,-0.036,-0.036,
-0.07,-0.07,-0.07,-0.07,-0.07,-0.07,-0.07,-0.07,-0.07,-0.07,
-0.013,-0.013,-0.013,-0.013,-0.013,-0.013,-0.013,-0.013,-0.013,-0.013,
-0.051,-0.051,-0.051,-0.051,-0.051,-0.051,-0.051,-0.051,-0.051,-0.051,
-0.017,-0.017,-0.017,-0.017,-0.017,-0.017,-0.017,-0.017,-0.017,-0.017,
-0.059,-0.059,-0.059,-0.059,-0.059,-0.059,-0.059,-0.059,-0.059,-0.059,
-0.075,-0.075,-0.075,-0.075,-0.075,-0.075,-0.075,-0.075,-0.075,-0.075,
0.023,0.023,0.023,0.023,0.023,0.023,0.023,0.023,0.023,0.023,
-0.007,-0.007,-0.007,-0.007,-0.007,-0.007,-0.007,-0.007,-0.007,-0.007,
-0.058,-0.058,-0.058,-0.058,-0.058,-0.058,-0.058,-0.058,-0.058,-0.058,
0.036,0.036,0.036,0.036,0.036,0.036,0.036,0.036,0.036,0.036,
0.026,0.026,0.026,0.026,0.026,0.026,0.026,0.026,0.026,0.026,
0.034,0.034,0.034,0.034,0.034,0.034,0.034,0.034,0.034,0.034,
0.001,0.001,0.001,0.001,0.001,0.001,0.001,0.001,0.001,0.001,
0.028,0.028,0.028,0.028,0.028,0.028,0.028,0.028,0.028,0.028,
0.025,0.025,0.025,0.025,0.025,0.025,0.025,0.025,0.025,0.025,
-0.017,-0.017,-0.017,-0.017,-0.017,-0.017,-0.017,-0.017,-0.017,-0.017,
-0.008,-0.008,-0.008,-0.008,-0.008,-0.008,-0.008,-0.008,-0.008,-0.008,
-0.12,-0.12,-0.12,-0.12,-0.12,-0.12,-0.12,-0.12,-0.12,-0.12,
-0.058,-0.058,-0.058,-0.058,-0.058,-0.058,-0.058,-0.058,-0.058,-0.058,
-0.005,-0.005,-0.005,-0.005,-0.005,-0.005,-0.005,-0.005,-0.005,-0.005,
0.013,0.013,0.013,0.013,0.013,0.013,0.013,0.013,0.013,0.013,
0.013,0.013,0.013,0.013,0.013,0.013,0.013,0.013,0.013,0.013,
0.055,0.055,0.055,0.055,0.055,0.055,0.055,0.055,0.055,0.055,
0.032,0.032,0.032,0.032,0.032,0.032,0.032,0.032,0.032,0.032,
0.022,0.022,0.022,0.022,0.022,0.022,0.022,0.022,0.022,0.022,
0.031,0.031,0.031,0.031,0.031,0.031,0.031,0.031,0.031,0.031,
0.054,0.054,0.054,0.054,0.054,0.054,0.054,0.054,0.054,0.054,
0.0,0.0,0.0,0.0,0.0,0.0,0.0,0.0,0.0,0.0,
-0.05,-0.05,-0.05,-0.05,-0.05,-0.05,-0.05,-0.05,-0.05,-0.05,
0.079,0.079,0.079,0.079,0.079,0.079,0.079,0.079,0.079,0.079,
0.018,0.018,0.018,0.018,0.018,0.018,0.018,0.018,0.018,0.018,
0.004,0.004,0.004,0.004,0.004,0.004,0.004,0.004,0.004,0.004,
-0.057,-0.057,-0.057,-0.057,-0.057,-0.057,-0.057,-0.057,-0.057,-0.057,
0.023,0.023,0.023,0.023,0.023,0.023,0.023,0.023,0.023,0.023,
-0.079,-0.079,-0.079,-0.079,-0.079,-0.079,-0.079,-0.079,-0.079,-0.079,
0.021,0.021,0.021,0.021,0.021,0.021,0.021,0.021,0.021,0.021,
0.057,0.057,0.057,0.057,0.057,0.057,0.057,0.057,0.057,0.057,
-0.013,-0.013,-0.013,-0.013,-0.013,-0.013,-0.013,-0.013,-0.013,-0.013,
-0.011,-0.011,-0.011,-0.011,-0.011,-0.011,-0.011,-0.011,-0.011,-0.011,
-0.009,-0.009,-0.009,-0.009,-0.009,-0.009,-0.009,-0.009,-0.009,-0.009,
-0.016,-0.016,-0.016,-0.016,-0.016,-0.016,-0.016,-0.016,-0.016,-0.016,
0.007,0.007,0.007,0.007,0.007,0.007,0.007,0.007,0.007,0.007,
-0.085,-0.085,-0.085,-0.085,-0.085,-0.085,-0.085,-0.085,-0.085,-0.085,

-0.049,-0.044,-0.029,-0.072,-0.075,-0.094,-0.035,-0.067,-0.029,-0.072,
0.001,-0.007,-0.011,0.007,-0.007,-0.011,0.007,-0.007,-0.011,0.007,
0.035,-0.012,-0.012,-0.012,-0.012,-0.012,-0.012,-0.012,-0.012,-0.012,
0.004,-0.052,-0.026,-0.029,-0.045,-0.03,-0.045,-0.03,-0.045,-0.03,
0.008,-0.031,-0.018,-0.02,-0.026,-0.03,-0.014,-0.02,-0.026,-0.03,
-0.026,-0.044,-0.045,-0.045,-0.045,-0.045,-0.045,-0.045,-0.045,-0.045,
-0.043,-0.065,-0.066,-0.055,-0.071,-0.069,-0.061,-0.065,-0.066,-0.035,
-0.067,-0.056,-0.079,-0.073,-0.075,-0.073,-0.075,-0.073,-0.075,-0.073,
0.043,0.017,0.01,0.011,0.0,0.025,-0.02,-0.02,-0.02,-0.02,
-0.062,-0.099,-0.083,-0.078,-0.118,-0.083,-0.085,-0.126,-0.114,-0.105,
-0.038,-0.05,-0.02,-0.095,-0.075,-0.083,-0.088,-0.077,-0.083,-0.088,
-0.038,-0.046,-0.064,-0.069,-0.129,-0.081,-0.058,-0.107,-0.058,-0.065,
0.007,-0.053,-0.041,-0.048,-0.025,-0.045,-0.046,-0.026,-0.04,-0.068,
0.031,-0.01,-0.014,-0.071,0.011,-0.07,-0.026,0.015,-0.071,-0.006,
-0.006,-0.065,-0.029,-0.039,-0.066,-0.026,-0.066,-0.029,-0.039,-0.066,
-0.039,-0.058,-0.068,-0.082,-0.065,-0.069,-0.063,-0.06,-0.065,-0.077,
-0.011,-0.046,-0.015,0.014,-0.05,-0.023,-0.011,-0.011,-0.011,-0.011,
-0.071,-0.033,-0.098,-0.1,-0.067,-0.049,-0.067,-0.059,-0.098,-0.08,
-0.022,-0.054,-0.069,-0.07,-0.083,-0.062,-0.083,-0.062,-0.083,-0.062,
-0.04,-0.013,-0.061,-0.021,-0.061,-0.021,-0.061,-0.021,-0.061,-0.021,
0.055,0.027,0.029,0.018,0.029,0.018,0.029,0.018,0.029,0.018,
0.045,-0.07,-0.024,-0.065,-0.048,-0.03,-0.063,-0.035,-0.032,-0.035,
-0.08,-0.165,-0.169,-0.167,-0.164,-0.119,-0.197,-0.096,-0.176,-0.172,
-0.032,-0.059,-0.059,-0.059,-0.059,-0.059,-0.059,-0.059,-0.059,-0.059,
-0.043,-0.053,-0.027,-0.068,-0.032,-0.048,-0.032,-0.048,-0.032,-0.048,
0.041,-0.028,-0.027,-0.016,-0.001,0.0,-0.004,-0.031,0.008,-0.037,
0.075,0.018,0.003,-0.004,0.016,0.019,0.001,-0.004,0.016,0.019,
-0.015,-0.026,-0.025,-0.039,-0.019,-0.057,-0.014,-0.039,-0.026,-0.003,
0.007,0.049,0.015,-0.018,0.024,0.007,-0.019,0.056,0.022,0.001,
-0.096,-0.027,-0.075,-0.056,-0.075,-0.056,-0.075,-0.056,-0.075,-0.056,
-0.105,-0.199,-0.159,-0.107,-0.191,-0.159,-0.107,-0.191,-0.159,-0.107,
-0.024,0.017,0.014,-0.001,-0.016,-0.016,-0.016,-0.016,-0.016,-0.016,
0.025,-0.041,-0.019,-0.001,-0.057,-0.023,0.004,-0.062,0.004,-0.062,
0.018,-0.016,0.005,-0.016,0.005,-0.016,0.005,-0.016,0.005,-0.016,
-0.015,-0.084,-0.064,-0.064,-0.064,-0.064,-0.064,-0.064,-0.064,-0.064,
-0.012,-0.029,-0.025,-0.049,-0.022,-0.014,-0.029,-0.025,-0.049,-0.022,
-0.007,0.003,-0.031,-0.006,-0.027,0.004,-0.028,-0.051,0.001,-0.015,
-0.024,-0.059,-0.026,-0.037,-0.026,-0.037,-0.026,-0.037,-0.026,-0.037,
-0.057,-0.074,-0.082,-0.038,-0.067,-0.093,-0.054,-0.075,-0.054,-0.085,
-0.022,-0.077,-0.045,-0.04,-0.033,-0.042,-0.036,-0.058,-0.044,-0.052,
0.038,0.044,0.026,0.03,0.046,0.031,0.044,0.026,0.03,0.046,
0.005,0.01,0.011,0.022,0.011,0.011,0.022,0.011,0.011,0.022,
-0.027,-0.029,-0.046,-0.059,-0.048,-0.044,-0.044,-0.044,-0.044,-0.044,
0.089,-0.016,-0.019,-0.012,-0.043,-0.044,0.041,-0.064,-0.001,0.139,
-0.034,-0.028,0.041,0.041,0.041,0.041,0.041,0.041,0.041,0.041,
-0.049,-0.026,-0.037,-0.021,-0.022,-0.021,-0.022,-0.021,-0.022,-0.021,
-0.155,-0.153,-0.112,-0.159,-0.135,-0.138,-0.138,-0.138,-0.138,-0.138,
0.019,0.018,0.043,0.032,0.032,0.032,0.032,0.032,0.032,0.032,
0.034,0.027,0.027,0.027,0.027,0.027,0.027,0.027,0.027,0.027,
0.08,0.05,0.069,0.075,0.054,0.054,0.054,0.054,0.054,0.054,
-0.051,-0.097,-0.039,-0.055,-0.097,-0.039,-0.055,-0.097,-0.039,-0.055,
-0.014,-0.014,-0.016,0.011,-0.005,-0.029,-0.014,-0.016,0.011,-0.005,
-0.029,-0.019,0.007,-0.034,-0.035,-0.015,-0.033,-0.059,-0.014,0.001,
-0.04,-0.098,-0.113,-0.098,-0.113,-0.098,-0.113,-0.098,-0.113,-0.098,
-0.026,-0.029,-0.038,-0.051,-0.044,-0.037,-0.031,-0.031,-0.031,-0.031,
0.058,-0.025,-0.015,-0.031,-0.015,-0.031,-0.015,-0.031,-0.015,-0.031,
-0.041,-0.085,-0.063,-0.053,-0.084,-0.17,-0.01,-0.133,-0.072,-0.188,
0.022,-0.016,-0.013,-0.011,-0.093,-0.029,-0.089,-0.066,-0.064,-0.024,
-0.035,-0.042,-0.059,-0.052,-0.063,-0.052,-0.063,-0.052,-0.063,-0.052,
-0.035,-0.061,-0.054,-0.08,-0.083,-0.056,-0.057,-0.073,-0.04,-0.089,
-0.017,-0.026,-0.024,-0.025,-0.026,-0.024,-0.025,-0.026,-0.024,-0.025,
0.011,-0.026,0.0,-0.004,-0.001,-0.001,-0.001,-0.001,-0.001,-0.001,
-0.05,-0.051,-0.075,-0.086,-0.069,-0.071,-0.078,-0.067,-0.076,-0.053,
-0.029,-0.066,-0.056,-0.05,-0.051,-0.044,-0.029,-0.064,-0.064,-0.052,
0.01,0.001,-0.011,-0.01,0.014,0.01,-0.014,-0.007,-0.004,0.001,
0.016,0.001,0.007,0.007,0.007,0.007,0.007,0.007,0.007,0.007,
-0.061,-0.158,-0.102,-0.094,-0.086,-0.111,-0.098,-0.086,-0.111,-0.098,
-0.04,-0.068,-0.063,-0.04,-0.055,-0.051,-0.058,-0.051,-0.058,-0.051,
-0.016,-0.069,-0.011,0.01,0.003,0.001,0.003,0.001,0.003,0.001,
-0.003,0.003,0.013,0.032,0.055,0.013,0.032,0.055,0.013,0.032,
-0.007,-0.017,0.019,0.042,0.054,0.005,-0.034,0.019,0.042,0.054,
0.003,-0.027,-0.008,-0.033,-0.027,-0.027,-0.027,-0.027,-0.027,-0.027,
0.006,-0.022,-0.02,-0.014,-0.008,-0.029,-0.029,-0.041,-0.011,-0.024,
0.037,0.005,0.022,0.014,0.018,0.012,0.018,0.012,0.018,0.012,
0.08,0.065,0.093,0.065,0.093,0.065,0.093,0.065,0.093,0.065,
-0.015,-0.034,-0.021,-0.037,0.011,-0.024,-0.023,-0.048,0.008,0.016,
0.036,-0.011,-0.007,-0.004,0.012,0.014,-0.003,0.01,0.015,0.008,
-0.022,-0.053,-0.042,-0.029,-0.021,-0.034,-0.033,-0.033,-0.033,-0.033,
0.018,-0.019,0.022,0.022,-0.004,0.018,-0.004,0.018,-0.004,0.018,
-0.028,-0.054,-0.046,-0.041,-0.037,-0.054,-0.046,-0.041,-0.037,-0.054,
-0.013,-0.03,-0.026,-0.02,-0.024,-0.03,-0.032,-0.03,-0.032,-0.03,
-0.042,-0.107,-0.11,-0.154,-0.128,-0.136,-0.164,-0.14,-0.109,-0.107,
0.036,-0.004,-0.004,-0.004,-0.004,-0.004,-0.004,-0.004,-0.004,-0.004,
-0.059,-0.067,-0.044,-0.045,-0.071,-0.037,-0.08,-0.045,-0.071,-0.037,
0.018,-0.001,-0.001,-0.001,-0.001,-0.001,-0.001,-0.001,-0.001,-0.001,
-0.079,-0.099,-0.09,-0.098,-0.109,-0.089,-0.09,-0.098,-0.109,-0.089,
-0.001,-0.034,-0.051,-0.018,-0.013,-0.013,-0.013,-0.013,-0.013,-0.013,
0.011,-0.008,-0.015,0.007,-0.008,-0.032,0.026,-0.015,0.007,-0.008,
0.167,0.163,0.088,0.111,0.054,0.123,0.062,0.128,0.158,0.065,
-0.007,0.001,0.001,0.001,0.001,0.001,0.001,0.001,0.001,0.001,
-0.045,-0.07,-0.163,-0.013,-0.056,-0.051,-0.043,-0.02,-0.043,-0.02,
-0.003,-0.006,-0.02,-0.004,-0.026,0.006,0.004,-0.023,-0.001,-0.006,
-0.051,-0.064,-0.055,-0.068,-0.032,-0.073,-0.055,-0.068,-0.032,-0.073,
-0.023,-0.051,-0.05,-0.052,-0.098,-0.053,-0.06,-0.059,-0.04,-0.05,
-0.031,-0.157,-0.059,-0.084,-0.129,-0.149,-0.072,-0.119,-0.119,-0.119,
0.092,0.032,0.014,0.014,0.014,0.014,0.014,0.014,0.014,0.014,
-0.045,-0.056,-0.087,-0.056,-0.071,-0.087,-0.056,-0.071,-0.087,-0.056,
-0.024,-0.06,-0.057,-0.057,-0.057,-0.057,-0.057,-0.057,-0.057,-0.057,
0.007,-0.038,-0.04,-0.057,-0.057,-0.057,-0.057,-0.057,-0.057,-0.057,
0.017,0.015,0.008,0.001,0.013,0.001,0.013,0.001,0.013,0.001,


