0.914,0.914,0.914,0.914,0.914,0.914,0.914,0.914,0.914,0.914,
0.956,0.956,0.956,0.956,0.956,0.956,0.956,0.956,0.956,0.956,
0.972,0.972,0.972,0.972,0.972,0.972,0.972,0.972,0.972,0.972,
0.97,0.97,0.97,0.97,0.97,0.97,0.97,0.97,0.97,0.97,
0.955,0.955,0.955,0.955,0.955,0.955,0.955,0.955,0.955,0.955,
0.949,0.949,0.949,0.949,0.949,0.949,0.949,0.949,0.949,0.949,
1.0,1.0,1.0,1.0,1.0,1.0,1.0,1.0,1.0,1.0,
0.968,0.968,0.968,0.968,0.968,0.968,0.968,0.968,0.968,0.968,
0.936,0.936,0.936,0.936,0.936,0.936,0.936,0.936,0.936,0.936,
0.953,0.953,0.953,0.953,0.953,0.953,0.953,0.953,0.953,0.953,
0.992,0.992,0.992,0.992,0.992,0.992,0.992,0.992,0.992,0.992,
0.954,0.954,0.954,0.954,0.954,0.954,0.954,0.954,0.954,0.954,
0.984,0.984,0.984,0.984,0.984,0.984,0.984,0.984,0.984,0.984,
0.949,0.949,0.949,0.949,0.949,0.949,0.949,0.949,0.949,0.949,
0.956,0.956,0.956,0.956,0.956,0.956,0.956,0.956,0.956,0.956,
0.965,0.965,0.965,0.965,0.965,0.965,0.965,0.965,0.965,0.965,
0.935,0.935,0.935,0.935,0.935,0.935,0.935,0.935,0.935,0.935,
0.962,0.962,0.962,0.962,0.962,0.962,0.962,0.962,0.962,0.962,
0.974,0.974,0.974,0.974,0.974,0.974,0.974,0.974,0.974,0.974,
0.941,0.941,0.941,0.941,0.941,0.941,0.941,0.941,0.941,0.941,
0.927,0.927,0.927,0.927,0.927,0.927,0.927,0.927,0.927,0.927,
0.921,0.921,0.921,0.921,0.921,0.921,0.921,0.921,0.921,0.921,
0.9,0.9,0.9,0.9,0.9,0.9,0.9,0.9,0.9,0.9,
0.945,0.945,0.945,0.945,0.945,0.945,0.945,0.945,0.945,0.945,
0.985,0.985,0.985,0.985,0.985,0.985,0.985,0.985,0.985,0.985,
0.964,0.964,0.964,0.964,0.964,0.964,0.964,0.964,0.964,0.964,
0.974,0.974,0.974,0.974,0.974,0.974,0.974,0.974,0.974,0.974,
0.96,0.96,0.96,0.96,0.96,0.96,0.96,0.96,0.96,0.96,
0.945,0.945,0.945,0.945,0.945,0.945,0.945,0.945,0.945,0.945,
0.963,0.963,0.963,0.963,0.963,0.963,0.963,0.963,0.963,0.963,
0.978,0.978,0.978,0.978,0.978,0.978,0.978,0.978,0.978,0.978,
0.935,0.935,0.935,0.935,0.935,0.935,0.935,0.935,0.935,0.935,
0.93,0.93,0.93,0.93,0.93,0.93,0.93,0.93,0.93,0.93,
0.947,0.947,0.947,0.947,0.947,0.947,0.947,0.947,0.947,0.947,
0.922,0.922,0.922,0.922,0.922,0.922,0.922,0.922,0.922,0.922,
0.953,0.953,0.953,0.953,0.953,0.953,0.953,0.953,0.953,0.953,
0.948,0.948,0.948,0.948,0.948,0.948,0.948,0.948,0.948,0.948,
0.963,0.963,0.963,0.963,0.963,0.963,0.963,0.963,0.963,0.963,
0.93,0.93,0.93,0.93,0.93,0.93,0.93,0.93,0.93,0.93,
0.931,0.931,0.931,0.931,0.931,0.931,0.931,0.931,0.931,0.931,
0.956,0.956,0.956,0.956,0.956,0.956,0.956,0.956,0.956,0.956,
0.95,0.95,0.95,0.95,0.95,0.95,0.95,0.95,0.95,0.95,
0.961,0.961,0.961,0.961,0.961,0.961,0.961,0.961,0.961,0.961,
0.917,0.917,0.917,0.917,0.917,0.917,0.917,0.917,0.917,0.917,
0.951,0.951,0.951,0.951,0.951,0.951,0.951,0.951,0.951,0.951,
0.943,0.943,0.943,0.943,0.943,0.943,0.943,0.943,0.943,0.943,
0.927,0.927,0.927,0.927,0.927,0.927,0.927,0.927,0.927,0.927,
0.958,0.958,0.958,0.958,0.958,0.958,0.958,0.958,0.958,0.958,
0.96,0.96,0.96,0.96,0.96,0.96,0.96,0.96,0.96,0.96,
0.939,0.939,0.939,0.939,0.939,0.939,0.939,0.939,0.939,0.939,
0.983,0.983,0.983,0.983,0.983,0.983,0.983,0.983,0.983,0.983,
0.943,0.943,0.943,0.943,0.943,0.943,0.943,0.943,0.943,0.943,
0.995,0.995,0.995,0.995,0.995,0.995,0.995,0.995,0.995,0.995,
0.943,0.943,0.943,0.943,0.943,0.943,0.943,0.943,0.943,0.943,
0.881,0.881,0.881,0.881,0.881,0.881,0.881,0.881,0.881,0.881,
0.98,0.98,0.98,0.98,0.98,0.98,0.98,0.98,0.98,0.98,
0.95,0.95,0.95,0.95,0.95,0.95,0.95,0.95,0.95,0.95,
0.951,0.951,0.951,0.951,0.951,0.951,0.951,0.951,0.951,0.951,
0.951,0.951,0.951,0.951,0.951,0.951,0.951,0.951,0.951,0.951,
0.957,0.957,0.957,0.957,0.957,0.957,0.957,0.957,0.957,0.957,
0.975,0.975,0.975,0.975,0.975,0.975,0.975,0.975,0.975,0.975,
0.972,0.972,0.972,0.972,0.972,0.972,0.972,0.972,0.972,0.972,
0.967,0.967,0.967,0.967,0.967,0.967,0.967,0.967,0.967,0.967,
0.947,0.947,0.947,0.947,0.947,0.947,0.947,0.947,0.947,0.947,
0.91,0.91,0.91,0.91,0.91,0.91,0.91,0.91,0.91,0.91,
0.983,0.983,0.983,0.983,0.983,0.983,0.983,0.983,0.983,0.983,
0.94,0.94,0.94,0.94,0.94,0.94,0.94,0.94,0.94,0.94,
0.95,0.95,0.95,0.95,0.95,0.95,0.95,0.95,0.95,0.95,
0.913,0.913,0.913,0.913,0.913,0.913,0.913,0.913,0.913,0.913,
0.948,0.948,0.948,0.948,0.948,0.948,0.948,0.948,0.948,0.948,
0.979,0.979,0.979,0.979,0.979,0.979,0.979,0.979,0.979,0.979,
0.926,0.926,0.926,0.926,0.926,0.926,0.926,0.926,0.926,0.926,
0.95,0.95,0.95,0.95,0.95,0.95,0.95,0.95,0.95,0.95,
0.926,0.926,0.926,0.926,0.926,0.926,0.926,0.926,0.926,0.926,
0.96,0.96,0.96,0.96,0.96,0.96,0.96,0.96,0.96,0.96,
0.985,0.985,0.985,0.985,0.985,0.985,0.985,0.985,0.985,0.985,
0.954,0.954,0.954,0.954,0.954,0.954,0.954,0.954,0.954,0.954,
0.956,0.956,0.956,0.956,0.956,0.956,0.956,0.956,0.956,0.956,
0.942,0.942,0.942,0.942,0.942,0.942,0.942,0.942,0.942,0.942,
0.971,0.971,0.971,0.971,0.971,0.971,0.971,0.971,0.971,0.971,
0.967,0.967,0.967,0.967,0.967,0.967,0.967,0.967,0.967,0.967,
0.929,0.929,0.929,0.929,0.929,0.929,0.929,0.929,0.929,0.929,
0.91,0.91,0.91,0.91,0.91,0.91,0.91,0.91,0.91,0.91,
0.947,0.947,0.947,0.947,0.947,0.947,0.947,0.947,0.947,0.947,
0.966,0.966,0.966,0.966,0.966,0.966,0.966,0.966,0.966,0.966,
0.973,0.973,0.973,0.973,0.973,0.973,0.973,0.973,0.973,0.973,
0.896,0.896,0.896,0.896,0.896,0.896,0.896,0.896,0.896,0.896,
0.924,0.924,0.924,0.924,0.924,0.924,0.924,0.924,0.924,0.924,
0.966,0.966,0.966,0.966,0.966,0.966,0.966,0.966,0.966,0.966,
0.923,0.923,0.923,0.923,0.923,0.923,0.923,0.923,0.923,0.923,
0.959,0.959,0.959,0.959,0.959,0.959,0.959,0.959,0.959,0.959,
0.973,0.973,0.973,0.973,0.973,0.973,0.973,0.973,0.973,0.973,
0.956,0.956,0.956,0.956,0.956,0.956,0.956,0.956,0.956,0.956,
0.933,0.933,0.933,0.933,0.933,0.933,0.933,0.933,0.933,0.933,
0.938,0.938,0.938,0.938,0.938,0.938,0.938,0.938,0.938,0.938,
0.91,0.91,0.91,0.91,0.91,0.91,0.91,0.91,0.91,0.91,
0.961,0.961,0.961,0.961,0.961,0.961,0.961,0.961,0.961,0.961,
0.945,0.945,0.945,0.945,0.945,0.945,0.945,0.945,0.945,0.945,
0.947,0.947,0.947,0.947,0.947,0.947,0.947,0.947,0.947,0.947,
0.921,0.921,0.921,0.921,0.921,0.921,0.921,0.921,0.921,0.921,

1.0,1.0,1.0,1.0,1.0,1.0,1.0,1.0,1.0,1.0,
0.978,0.978,0.978,0.978,0.978,0.978,0.978,0.978,0.978,0.978,
1.0,1.0,1.0,1.0,1.0,1.0,1.0,1.0,1.0,1.0,
0.988,0.988,0.988,0.988,0.988,0.988,0.988,0.988,0.988,0.988,
1.0,1.0,1.0,1.0,1.0,1.0,1.0,1.0,1.0,1.0,
0.977,0.977,0.977,0.977,0.977,0.977,0.977,0.977,0.977,0.977,
0.977,0.977,0.977,0.977,0.977,0.977,0.977,0.977,0.977,0.977,
0.976,0.976,0.976,0.976,0.976,0.976,0.976,0.976,0.976,0.976,
0.975,0.975,0.975,0.975,0.975,0.975,0.975,0.975,0.975,0.975,
0.985,0.985,0.985,0.985,0.985,0.985,0.985,0.985,0.985,0.985,
0.993,0.993,0.993,0.993,0.993,0.993,0.993,0.993,0.993,0.993,
1.0,1.0,1.0,1.0,1.0,1.0,1.0,1.0,1.0,1.0,
0.99,0.99,0.99,0.99,0.99,0.99,0.99,0.99,0.99,0.99,
1.0,1.0,1.0,1.0,1.0,1.0,1.0,1.0,1.0,1.0,
0.963,0.963,0.963,0.963,0.963,0.963,0.963,0.963,0.963,0.963,
0.962,0.962,0.962,0.962,0.962,0.962,0.962,0.962,0.962,0.962,
0.913,0.913,0.913,0.913,0.913,0.913,0.913,0.913,0.913,0.913,
0.971,0.971,0.971,0.971,0.971,0.971,0.971,0.971,0.971,0.971,
0.92,0.92,0.92,0.92,0.92,0.92,0.92,0.92,0.92,0.92,
1.0,1.0,1.0,1.0,1.0,1.0,1.0,1.0,1.0,1.0,
0.93,0.93,0.93,0.93,0.93,0.93,0.93,0.93,0.93,0.93,
0.953,0.953,0.953,0.953,0.953,0.953,0.953,0.953,0.953,0.953,
0.944,0.944,0.944,0.944,0.944,0.944,0.944,0.944,0.944,0.944,
1.0,1.0,1.0,1.0,1.0,1.0,1.0,1.0,1.0,1.0,
1.0,1.0,1.0,1.0,1.0,1.0,1.0,1.0,1.0,1.0,
1.0,1.0,1.0,1.0,1.0,1.0,1.0,1.0,1.0,1.0,
1.0,1.0,1.0,1.0,1.0,1.0,1.0,1.0,1.0,1.0,
0.972,0.972,0.972,0.972,0.972,0.972,0.972,0.972,0.972,0.972,
1.0,1.0,1.0,1.0,1.0,1.0,1.0,1.0,1.0,1.0,
1.0,1.0,1.0,1.0,1.0,1.0,1.0,1.0,1.0,1.0,
1.0,1.0,1.0,1.0,1.0,1.0,1.0,1.0,1.0,1.0,
0.977,0.977,0.977,0.977,0.977,0.977,0.977,0.977,0.977,0.977,
1.0,1.0,1.0,1.0,1.0,1.0,1.0,1.0,1.0,1.0,
0.965,0.965,0.965,0.965,0.965,0.965,0.965,0.965,0.965,0.965,
0.981,0.981,0.981,0.981,0.981,0.981,0.981,0.981,0.981,0.981,
0.951,0.951,0.951,0.951,0.951,0.951,0.951,0.951,0.951,0.951,
0.98,0.98,0.98,0.98,0.98,0.98,0.98,0.98,0.98,0.98,
1.0,1.0,1.0,1.0,1.0,1.0,1.0,1.0,1.0,1.0,
1.0,1.0,1.0,1.0,1.0,1.0,1.0,1.0,1.0,1.0,
0.968,0.968,0.968,0.968,0.968,0.968,0.968,0.968,0.968,0.968,
1.0,1.0,1.0,1.0,1.0,1.0,1.0,1.0,1.0,1.0,
0.969,0.969,0.969,0.969,0.969,0.969,0.969,0.969,0.969,0.969,
1.0,1.0,1.0,1.0,1.0,1.0,1.0,1.0,1.0,1.0,
1.0,1.0,1.0,1.0,1.0,1.0,1.0,1.0,1.0,1.0,
0.985,0.985,0.985,0.985,0.985,0.985,0.985,0.985,0.985,0.985,
0.947,0.947,0.947,0.947,0.947,0.947,0.947,0.947,0.947,0.947,
0.976,0.976,0.976,0.976,0.976,0.976,0.976,0.976,0.976,0.976,
0.938,0.938,0.938,0.938,0.938,0.938,0.938,0.938,0.938,0.938,
0.994,0.994,0.994,0.994,0.994,0.994,0.994,0.994,0.994,0.994,
0.945,0.945,0.945,0.945,0.945,0.945,0.945,0.945,0.945,0.945,
0.988,0.988,0.988,0.988,0.988,0.988,0.988,0.988,0.988,0.988,
0.946,0.946,0.946,0.946,0.946,0.946,0.946,0.946,0.946,0.946,
0.983,0.983,0.983,0.983,0.983,0.983,0.983,0.983,0.983,0.983,
0.969,0.969,0.969,0.969,0.969,0.969,0.969,0.969,0.969,0.969,
0.962,0.962,0.962,0.962,0.962,0.962,0.962,0.962,0.962,0.962,
1.0,1.0,1.0,1.0,1.0,1.0,1.0,1.0,1.0,1.0,
0.932,0.932,0.932,0.932,0.932,0.932,0.932,0.932,0.932,0.932,
0.995,0.995,0.995,0.995,0.995,0.995,0.995,0.995,0.995,0.995,
0.981,0.981,0.981,0.981,0.981,0.981,0.981,0.981,0.981,0.981,
0.958,0.958,0.958,0.958,0.958,0.958,0.958,0.958,0.958,0.958,
1.0,1.0,1.0,1.0,1.0,1.0,1.0,1.0,1.0,1.0,
1.0,1.0,1.0,1.0,1.0,1.0,1.0,1.0,1.0,1.0,
0.998,0.998,0.998,0.998,0.998,0.998,0.998,0.998,0.998,0.998,
1.0,1.0,1.0,1.0,1.0,1.0,1.0,1.0,1.0,1.0,
0.932,0.932,0.932,0.932,0.932,0.932,0.932,0.932,0.932,0.932,
0.956,0.956,0.956,0.956,0.956,0.956,0.956,0.956,0.956,0.956,
0.941,0.941,0.941,0.941,0.941,0.941,0.941,0.941,0.941,0.941,
1.0,1.0,1.0,1.0,1.0,1.0,1.0,1.0,1.0,1.0,
0.936,0.936,0.936,0.936,0.936,0.936,0.936,0.936,0.936,0.936,
0.993,0.993,0.993,0.993,0.993,0.993,0.993,0.993,0.993,0.993,
0.999,0.999,0.999,0.999,0.999,0.999,0.999,0.999,0.999,0.999,
0.966,0.966,0.966,0.966,0.966,0.966,0.966,0.966,0.966,0.966,
1.0,1.0,1.0,1.0,1.0,1.0,1.0,1.0,1.0,1.0,
0.996,0.996,0.996,0.996,0.996,0.996,0.996,0.996,0.996,0.996,
0.981,0.981,0.981,0.981,0.981,0.981,0.981,0.981,0.981,0.981,
0.971,0.971,0.971,0.971,0.971,0.971,0.971,0.971,0.971,0.971,
0.995,0.995,0.995,0.995,0.995,0.995,0.995,0.995,0.995,0.995,
0.963,0.963,0.963,0.963,0.963,0.963,0.963,0.963,0.963,0.963,
1.0,1.0,1.0,1.0,1.0,1.0,1.0,1.0,1.0,1.0,
0.963,0.963,0.963,0.963,0.963,0.963,0.963,0.963,0.963,0.963,
1.0,1.0,1.0,1.0,1.0,1.0,1.0,1.0,1.0,1.0,
1.0,1.0,1.0,1.0,1.0,1.0,1.0,1.0,1.0,1.0,
0.907,0.907,0.907,0.907,0.907,0.907,0.907,0.907,0.907,0.907,
0.997,0.997,0.997,0.997,0.997,0.997,0.997,0.997,0.997,0.997,
1.0,1.0,1.0,1.0,1.0,1.0,1.0,1.0,1.0,1.0,
1.0,1.0,1.0,1.0,1.0,1.0,1.0,1.0,1.0,1.0,
1.0,1.0,1.0,1.0,1.0,1.0,1.0,1.0,1.0,1.0,
1.0,1.0,1.0,1.0,1.0,1.0,1.0,1.0,1.0,1.0,
0.974,0.974,0.974,0.974,0.974,0.974,0.974,0.974,0.974,0.974,
1.0,1.0,1.0,1.0,1.0,1.0,1.0,1.0,1.0,1.0,
0.958,0.958,0.958,0.958,0.958,0.958,0.958,0.958,0.958,0.958,
1.0,1.0,1.0,1.0,1.0,1.0,1.0,1.0,1.0,1.0,
0.986,0.986,0.986,0.986,0.986,0.986,0.986,0.986,0.986,0.986,
0.966,0.966,0.966,0.966,0.966,0.966,0.966,0.966,0.966,0.966,
1.0,1.0,1.0,1.0,1.0,1.0,1.0,1.0,1.0,1.0,
0.97,0.97,0.97,0.97,0.97,0.97,0.97,0.97,0.97,0.97,
1.0,1.0,1.0,1.0,1.0,1.0,1.0,1.0,1.0,1.0,
0.983,0.983,0.983,0.983,0.983,0.983,0.983,0.983,0.983,0.983,
0.984,0.984,0.984,0.984,0.984,0.984,0.984,0.984,0.984,0.984,
0.976,0.976,0.976,0.976,0.976,0.976,0.976,0.976,0.976,0.976,

0.876,0.876,0.876,0.876,0.876,0.876,0.876,0.876,0.876,0.876,
0.986,0.986,0.986,0.986,0.986,0.986,0.986,0.986,0.986,0.986,
0.971,0.971,0.971,0.971,0.971,0.971,0.971,0.971,0.971,0.971,
0.988,0.988,0.988,0.988,0.988,0.988,0.988,0.988,0.988,0.988,
0.939,0.939,0.939,0.939,0.939,0.939,0.939,0.939,0.939,0.939,
0.965,0.965,0.965,0.965,0.965,0.965,0.965,0.965,0.965,0.965,
0.935,0.935,0.935,0.935,0.935,0.935,0.935,0.935,0.935,0.935,
0.941,0.941,0.941,0.941,0.941,0.941,0.941,0.941,0.941,0.941,
1.0,1.0,1.0,1.0,1.0,1.0,1.0,1.0,1.0,1.0,
1.0,1.0,1.0,1.0,1.0,1.0,1.0,1.0,1.0,1.0,
0.986,0.986,0.986,0.986,0.986,0.986,0.986,0.986,0.986,0.986,
0.973,0.973,0.973,0.973,0.973,0.973,0.973,0.973,0.973,0.973,
1.0,1.0,1.0,1.0,1.0,1.0,1.0,1.0,1.0,1.0,
0.982,0.982,0.982,0.982,0.982,0.982,0.982,0.982,0.982,0.982,
0.948,0.948,0.948,0.948,0.948,0.948,0.948,0.948,0.948,0.948,
0.987,0.987,0.987,0.987,0.987,0.987,0.987,0.987,0.987,0.987,
0.968,0.968,0.968,0.968,0.968,0.968,0.968,0.968,0.968,0.968,
0.991,0.991,0.991,0.991,0.991,0.991,0.991,0.991,0.991,0.991,
1.0,1.0,1.0,1.0,1.0,1.0,1.0,1.0,1.0,1.0,
0.954,0.954,0.954,0.954,0.954,0.954,0.954,0.954,0.954,0.954,
0.948,0.948,0.948,0.948,0.948,0.948,0.948,0.948,0.948,0.948,
0.946,0.946,0.946,0.946,0.946,0.946,0.946,0.946,0.946,0.946,
0.93,0.93,0.93,0.93,0.93,0.93,0.93,0.93,0.93,0.93,
0.999,0.999,0.999,0.999,0.999,0.999,0.999,0.999,0.999,0.999,
0.949,0.949,0.949,0.949,0.949,0.949,0.949,0.949,0.949,0.949,
0.972,0.972,0.972,0.972,0.972,0.972,0.972,0.972,0.972,0.972,
0.952,0.952,0.952,0.952,0.952,0.952,0.952,0.952,0.952,0.952,
0.966,0.966,0.966,0.966,0.966,0.966,0.966,0.966,0.966,0.966,
0.973,0.973,0.973,0.973,0.973,0.973,0.973,0.973,0.973,0.973,
0.951,0.951,0.951,0.951,0.951,0.951,0.951,0.951,0.951,0.951,
0.952,0.952,0.952,0.952,0.952,0.952,0.952,0.952,0.952,0.952,
0.993,0.993,0.993,0.993,0.993,0.993,0.993,0.993,0.993,0.993,
0.907,0.907,0.907,0.907,0.907,0.907,0.907,0.907,0.907,0.907,
0.969,0.969,0.969,0.969,0.969,0.969,0.969,0.969,0.969,0.969,
0.917,0.917,0.917,0.917,0.917,0.917,0.917,0.917,0.917,0.917,
0.994,0.994,0.994,0.994,0.994,0.994,0.994,0.994,0.994,0.994,
0.964,0.964,0.964,0.964,0.964,0.964,0.964,0.964,0.964,0.964,
0.989,0.989,0.989,0.989,0.989,0.989,0.989,0.989,0.989,0.989,
0.991,0.991,0.991,0.991,0.991,0.991,0.991,0.991,0.991,0.991,
0.938,0.938,0.938,0.938,0.938,0.938,0.938,0.938,0.938,0.938,
1.0,1.0,1.0,1.0,1.0,1.0,1.0,1.0,1.0,1.0,
1.0,1.0,1.0,1.0,1.0,1.0,1.0,1.0,1.0,1.0,
0.963,0.963,0.963,0.963,0.963,0.963,0.963,0.963,0.963,0.963,
0.932,0.932,0.932,0.932,0.932,0.932,0.932,0.932,0.932,0.932,
0.967,0.967,0.967,0.967,0.967,0.967,0.967,0.967,0.967,0.967,
0.945,0.945,0.945,0.945,0.945,0.945,0.945,0.945,0.945,0.945,
0.967,0.967,0.967,0.967,0.967,0.967,0.967,0.967,0.967,0.967,
0.953,0.953,0.953,0.953,0.953,0.953,0.953,0.953,0.953,0.953,
0.973,0.973,0.973,0.973,0.973,0.973,0.973,0.973,0.973,0.973,
0.96,0.96,0.96,0.96,0.96,0.96,0.96,0.96,0.96,0.96,
1.0,1.0,1.0,1.0,1.0,1.0,1.0,1.0,1.0,1.0,
0.98,0.98,0.98,0.98,0.98,0.98,0.98,0.98,0.98,0.98,
1.0,1.0,1.0,1.0,1.0,1.0,1.0,1.0,1.0,1.0,
0.955,0.955,0.955,0.955,0.955,0.955,0.955,0.955,0.955,0.955,
0.931,0.931,0.931,0.931,0.931,0.931,0.931,0.931,0.931,0.931,
0.974,0.974,0.974,0.974,0.974,0.974,0.974,0.974,0.974,0.974,
0.932,0.932,0.932,0.932,0.932,0.932,0.932,0.932,0.932,0.932,
0.954,0.954,0.954,0.954,0.954,0.954,0.954,0.954,0.954,0.954,
0.944,0.944,0.944,0.944,0.944,0.944,0.944,0.944,0.944,0.944,
0.943,0.943,0.943,0.943,0.943,0.943,0.943,0.943,0.943,0.943,
0.978,0.978,0.978,0.978,0.978,0.978,0.978,0.978,0.978,0.978,
1.0,1.0,1.0,1.0,1.0,1.0,1.0,1.0,1.0,1.0,
0.994,0.994,0.994,0.994,0.994,0.994,0.994,0.994,0.994,0.994,
0.994,0.994,0.994,0.994,0.994,0.994,0.994,0.994,0.994,0.994,
0.918,0.918,0.918,0.918,0.918,0.918,0.918,0.918,0.918,0.918,
0.992,0.992,0.992,0.992,0.992,0.992,0.992,0.992,0.992,0.992,
0.921,0.921,0.921,0.921,0.921,0.921,0.921,0.921,0.921,0.921,
0.96,0.96,0.96,0.96,0.96,0.96,0.96,0.96,0.96,0.96,
0.926,0.926,0.926,0.926,0.926,0.926,0.926,0.926,0.926,0.926,
0.944,0.944,0.944,0.944,0.944,0.944,0.944,0.944,0.944,0.944,
0.962,0.962,0.962,0.962,0.962,0.962,0.962,0.962,0.962,0.962,
0.908,0.908,0.908,0.908,0.908,0.908,0.908,0.908,0.908,0.908,
0.936,0.936,0.936,0.936,0.936,0.936,0.936,0.936,0.936,0.936,
0.989,0.989,0.989,0.989,0.989,0.989,0.989,0.989,0.989,0.989,
0.978,0.978,0.978,0.978,0.978,0.978,0.978,0.978,0.978,0.978,
0.948,0.948,0.948,0.948,0.948,0.948,0.948,0.948,0.948,0.948,
0.998,0.998,0.998,0.998,0.998,0.998,0.998,0.998,0.998,0.998,
0.971,0.971,0.971,0.971,0.971,0.971,0.971,0.971,0.971,0.971,
0.952,0.952,0.952,0.952,0.952,0.952,0.952,0.952,0.952,0.952,
0.985,0.985,0.985,0.985,0.985,0.985,0.985,0.985,0.985,0.985,
0.972,0.972,0.972,0.972,0.972,0.972,0.972,0.972,0.972,0.972,
0.943,0.943,0.943,0.943,0.943,0.943,0.943,0.943,0.943,0.943,
0.904,0.904,0.904,0.904,0.904,0.904,0.904,0.904,0.904,0.904,
0.965,0.965,0.965,0.965,0.965,0.965,0.965,0.965,0.965,0.965,
0.997,0.997,0.997,0.997,0.997,0.997,0.997,0.997,0.997,0.997,
0.987,0.987,0.987,0.987,0.987,0.987,0.987,0.987,0.987,0.987,
0.912,0.912,0.912,0.912,0.912,0.912,0.912,0.912,0.912,0.912,
0.932,0.932,0.932,0.932,0.932,0.932,0.932,0.932,0.932,0.932,
0.971,0.971,0.971,0.971,0.971,0.971,0.971,0.971,0.971,0.971,
0.934,0.934,0.934,0.934,0.934,0.934,0.934,0.934,0.934,0.934,
0.959,0.959,0.959,0.959,0.959,0.959,0.959,0.959,0.959,0.959,
0.965,0.965,0.965,0.965,0.965,0.965,0.965,0.965,0.965,0.965,
0.921,0.921,0.921,0.921,0.921,0.921,0.921,0.921,0.921,0.921,
0.97,0.97,0.97,0.97,0.97,0.97,0.97,0.97,0.97,0.97,
0.984,0.984,0.984,0.984,0.984,0.984,0.984,0.984,0.984,0.984,
0.946,0.946,0.946,0.946,0.946,0.946,0.946,0.946,0.946,0.946,
0.962,0.962,0.962,0.962,0.962,0.962,0.962,0.962,0.962,0.962,
0.975,0.975,0.975,0.975,0.975,0.975,0.975,0.975,0.975,0.975,
0.981,0.981,0.981,0.981,0.981,0.981,0.981,0.981,0.981,0.981,
0.935,0.935,0.935,0.935,0.935,0.935,0.935,0.935,0.935,0.935,

0.93,0.93,0.93,0.93,0.93,0.93,0.93,0.93,0.93,0.93,
0.977,0.977,0.977,0.977,0.977,0.977,0.977,0.977,0.977,0.977,
0.996,0.996,0.996,0.996,0.996,0.996,0.996,0.996,0.996,0.996,
0.964,0.964,0.964,0.964,0.964,0.964,0.964,0.964,0.964,0.964,
0.942,0.942,0.942,0.942,0.942,0.942,0.942,0.942,0.942,0.942,
1.0,1.0,1.0,1.0,1.0,1.0,1.0,1.0,1.0,1.0,
0.972,0.972,0.972,0.972,0.972,0.972,0.972,0.972,0.972,0.972,
0.957,0.957,0.957,0.957,0.957,0.957,0.957,0.957,0.957,0.957,
0.975,0.975,0.975,0.975,0.975,0.975,0.975,0.975,0.975,0.975,
0.995,0.995,0.995,0.995,0.995,0.995,0.995,0.995,0.995,0.995,
0.975,0.975,0.975,0.975,0.975,0.975,0.975,0.975,0.975,0.975,
0.96,0.96,0.96,0.96,0.96,0.96,0.96,0.96,0.96,0.96,
0.948,0.948,0.948,0.948,0.948,0.948,0.948,0.948,0.948,0.948,
0.977,0.977,0.977,0.977,0.977,0.977,0.977,0.977,0.977,0.977,
0.976,0.976,0.976,0.976,0.976,0.976,0.976,0.976,0.976,0.976,
0.961,0.961,0.961,0.961,0.961,0.961,0.961,0.961,0.961,0.961,
0.968,0.968,0.968,0.968,0.968,0.968,0.968,0.968,0.968,0.968,
0.963,0.963,0.963,0.963,0.963,0.963,0.963,0.963,0.963,0.963,
0.995,0.995,0.995,0.995,0.995,0.995,0.995,0.995,0.995,0.995,
0.969,0.969,0.969,0.969,0.969,0.969,0.969,0.969,0.969,0.969,
1.0,1.0,1.0,1.0,1.0,1.0,1.0,1.0,1.0,1.0,
1.0,1.0,1.0,1.0,1.0,1.0,1.0,1.0,1.0,1.0,
0.963,0.963,0.963,0.963,0.963,0.963,0.963,0.963,0.963,0.963,
0.957,0.957,0.957,0.957,0.957,0.957,0.957,0.957,0.957,0.957,
0.982,0.982,0.982,0.982,0.982,0.982,0.982,0.982,0.982,0.982,
0.968,0.968,0.968,0.968,0.968,0.968,0.968,0.968,0.968,0.968,
0.97,0.97,0.97,0.97,0.97,0.97,0.97,0.97,0.97,0.97,
0.964,0.964,0.964,0.964,0.964,0.964,0.964,0.964,0.964,0.964,
0.97,0.97,0.97,0.97,0.97,0.97,0.97,0.97,0.97,0.97,
0.949,0.949,0.949,0.949,0.949,0.949,0.949,0.949,0.949,0.949,
0.969,0.969,0.969,0.969,0.969,0.969,0.969,0.969,0.969,0.969,
1.0,1.0,1.0,1.0,1.0,1.0,1.0,1.0,1.0,1.0,
0.963,0.963,0.963,0.963,0.963,0.963,0.963,0.963,0.963,0.963,
1.0,1.0,1.0,1.0,1.0,1.0,1.0,1.0,1.0,1.0,
0.936,0.936,0.936,0.936,0.936,0.936,0.936,0.936,0.936,0.936,
0.993,0.993,0.993,0.993,0.993,0.993,0.993,0.993,0.993,0.993,
0.966,0.966,0.966,0.966,0.966,0.966,0.966,0.966,0.966,0.966,
0.986,0.986,0.986,0.986,0.986,0.986,0.986,0.986,0.986,0.986,
0.974,0.974,0.974,0.974,0.974,0.974,0.974,0.974,0.974,0.974,
1.0,1.0,1.0,1.0,1.0,1.0,1.0,1.0,1.0,1.0,
0.978,0.978,0.978,0.978,0.978,0.978,0.978,0.978,0.978,0.978,
0.95,0.95,0.95,0.95,0.95,0.95,0.95,0.95,0.95,0.95,
0.969,0.969,0.969,0.969,0.969,0.969,0.969,0.969,0.969,0.969,
0.937,0.937,0.937,0.937,0.937,0.937,0.937,0.937,0.937,0.937,
0.941,0.941,0.941,0.941,0.941,0.941,0.941,0.941,0.941,0.941,
0.994,0.994,0.994,0.994,0.994,0.994,0.994,0.994,0.994,0.994,
0.968,0.968,0.968,0.968,0.968,0.968,0.968,0.968,0.968,0.968,
0.953,0.953,0.953,0.953,0.953,0.953,0.953,0.953,0.953,0.953,
0.958,0.958,0.958,0.958,0.958,0.958,0.958,0.958,0.958,0.958,
0.95,0.95,0.95,0.95,0.95,0.95,0.95,0.95,0.95,0.95,
0.995,0.995,0.995,0.995,0.995,0.995,0.995,0.995,0.995,0.995,
0.982,0.982,0.982,0.982,0.982,0.982,0.982,0.982,0.982,0.982,
0.97,0.97,0.97,0.97,0.97,0.97,0.97,0.97,0.97,0.97,
0.966,0.966,0.966,0.966,0.966,0.966,0.966,0.966,0.966,0.966,
1.0,1.0,1.0,1.0,1.0,1.0,1.0,1.0,1.0,1.0,
0.973,0.973,0.973,0.973,0.973,0.973,0.973,0.973,0.973,0.973,
0.969,0.969,0.969,0.969,0.969,0.969,0.969,0.969,0.969,0.969,
1.0,1.0,1.0,1.0,1.0,1.0,1.0,1.0,1.0,1.0,
0.916,0.916,0.916,0.916,0.916,0.916,0.916,0.916,0.916,0.916,
0.95,0.95,0.95,0.95,0.95,0.95,0.95,0.95,0.95,0.95,
0.968,0.968,0.968,0.968,0.968,0.968,0.968,0.968,0.968,0.968,
0.98,0.98,0.98,0.98,0.98,0.98,0.98,0.98,0.98,0.98,
0.972,0.972,0.972,0.972,0.972,0.972,0.972,0.972,0.972,0.972,
0.973,0.973,0.973,0.973,0.973,0.973,0.973,0.973,0.973,0.973,
0.918,0.918,0.918,0.918,0.918,0.918,0.918,0.918,0.918,0.918,
0.996,0.996,0.996,0.996,0.996,0.996,0.996,0.996,0.996,0.996,
1.0,1.0,1.0,1.0,1.0,1.0,1.0,1.0,1.0,1.0,
0.913,0.913,0.913,0.913,0.913,0.913,0.913,0.913,0.913,0.913,
0.949,0.949,0.949,0.949,0.949,0.949,0.949,0.949,0.949,0.949,
0.984,0.984,0.984,0.984,0.984,0.984,0.984,0.984,0.984,0.984,
0.977,0.977,0.977,0.977,0.977,0.977,0.977,0.977,0.977,0.977,
0.976,0.976,0.976,0.976,0.976,0.976,0.976,0.976,0.976,0.976,
0.974,0.974,0.974,0.974,0.974,0.974,0.974,0.974,0.974,0.974,
1.0,1.0,1.0,1.0,1.0,1.0,1.0,1.0,1.0,1.0,
0.954,0.954,0.954,0.954,0.954,0.954,0.954,0.954,0.954,0.954,
0.947,0.947,0.947,0.947,0.947,0.947,0.947,0.947,0.947,0.947,
1.0,1.0,1.0,1.0,1.0,1.0,1.0,1.0,1.0,1.0,
0.954,0.954,0.954,0.954,0.954,0.954,0.954,0.954,0.954,0.954,
0.948,0.948,0.948,0.948,0.948,0.948,0.948,0.948,0.948,0.948,
0.962,0.962,0.962,0.962,0.962,0.962,0.962,0.962,0.962,0.962,
0.976,0.976,0.976,0.976,0.976,0.976,0.976,0.976,0.976,0.976,
0.991,0.991,0.991,0.991,0.991,0.991,0.991,0.991,0.991,0.991,
0.904,0.904,0.904,0.904,0.904,0.904,0.904,0.904,0.904,0.904,
1.0,1.0,1.0,1.0,1.0,1.0,1.0,1.0,1.0,1.0,
0.986,0.986,0.986,0.986,0.986,0.986,0.986,0.986,0.986,0.986,
0.999,0.999,0.999,0.999,0.999,0.999,0.999,0.999,0.999,0.999,
0.908,0.908,0.908,0.908,0.908,0.908,0.908,0.908,0.908,0.908,
0.961,0.961,0.961,0.961,0.961,0.961,0.961,0.961,0.961,0.961,
0.966,0.966,0.966,0.966,0.966,0.966,0.966,0.966,0.966,0.966,
0.952,0.952,0.952,0.952,0.952,0.952,0.952,0.952,0.952,0.952,
0.955,0.955,0.955,0.955,0.955,0.955,0.955,0.955,0.955,0.955,
0.985,0.985,0.985,0.985,0.985,0.985,0.985,0.985,0.985,0.985,
0.952,0.952,0.952,0.952,0.952,0.952,0.952,0.952,0.952,0.952,
1.0,1.0,1.0,1.0,1.0,1.0,1.0,1.0,1.0,1.0,
0.98,0.98,0.98,0.98,0.98,0.98,0.98,0.98,0.98,0.98,
1.0,1.0,1.0,1.0,1.0,1.0,1.0,1.0,1.0,1.0,
0.965,0.965,0.965,0.965,0.965,0.965,0.965,0.965,0.965,0.965,
0.947,0.947,0.947,0.947,0.947,0.947,0.947,0.947,0.947,0.947,
0.985,0.985,0.985,0.985,0.985,0.985,0.985,0.985,0.985,0.985,
0.943,0.943,0.943,0.943,0.943,0.943,0.943,0.943,0.943,0.943,

0.895,0.895,0.895,0.895,0.895,0.895,0.895,0.895,0.895,0.895,
0.98,0.98,0.98,0.98,0.98,0.98,0.98,0.98,0.98,0.98,
0.964,0.964,0.964,0.964,0.964,0.964,0.964,0.964,0.964,0.964,
0.976,0.976,0.976,0.976,0.976,0.976,0.976,0.976,0.976,0.976,
0.919,0.919,0.919,0.919,0.919,0.919,0.919,0.919,0.919,0.919,
0.994,0.994,0.994,0.994,0.994,0.994,0.994,0.994,0.994,0.994,
0.986,0.986,0.986,0.986,0.986,0.986,0.986,0.986,0.986,0.986,
1.0,1.0,1.0,1.0,1.0,1.0,1.0,1.0,1.0,1.0,
0.955,0.955,0.955,0.955,0.955,0.955,0.955,0.955,0.955,0.955,
0.979,0.979,0.979,0.979,0.979,0.979,0.979,0.979,0.979,0.979,
1.0,1.0,1.0,1.0,1.0,1.0,1.0,1.0,1.0,1.0,
0.972,0.972,0.972,0.972,0.972,0.972,0.972,0.972,0.972,0.972,
0.97,0.97,0.97,0.97,0.97,0.97,0.97,0.97,0.97,0.97,
0.969,0.969,0.969,0.969,0.969,0.969,0.969,0.969,0.969,0.969,
0.947,0.947,0.947,0.947,0.947,0.947,0.947,0.947,0.947,0.947,
1.0,1.0,1.0,1.0,1.0,1.0,1.0,1.0,1.0,1.0,
1.0,1.0,1.0,1.0,1.0,1.0,1.0,1.0,1.0,1.0,
0.996,0.996,0.996,0.996,0.996,0.996,0.996,0.996,0.996,0.996,
0.959,0.959,0.959,0.959,0.959,0.959,0.959,0.959,0.959,0.959,
0.987,0.987,0.987,0.987,0.987,0.987,0.987,0.987,0.987,0.987,
0.97,0.97,0.97,0.97,0.97,0.97,0.97,0.97,0.97,0.97,
0.95,0.95,0.95,0.95,0.95,0.95,0.95,0.95,0.95,0.95,
1.0,1.0,1.0,1.0,1.0,1.0,1.0,1.0,1.0,1.0,
0.965,0.965,0.965,0.965,0.965,0.965,0.965,0.965,0.965,0.965,
0.985,0.985,0.985,0.985,0.985,0.985,0.985,0.985,0.985,0.985,
0.975,0.975,0.975,0.975,0.975,0.975,0.975,0.975,0.975,0.975,
0.961,0.961,0.961,0.961,0.961,0.961,0.961,0.961,0.961,0.961,
0.972,0.972,0.972,0.972,0.972,0.972,0.972,0.972,0.972,0.972,
0.953,0.953,0.953,0.953,0.953,0.953,0.953,0.953,0.953,0.953,
0.948,0.948,0.948,0.948,0.948,0.948,0.948,0.948,0.948,0.948,
0.982,0.982,0.982,0.982,0.982,0.982,0.982,0.982,0.982,0.982,
0.991,0.991,0.991,0.991,0.991,0.991,0.991,0.991,0.991,0.991,
0.967,0.967,0.967,0.967,0.967,0.967,0.967,0.967,0.967,0.967,
0.985,0.985,0.985,0.985,0.985,0.985,0.985,0.985,0.985,0.985,
1.0,1.0,1.0,1.0,1.0,1.0,1.0,1.0,1.0,1.0,
1.0,1.0,1.0,1.0,1.0,1.0,1.0,1.0,1.0,1.0,
1.0,1.0,1.0,1.0,1.0,1.0,1.0,1.0,1.0,1.0,
0.985,0.985,0.985,0.985,0.985,0.985,0.985,0.985,0.985,0.985,
0.972,0.972,0.972,0.972,0.972,0.972,0.972,0.972,0.972,0.972,
0.923,0.923,0.923,0.923,0.923,0.923,0.923,0.923,0.923,0.923,
0.992,0.992,0.992,0.992,0.992,0.992,0.992,0.992,0.992,0.992,
0.961,0.961,0.961,0.961,0.961,0.961,0.961,0.961,0.961,0.961,
0.984,0.984,0.984,0.984,0.984,0.984,0.984,0.984,0.984,0.984,
0.924,0.924,0.924,0.924,0.924,0.924,0.924,0.924,0.924,0.924,
1.0,1.0,1.0,1.0,1.0,1.0,1.0,1.0,1.0,1.0,
0.961,0.961,0.961,0.961,0.961,0.961,0.961,0.961,0.961,0.961,
1.0,1.0,1.0,1.0,1.0,1.0,1.0,1.0,1.0,1.0,
1.0,1.0,1.0,1.0,1.0,1.0,1.0,1.0,1.0,1.0,
1.0,1.0,1.0,1.0,1.0,1.0,1.0,1.0,1.0,1.0,
1.0,1.0,1.0,1.0,1.0,1.0,1.0,1.0,1.0,1.0,
0.973,0.973,0.973,0.973,0.973,0.973,0.973,0.973,0.973,0.973,
0.92,0.92,0.92,0.92,0.92,0.92,0.92,0.92,0.92,0.92,
0.992,0.992,0.992,0.992,0.992,0.992,0.992,0.992,0.992,0.992,
1.0,1.0,1.0,1.0,1.0,1.0,1.0,1.0,1.0,1.0,
0.951,0.951,0.951,0.951,0.951,0.951,0.951,0.951,0.951,0.951,
0.977,0.977,0.977,0.977,0.977,0.977,0.977,0.977,0.977,0.977,
1.0,1.0,1.0,1.0,1.0,1.0,1.0,1.0,1.0,1.0,
0.989,0.989,0.989,0.989,0.989,0.989,0.989,0.989,0.989,0.989,
1.0,1.0,1.0,1.0,1.0,1.0,1.0,1.0,1.0,1.0,
1.0,1.0,1.0,1.0,1.0,1.0,1.0,1.0,1.0,1.0,
0.941,0.941,0.941,0.941,0.941,0.941,0.941,0.941,0.941,0.941,
0.977,0.977,0.977,0.977,0.977,0.977,0.977,0.977,0.977,0.977,
1.0,1.0,1.0,1.0,1.0,1.0,1.0,1.0,1.0,1.0,
0.977,0.977,0.977,0.977,0.977,0.977,0.977,0.977,0.977,0.977,
0.911,0.911,0.911,0.911,0.911,0.911,0.911,0.911,0.911,0.911,
1.0,1.0,1.0,1.0,1.0,1.0,1.0,1.0,1.0,1.0,
0.927,0.927,0.927,0.927,0.927,0.927,0.927,0.927,0.927,0.927,
0.936,0.936,0.936,0.936,0.936,0.936,0.936,0.936,0.936,0.936,
1.0,1.0,1.0,1.0,1.0,1.0,1.0,1.0,1.0,1.0,
1.0,1.0,1.0,1.0,1.0,1.0,1.0,1.0,1.0,1.0,
1.0,1.0,1.0,1.0,1.0,1.0,1.0,1.0,1.0,1.0,
0.944,0.944,0.944,0.944,0.944,0.944,0.944,0.944,0.944,0.944,
0.99,0.99,0.99,0.99,0.99,0.99,0.99,0.99,0.99,0.99,
0.982,0.982,0.982,0.982,0.982,0.982,0.982,0.982,0.982,0.982,
1.0,1.0,1.0,1.0,1.0,1.0,1.0,1.0,1.0,1.0,
1.0,1.0,1.0,1.0,1.0,1.0,1.0,1.0,1.0,1.0,
0.982,0.982,0.982,0.982,0.982,0.982,0.982,0.982,0.982,0.982,
0.954,0.954,0.954,0.954,0.954,0.954,0.954,0.954,0.954,0.954,
0.976,0.976,0.976,0.976,0.976,0.976,0.976,0.976,0.976,0.976,
1.0,1.0,1.0,1.0,1.0,1.0,1.0,1.0,1.0,1.0,
0.976,0.976,0.976,0.976,0.976,0.976,0.976,0.976,0.976,0.976,
0.988,0.988,0.988,0.988,0.988,0.988,0.988,0.988,0.988,0.988,
1.0,1.0,1.0,1.0,1.0,1.0,1.0,1.0,1.0,1.0,
0.982,0.982,0.982,0.982,0.982,0.982,0.982,0.982,0.982,0.982,
0.978,0.978,0.978,0.978,0.978,0.978,0.978,0.978,0.978,0.978,
0.975,0.975,0.975,0.975,0.975,0.975,0.975,0.975,0.975,0.975,
0.96,0.96,0.96,0.96,0.96,0.96,0.96,0.96,0.96,0.96,
0.906,0.906,0.906,0.906,0.906,0.906,0.906,0.906,0.906,0.906,
1.0,1.0,1.0,1.0,1.0,1.0,1.0,1.0,1.0,1.0,
0.983,0.983,0.983,0.983,0.983,0.983,0.983,0.983,0.983,0.983,
0.993,0.993,0.993,0.993,0.993,0.993,0.993,0.993,0.993,0.993,
0.975,0.975,0.975,0.975,0.975,0.975,0.975,0.975,0.975,0.975,
1.0,1.0,1.0,1.0,1.0,1.0,1.0,1.0,1.0,1.0,
0.961,0.961,0.961,0.961,0.961,0.961,0.961,0.961,0.961,0.961,
0.951,0.951,0.951,0.951,0.951,0.951,0.951,0.951,0.951,0.951,
0.983,0.983,0.983,0.983,0.983,0.983,0.983,0.983,0.983,0.983,
0.99,0.99,0.99,0.99,0.99,0.99,0.99,0.99,0.99,0.99,
1.0,1.0,1.0,1.0,1.0,1.0,1.0,1.0,1.0,1.0,
1.0,1.0,1.0,1.0,1.0,1.0,1.0,1.0,1.0,1.0,
1.0,1.0,1.0,1.0,1.0,1.0,1.0,1.0,1.0,1.0,

0.926,0.926,0.926,0.926,0.926,0.926,0.926,0.926,0.926,0.926,
1.0,1.0,1.0,1.0,1.0,1.0,1.0,1.0,1.0,1.0,
0.982,0.982,0.982,0.982,0.982,0.982,0.982,0.982,0.982,0.982,
1.0,1.0,1.0,1.0,1.0,1.0,1.0,1.0,1.0,1.0,
0.942,0.942,0.942,0.942,0.942,0.942,0.942,0.942,0.942,0.942,
0.991,0.991,0.991,0.991,0.991,0.991,0.991,0.991,0.991,0.991,
0.994,0.994,0.994,0.994,0.994,0.994,0.994,0.994,0.994,0.994,
0.975,0.975,0.975,0.975,0.975,0.975,0.975,0.975,0.975,0.975,
0.966,0.966,0.966,0.966,0.966,0.966,0.966,0.966,0.966,0.966,
0.975,0.975,0.975,0.975,0.975,0.975,0.975,0.975,0.975,0.975,
0.97,0.97,0.97,0.97,0.97,0.97,0.97,0.97,0.97,0.97,
0.993,0.993,0.993,0.993,0.993,0.993,0.993,0.993,0.993,0.993,
0.964,0.964,0.964,0.964,0.964,0.964,0.964,0.964,0.964,0.964,
0.99,0.99,0.99,0.99,0.99,0.99,0.99,0.99,0.99,0.99,
1.0,1.0,1.0,1.0,1.0,1.0,1.0,1.0,1.0,1.0,
0.971,0.971,0.971,0.971,0.971,0.971,0.971,0.971,0.971,0.971,
0.993,0.993,0.993,0.993,0.993,0.993,0.993,0.993,0.993,0.993,
1.0,1.0,1.0,1.0,1.0,1.0,1.0,1.0,1.0,1.0,
0.964,0.964,0.964,0.964,0.964,0.964,0.964,0.964,0.964,0.964,
0.956,0.956,0.956,0.956,0.956,0.956,0.956,0.956,0.956,0.956,
0.965,0.965,0.965,0.965,0.965,0.965,0.965,0.965,0.965,0.965,
0.992,0.992,0.992,0.992,0.992,0.992,0.992,0.992,0.992,0.992,
0.926,0.926,0.926,0.926,0.926,0.926,0.926,0.926,0.926,0.926,
0.95,0.95,0.95,0.95,0.95,0.95,0.95,0.95,0.95,0.95,
0.968,0.968,0.968,0.968,0.968,0.968,0.968,0.968,0.968,0.968,
0.986,0.986,0.986,0.986,0.986,0.986,0.986,0.986,0.986,0.986,
0.952,0.952,0.952,0.952,0.952,0.952,0.952,0.952,0.952,0.952,
1.0,1.0,1.0,1.0,1.0,1.0,1.0,1.0,1.0,1.0,
0.973,0.973,0.973,0.973,0.973,0.973,0.973,0.973,0.973,0.973,
0.931,0.931,0.931,0.931,0.931,0.931,0.931,0.931,0.931,0.931,
0.987,0.987,0.987,0.987,0.987,0.987,0.987,0.987,0.987,0.987,
0.99,0.99,0.99,0.99,0.99,0.99,0.99,0.99,0.99,0.99,
0.978,0.978,0.978,0.978,0.978,0.978,0.978,0.978,0.978,0.978,
0.99,0.99,0.99,0.99,0.99,0.99,0.99,0.99,0.99,0.99,
0.98,0.98,0.98,0.98,0.98,0.98,0.98,0.98,0.98,0.98,
0.991,0.991,0.991,0.991,0.991,0.991,0.991,0.991,0.991,0.991,
0.973,0.973,0.973,0.973,0.973,0.973,0.973,0.973,0.973,0.973,
0.998,0.998,0.998,0.998,0.998,0.998,0.998,0.998,0.998,0.998,
0.957,0.957,0.957,0.957,0.957,0.957,0.957,0.957,0.957,0.957,
0.976,0.976,0.976,0.976,0.976,0.976,0.976,0.976,0.976,0.976,
0.961,0.961,0.961,0.961,0.961,0.961,0.961,0.961,0.961,0.961,
0.923,0.923,0.923,0.923,0.923,0.923,0.923,0.923,0.923,0.923,
0.976,0.976,0.976,0.976,0.976,0.976,0.976,0.976,0.976,0.976,
0.967,0.967,0.967,0.967,0.967,0.967,0.967,0.967,0.967,0.967,
0.979,0.979,0.979,0.979,0.979,0.979,0.979,0.979,0.979,0.979,
1.0,1.0,1.0,1.0,1.0,1.0,1.0,1.0,1.0,1.0,
0.968,0.968,0.968,0.968,0.968,0.968,0.968,0.968,0.968,0.968,
0.941,0.941,0.941,0.941,0.941,0.941,0.941,0.941,0.941,0.941,
0.986,0.986,0.986,0.986,0.986,0.986,0.986,0.986,0.986,0.986,
0.956,0.956,0.956,0.956,0.956,0.956,0.956,0.956,0.956,0.956,
0.967,0.967,0.967,0.967,0.967,0.967,0.967,0.967,0.967,0.967,
1.0,1.0,1.0,1.0,1.0,1.0,1.0,1.0,1.0,1.0,
0.964,0.964,0.964,0.964,0.964,0.964,0.964,0.964,0.964,0.964,
0.965,0.965,0.965,0.965,0.965,0.965,0.965,0.965,0.965,0.965,
0.97,0.97,0.97,0.97,0.97,0.97,0.97,0.97,0.97,0.97,
0.964,0.964,0.964,0.964,0.964,0.964,0.964,0.964,0.964,0.964,
0.969,0.969,0.969,0.969,0.969,0.969,0.969,0.969,0.969,0.969,
0.964,0.964,0.964,0.964,0.964,0.964,0.964,0.964,0.964,0.964,
0.959,0.959,0.959,0.959,0.959,0.959,0.959,0.959,0.959,0.959,
0.957,0.957,0.957,0.957,0.957,0.957,0.957,0.957,0.957,0.957,
0.96,0.96,0.96,0.96,0.96,0.96,0.96,0.96,0.96,0.96,
0.985,0.985,0.985,0.985,0.985,0.985,0.985,0.985,0.985,0.985,
0.972,0.972,0.972,0.972,0.972,0.972,0.972,0.972,0.972,0.972,
0.973,0.973,0.973,0.973,0.973,0.973,0.973,0.973,0.973,0.973,
1.0,1.0,1.0,1.0,1.0,1.0,1.0,1.0,1.0,1.0,
0.988,0.988,0.988,0.988,0.988,0.988,0.988,0.988,0.988,0.988,
0.911,0.911,0.911,0.911,0.911,0.911,0.911,0.911,0.911,0.911,
0.939,0.939,0.939,0.939,0.939,0.939,0.939,0.939,0.939,0.939,
0.936,0.936,0.936,0.936,0.936,0.936,0.936,0.936,0.936,0.936,
0.968,0.968,0.968,0.968,0.968,0.968,0.968,0.968,0.968,0.968,
0.975,0.975,0.975,0.975,0.975,0.975,0.975,0.975,0.975,0.975,
1.0,1.0,1.0,1.0,1.0,1.0,1.0,1.0,1.0,1.0,
0.936,0.936,0.936,0.936,0.936,0.936,0.936,0.936,0.936,0.936,
0.972,0.972,0.972,0.972,0.972,0.972,0.972,0.972,0.972,0.972,
0.95,0.95,0.95,0.95,0.95,0.95,0.95,0.95,0.95,0.95,
0.95,0.95,0.95,0.95,0.95,0.95,0.95,0.95,0.95,0.95,
0.977,0.977,0.977,0.977,0.977,0.977,0.977,0.977,0.977,0.977,
1.0,1.0,1.0,1.0,1.0,1.0,1.0,1.0,1.0,1.0,
0.978,0.978,0.978,0.978,0.978,0.978,0.978,0.978,0.978,0.978,
0.943,0.943,0.943,0.943,0.943,0.943,0.943,0.943,0.943,0.943,
0.974,0.974,0.974,0.974,0.974,0.974,0.974,0.974,0.974,0.974,
0.961,0.961,0.961,0.961,0.961,0.961,0.961,0.961,0.961,0.961,
0.904,0.904,0.904,0.904,0.904,0.904,0.904,0.904,0.904,0.904,
0.955,0.955,0.955,0.955,0.955,0.955,0.955,0.955,0.955,0.955,
0.973,0.973,0.973,0.973,0.973,0.973,0.973,0.973,0.973,0.973,
0.972,0.972,0.972,0.972,0.972,0.972,0.972,0.972,0.972,0.972,
0.909,0.909,0.909,0.909,0.909,0.909,0.909,0.909,0.909,0.909,
0.996,0.996,0.996,0.996,0.996,0.996,0.996,0.996,0.996,0.996,
0.978,0.978,0.978,0.978,0.978,0.978,0.978,0.978,0.978,0.978,
0.938,0.938,0.938,0.938,0.938,0.938,0.938,0.938,0.938,0.938,
1.0,1.0,1.0,1.0,1.0,1.0,1.0,1.0,1.0,1.0,
0.986,0.986,0.986,0.986,0.986,0.986,0.986,0.986,0.986,0.986,
0.952,0.952,0.952,0.952,0.952,0.952,0.952,0.952,0.952,0.952,
0.936,0.936,0.936,0.936,0.936,0.936,0.936,0.936,0.936,0.936,
0.996,0.996,0.996,0.996,0.996,0.996,0.996,0.996,0.996,0.996,
0.974,0.974,0.974,0.974,0.974,0.974,0.974,0.974,0.974,0.974,
0.968,0.968,0.968,0.968,0.968,0.968,0.968,0.968,0.968,0.968,
0.958,0.958,0.958,0.958,0.958,0.958,0.958,0.958,0.958,0.958,
0.955,0.955,0.955,0.955,0.955,0.955,0.955,0.955,0.955,0.955,
0.951,0.951,0.951,0.951,0.951,0.951,0.951,0.951,0.951,0.951,


