0.256 1.0 0.0 1.0 1.0 1.0 -2.0 0.04 1.0 0.009 
0.674 0.771 0.048 0.071 0.095 0.018 -0.095 0.144 0.817 0.019 
0.868 0.993 0.048 0.024 0.048 0.054 0.0 0.175 0.86 0.028 
0.46 0.578 0.048 0.095 0.119 0.002 -0.143 0.111 0.817 0.037 
0.429 0.941 0.048 0.024 0.048 0.028 0.0 0.106 0.769 0.046 
0.786 1.0 0.048 0.024 0.048 0.079 0.0 0.162 0.769 0.056 
0.643 0.956 0.048 0.024 0.048 0.052 0.0 0.14 0.72 0.065 
0.338 0.925 0.048 0.071 0.095 0.056 -0.095 0.092 0.86 0.074 
0.847 0.99 0.048 0.048 0.071 0.079 -0.048 0.171 0.814 0.083 
0.439 0.922 0.048 0.048 0.071 0.081 -0.048 0.108 0.86 0.093 
0.449 0.88 0.048 0.143 0.167 0.052 -0.238 0.11 0.817 0.102 
0.725 0.99 0.048 0.095 0.119 0.054 -0.143 0.152 0.86 0.111 
0.735 0.971 0.048 0.119 0.143 0.054 -0.19 0.154 0.86 0.12 
0.897 0.932 0.048 0.071 0.095 0.035 -0.095 0.179 0.805 0.13 
0.46 0.736 0.048 0.095 0.119 0.019 -0.143 0.111 0.86 0.139 
0.225 0.82 0.048 0.071 0.095 0.018 -0.095 0.075 0.769 0.148 
0.378 0.824 0.048 0.048 0.071 0.027 -0.048 0.098 0.814 0.157 
0.969 0.262 0.048 0.048 0.071 0.0 -0.048 0.19 0.769 0.167 
0.786 1.0 0.048 0.024 0.048 0.029 0.0 0.162 0.805 0.176 
0.847 0.946 0.048 0.024 0.048 0.043 0.0 0.171 0.056 0.185 
0.775 0.912 0.048 0.048 0.071 0.018 -0.048 0.16 0.817 0.194 
0.54 0.647 0.048 0.071 0.095 0.002 -0.095 0.124 0.751 0.204 
0.897 0.25 0.048 0.024 0.048 0.0 0.0 0.179 0.796 0.213 
0.54 0.873 0.048 0.024 0.048 0.018 0.0 0.124 0.056 0.222 
0.826 0.986 0.048 0.048 0.071 0.054 -0.048 0.168 0.86 0.231 
0.388 0.165 0.048 0.024 0.048 0.0 0.0 0.1 0.056 0.241 
0.103 0.886 0.048 0.048 0.071 0.029 -0.048 0.056 0.817 0.25 
0.99 0.947 0.048 0.048 0.071 0.035 -0.048 0.193 0.769 0.259 
0.979 0.968 0.048 0.048 0.071 0.027 -0.048 0.192 0.814 0.269 
0.979 0.72 0.048 0.024 0.048 0.002 0.0 0.192 0.796 0.278 
0.266 0.286 0.048 0.071 0.095 0.001 -0.095 0.081 0.619 0.287 
0.531 0.72 0.048 0.095 0.119 0.011 -0.143 0.122 0.667 0.296 
0.195 0.664 0.048 0.024 0.048 0.017 0.0 0.07 0.462 0.306 
0.031 0.824 0.048 0.024 0.048 0.088 0.0 0.045 0.056 0.315 
0.897 1.0 0.048 0.024 0.048 0.163 0.0 0.179 0.441 0.324 
0.775 0.947 0.048 0.024 0.048 0.088 0.0 0.16 0.056 0.333 
0.357 0.968 0.048 0.024 0.048 0.149 0.0 0.095 0.462 0.343 
0.071 0.253 0.048 0.048 0.071 0.001 -0.048 0.051 0.479 0.352 
0.092 0.836 0.048 0.048 0.071 0.08 -0.048 0.054 0.218 0.361 
0.632 0.355 0.048 0.024 0.048 0.002 0.0 0.138 0.101 0.37 
0.622 0.993 0.048 0.048 0.071 0.364 -0.048 0.136 0.132 0.38 
0.103 1.0 0.048 0.024 0.048 0.353 0.0 0.056 0.198 0.389 
0.5 0.947 0.048 0.024 0.048 0.176 0.0 0.117 0.218 0.398 
0.214 0.72 0.143 0.024 0.095 0.034 0.095 0.187 0.056 0.407 
0.235 0.472 0.429 0.024 0.238 0.002 0.381 0.227 0.056 0.417 
0.256 0.993 0.143 0.048 0.119 0.397 0.048 0.219 0.764 0.426 
0.153 0.671 0.19 0.024 0.119 0.011 0.143 0.168 0.056 0.435 
0.775 0.683 0.333 0.048 0.214 0.005 0.238 0.295 0.734 0.444 
0.51 0.842 0.286 0.024 0.167 0.049 0.238 0.239 0.734 0.454 
0.042 0.398 0.238 0.024 0.143 0.005 0.19 0.2 0.713 0.463 
0.347 0.158 0.238 0.024 0.143 0.0 0.19 0.247 0.713 0.472 
0.307 0.504 0.429 0.024 0.238 0.002 0.381 0.239 0.764 0.481 
0.368 0.201 0.286 0.024 0.167 0.0 0.238 0.249 0.692 0.491 
0.195 0.818 0.286 0.024 0.167 0.073 0.238 0.222 0.764 0.5 
0.765 0.907 0.048 0.024 0.048 0.124 0.0 0.2 0.056 0.509 
0.887 0.992 0.048 0.024 0.048 0.132 0.0 0.26 0.479 0.519 
0.418 0.934 0.095 0.143 0.19 0.092 -0.19 0.36 0.667 0.528 
0.378 0.939 0.095 0.071 0.119 0.117 -0.048 0.306 0.652 0.537 
0.664 0.61 0.143 0.119 0.19 0.005 -0.095 0.398 0.584 0.546 
0.897 1.0 0.143 0.024 0.095 0.24 0.095 0.379 0.619 0.556 
0.031 0.72 0.095 0.024 0.071 0.035 0.048 0.365 0.396 0.565 
0.948 0.258 0.048 0.048 0.071 0.0 -0.048 0.507 0.479 0.574 
0.948 0.942 0.095 0.024 0.071 0.056 0.048 0.507 0.513 0.583 
0.857 0.947 0.095 0.024 0.071 0.045 0.048 0.493 0.513 0.593 
0.246 0.432 0.048 0.071 0.095 0.004 -0.095 0.344 0.441 0.602 
0.857 0.696 0.143 0.024 0.095 0.005 0.095 0.493 0.479 0.611 
0.062 0.471 0.095 0.024 0.071 0.005 0.048 0.408 0.056 0.62 
0.439 0.939 0.048 0.048 0.071 0.05 -0.048 0.466 0.513 0.63 
0.338 0.907 0.048 0.048 0.071 0.243 -0.048 0.451 0.462 0.639 
0.47 0.942 0.095 0.048 0.095 0.212 0.0 0.471 0.462 0.648 
0.01 0.947 0.048 0.024 0.048 0.108 0.0 0.4 0.056 0.657 
0.868 1.0 0.095 0.024 0.071 0.225 0.048 0.514 0.479 0.667 
0.479 0.929 0.095 0.143 0.19 0.146 -0.19 0.419 0.363 0.676 
0.847 0.289 0.143 0.167 0.238 0.001 -0.19 0.639 0.376 0.685 
0.174 0.808 0.143 0.167 0.238 0.034 -0.19 0.534 0.363 0.694 
0.775 0.875 0.238 0.143 0.262 0.08 -0.048 0.592 0.271 0.704 
0.826 0.995 0.19 0.167 0.262 0.013 -0.143 0.599 0.328 0.713 
0.948 0.917 0.238 0.095 0.214 0.043 0.048 0.661 0.325 0.722 
0.01 0.681 0.095 0.048 0.095 0.04 0.0 0.64 0.218 0.731 
0.979 1.0 0.048 0.048 0.071 0.12 -0.048 0.791 0.218 0.741 
0.674 0.768 0.048 0.048 0.071 0.056 -0.048 0.639 0.218 0.75 
0.897 0.847 0.095 0.095 0.143 0.021 -0.095 0.674 0.218 0.759 
0.868 0.391 0.048 0.024 0.048 0.0 0.0 0.669 0.102 0.769 
0.164 0.18 0.095 0.048 0.095 0.001 0.0 0.617 0.109 0.778 
0.704 0.798 0.048 0.071 0.095 0.089 -0.095 0.701 0.132 0.787 
0.51 0.829 0.048 0.024 0.048 0.046 0.0 0.671 0.101 0.796 
0.429 0.82 0.095 0.024 0.071 0.019 0.048 0.658 0.101 0.806 
0.807 0.9 0.095 0.071 0.119 0.053 -0.048 0.764 0.198 0.815 
0.958 0.947 0.048 0.024 0.048 0.037 0.0 0.748 0.102 0.824 
0.052 0.754 0.19 0.071 0.167 0.038 0.048 0.647 0.218 0.833 
0.551 0.949 0.095 0.048 0.095 0.062 0.0 0.685 0.218 0.843 
0.643 0.851 0.048 0.071 0.095 0.136 -0.095 0.699 0.218 0.852 
0.939 0.311 0.095 0.048 0.095 0.0 0.0 0.745 0.102 0.861 
0.327 0.734 0.143 0.095 0.167 0.028 -0.048 0.65 0.218 0.87 
0.664 0.257 0.143 0.024 0.095 0.0 0.095 0.764 0.218 0.88 
0.124 0.807 0.095 0.071 0.119 0.01 -0.048 0.68 0.109 0.889 
0.031 0.771 0.095 0.048 0.095 0.029 0.0 0.666 0.109 0.898 
0.99 0.798 0.095 0.024 0.071 0.03 0.048 0.815 0.056 0.907 
0.317 0.907 0.095 0.024 0.071 0.116 0.048 0.723 0.056 0.917 
0.876 1.0 0.19 0.024 0.119 0.171 0.143 0.9 0.056 0.926 
0.275 0.9 0.381 0.024 0.214 0.205 0.333 0.788 0.056 0.935 
0.47 0.847 0.238 0.024 0.143 0.024 0.19 0.774 0.056 0.944 
1.0 0.995 0.524 0.024 0.286 0.072 0.476 0.946 0.056 0.954 
0.052 0.807 0.19 0.024 0.119 0.096 0.143 0.799 0.056 0.963 
0.124 0.841 0.238 0.024 0.143 0.122 0.19 0.783 0.056 0.972 
0.286 0.868 0.19 0.024 0.119 0.097 0.143 0.793 0.056 0.981 
0.327 0.875 0.286 0.024 0.167 0.053 0.238 0.815 0.056 0.991 
0.347 1.0 1.0 0.0 0.5 1.0 1.0 1.0 0.0 1.0 
0.256 1.0 0.0 1.0 1.0 1.0 -2.0 0.04 1.0 0.009 
0.674 0.771 0.048 0.071 0.095 0.018 -0.095 0.144 0.817 0.019 
0.868 0.993 0.048 0.024 0.048 0.054 0.0 0.175 0.86 0.028 
0.46 0.578 0.048 0.095 0.119 0.002 -0.143 0.111 0.817 0.037 
0.429 0.941 0.048 0.024 0.048 0.028 0.0 0.106 0.769 0.046 
0.786 1.0 0.048 0.024 0.048 0.079 0.0 0.162 0.769 0.056 
0.643 0.956 0.048 0.024 0.048 0.052 0.0 0.14 0.72 0.065 
0.338 0.925 0.048 0.071 0.095 0.056 -0.095 0.092 0.86 0.074 
0.847 0.99 0.048 0.048 0.071 0.079 -0.048 0.171 0.814 0.083 
0.439 0.922 0.048 0.048 0.071 0.081 -0.048 0.108 0.86 0.093 
0.449 0.88 0.048 0.143 0.167 0.052 -0.238 0.11 0.817 0.102 
0.725 0.99 0.048 0.095 0.119 0.054 -0.143 0.152 0.86 0.111 
0.735 0.971 0.048 0.119 0.143 0.054 -0.19 0.154 0.86 0.12 
0.897 0.932 0.048 0.071 0.095 0.035 -0.095 0.179 0.805 0.13 
0.46 0.736 0.048 0.095 0.119 0.019 -0.143 0.111 0.86 0.139 
0.225 0.82 0.048 0.071 0.095 0.018 -0.095 0.075 0.769 0.148 
0.378 0.824 0.048 0.048 0.071 0.027 -0.048 0.098 0.814 0.157 
0.969 0.262 0.048 0.048 0.071 0.0 -0.048 0.19 0.769 0.167 
0.786 1.0 0.048 0.024 0.048 0.029 0.0 0.162 0.805 0.176 
0.847 0.946 0.048 0.024 0.048 0.043 0.0 0.171 0.056 0.185 
0.775 0.912 0.048 0.048 0.071 0.018 -0.048 0.16 0.817 0.194 
0.54 0.647 0.048 0.071 0.095 0.002 -0.095 0.124 0.751 0.204 
0.897 0.25 0.048 0.024 0.048 0.0 0.0 0.179 0.796 0.213 
0.54 0.873 0.048 0.024 0.048 0.018 0.0 0.124 0.056 0.222 
0.826 0.986 0.048 0.048 0.071 0.054 -0.048 0.168 0.86 0.231 
0.388 0.165 0.048 0.024 0.048 0.0 0.0 0.1 0.056 0.241 
0.103 0.886 0.048 0.048 0.071 0.029 -0.048 0.056 0.817 0.25 
0.99 0.947 0.048 0.048 0.071 0.035 -0.048 0.193 0.769 0.259 
0.979 0.968 0.048 0.048 0.071 0.027 -0.048 0.192 0.814 0.269 
0.979 0.72 0.048 0.024 0.048 0.002 0.0 0.192 0.796 0.278 
0.266 0.286 0.048 0.071 0.095 0.001 -0.095 0.081 0.619 0.287 
0.531 0.72 0.048 0.095 0.119 0.011 -0.143 0.122 0.667 0.296 
0.195 0.664 0.048 0.024 0.048 0.017 0.0 0.07 0.462 0.306 
0.031 0.824 0.048 0.024 0.048 0.088 0.0 0.045 0.056 0.315 
0.897 1.0 0.048 0.024 0.048 0.163 0.0 0.179 0.441 0.324 
0.775 0.947 0.048 0.024 0.048 0.088 0.0 0.16 0.056 0.333 
0.357 0.968 0.048 0.024 0.048 0.149 0.0 0.095 0.462 0.343 
0.071 0.253 0.048 0.048 0.071 0.001 -0.048 0.051 0.479 0.352 
0.092 0.836 0.048 0.048 0.071 0.08 -0.048 0.054 0.218 0.361 
0.632 0.355 0.048 0.024 0.048 0.002 0.0 0.138 0.101 0.37 
0.622 0.993 0.048 0.048 0.071 0.364 -0.048 0.136 0.132 0.38 
0.103 1.0 0.048 0.024 0.048 0.353 0.0 0.056 0.198 0.389 
0.5 0.947 0.048 0.024 0.048 0.176 0.0 0.117 0.218 0.398 
0.214 0.72 0.143 0.024 0.095 0.034 0.095 0.187 0.056 0.407 
0.235 0.472 0.429 0.024 0.238 0.002 0.381 0.227 0.056 0.417 
0.256 0.993 0.143 0.048 0.119 0.397 0.048 0.219 0.764 0.426 
0.153 0.671 0.19 0.024 0.119 0.011 0.143 0.168 0.056 0.435 
0.775 0.683 0.333 0.048 0.214 0.005 0.238 0.295 0.734 0.444 
0.51 0.842 0.286 0.024 0.167 0.049 0.238 0.239 0.734 0.454 
0.042 0.398 0.238 0.024 0.143 0.005 0.19 0.2 0.713 0.463 
0.347 0.158 0.238 0.024 0.143 0.0 0.19 0.247 0.713 0.472 
0.307 0.504 0.429 0.024 0.238 0.002 0.381 0.239 0.764 0.481 
0.368 0.201 0.286 0.024 0.167 0.0 0.238 0.249 0.692 0.491 
0.195 0.818 0.286 0.024 0.167 0.073 0.238 0.222 0.764 0.5 
0.765 0.907 0.048 0.024 0.048 0.124 0.0 0.2 0.056 0.509 
0.887 0.992 0.048 0.024 0.048 0.132 0.0 0.26 0.479 0.519 
0.418 0.934 0.095 0.143 0.19 0.092 -0.19 0.36 0.667 0.528 
0.378 0.939 0.095 0.071 0.119 0.117 -0.048 0.306 0.652 0.537 
0.664 0.61 0.143 0.119 0.19 0.005 -0.095 0.398 0.584 0.546 
0.897 1.0 0.143 0.024 0.095 0.24 0.095 0.379 0.619 0.556 
0.031 0.72 0.095 0.024 0.071 0.035 0.048 0.365 0.396 0.565 
0.948 0.258 0.048 0.048 0.071 0.0 -0.048 0.507 0.479 0.574 
0.948 0.942 0.095 0.024 0.071 0.056 0.048 0.507 0.513 0.583 
0.857 0.947 0.095 0.024 0.071 0.045 0.048 0.493 0.513 0.593 
0.246 0.432 0.048 0.071 0.095 0.004 -0.095 0.344 0.441 0.602 
0.857 0.696 0.143 0.024 0.095 0.005 0.095 0.493 0.479 0.611 
0.062 0.471 0.095 0.024 0.071 0.005 0.048 0.408 0.056 0.62 
0.439 0.939 0.048 0.048 0.071 0.05 -0.048 0.466 0.513 0.63 
0.338 0.907 0.048 0.048 0.071 0.243 -0.048 0.451 0.462 0.639 
0.47 0.942 0.095 0.048 0.095 0.212 0.0 0.471 0.462 0.648 
0.01 0.947 0.048 0.024 0.048 0.108 0.0 0.4 0.056 0.657 
0.868 1.0 0.095 0.024 0.071 0.225 0.048 0.514 0.479 0.667 
0.479 0.929 0.095 0.143 0.19 0.146 -0.19 0.419 0.363 0.676 
0.847 0.289 0.143 0.167 0.238 0.001 -0.19 0.639 0.376 0.685 
0.174 0.808 0.143 0.167 0.238 0.034 -0.19 0.534 0.363 0.694 
0.775 0.875 0.238 0.143 0.262 0.08 -0.048 0.592 0.271 0.704 
0.826 0.995 0.19 0.167 0.262 0.013 -0.143 0.599 0.328 0.713 
0.948 0.917 0.238 0.095 0.214 0.043 0.048 0.661 0.325 0.722 
0.01 0.681 0.095 0.048 0.095 0.04 0.0 0.64 0.218 0.731 
0.979 1.0 0.048 0.048 0.071 0.12 -0.048 0.791 0.218 0.741 
0.674 0.768 0.048 0.048 0.071 0.056 -0.048 0.639 0.218 0.75 
0.897 0.847 0.095 0.095 0.143 0.021 -0.095 0.674 0.218 0.759 
0.868 0.391 0.048 0.024 0.048 0.0 0.0 0.669 0.102 0.769 
0.164 0.18 0.095 0.048 0.095 0.001 0.0 0.617 0.109 0.778 
0.704 0.798 0.048 0.071 0.095 0.089 -0.095 0.701 0.132 0.787 
0.51 0.829 0.048 0.024 0.048 0.046 0.0 0.671 0.101 0.796 
0.429 0.82 0.095 0.024 0.071 0.019 0.048 0.658 0.101 0.806 
0.807 0.9 0.095 0.071 0.119 0.053 -0.048 0.764 0.198 0.815 
0.958 0.947 0.048 0.024 0.048 0.037 0.0 0.748 0.102 0.824 
0.052 0.754 0.19 0.071 0.167 0.038 0.048 0.647 0.218 0.833 
0.551 0.949 0.095 0.048 0.095 0.062 0.0 0.685 0.218 0.843 
0.643 0.851 0.048 0.071 0.095 0.136 -0.095 0.699 0.218 0.852 
0.939 0.311 0.095 0.048 0.095 0.0 0.0 0.745 0.102 0.861 
0.327 0.734 0.143 0.095 0.167 0.028 -0.048 0.65 0.218 0.87 
0.664 0.257 0.143 0.024 0.095 0.0 0.095 0.764 0.218 0.88 
0.124 0.807 0.095 0.071 0.119 0.01 -0.048 0.68 0.109 0.889 
0.031 0.771 0.095 0.048 0.095 0.029 0.0 0.666 0.109 0.898 
0.99 0.798 0.095 0.024 0.071 0.03 0.048 0.815 0.056 0.907 
0.317 0.907 0.095 0.024 0.071 0.116 0.048 0.723 0.056 0.917 
0.876 1.0 0.19 0.024 0.119 0.171 0.143 0.9 0.056 0.926 
0.275 0.9 0.381 0.024 0.214 0.205 0.333 0.788 0.056 0.935 
0.47 0.847 0.238 0.024 0.143 0.024 0.19 0.774 0.056 0.944 
1.0 0.995 0.524 0.024 0.286 0.072 0.476 0.946 0.056 0.954 
0.052 0.807 0.19 0.024 0.119 0.096 0.143 0.799 0.056 0.963 
0.124 0.841 0.238 0.024 0.143 0.122 0.19 0.783 0.056 0.972 
0.286 0.868 0.19 0.024 0.119 0.097 0.143 0.793 0.056 0.981 
0.327 0.875 0.286 0.024 0.167 0.053 0.238 0.815 0.056 0.991 
0.347 1.0 1.0 0.0 0.5 1.0 1.0 1.0 0.0 1.0 
0.256 1.0 0.0 1.0 1.0 1.0 -2.0 0.04 1.0 0.009 
0.674 0.771 0.048 0.071 0.095 0.018 -0.095 0.144 0.817 0.019 
0.868 0.993 0.048 0.024 0.048 0.054 0.0 0.175 0.86 0.028 
0.46 0.578 0.048 0.095 0.119 0.002 -0.143 0.111 0.817 0.037 
0.429 0.941 0.048 0.024 0.048 0.028 0.0 0.106 0.769 0.046 
0.786 1.0 0.048 0.024 0.048 0.079 0.0 0.162 0.769 0.056 
0.643 0.956 0.048 0.024 0.048 0.052 0.0 0.14 0.72 0.065 
0.338 0.925 0.048 0.071 0.095 0.056 -0.095 0.092 0.86 0.074 
0.847 0.99 0.048 0.048 0.071 0.079 -0.048 0.171 0.814 0.083 
0.439 0.922 0.048 0.048 0.071 0.081 -0.048 0.108 0.86 0.093 
0.449 0.88 0.048 0.143 0.167 0.052 -0.238 0.11 0.817 0.102 
0.725 0.99 0.048 0.095 0.119 0.054 -0.143 0.152 0.86 0.111 
0.735 0.971 0.048 0.119 0.143 0.054 -0.19 0.154 0.86 0.12 
0.897 0.932 0.048 0.071 0.095 0.035 -0.095 0.179 0.805 0.13 
0.46 0.736 0.048 0.095 0.119 0.019 -0.143 0.111 0.86 0.139 
0.225 0.82 0.048 0.071 0.095 0.018 -0.095 0.075 0.769 0.148 
0.378 0.824 0.048 0.048 0.071 0.027 -0.048 0.098 0.814 0.157 
0.969 0.262 0.048 0.048 0.071 0.0 -0.048 0.19 0.769 0.167 
0.786 1.0 0.048 0.024 0.048 0.029 0.0 0.162 0.805 0.176 
0.847 0.946 0.048 0.024 0.048 0.043 0.0 0.171 0.056 0.185 
0.775 0.912 0.048 0.048 0.071 0.018 -0.048 0.16 0.817 0.194 
0.54 0.647 0.048 0.071 0.095 0.002 -0.095 0.124 0.751 0.204 
0.897 0.25 0.048 0.024 0.048 0.0 0.0 0.179 0.796 0.213 
0.54 0.873 0.048 0.024 0.048 0.018 0.0 0.124 0.056 0.222 
0.826 0.986 0.048 0.048 0.071 0.054 -0.048 0.168 0.86 0.231 
0.388 0.165 0.048 0.024 0.048 0.0 0.0 0.1 0.056 0.241 
0.103 0.886 0.048 0.048 0.071 0.029 -0.048 0.056 0.817 0.25 
0.99 0.947 0.048 0.048 0.071 0.035 -0.048 0.193 0.769 0.259 
0.979 0.968 0.048 0.048 0.071 0.027 -0.048 0.192 0.814 0.269 
0.979 0.72 0.048 0.024 0.048 0.002 0.0 0.192 0.796 0.278 
0.266 0.286 0.048 0.071 0.095 0.001 -0.095 0.081 0.619 0.287 
0.531 0.72 0.048 0.095 0.119 0.011 -0.143 0.122 0.667 0.296 
0.195 0.664 0.048 0.024 0.048 0.017 0.0 0.07 0.462 0.306 
0.031 0.824 0.048 0.024 0.048 0.088 0.0 0.045 0.056 0.315 
0.897 1.0 0.048 0.024 0.048 0.163 0.0 0.179 0.441 0.324 
0.775 0.947 0.048 0.024 0.048 0.088 0.0 0.16 0.056 0.333 
0.357 0.968 0.048 0.024 0.048 0.149 0.0 0.095 0.462 0.343 
0.071 0.253 0.048 0.048 0.071 0.001 -0.048 0.051 0.479 0.352 
0.092 0.836 0.048 0.048 0.071 0.08 -0.048 0.054 0.218 0.361 
0.632 0.355 0.048 0.024 0.048 0.002 0.0 0.138 0.101 0.37 
0.622 0.993 0.048 0.048 0.071 0.364 -0.048 0.136 0.132 0.38 
0.103 1.0 0.048 0.024 0.048 0.353 0.0 0.056 0.198 0.389 
0.5 0.947 0.048 0.024 0.048 0.176 0.0 0.117 0.218 0.398 
0.214 0.72 0.143 0.024 0.095 0.034 0.095 0.187 0.056 0.407 
0.235 0.472 0.429 0.024 0.238 0.002 0.381 0.227 0.056 0.417 
0.256 0.993 0.143 0.048 0.119 0.397 0.048 0.219 0.764 0.426 
0.153 0.671 0.19 0.024 0.119 0.011 0.143 0.168 0.056 0.435 
0.775 0.683 0.333 0.048 0.214 0.005 0.238 0.295 0.734 0.444 
0.51 0.842 0.286 0.024 0.167 0.049 0.238 0.239 0.734 0.454 
0.042 0.398 0.238 0.024 0.143 0.005 0.19 0.2 0.713 0.463 
0.347 0.158 0.238 0.024 0.143 0.0 0.19 0.247 0.713 0.472 
0.307 0.504 0.429 0.024 0.238 0.002 0.381 0.239 0.764 0.481 
0.368 0.201 0.286 0.024 0.167 0.0 0.238 0.249 0.692 0.491 
0.195 0.818 0.286 0.024 0.167 0.073 0.238 0.222 0.764 0.5 
0.765 0.907 0.048 0.024 0.048 0.124 0.0 0.2 0.056 0.509 
0.887 0.992 0.048 0.024 0.048 0.132 0.0 0.26 0.479 0.519 
0.418 0.934 0.095 0.143 0.19 0.092 -0.19 0.36 0.667 0.528 
0.378 0.939 0.095 0.071 0.119 0.117 -0.048 0.306 0.652 0.537 
0.664 0.61 0.143 0.119 0.19 0.005 -0.095 0.398 0.584 0.546 
0.897 1.0 0.143 0.024 0.095 0.24 0.095 0.379 0.619 0.556 
0.031 0.72 0.095 0.024 0.071 0.035 0.048 0.365 0.396 0.565 
0.948 0.258 0.048 0.048 0.071 0.0 -0.048 0.507 0.479 0.574 
0.948 0.942 0.095 0.024 0.071 0.056 0.048 0.507 0.513 0.583 
0.857 0.947 0.095 0.024 0.071 0.045 0.048 0.493 0.513 0.593 
0.246 0.432 0.048 0.071 0.095 0.004 -0.095 0.344 0.441 0.602 
0.857 0.696 0.143 0.024 0.095 0.005 0.095 0.493 0.479 0.611 
0.062 0.471 0.095 0.024 0.071 0.005 0.048 0.408 0.056 0.62 
0.439 0.939 0.048 0.048 0.071 0.05 -0.048 0.466 0.513 0.63 
0.338 0.907 0.048 0.048 0.071 0.243 -0.048 0.451 0.462 0.639 
0.47 0.942 0.095 0.048 0.095 0.212 0.0 0.471 0.462 0.648 
0.01 0.947 0.048 0.024 0.048 0.108 0.0 0.4 0.056 0.657 
0.868 1.0 0.095 0.024 0.071 0.225 0.048 0.514 0.479 0.667 
0.479 0.929 0.095 0.143 0.19 0.146 -0.19 0.419 0.363 0.676 
0.847 0.289 0.143 0.167 0.238 0.001 -0.19 0.639 0.376 0.685 
0.174 0.808 0.143 0.167 0.238 0.034 -0.19 0.534 0.363 0.694 
0.775 0.875 0.238 0.143 0.262 0.08 -0.048 0.592 0.271 0.704 
0.826 0.995 0.19 0.167 0.262 0.013 -0.143 0.599 0.328 0.713 
0.948 0.917 0.238 0.095 0.214 0.043 0.048 0.661 0.325 0.722 
0.01 0.681 0.095 0.048 0.095 0.04 0.0 0.64 0.218 0.731 
0.979 1.0 0.048 0.048 0.071 0.12 -0.048 0.791 0.218 0.741 
0.674 0.768 0.048 0.048 0.071 0.056 -0.048 0.639 0.218 0.75 
0.897 0.847 0.095 0.095 0.143 0.021 -0.095 0.674 0.218 0.759 
0.868 0.391 0.048 0.024 0.048 0.0 0.0 0.669 0.102 0.769 
0.164 0.18 0.095 0.048 0.095 0.001 0.0 0.617 0.109 0.778 
0.704 0.798 0.048 0.071 0.095 0.089 -0.095 0.701 0.132 0.787 
0.51 0.829 0.048 0.024 0.048 0.046 0.0 0.671 0.101 0.796 
0.429 0.82 0.095 0.024 0.071 0.019 0.048 0.658 0.101 0.806 
0.807 0.9 0.095 0.071 0.119 0.053 -0.048 0.764 0.198 0.815 
0.958 0.947 0.048 0.024 0.048 0.037 0.0 0.748 0.102 0.824 
0.052 0.754 0.19 0.071 0.167 0.038 0.048 0.647 0.218 0.833 
0.551 0.949 0.095 0.048 0.095 0.062 0.0 0.685 0.218 0.843 
0.643 0.851 0.048 0.071 0.095 0.136 -0.095 0.699 0.218 0.852 
0.939 0.311 0.095 0.048 0.095 0.0 0.0 0.745 0.102 0.861 
0.327 0.734 0.143 0.095 0.167 0.028 -0.048 0.65 0.218 0.87 
0.664 0.257 0.143 0.024 0.095 0.0 0.095 0.764 0.218 0.88 
0.124 0.807 0.095 0.071 0.119 0.01 -0.048 0.68 0.109 0.889 
0.031 0.771 0.095 0.048 0.095 0.029 0.0 0.666 0.109 0.898 
0.99 0.798 0.095 0.024 0.071 0.03 0.048 0.815 0.056 0.907 
0.317 0.907 0.095 0.024 0.071 0.116 0.048 0.723 0.056 0.917 
0.876 1.0 0.19 0.024 0.119 0.171 0.143 0.9 0.056 0.926 
0.275 0.9 0.381 0.024 0.214 0.205 0.333 0.788 0.056 0.935 
0.47 0.847 0.238 0.024 0.143 0.024 0.19 0.774 0.056 0.944 
1.0 0.995 0.524 0.024 0.286 0.072 0.476 0.946 0.056 0.954 
0.052 0.807 0.19 0.024 0.119 0.096 0.143 0.799 0.056 0.963 
0.124 0.841 0.238 0.024 0.143 0.122 0.19 0.783 0.056 0.972 
0.286 0.868 0.19 0.024 0.119 0.097 0.143 0.793 0.056 0.981 
0.327 0.875 0.286 0.024 0.167 0.053 0.238 0.815 0.056 0.991 
0.347 1.0 1.0 0.0 0.5 1.0 1.0 1.0 0.0 1.0 
0.256 1.0 0.0 1.0 1.0 1.0 -2.0 0.04 1.0 0.009 
0.674 0.771 0.048 0.071 0.095 0.018 -0.095 0.144 0.817 0.019 
0.868 0.993 0.048 0.024 0.048 0.054 0.0 0.175 0.86 0.028 
0.46 0.578 0.048 0.095 0.119 0.002 -0.143 0.111 0.817 0.037 
0.429 0.941 0.048 0.024 0.048 0.028 0.0 0.106 0.769 0.046 
0.786 1.0 0.048 0.024 0.048 0.079 0.0 0.162 0.769 0.056 
0.643 0.956 0.048 0.024 0.048 0.052 0.0 0.14 0.72 0.065 
0.338 0.925 0.048 0.071 0.095 0.056 -0.095 0.092 0.86 0.074 
0.847 0.99 0.048 0.048 0.071 0.079 -0.048 0.171 0.814 0.083 
0.439 0.922 0.048 0.048 0.071 0.081 -0.048 0.108 0.86 0.093 
0.449 0.88 0.048 0.143 0.167 0.052 -0.238 0.11 0.817 0.102 
0.725 0.99 0.048 0.095 0.119 0.054 -0.143 0.152 0.86 0.111 
0.735 0.971 0.048 0.119 0.143 0.054 -0.19 0.154 0.86 0.12 
0.897 0.932 0.048 0.071 0.095 0.035 -0.095 0.179 0.805 0.13 
0.46 0.736 0.048 0.095 0.119 0.019 -0.143 0.111 0.86 0.139 
0.225 0.82 0.048 0.071 0.095 0.018 -0.095 0.075 0.769 0.148 
0.378 0.824 0.048 0.048 0.071 0.027 -0.048 0.098 0.814 0.157 
0.969 0.262 0.048 0.048 0.071 0.0 -0.048 0.19 0.769 0.167 
0.786 1.0 0.048 0.024 0.048 0.029 0.0 0.162 0.805 0.176 
0.847 0.946 0.048 0.024 0.048 0.043 0.0 0.171 0.056 0.185 
0.775 0.912 0.048 0.048 0.071 0.018 -0.048 0.16 0.817 0.194 
0.54 0.647 0.048 0.071 0.095 0.002 -0.095 0.124 0.751 0.204 
0.897 0.25 0.048 0.024 0.048 0.0 0.0 0.179 0.796 0.213 
0.54 0.873 0.048 0.024 0.048 0.018 0.0 0.124 0.056 0.222 
0.826 0.986 0.048 0.048 0.071 0.054 -0.048 0.168 0.86 0.231 
0.388 0.165 0.048 0.024 0.048 0.0 0.0 0.1 0.056 0.241 
0.103 0.886 0.048 0.048 0.071 0.029 -0.048 0.056 0.817 0.25 
0.99 0.947 0.048 0.048 0.071 0.035 -0.048 0.193 0.769 0.259 
0.979 0.968 0.048 0.048 0.071 0.027 -0.048 0.192 0.814 0.269 
0.979 0.72 0.048 0.024 0.048 0.002 0.0 0.192 0.796 0.278 
0.266 0.286 0.048 0.071 0.095 0.001 -0.095 0.081 0.619 0.287 
0.531 0.72 0.048 0.095 0.119 0.011 -0.143 0.122 0.667 0.296 
0.195 0.664 0.048 0.024 0.048 0.017 0.0 0.07 0.462 0.306 
0.031 0.824 0.048 0.024 0.048 0.088 0.0 0.045 0.056 0.315 
0.897 1.0 0.048 0.024 0.048 0.163 0.0 0.179 0.441 0.324 
0.775 0.947 0.048 0.024 0.048 0.088 0.0 0.16 0.056 0.333 
0.357 0.968 0.048 0.024 0.048 0.149 0.0 0.095 0.462 0.343 
0.071 0.253 0.048 0.048 0.071 0.001 -0.048 0.051 0.479 0.352 
0.092 0.836 0.048 0.048 0.071 0.08 -0.048 0.054 0.218 0.361 
0.632 0.355 0.048 0.024 0.048 0.002 0.0 0.138 0.101 0.37 
0.622 0.993 0.048 0.048 0.071 0.364 -0.048 0.136 0.132 0.38 
0.103 1.0 0.048 0.024 0.048 0.353 0.0 0.056 0.198 0.389 
0.5 0.947 0.048 0.024 0.048 0.176 0.0 0.117 0.218 0.398 
0.214 0.72 0.143 0.024 0.095 0.034 0.095 0.187 0.056 0.407 
0.235 0.472 0.429 0.024 0.238 0.002 0.381 0.227 0.056 0.417 
0.256 0.993 0.143 0.048 0.119 0.397 0.048 0.219 0.764 0.426 
0.153 0.671 0.19 0.024 0.119 0.011 0.143 0.168 0.056 0.435 
0.775 0.683 0.333 0.048 0.214 0.005 0.238 0.295 0.734 0.444 
0.51 0.842 0.286 0.024 0.167 0.049 0.238 0.239 0.734 0.454 
0.042 0.398 0.238 0.024 0.143 0.005 0.19 0.2 0.713 0.463 
0.347 0.158 0.238 0.024 0.143 0.0 0.19 0.247 0.713 0.472 
0.307 0.504 0.429 0.024 0.238 0.002 0.381 0.239 0.764 0.481 
0.368 0.201 0.286 0.024 0.167 0.0 0.238 0.249 0.692 0.491 
0.195 0.818 0.286 0.024 0.167 0.073 0.238 0.222 0.764 0.5 
0.765 0.907 0.048 0.024 0.048 0.124 0.0 0.2 0.056 0.509 
0.887 0.992 0.048 0.024 0.048 0.132 0.0 0.26 0.479 0.519 
0.418 0.934 0.095 0.143 0.19 0.092 -0.19 0.36 0.667 0.528 
0.378 0.939 0.095 0.071 0.119 0.117 -0.048 0.306 0.652 0.537 
0.664 0.61 0.143 0.119 0.19 0.005 -0.095 0.398 0.584 0.546 
0.897 1.0 0.143 0.024 0.095 0.24 0.095 0.379 0.619 0.556 
0.031 0.72 0.095 0.024 0.071 0.035 0.048 0.365 0.396 0.565 
0.948 0.258 0.048 0.048 0.071 0.0 -0.048 0.507 0.479 0.574 
0.948 0.942 0.095 0.024 0.071 0.056 0.048 0.507 0.513 0.583 
0.857 0.947 0.095 0.024 0.071 0.045 0.048 0.493 0.513 0.593 
0.246 0.432 0.048 0.071 0.095 0.004 -0.095 0.344 0.441 0.602 
0.857 0.696 0.143 0.024 0.095 0.005 0.095 0.493 0.479 0.611 
0.062 0.471 0.095 0.024 0.071 0.005 0.048 0.408 0.056 0.62 
0.439 0.939 0.048 0.048 0.071 0.05 -0.048 0.466 0.513 0.63 
0.338 0.907 0.048 0.048 0.071 0.243 -0.048 0.451 0.462 0.639 
0.47 0.942 0.095 0.048 0.095 0.212 0.0 0.471 0.462 0.648 
0.01 0.947 0.048 0.024 0.048 0.108 0.0 0.4 0.056 0.657 
0.868 1.0 0.095 0.024 0.071 0.225 0.048 0.514 0.479 0.667 
0.479 0.929 0.095 0.143 0.19 0.146 -0.19 0.419 0.363 0.676 
0.847 0.289 0.143 0.167 0.238 0.001 -0.19 0.639 0.376 0.685 
0.174 0.808 0.143 0.167 0.238 0.034 -0.19 0.534 0.363 0.694 
0.775 0.875 0.238 0.143 0.262 0.08 -0.048 0.592 0.271 0.704 
0.826 0.995 0.19 0.167 0.262 0.013 -0.143 0.599 0.328 0.713 
0.948 0.917 0.238 0.095 0.214 0.043 0.048 0.661 0.325 0.722 
0.01 0.681 0.095 0.048 0.095 0.04 0.0 0.64 0.218 0.731 
0.979 1.0 0.048 0.048 0.071 0.12 -0.048 0.791 0.218 0.741 
0.674 0.768 0.048 0.048 0.071 0.056 -0.048 0.639 0.218 0.75 
0.897 0.847 0.095 0.095 0.143 0.021 -0.095 0.674 0.218 0.759 
0.868 0.391 0.048 0.024 0.048 0.0 0.0 0.669 0.102 0.769 
0.164 0.18 0.095 0.048 0.095 0.001 0.0 0.617 0.109 0.778 
0.704 0.798 0.048 0.071 0.095 0.089 -0.095 0.701 0.132 0.787 
0.51 0.829 0.048 0.024 0.048 0.046 0.0 0.671 0.101 0.796 
0.429 0.82 0.095 0.024 0.071 0.019 0.048 0.658 0.101 0.806 
0.807 0.9 0.095 0.071 0.119 0.053 -0.048 0.764 0.198 0.815 
0.958 0.947 0.048 0.024 0.048 0.037 0.0 0.748 0.102 0.824 
0.052 0.754 0.19 0.071 0.167 0.038 0.048 0.647 0.218 0.833 
0.551 0.949 0.095 0.048 0.095 0.062 0.0 0.685 0.218 0.843 
0.643 0.851 0.048 0.071 0.095 0.136 -0.095 0.699 0.218 0.852 
0.939 0.311 0.095 0.048 0.095 0.0 0.0 0.745 0.102 0.861 
0.327 0.734 0.143 0.095 0.167 0.028 -0.048 0.65 0.218 0.87 
0.664 0.257 0.143 0.024 0.095 0.0 0.095 0.764 0.218 0.88 
0.124 0.807 0.095 0.071 0.119 0.01 -0.048 0.68 0.109 0.889 
0.031 0.771 0.095 0.048 0.095 0.029 0.0 0.666 0.109 0.898 
0.99 0.798 0.095 0.024 0.071 0.03 0.048 0.815 0.056 0.907 
0.317 0.907 0.095 0.024 0.071 0.116 0.048 0.723 0.056 0.917 
0.876 1.0 0.19 0.024 0.119 0.171 0.143 0.9 0.056 0.926 
0.275 0.9 0.381 0.024 0.214 0.205 0.333 0.788 0.056 0.935 
0.47 0.847 0.238 0.024 0.143 0.024 0.19 0.774 0.056 0.944 
1.0 0.995 0.524 0.024 0.286 0.072 0.476 0.946 0.056 0.954 
0.052 0.807 0.19 0.024 0.119 0.096 0.143 0.799 0.056 0.963 
0.124 0.841 0.238 0.024 0.143 0.122 0.19 0.783 0.056 0.972 
0.286 0.868 0.19 0.024 0.119 0.097 0.143 0.793 0.056 0.981 
0.327 0.875 0.286 0.024 0.167 0.053 0.238 0.815 0.056 0.991 
0.347 1.0 1.0 0.0 0.5 1.0 1.0 1.0 0.0 1.0 
0.256 1.0 0.0 1.0 1.0 1.0 -2.0 0.04 1.0 0.009 
0.674 0.771 0.048 0.071 0.095 0.018 -0.095 0.144 0.817 0.019 
0.868 0.993 0.048 0.024 0.048 0.054 0.0 0.175 0.86 0.028 
0.46 0.578 0.048 0.095 0.119 0.002 -0.143 0.111 0.817 0.037 
0.429 0.941 0.048 0.024 0.048 0.028 0.0 0.106 0.769 0.046 
0.786 1.0 0.048 0.024 0.048 0.079 0.0 0.162 0.769 0.056 
0.643 0.956 0.048 0.024 0.048 0.052 0.0 0.14 0.72 0.065 
0.338 0.925 0.048 0.071 0.095 0.056 -0.095 0.092 0.86 0.074 
0.847 0.99 0.048 0.048 0.071 0.079 -0.048 0.171 0.814 0.083 
0.439 0.922 0.048 0.048 0.071 0.081 -0.048 0.108 0.86 0.093 
0.449 0.88 0.048 0.143 0.167 0.052 -0.238 0.11 0.817 0.102 
0.725 0.99 0.048 0.095 0.119 0.054 -0.143 0.152 0.86 0.111 
0.735 0.971 0.048 0.119 0.143 0.054 -0.19 0.154 0.86 0.12 
0.897 0.932 0.048 0.071 0.095 0.035 -0.095 0.179 0.805 0.13 
0.46 0.736 0.048 0.095 0.119 0.019 -0.143 0.111 0.86 0.139 
0.225 0.82 0.048 0.071 0.095 0.018 -0.095 0.075 0.769 0.148 
0.378 0.824 0.048 0.048 0.071 0.027 -0.048 0.098 0.814 0.157 
0.969 0.262 0.048 0.048 0.071 0.0 -0.048 0.19 0.769 0.167 
0.786 1.0 0.048 0.024 0.048 0.029 0.0 0.162 0.805 0.176 
0.847 0.946 0.048 0.024 0.048 0.043 0.0 0.171 0.056 0.185 
0.775 0.912 0.048 0.048 0.071 0.018 -0.048 0.16 0.817 0.194 
0.54 0.647 0.048 0.071 0.095 0.002 -0.095 0.124 0.751 0.204 
0.897 0.25 0.048 0.024 0.048 0.0 0.0 0.179 0.796 0.213 
0.54 0.873 0.048 0.024 0.048 0.018 0.0 0.124 0.056 0.222 
0.826 0.986 0.048 0.048 0.071 0.054 -0.048 0.168 0.86 0.231 
0.388 0.165 0.048 0.024 0.048 0.0 0.0 0.1 0.056 0.241 
0.103 0.886 0.048 0.048 0.071 0.029 -0.048 0.056 0.817 0.25 
0.99 0.947 0.048 0.048 0.071 0.035 -0.048 0.193 0.769 0.259 
0.979 0.968 0.048 0.048 0.071 0.027 -0.048 0.192 0.814 0.269 
0.979 0.72 0.048 0.024 0.048 0.002 0.0 0.192 0.796 0.278 
0.266 0.286 0.048 0.071 0.095 0.001 -0.095 0.081 0.619 0.287 
0.531 0.72 0.048 0.095 0.119 0.011 -0.143 0.122 0.667 0.296 
0.195 0.664 0.048 0.024 0.048 0.017 0.0 0.07 0.462 0.306 
0.031 0.824 0.048 0.024 0.048 0.088 0.0 0.045 0.056 0.315 
0.897 1.0 0.048 0.024 0.048 0.163 0.0 0.179 0.441 0.324 
0.775 0.947 0.048 0.024 0.048 0.088 0.0 0.16 0.056 0.333 
0.357 0.968 0.048 0.024 0.048 0.149 0.0 0.095 0.462 0.343 
0.071 0.253 0.048 0.048 0.071 0.001 -0.048 0.051 0.479 0.352 
0.092 0.836 0.048 0.048 0.071 0.08 -0.048 0.054 0.218 0.361 
0.632 0.355 0.048 0.024 0.048 0.002 0.0 0.138 0.101 0.37 
0.622 0.993 0.048 0.048 0.071 0.364 -0.048 0.136 0.132 0.38 
0.103 1.0 0.048 0.024 0.048 0.353 0.0 0.056 0.198 0.389 
0.5 0.947 0.048 0.024 0.048 0.176 0.0 0.117 0.218 0.398 
0.214 0.72 0.143 0.024 0.095 0.034 0.095 0.187 0.056 0.407 
0.235 0.472 0.429 0.024 0.238 0.002 0.381 0.227 0.056 0.417 
0.256 0.993 0.143 0.048 0.119 0.397 0.048 0.219 0.764 0.426 
0.153 0.671 0.19 0.024 0.119 0.011 0.143 0.168 0.056 0.435 
0.775 0.683 0.333 0.048 0.214 0.005 0.238 0.295 0.734 0.444 
0.51 0.842 0.286 0.024 0.167 0.049 0.238 0.239 0.734 0.454 
0.042 0.398 0.238 0.024 0.143 0.005 0.19 0.2 0.713 0.463 
0.347 0.158 0.238 0.024 0.143 0.0 0.19 0.247 0.713 0.472 
0.307 0.504 0.429 0.024 0.238 0.002 0.381 0.239 0.764 0.481 
0.368 0.201 0.286 0.024 0.167 0.0 0.238 0.249 0.692 0.491 
0.195 0.818 0.286 0.024 0.167 0.073 0.238 0.222 0.764 0.5 
0.765 0.907 0.048 0.024 0.048 0.124 0.0 0.2 0.056 0.509 
0.887 0.992 0.048 0.024 0.048 0.132 0.0 0.26 0.479 0.519 
0.418 0.934 0.095 0.143 0.19 0.092 -0.19 0.36 0.667 0.528 
0.378 0.939 0.095 0.071 0.119 0.117 -0.048 0.306 0.652 0.537 
0.664 0.61 0.143 0.119 0.19 0.005 -0.095 0.398 0.584 0.546 
0.897 1.0 0.143 0.024 0.095 0.24 0.095 0.379 0.619 0.556 
0.031 0.72 0.095 0.024 0.071 0.035 0.048 0.365 0.396 0.565 
0.948 0.258 0.048 0.048 0.071 0.0 -0.048 0.507 0.479 0.574 
0.948 0.942 0.095 0.024 0.071 0.056 0.048 0.507 0.513 0.583 
0.857 0.947 0.095 0.024 0.071 0.045 0.048 0.493 0.513 0.593 
0.246 0.432 0.048 0.071 0.095 0.004 -0.095 0.344 0.441 0.602 
0.857 0.696 0.143 0.024 0.095 0.005 0.095 0.493 0.479 0.611 
0.062 0.471 0.095 0.024 0.071 0.005 0.048 0.408 0.056 0.62 
0.439 0.939 0.048 0.048 0.071 0.05 -0.048 0.466 0.513 0.63 
0.338 0.907 0.048 0.048 0.071 0.243 -0.048 0.451 0.462 0.639 
0.47 0.942 0.095 0.048 0.095 0.212 0.0 0.471 0.462 0.648 
0.01 0.947 0.048 0.024 0.048 0.108 0.0 0.4 0.056 0.657 
0.868 1.0 0.095 0.024 0.071 0.225 0.048 0.514 0.479 0.667 
0.479 0.929 0.095 0.143 0.19 0.146 -0.19 0.419 0.363 0.676 
0.847 0.289 0.143 0.167 0.238 0.001 -0.19 0.639 0.376 0.685 
0.174 0.808 0.143 0.167 0.238 0.034 -0.19 0.534 0.363 0.694 
0.775 0.875 0.238 0.143 0.262 0.08 -0.048 0.592 0.271 0.704 
0.826 0.995 0.19 0.167 0.262 0.013 -0.143 0.599 0.328 0.713 
0.948 0.917 0.238 0.095 0.214 0.043 0.048 0.661 0.325 0.722 
0.01 0.681 0.095 0.048 0.095 0.04 0.0 0.64 0.218 0.731 
0.979 1.0 0.048 0.048 0.071 0.12 -0.048 0.791 0.218 0.741 
0.674 0.768 0.048 0.048 0.071 0.056 -0.048 0.639 0.218 0.75 
0.897 0.847 0.095 0.095 0.143 0.021 -0.095 0.674 0.218 0.759 
0.868 0.391 0.048 0.024 0.048 0.0 0.0 0.669 0.102 0.769 
0.164 0.18 0.095 0.048 0.095 0.001 0.0 0.617 0.109 0.778 
0.704 0.798 0.048 0.071 0.095 0.089 -0.095 0.701 0.132 0.787 
0.51 0.829 0.048 0.024 0.048 0.046 0.0 0.671 0.101 0.796 
0.429 0.82 0.095 0.024 0.071 0.019 0.048 0.658 0.101 0.806 
0.807 0.9 0.095 0.071 0.119 0.053 -0.048 0.764 0.198 0.815 
0.958 0.947 0.048 0.024 0.048 0.037 0.0 0.748 0.102 0.824 
0.052 0.754 0.19 0.071 0.167 0.038 0.048 0.647 0.218 0.833 
0.551 0.949 0.095 0.048 0.095 0.062 0.0 0.685 0.218 0.843 
0.643 0.851 0.048 0.071 0.095 0.136 -0.095 0.699 0.218 0.852 
0.939 0.311 0.095 0.048 0.095 0.0 0.0 0.745 0.102 0.861 
0.327 0.734 0.143 0.095 0.167 0.028 -0.048 0.65 0.218 0.87 
0.664 0.257 0.143 0.024 0.095 0.0 0.095 0.764 0.218 0.88 
0.124 0.807 0.095 0.071 0.119 0.01 -0.048 0.68 0.109 0.889 
0.031 0.771 0.095 0.048 0.095 0.029 0.0 0.666 0.109 0.898 
0.99 0.798 0.095 0.024 0.071 0.03 0.048 0.815 0.056 0.907 
0.317 0.907 0.095 0.024 0.071 0.116 0.048 0.723 0.056 0.917 
0.876 1.0 0.19 0.024 0.119 0.171 0.143 0.9 0.056 0.926 
0.275 0.9 0.381 0.024 0.214 0.205 0.333 0.788 0.056 0.935 
0.47 0.847 0.238 0.024 0.143 0.024 0.19 0.774 0.056 0.944 
1.0 0.995 0.524 0.024 0.286 0.072 0.476 0.946 0.056 0.954 
0.052 0.807 0.19 0.024 0.119 0.096 0.143 0.799 0.056 0.963 
0.124 0.841 0.238 0.024 0.143 0.122 0.19 0.783 0.056 0.972 
0.286 0.868 0.19 0.024 0.119 0.097 0.143 0.793 0.056 0.981 
0.327 0.875 0.286 0.024 0.167 0.053 0.238 0.815 0.056 0.991 
0.347 1.0 1.0 0.0 0.5 1.0 1.0 1.0 0.0 1.0 
0.256 1.0 0.0 1.0 1.0 1.0 -2.0 0.04 1.0 0.009 
0.674 0.771 0.048 0.071 0.095 0.018 -0.095 0.144 0.817 0.019 
0.868 0.993 0.048 0.024 0.048 0.054 0.0 0.175 0.86 0.028 
0.46 0.578 0.048 0.095 0.119 0.002 -0.143 0.111 0.817 0.037 
0.429 0.941 0.048 0.024 0.048 0.028 0.0 0.106 0.769 0.046 
0.786 1.0 0.048 0.024 0.048 0.079 0.0 0.162 0.769 0.056 
0.643 0.956 0.048 0.024 0.048 0.052 0.0 0.14 0.72 0.065 
0.338 0.925 0.048 0.071 0.095 0.056 -0.095 0.092 0.86 0.074 
0.847 0.99 0.048 0.048 0.071 0.079 -0.048 0.171 0.814 0.083 
0.439 0.922 0.048 0.048 0.071 0.081 -0.048 0.108 0.86 0.093 
0.449 0.88 0.048 0.143 0.167 0.052 -0.238 0.11 0.817 0.102 
0.725 0.99 0.048 0.095 0.119 0.054 -0.143 0.152 0.86 0.111 
0.735 0.971 0.048 0.119 0.143 0.054 -0.19 0.154 0.86 0.12 
0.897 0.932 0.048 0.071 0.095 0.035 -0.095 0.179 0.805 0.13 
0.46 0.736 0.048 0.095 0.119 0.019 -0.143 0.111 0.86 0.139 
0.225 0.82 0.048 0.071 0.095 0.018 -0.095 0.075 0.769 0.148 
0.378 0.824 0.048 0.048 0.071 0.027 -0.048 0.098 0.814 0.157 
0.969 0.262 0.048 0.048 0.071 0.0 -0.048 0.19 0.769 0.167 
0.786 1.0 0.048 0.024 0.048 0.029 0.0 0.162 0.805 0.176 
0.847 0.946 0.048 0.024 0.048 0.043 0.0 0.171 0.056 0.185 
0.775 0.912 0.048 0.048 0.071 0.018 -0.048 0.16 0.817 0.194 
0.54 0.647 0.048 0.071 0.095 0.002 -0.095 0.124 0.751 0.204 
0.897 0.25 0.048 0.024 0.048 0.0 0.0 0.179 0.796 0.213 
0.54 0.873 0.048 0.024 0.048 0.018 0.0 0.124 0.056 0.222 
0.826 0.986 0.048 0.048 0.071 0.054 -0.048 0.168 0.86 0.231 
0.388 0.165 0.048 0.024 0.048 0.0 0.0 0.1 0.056 0.241 
0.103 0.886 0.048 0.048 0.071 0.029 -0.048 0.056 0.817 0.25 
0.99 0.947 0.048 0.048 0.071 0.035 -0.048 0.193 0.769 0.259 
0.979 0.968 0.048 0.048 0.071 0.027 -0.048 0.192 0.814 0.269 
0.979 0.72 0.048 0.024 0.048 0.002 0.0 0.192 0.796 0.278 
0.266 0.286 0.048 0.071 0.095 0.001 -0.095 0.081 0.619 0.287 
0.531 0.72 0.048 0.095 0.119 0.011 -0.143 0.122 0.667 0.296 
0.195 0.664 0.048 0.024 0.048 0.017 0.0 0.07 0.462 0.306 
0.031 0.824 0.048 0.024 0.048 0.088 0.0 0.045 0.056 0.315 
0.897 1.0 0.048 0.024 0.048 0.163 0.0 0.179 0.441 0.324 
0.775 0.947 0.048 0.024 0.048 0.088 0.0 0.16 0.056 0.333 
0.357 0.968 0.048 0.024 0.048 0.149 0.0 0.095 0.462 0.343 
0.071 0.253 0.048 0.048 0.071 0.001 -0.048 0.051 0.479 0.352 
0.092 0.836 0.048 0.048 0.071 0.08 -0.048 0.054 0.218 0.361 
0.632 0.355 0.048 0.024 0.048 0.002 0.0 0.138 0.101 0.37 
0.622 0.993 0.048 0.048 0.071 0.364 -0.048 0.136 0.132 0.38 
0.103 1.0 0.048 0.024 0.048 0.353 0.0 0.056 0.198 0.389 
0.5 0.947 0.048 0.024 0.048 0.176 0.0 0.117 0.218 0.398 
0.214 0.72 0.143 0.024 0.095 0.034 0.095 0.187 0.056 0.407 
0.235 0.472 0.429 0.024 0.238 0.002 0.381 0.227 0.056 0.417 
0.256 0.993 0.143 0.048 0.119 0.397 0.048 0.219 0.764 0.426 
0.153 0.671 0.19 0.024 0.119 0.011 0.143 0.168 0.056 0.435 
0.775 0.683 0.333 0.048 0.214 0.005 0.238 0.295 0.734 0.444 
0.51 0.842 0.286 0.024 0.167 0.049 0.238 0.239 0.734 0.454 
0.042 0.398 0.238 0.024 0.143 0.005 0.19 0.2 0.713 0.463 
0.347 0.158 0.238 0.024 0.143 0.0 0.19 0.247 0.713 0.472 
0.307 0.504 0.429 0.024 0.238 0.002 0.381 0.239 0.764 0.481 
0.368 0.201 0.286 0.024 0.167 0.0 0.238 0.249 0.692 0.491 
0.195 0.818 0.286 0.024 0.167 0.073 0.238 0.222 0.764 0.5 
0.765 0.907 0.048 0.024 0.048 0.124 0.0 0.2 0.056 0.509 
0.887 0.992 0.048 0.024 0.048 0.132 0.0 0.26 0.479 0.519 
0.418 0.934 0.095 0.143 0.19 0.092 -0.19 0.36 0.667 0.528 
0.378 0.939 0.095 0.071 0.119 0.117 -0.048 0.306 0.652 0.537 
0.664 0.61 0.143 0.119 0.19 0.005 -0.095 0.398 0.584 0.546 
0.897 1.0 0.143 0.024 0.095 0.24 0.095 0.379 0.619 0.556 
0.031 0.72 0.095 0.024 0.071 0.035 0.048 0.365 0.396 0.565 
0.948 0.258 0.048 0.048 0.071 0.0 -0.048 0.507 0.479 0.574 
0.948 0.942 0.095 0.024 0.071 0.056 0.048 0.507 0.513 0.583 
0.857 0.947 0.095 0.024 0.071 0.045 0.048 0.493 0.513 0.593 
0.246 0.432 0.048 0.071 0.095 0.004 -0.095 0.344 0.441 0.602 
0.857 0.696 0.143 0.024 0.095 0.005 0.095 0.493 0.479 0.611 
0.062 0.471 0.095 0.024 0.071 0.005 0.048 0.408 0.056 0.62 
0.439 0.939 0.048 0.048 0.071 0.05 -0.048 0.466 0.513 0.63 
0.338 0.907 0.048 0.048 0.071 0.243 -0.048 0.451 0.462 0.639 
0.47 0.942 0.095 0.048 0.095 0.212 0.0 0.471 0.462 0.648 
0.01 0.947 0.048 0.024 0.048 0.108 0.0 0.4 0.056 0.657 
0.868 1.0 0.095 0.024 0.071 0.225 0.048 0.514 0.479 0.667 
0.479 0.929 0.095 0.143 0.19 0.146 -0.19 0.419 0.363 0.676 
0.847 0.289 0.143 0.167 0.238 0.001 -0.19 0.639 0.376 0.685 
0.174 0.808 0.143 0.167 0.238 0.034 -0.19 0.534 0.363 0.694 
0.775 0.875 0.238 0.143 0.262 0.08 -0.048 0.592 0.271 0.704 
0.826 0.995 0.19 0.167 0.262 0.013 -0.143 0.599 0.328 0.713 
0.948 0.917 0.238 0.095 0.214 0.043 0.048 0.661 0.325 0.722 
0.01 0.681 0.095 0.048 0.095 0.04 0.0 0.64 0.218 0.731 
0.979 1.0 0.048 0.048 0.071 0.12 -0.048 0.791 0.218 0.741 
0.674 0.768 0.048 0.048 0.071 0.056 -0.048 0.639 0.218 0.75 
0.897 0.847 0.095 0.095 0.143 0.021 -0.095 0.674 0.218 0.759 
0.868 0.391 0.048 0.024 0.048 0.0 0.0 0.669 0.102 0.769 
0.164 0.18 0.095 0.048 0.095 0.001 0.0 0.617 0.109 0.778 
0.704 0.798 0.048 0.071 0.095 0.089 -0.095 0.701 0.132 0.787 
0.51 0.829 0.048 0.024 0.048 0.046 0.0 0.671 0.101 0.796 
0.429 0.82 0.095 0.024 0.071 0.019 0.048 0.658 0.101 0.806 
0.807 0.9 0.095 0.071 0.119 0.053 -0.048 0.764 0.198 0.815 
0.958 0.947 0.048 0.024 0.048 0.037 0.0 0.748 0.102 0.824 
0.052 0.754 0.19 0.071 0.167 0.038 0.048 0.647 0.218 0.833 
0.551 0.949 0.095 0.048 0.095 0.062 0.0 0.685 0.218 0.843 
0.643 0.851 0.048 0.071 0.095 0.136 -0.095 0.699 0.218 0.852 
0.939 0.311 0.095 0.048 0.095 0.0 0.0 0.745 0.102 0.861 
0.327 0.734 0.143 0.095 0.167 0.028 -0.048 0.65 0.218 0.87 
0.664 0.257 0.143 0.024 0.095 0.0 0.095 0.764 0.218 0.88 
0.124 0.807 0.095 0.071 0.119 0.01 -0.048 0.68 0.109 0.889 
0.031 0.771 0.095 0.048 0.095 0.029 0.0 0.666 0.109 0.898 
0.99 0.798 0.095 0.024 0.071 0.03 0.048 0.815 0.056 0.907 
0.317 0.907 0.095 0.024 0.071 0.116 0.048 0.723 0.056 0.917 
0.876 1.0 0.19 0.024 0.119 0.171 0.143 0.9 0.056 0.926 
0.275 0.9 0.381 0.024 0.214 0.205 0.333 0.788 0.056 0.935 
0.47 0.847 0.238 0.024 0.143 0.024 0.19 0.774 0.056 0.944 
1.0 0.995 0.524 0.024 0.286 0.072 0.476 0.946 0.056 0.954 
0.052 0.807 0.19 0.024 0.119 0.096 0.143 0.799 0.056 0.963 
0.124 0.841 0.238 0.024 0.143 0.122 0.19 0.783 0.056 0.972 
0.286 0.868 0.19 0.024 0.119 0.097 0.143 0.793 0.056 0.981 
0.327 0.875 0.286 0.024 0.167 0.053 0.238 0.815 0.056 0.991 
0.347 1.0 1.0 0.0 0.5 1.0 1.0 1.0 0.0 1.0 
0.256 1.0 0.0 1.0 1.0 1.0 -2.0 0.04 1.0 0.009 
0.674 0.771 0.048 0.071 0.095 0.018 -0.095 0.144 0.817 0.019 
0.868 0.993 0.048 0.024 0.048 0.054 0.0 0.175 0.86 0.028 
0.46 0.578 0.048 0.095 0.119 0.002 -0.143 0.111 0.817 0.037 
0.429 0.941 0.048 0.024 0.048 0.028 0.0 0.106 0.769 0.046 
0.786 1.0 0.048 0.024 0.048 0.079 0.0 0.162 0.769 0.056 
0.643 0.956 0.048 0.024 0.048 0.052 0.0 0.14 0.72 0.065 
0.338 0.925 0.048 0.071 0.095 0.056 -0.095 0.092 0.86 0.074 
0.847 0.99 0.048 0.048 0.071 0.079 -0.048 0.171 0.814 0.083 
0.439 0.922 0.048 0.048 0.071 0.081 -0.048 0.108 0.86 0.093 
0.449 0.88 0.048 0.143 0.167 0.052 -0.238 0.11 0.817 0.102 
0.725 0.99 0.048 0.095 0.119 0.054 -0.143 0.152 0.86 0.111 
0.735 0.971 0.048 0.119 0.143 0.054 -0.19 0.154 0.86 0.12 
0.897 0.932 0.048 0.071 0.095 0.035 -0.095 0.179 0.805 0.13 
0.46 0.736 0.048 0.095 0.119 0.019 -0.143 0.111 0.86 0.139 
0.225 0.82 0.048 0.071 0.095 0.018 -0.095 0.075 0.769 0.148 
0.378 0.824 0.048 0.048 0.071 0.027 -0.048 0.098 0.814 0.157 
0.969 0.262 0.048 0.048 0.071 0.0 -0.048 0.19 0.769 0.167 
0.786 1.0 0.048 0.024 0.048 0.029 0.0 0.162 0.805 0.176 
0.847 0.946 0.048 0.024 0.048 0.043 0.0 0.171 0.056 0.185 
0.775 0.912 0.048 0.048 0.071 0.018 -0.048 0.16 0.817 0.194 
0.54 0.647 0.048 0.071 0.095 0.002 -0.095 0.124 0.751 0.204 
0.897 0.25 0.048 0.024 0.048 0.0 0.0 0.179 0.796 0.213 
0.54 0.873 0.048 0.024 0.048 0.018 0.0 0.124 0.056 0.222 
0.826 0.986 0.048 0.048 0.071 0.054 -0.048 0.168 0.86 0.231 
0.388 0.165 0.048 0.024 0.048 0.0 0.0 0.1 0.056 0.241 
0.103 0.886 0.048 0.048 0.071 0.029 -0.048 0.056 0.817 0.25 
0.99 0.947 0.048 0.048 0.071 0.035 -0.048 0.193 0.769 0.259 
0.979 0.968 0.048 0.048 0.071 0.027 -0.048 0.192 0.814 0.269 
0.979 0.72 0.048 0.024 0.048 0.002 0.0 0.192 0.796 0.278 
0.266 0.286 0.048 0.071 0.095 0.001 -0.095 0.081 0.619 0.287 
0.531 0.72 0.048 0.095 0.119 0.011 -0.143 0.122 0.667 0.296 
0.195 0.664 0.048 0.024 0.048 0.017 0.0 0.07 0.462 0.306 
0.031 0.824 0.048 0.024 0.048 0.088 0.0 0.045 0.056 0.315 
0.897 1.0 0.048 0.024 0.048 0.163 0.0 0.179 0.441 0.324 
0.775 0.947 0.048 0.024 0.048 0.088 0.0 0.16 0.056 0.333 
0.357 0.968 0.048 0.024 0.048 0.149 0.0 0.095 0.462 0.343 
0.071 0.253 0.048 0.048 0.071 0.001 -0.048 0.051 0.479 0.352 
0.092 0.836 0.048 0.048 0.071 0.08 -0.048 0.054 0.218 0.361 
0.632 0.355 0.048 0.024 0.048 0.002 0.0 0.138 0.101 0.37 
0.622 0.993 0.048 0.048 0.071 0.364 -0.048 0.136 0.132 0.38 
0.103 1.0 0.048 0.024 0.048 0.353 0.0 0.056 0.198 0.389 
0.5 0.947 0.048 0.024 0.048 0.176 0.0 0.117 0.218 0.398 
0.214 0.72 0.143 0.024 0.095 0.034 0.095 0.187 0.056 0.407 
0.235 0.472 0.429 0.024 0.238 0.002 0.381 0.227 0.056 0.417 
0.256 0.993 0.143 0.048 0.119 0.397 0.048 0.219 0.764 0.426 
0.153 0.671 0.19 0.024 0.119 0.011 0.143 0.168 0.056 0.435 
0.775 0.683 0.333 0.048 0.214 0.005 0.238 0.295 0.734 0.444 
0.51 0.842 0.286 0.024 0.167 0.049 0.238 0.239 0.734 0.454 
0.042 0.398 0.238 0.024 0.143 0.005 0.19 0.2 0.713 0.463 
0.347 0.158 0.238 0.024 0.143 0.0 0.19 0.247 0.713 0.472 
0.307 0.504 0.429 0.024 0.238 0.002 0.381 0.239 0.764 0.481 
0.368 0.201 0.286 0.024 0.167 0.0 0.238 0.249 0.692 0.491 
0.195 0.818 0.286 0.024 0.167 0.073 0.238 0.222 0.764 0.5 
0.765 0.907 0.048 0.024 0.048 0.124 0.0 0.2 0.056 0.509 
0.887 0.992 0.048 0.024 0.048 0.132 0.0 0.26 0.479 0.519 
0.418 0.934 0.095 0.143 0.19 0.092 -0.19 0.36 0.667 0.528 
0.378 0.939 0.095 0.071 0.119 0.117 -0.048 0.306 0.652 0.537 
0.664 0.61 0.143 0.119 0.19 0.005 -0.095 0.398 0.584 0.546 
0.897 1.0 0.143 0.024 0.095 0.24 0.095 0.379 0.619 0.556 
0.031 0.72 0.095 0.024 0.071 0.035 0.048 0.365 0.396 0.565 
0.948 0.258 0.048 0.048 0.071 0.0 -0.048 0.507 0.479 0.574 
0.948 0.942 0.095 0.024 0.071 0.056 0.048 0.507 0.513 0.583 
0.857 0.947 0.095 0.024 0.071 0.045 0.048 0.493 0.513 0.593 
0.246 0.432 0.048 0.071 0.095 0.004 -0.095 0.344 0.441 0.602 
0.857 0.696 0.143 0.024 0.095 0.005 0.095 0.493 0.479 0.611 
0.062 0.471 0.095 0.024 0.071 0.005 0.048 0.408 0.056 0.62 
0.439 0.939 0.048 0.048 0.071 0.05 -0.048 0.466 0.513 0.63 
0.338 0.907 0.048 0.048 0.071 0.243 -0.048 0.451 0.462 0.639 
0.47 0.942 0.095 0.048 0.095 0.212 0.0 0.471 0.462 0.648 
0.01 0.947 0.048 0.024 0.048 0.108 0.0 0.4 0.056 0.657 
0.868 1.0 0.095 0.024 0.071 0.225 0.048 0.514 0.479 0.667 
0.479 0.929 0.095 0.143 0.19 0.146 -0.19 0.419 0.363 0.676 
0.847 0.289 0.143 0.167 0.238 0.001 -0.19 0.639 0.376 0.685 
0.174 0.808 0.143 0.167 0.238 0.034 -0.19 0.534 0.363 0.694 
0.775 0.875 0.238 0.143 0.262 0.08 -0.048 0.592 0.271 0.704 
0.826 0.995 0.19 0.167 0.262 0.013 -0.143 0.599 0.328 0.713 
0.948 0.917 0.238 0.095 0.214 0.043 0.048 0.661 0.325 0.722 
0.01 0.681 0.095 0.048 0.095 0.04 0.0 0.64 0.218 0.731 
0.979 1.0 0.048 0.048 0.071 0.12 -0.048 0.791 0.218 0.741 
0.674 0.768 0.048 0.048 0.071 0.056 -0.048 0.639 0.218 0.75 
0.897 0.847 0.095 0.095 0.143 0.021 -0.095 0.674 0.218 0.759 
0.868 0.391 0.048 0.024 0.048 0.0 0.0 0.669 0.102 0.769 
0.164 0.18 0.095 0.048 0.095 0.001 0.0 0.617 0.109 0.778 
0.704 0.798 0.048 0.071 0.095 0.089 -0.095 0.701 0.132 0.787 
0.51 0.829 0.048 0.024 0.048 0.046 0.0 0.671 0.101 0.796 
0.429 0.82 0.095 0.024 0.071 0.019 0.048 0.658 0.101 0.806 
0.807 0.9 0.095 0.071 0.119 0.053 -0.048 0.764 0.198 0.815 
0.958 0.947 0.048 0.024 0.048 0.037 0.0 0.748 0.102 0.824 
0.052 0.754 0.19 0.071 0.167 0.038 0.048 0.647 0.218 0.833 
0.551 0.949 0.095 0.048 0.095 0.062 0.0 0.685 0.218 0.843 
0.643 0.851 0.048 0.071 0.095 0.136 -0.095 0.699 0.218 0.852 
0.939 0.311 0.095 0.048 0.095 0.0 0.0 0.745 0.102 0.861 
0.327 0.734 0.143 0.095 0.167 0.028 -0.048 0.65 0.218 0.87 
0.664 0.257 0.143 0.024 0.095 0.0 0.095 0.764 0.218 0.88 
0.124 0.807 0.095 0.071 0.119 0.01 -0.048 0.68 0.109 0.889 
0.031 0.771 0.095 0.048 0.095 0.029 0.0 0.666 0.109 0.898 
0.99 0.798 0.095 0.024 0.071 0.03 0.048 0.815 0.056 0.907 
0.317 0.907 0.095 0.024 0.071 0.116 0.048 0.723 0.056 0.917 
0.876 1.0 0.19 0.024 0.119 0.171 0.143 0.9 0.056 0.926 
0.275 0.9 0.381 0.024 0.214 0.205 0.333 0.788 0.056 0.935 
0.47 0.847 0.238 0.024 0.143 0.024 0.19 0.774 0.056 0.944 
1.0 0.995 0.524 0.024 0.286 0.072 0.476 0.946 0.056 0.954 
0.052 0.807 0.19 0.024 0.119 0.096 0.143 0.799 0.056 0.963 
0.124 0.841 0.238 0.024 0.143 0.122 0.19 0.783 0.056 0.972 
0.286 0.868 0.19 0.024 0.119 0.097 0.143 0.793 0.056 0.981 
0.327 0.875 0.286 0.024 0.167 0.053 0.238 0.815 0.056 0.991 
0.347 1.0 1.0 0.0 0.5 1.0 1.0 1.0 0.0 1.0 
0.256 1.0 0.0 1.0 1.0 1.0 -2.0 0.04 1.0 0.009 
0.674 0.771 0.048 0.071 0.095 0.018 -0.095 0.144 0.817 0.019 
0.868 0.993 0.048 0.024 0.048 0.054 0.0 0.175 0.86 0.028 
0.46 0.578 0.048 0.095 0.119 0.002 -0.143 0.111 0.817 0.037 
0.429 0.941 0.048 0.024 0.048 0.028 0.0 0.106 0.769 0.046 
0.786 1.0 0.048 0.024 0.048 0.079 0.0 0.162 0.769 0.056 
0.643 0.956 0.048 0.024 0.048 0.052 0.0 0.14 0.72 0.065 
0.338 0.925 0.048 0.071 0.095 0.056 -0.095 0.092 0.86 0.074 
0.847 0.99 0.048 0.048 0.071 0.079 -0.048 0.171 0.814 0.083 
0.439 0.922 0.048 0.048 0.071 0.081 -0.048 0.108 0.86 0.093 
0.449 0.88 0.048 0.143 0.167 0.052 -0.238 0.11 0.817 0.102 
0.725 0.99 0.048 0.095 0.119 0.054 -0.143 0.152 0.86 0.111 
0.735 0.971 0.048 0.119 0.143 0.054 -0.19 0.154 0.86 0.12 
0.897 0.932 0.048 0.071 0.095 0.035 -0.095 0.179 0.805 0.13 
0.46 0.736 0.048 0.095 0.119 0.019 -0.143 0.111 0.86 0.139 
0.225 0.82 0.048 0.071 0.095 0.018 -0.095 0.075 0.769 0.148 
0.378 0.824 0.048 0.048 0.071 0.027 -0.048 0.098 0.814 0.157 
0.969 0.262 0.048 0.048 0.071 0.0 -0.048 0.19 0.769 0.167 
0.786 1.0 0.048 0.024 0.048 0.029 0.0 0.162 0.805 0.176 
0.847 0.946 0.048 0.024 0.048 0.043 0.0 0.171 0.056 0.185 
0.775 0.912 0.048 0.048 0.071 0.018 -0.048 0.16 0.817 0.194 
0.54 0.647 0.048 0.071 0.095 0.002 -0.095 0.124 0.751 0.204 
0.897 0.25 0.048 0.024 0.048 0.0 0.0 0.179 0.796 0.213 
0.54 0.873 0.048 0.024 0.048 0.018 0.0 0.124 0.056 0.222 
0.826 0.986 0.048 0.048 0.071 0.054 -0.048 0.168 0.86 0.231 
0.388 0.165 0.048 0.024 0.048 0.0 0.0 0.1 0.056 0.241 
0.103 0.886 0.048 0.048 0.071 0.029 -0.048 0.056 0.817 0.25 
0.99 0.947 0.048 0.048 0.071 0.035 -0.048 0.193 0.769 0.259 
0.979 0.968 0.048 0.048 0.071 0.027 -0.048 0.192 0.814 0.269 
0.979 0.72 0.048 0.024 0.048 0.002 0.0 0.192 0.796 0.278 
0.266 0.286 0.048 0.071 0.095 0.001 -0.095 0.081 0.619 0.287 
0.531 0.72 0.048 0.095 0.119 0.011 -0.143 0.122 0.667 0.296 
0.195 0.664 0.048 0.024 0.048 0.017 0.0 0.07 0.462 0.306 
0.031 0.824 0.048 0.024 0.048 0.088 0.0 0.045 0.056 0.315 
0.897 1.0 0.048 0.024 0.048 0.163 0.0 0.179 0.441 0.324 
0.775 0.947 0.048 0.024 0.048 0.088 0.0 0.16 0.056 0.333 
0.357 0.968 0.048 0.024 0.048 0.149 0.0 0.095 0.462 0.343 
0.071 0.253 0.048 0.048 0.071 0.001 -0.048 0.051 0.479 0.352 
0.092 0.836 0.048 0.048 0.071 0.08 -0.048 0.054 0.218 0.361 
0.632 0.355 0.048 0.024 0.048 0.002 0.0 0.138 0.101 0.37 
0.622 0.993 0.048 0.048 0.071 0.364 -0.048 0.136 0.132 0.38 
0.103 1.0 0.048 0.024 0.048 0.353 0.0 0.056 0.198 0.389 
0.5 0.947 0.048 0.024 0.048 0.176 0.0 0.117 0.218 0.398 
0.214 0.72 0.143 0.024 0.095 0.034 0.095 0.187 0.056 0.407 
0.235 0.472 0.429 0.024 0.238 0.002 0.381 0.227 0.056 0.417 
0.256 0.993 0.143 0.048 0.119 0.397 0.048 0.219 0.764 0.426 
0.153 0.671 0.19 0.024 0.119 0.011 0.143 0.168 0.056 0.435 
0.775 0.683 0.333 0.048 0.214 0.005 0.238 0.295 0.734 0.444 
0.51 0.842 0.286 0.024 0.167 0.049 0.238 0.239 0.734 0.454 
0.042 0.398 0.238 0.024 0.143 0.005 0.19 0.2 0.713 0.463 
0.347 0.158 0.238 0.024 0.143 0.0 0.19 0.247 0.713 0.472 
0.307 0.504 0.429 0.024 0.238 0.002 0.381 0.239 0.764 0.481 
0.368 0.201 0.286 0.024 0.167 0.0 0.238 0.249 0.692 0.491 
0.195 0.818 0.286 0.024 0.167 0.073 0.238 0.222 0.764 0.5 
0.765 0.907 0.048 0.024 0.048 0.124 0.0 0.2 0.056 0.509 
0.887 0.992 0.048 0.024 0.048 0.132 0.0 0.26 0.479 0.519 
0.418 0.934 0.095 0.143 0.19 0.092 -0.19 0.36 0.667 0.528 
0.378 0.939 0.095 0.071 0.119 0.117 -0.048 0.306 0.652 0.537 
0.664 0.61 0.143 0.119 0.19 0.005 -0.095 0.398 0.584 0.546 
0.897 1.0 0.143 0.024 0.095 0.24 0.095 0.379 0.619 0.556 
0.031 0.72 0.095 0.024 0.071 0.035 0.048 0.365 0.396 0.565 
0.948 0.258 0.048 0.048 0.071 0.0 -0.048 0.507 0.479 0.574 
0.948 0.942 0.095 0.024 0.071 0.056 0.048 0.507 0.513 0.583 
0.857 0.947 0.095 0.024 0.071 0.045 0.048 0.493 0.513 0.593 
0.246 0.432 0.048 0.071 0.095 0.004 -0.095 0.344 0.441 0.602 
0.857 0.696 0.143 0.024 0.095 0.005 0.095 0.493 0.479 0.611 
0.062 0.471 0.095 0.024 0.071 0.005 0.048 0.408 0.056 0.62 
0.439 0.939 0.048 0.048 0.071 0.05 -0.048 0.466 0.513 0.63 
0.338 0.907 0.048 0.048 0.071 0.243 -0.048 0.451 0.462 0.639 
0.47 0.942 0.095 0.048 0.095 0.212 0.0 0.471 0.462 0.648 
0.01 0.947 0.048 0.024 0.048 0.108 0.0 0.4 0.056 0.657 
0.868 1.0 0.095 0.024 0.071 0.225 0.048 0.514 0.479 0.667 
0.479 0.929 0.095 0.143 0.19 0.146 -0.19 0.419 0.363 0.676 
0.847 0.289 0.143 0.167 0.238 0.001 -0.19 0.639 0.376 0.685 
0.174 0.808 0.143 0.167 0.238 0.034 -0.19 0.534 0.363 0.694 
0.775 0.875 0.238 0.143 0.262 0.08 -0.048 0.592 0.271 0.704 
0.826 0.995 0.19 0.167 0.262 0.013 -0.143 0.599 0.328 0.713 
0.948 0.917 0.238 0.095 0.214 0.043 0.048 0.661 0.325 0.722 
0.01 0.681 0.095 0.048 0.095 0.04 0.0 0.64 0.218 0.731 
0.979 1.0 0.048 0.048 0.071 0.12 -0.048 0.791 0.218 0.741 
0.674 0.768 0.048 0.048 0.071 0.056 -0.048 0.639 0.218 0.75 
0.897 0.847 0.095 0.095 0.143 0.021 -0.095 0.674 0.218 0.759 
0.868 0.391 0.048 0.024 0.048 0.0 0.0 0.669 0.102 0.769 
0.164 0.18 0.095 0.048 0.095 0.001 0.0 0.617 0.109 0.778 
0.704 0.798 0.048 0.071 0.095 0.089 -0.095 0.701 0.132 0.787 
0.51 0.829 0.048 0.024 0.048 0.046 0.0 0.671 0.101 0.796 
0.429 0.82 0.095 0.024 0.071 0.019 0.048 0.658 0.101 0.806 
0.807 0.9 0.095 0.071 0.119 0.053 -0.048 0.764 0.198 0.815 
0.958 0.947 0.048 0.024 0.048 0.037 0.0 0.748 0.102 0.824 
0.052 0.754 0.19 0.071 0.167 0.038 0.048 0.647 0.218 0.833 
0.551 0.949 0.095 0.048 0.095 0.062 0.0 0.685 0.218 0.843 
0.643 0.851 0.048 0.071 0.095 0.136 -0.095 0.699 0.218 0.852 
0.939 0.311 0.095 0.048 0.095 0.0 0.0 0.745 0.102 0.861 
0.327 0.734 0.143 0.095 0.167 0.028 -0.048 0.65 0.218 0.87 
0.664 0.257 0.143 0.024 0.095 0.0 0.095 0.764 0.218 0.88 
0.124 0.807 0.095 0.071 0.119 0.01 -0.048 0.68 0.109 0.889 
0.031 0.771 0.095 0.048 0.095 0.029 0.0 0.666 0.109 0.898 
0.99 0.798 0.095 0.024 0.071 0.03 0.048 0.815 0.056 0.907 
0.317 0.907 0.095 0.024 0.071 0.116 0.048 0.723 0.056 0.917 
0.876 1.0 0.19 0.024 0.119 0.171 0.143 0.9 0.056 0.926 
0.275 0.9 0.381 0.024 0.214 0.205 0.333 0.788 0.056 0.935 
0.47 0.847 0.238 0.024 0.143 0.024 0.19 0.774 0.056 0.944 
1.0 0.995 0.524 0.024 0.286 0.072 0.476 0.946 0.056 0.954 
0.052 0.807 0.19 0.024 0.119 0.096 0.143 0.799 0.056 0.963 
0.124 0.841 0.238 0.024 0.143 0.122 0.19 0.783 0.056 0.972 
0.286 0.868 0.19 0.024 0.119 0.097 0.143 0.793 0.056 0.981 
0.327 0.875 0.286 0.024 0.167 0.053 0.238 0.815 0.056 0.991 
0.347 1.0 1.0 0.0 0.5 1.0 1.0 1.0 0.0 1.0 
0.256 1.0 0.0 1.0 1.0 1.0 -2.0 0.04 1.0 0.009 
0.674 0.771 0.048 0.071 0.095 0.018 -0.095 0.144 0.817 0.019 
0.868 0.993 0.048 0.024 0.048 0.054 0.0 0.175 0.86 0.028 
0.46 0.578 0.048 0.095 0.119 0.002 -0.143 0.111 0.817 0.037 
0.429 0.941 0.048 0.024 0.048 0.028 0.0 0.106 0.769 0.046 
0.786 1.0 0.048 0.024 0.048 0.079 0.0 0.162 0.769 0.056 
0.643 0.956 0.048 0.024 0.048 0.052 0.0 0.14 0.72 0.065 
0.338 0.925 0.048 0.071 0.095 0.056 -0.095 0.092 0.86 0.074 
0.847 0.99 0.048 0.048 0.071 0.079 -0.048 0.171 0.814 0.083 
0.439 0.922 0.048 0.048 0.071 0.081 -0.048 0.108 0.86 0.093 
0.449 0.88 0.048 0.143 0.167 0.052 -0.238 0.11 0.817 0.102 
0.725 0.99 0.048 0.095 0.119 0.054 -0.143 0.152 0.86 0.111 
0.735 0.971 0.048 0.119 0.143 0.054 -0.19 0.154 0.86 0.12 
0.897 0.932 0.048 0.071 0.095 0.035 -0.095 0.179 0.805 0.13 
0.46 0.736 0.048 0.095 0.119 0.019 -0.143 0.111 0.86 0.139 
0.225 0.82 0.048 0.071 0.095 0.018 -0.095 0.075 0.769 0.148 
0.378 0.824 0.048 0.048 0.071 0.027 -0.048 0.098 0.814 0.157 
0.969 0.262 0.048 0.048 0.071 0.0 -0.048 0.19 0.769 0.167 
0.786 1.0 0.048 0.024 0.048 0.029 0.0 0.162 0.805 0.176 
0.847 0.946 0.048 0.024 0.048 0.043 0.0 0.171 0.056 0.185 
0.775 0.912 0.048 0.048 0.071 0.018 -0.048 0.16 0.817 0.194 
0.54 0.647 0.048 0.071 0.095 0.002 -0.095 0.124 0.751 0.204 
0.897 0.25 0.048 0.024 0.048 0.0 0.0 0.179 0.796 0.213 
0.54 0.873 0.048 0.024 0.048 0.018 0.0 0.124 0.056 0.222 
0.826 0.986 0.048 0.048 0.071 0.054 -0.048 0.168 0.86 0.231 
0.388 0.165 0.048 0.024 0.048 0.0 0.0 0.1 0.056 0.241 
0.103 0.886 0.048 0.048 0.071 0.029 -0.048 0.056 0.817 0.25 
0.99 0.947 0.048 0.048 0.071 0.035 -0.048 0.193 0.769 0.259 
0.979 0.968 0.048 0.048 0.071 0.027 -0.048 0.192 0.814 0.269 
0.979 0.72 0.048 0.024 0.048 0.002 0.0 0.192 0.796 0.278 
0.266 0.286 0.048 0.071 0.095 0.001 -0.095 0.081 0.619 0.287 
0.531 0.72 0.048 0.095 0.119 0.011 -0.143 0.122 0.667 0.296 
0.195 0.664 0.048 0.024 0.048 0.017 0.0 0.07 0.462 0.306 
0.031 0.824 0.048 0.024 0.048 0.088 0.0 0.045 0.056 0.315 
0.897 1.0 0.048 0.024 0.048 0.163 0.0 0.179 0.441 0.324 
0.775 0.947 0.048 0.024 0.048 0.088 0.0 0.16 0.056 0.333 
0.357 0.968 0.048 0.024 0.048 0.149 0.0 0.095 0.462 0.343 
0.071 0.253 0.048 0.048 0.071 0.001 -0.048 0.051 0.479 0.352 
0.092 0.836 0.048 0.048 0.071 0.08 -0.048 0.054 0.218 0.361 
0.632 0.355 0.048 0.024 0.048 0.002 0.0 0.138 0.101 0.37 
0.622 0.993 0.048 0.048 0.071 0.364 -0.048 0.136 0.132 0.38 
0.103 1.0 0.048 0.024 0.048 0.353 0.0 0.056 0.198 0.389 
0.5 0.947 0.048 0.024 0.048 0.176 0.0 0.117 0.218 0.398 
0.214 0.72 0.143 0.024 0.095 0.034 0.095 0.187 0.056 0.407 
0.235 0.472 0.429 0.024 0.238 0.002 0.381 0.227 0.056 0.417 
0.256 0.993 0.143 0.048 0.119 0.397 0.048 0.219 0.764 0.426 
0.153 0.671 0.19 0.024 0.119 0.011 0.143 0.168 0.056 0.435 
0.775 0.683 0.333 0.048 0.214 0.005 0.238 0.295 0.734 0.444 
0.51 0.842 0.286 0.024 0.167 0.049 0.238 0.239 0.734 0.454 
0.042 0.398 0.238 0.024 0.143 0.005 0.19 0.2 0.713 0.463 
0.347 0.158 0.238 0.024 0.143 0.0 0.19 0.247 0.713 0.472 
0.307 0.504 0.429 0.024 0.238 0.002 0.381 0.239 0.764 0.481 
0.368 0.201 0.286 0.024 0.167 0.0 0.238 0.249 0.692 0.491 
0.195 0.818 0.286 0.024 0.167 0.073 0.238 0.222 0.764 0.5 
0.765 0.907 0.048 0.024 0.048 0.124 0.0 0.2 0.056 0.509 
0.887 0.992 0.048 0.024 0.048 0.132 0.0 0.26 0.479 0.519 
0.418 0.934 0.095 0.143 0.19 0.092 -0.19 0.36 0.667 0.528 
0.378 0.939 0.095 0.071 0.119 0.117 -0.048 0.306 0.652 0.537 
0.664 0.61 0.143 0.119 0.19 0.005 -0.095 0.398 0.584 0.546 
0.897 1.0 0.143 0.024 0.095 0.24 0.095 0.379 0.619 0.556 
0.031 0.72 0.095 0.024 0.071 0.035 0.048 0.365 0.396 0.565 
0.948 0.258 0.048 0.048 0.071 0.0 -0.048 0.507 0.479 0.574 
0.948 0.942 0.095 0.024 0.071 0.056 0.048 0.507 0.513 0.583 
0.857 0.947 0.095 0.024 0.071 0.045 0.048 0.493 0.513 0.593 
0.246 0.432 0.048 0.071 0.095 0.004 -0.095 0.344 0.441 0.602 
0.857 0.696 0.143 0.024 0.095 0.005 0.095 0.493 0.479 0.611 
0.062 0.471 0.095 0.024 0.071 0.005 0.048 0.408 0.056 0.62 
0.439 0.939 0.048 0.048 0.071 0.05 -0.048 0.466 0.513 0.63 
0.338 0.907 0.048 0.048 0.071 0.243 -0.048 0.451 0.462 0.639 
0.47 0.942 0.095 0.048 0.095 0.212 0.0 0.471 0.462 0.648 
0.01 0.947 0.048 0.024 0.048 0.108 0.0 0.4 0.056 0.657 
0.868 1.0 0.095 0.024 0.071 0.225 0.048 0.514 0.479 0.667 
0.479 0.929 0.095 0.143 0.19 0.146 -0.19 0.419 0.363 0.676 
0.847 0.289 0.143 0.167 0.238 0.001 -0.19 0.639 0.376 0.685 
0.174 0.808 0.143 0.167 0.238 0.034 -0.19 0.534 0.363 0.694 
0.775 0.875 0.238 0.143 0.262 0.08 -0.048 0.592 0.271 0.704 
0.826 0.995 0.19 0.167 0.262 0.013 -0.143 0.599 0.328 0.713 
0.948 0.917 0.238 0.095 0.214 0.043 0.048 0.661 0.325 0.722 
0.01 0.681 0.095 0.048 0.095 0.04 0.0 0.64 0.218 0.731 
0.979 1.0 0.048 0.048 0.071 0.12 -0.048 0.791 0.218 0.741 
0.674 0.768 0.048 0.048 0.071 0.056 -0.048 0.639 0.218 0.75 
0.897 0.847 0.095 0.095 0.143 0.021 -0.095 0.674 0.218 0.759 
0.868 0.391 0.048 0.024 0.048 0.0 0.0 0.669 0.102 0.769 
0.164 0.18 0.095 0.048 0.095 0.001 0.0 0.617 0.109 0.778 
0.704 0.798 0.048 0.071 0.095 0.089 -0.095 0.701 0.132 0.787 
0.51 0.829 0.048 0.024 0.048 0.046 0.0 0.671 0.101 0.796 
0.429 0.82 0.095 0.024 0.071 0.019 0.048 0.658 0.101 0.806 
0.807 0.9 0.095 0.071 0.119 0.053 -0.048 0.764 0.198 0.815 
0.958 0.947 0.048 0.024 0.048 0.037 0.0 0.748 0.102 0.824 
0.052 0.754 0.19 0.071 0.167 0.038 0.048 0.647 0.218 0.833 
0.551 0.949 0.095 0.048 0.095 0.062 0.0 0.685 0.218 0.843 
0.643 0.851 0.048 0.071 0.095 0.136 -0.095 0.699 0.218 0.852 
0.939 0.311 0.095 0.048 0.095 0.0 0.0 0.745 0.102 0.861 
0.327 0.734 0.143 0.095 0.167 0.028 -0.048 0.65 0.218 0.87 
0.664 0.257 0.143 0.024 0.095 0.0 0.095 0.764 0.218 0.88 
0.124 0.807 0.095 0.071 0.119 0.01 -0.048 0.68 0.109 0.889 
0.031 0.771 0.095 0.048 0.095 0.029 0.0 0.666 0.109 0.898 
0.99 0.798 0.095 0.024 0.071 0.03 0.048 0.815 0.056 0.907 
0.317 0.907 0.095 0.024 0.071 0.116 0.048 0.723 0.056 0.917 
0.876 1.0 0.19 0.024 0.119 0.171 0.143 0.9 0.056 0.926 
0.275 0.9 0.381 0.024 0.214 0.205 0.333 0.788 0.056 0.935 
0.47 0.847 0.238 0.024 0.143 0.024 0.19 0.774 0.056 0.944 
1.0 0.995 0.524 0.024 0.286 0.072 0.476 0.946 0.056 0.954 
0.052 0.807 0.19 0.024 0.119 0.096 0.143 0.799 0.056 0.963 
0.124 0.841 0.238 0.024 0.143 0.122 0.19 0.783 0.056 0.972 
0.286 0.868 0.19 0.024 0.119 0.097 0.143 0.793 0.056 0.981 
0.327 0.875 0.286 0.024 0.167 0.053 0.238 0.815 0.056 0.991 
0.347 1.0 1.0 0.0 0.5 1.0 1.0 1.0 0.0 1.0 
0.256 1.0 0.0 1.0 1.0 1.0 -2.0 0.04 1.0 0.009 
0.674 0.771 0.048 0.071 0.095 0.018 -0.095 0.144 0.817 0.019 
0.868 0.993 0.048 0.024 0.048 0.054 0.0 0.175 0.86 0.028 
0.46 0.578 0.048 0.095 0.119 0.002 -0.143 0.111 0.817 0.037 
0.429 0.941 0.048 0.024 0.048 0.028 0.0 0.106 0.769 0.046 
0.786 1.0 0.048 0.024 0.048 0.079 0.0 0.162 0.769 0.056 
0.643 0.956 0.048 0.024 0.048 0.052 0.0 0.14 0.72 0.065 
0.338 0.925 0.048 0.071 0.095 0.056 -0.095 0.092 0.86 0.074 
0.847 0.99 0.048 0.048 0.071 0.079 -0.048 0.171 0.814 0.083 
0.439 0.922 0.048 0.048 0.071 0.081 -0.048 0.108 0.86 0.093 
0.449 0.88 0.048 0.143 0.167 0.052 -0.238 0.11 0.817 0.102 
0.725 0.99 0.048 0.095 0.119 0.054 -0.143 0.152 0.86 0.111 
0.735 0.971 0.048 0.119 0.143 0.054 -0.19 0.154 0.86 0.12 
0.897 0.932 0.048 0.071 0.095 0.035 -0.095 0.179 0.805 0.13 
0.46 0.736 0.048 0.095 0.119 0.019 -0.143 0.111 0.86 0.139 
0.225 0.82 0.048 0.071 0.095 0.018 -0.095 0.075 0.769 0.148 
0.378 0.824 0.048 0.048 0.071 0.027 -0.048 0.098 0.814 0.157 
0.969 0.262 0.048 0.048 0.071 0.0 -0.048 0.19 0.769 0.167 
0.786 1.0 0.048 0.024 0.048 0.029 0.0 0.162 0.805 0.176 
0.847 0.946 0.048 0.024 0.048 0.043 0.0 0.171 0.056 0.185 
0.775 0.912 0.048 0.048 0.071 0.018 -0.048 0.16 0.817 0.194 
0.54 0.647 0.048 0.071 0.095 0.002 -0.095 0.124 0.751 0.204 
0.897 0.25 0.048 0.024 0.048 0.0 0.0 0.179 0.796 0.213 
0.54 0.873 0.048 0.024 0.048 0.018 0.0 0.124 0.056 0.222 
0.826 0.986 0.048 0.048 0.071 0.054 -0.048 0.168 0.86 0.231 
0.388 0.165 0.048 0.024 0.048 0.0 0.0 0.1 0.056 0.241 
0.103 0.886 0.048 0.048 0.071 0.029 -0.048 0.056 0.817 0.25 
0.99 0.947 0.048 0.048 0.071 0.035 -0.048 0.193 0.769 0.259 
0.979 0.968 0.048 0.048 0.071 0.027 -0.048 0.192 0.814 0.269 
0.979 0.72 0.048 0.024 0.048 0.002 0.0 0.192 0.796 0.278 
0.266 0.286 0.048 0.071 0.095 0.001 -0.095 0.081 0.619 0.287 
0.531 0.72 0.048 0.095 0.119 0.011 -0.143 0.122 0.667 0.296 
0.195 0.664 0.048 0.024 0.048 0.017 0.0 0.07 0.462 0.306 
0.031 0.824 0.048 0.024 0.048 0.088 0.0 0.045 0.056 0.315 
0.897 1.0 0.048 0.024 0.048 0.163 0.0 0.179 0.441 0.324 
0.775 0.947 0.048 0.024 0.048 0.088 0.0 0.16 0.056 0.333 
0.357 0.968 0.048 0.024 0.048 0.149 0.0 0.095 0.462 0.343 
0.071 0.253 0.048 0.048 0.071 0.001 -0.048 0.051 0.479 0.352 
0.092 0.836 0.048 0.048 0.071 0.08 -0.048 0.054 0.218 0.361 
0.632 0.355 0.048 0.024 0.048 0.002 0.0 0.138 0.101 0.37 
0.622 0.993 0.048 0.048 0.071 0.364 -0.048 0.136 0.132 0.38 
0.103 1.0 0.048 0.024 0.048 0.353 0.0 0.056 0.198 0.389 
0.5 0.947 0.048 0.024 0.048 0.176 0.0 0.117 0.218 0.398 
0.214 0.72 0.143 0.024 0.095 0.034 0.095 0.187 0.056 0.407 
0.235 0.472 0.429 0.024 0.238 0.002 0.381 0.227 0.056 0.417 
0.256 0.993 0.143 0.048 0.119 0.397 0.048 0.219 0.764 0.426 
0.153 0.671 0.19 0.024 0.119 0.011 0.143 0.168 0.056 0.435 
0.775 0.683 0.333 0.048 0.214 0.005 0.238 0.295 0.734 0.444 
0.51 0.842 0.286 0.024 0.167 0.049 0.238 0.239 0.734 0.454 
0.042 0.398 0.238 0.024 0.143 0.005 0.19 0.2 0.713 0.463 
0.347 0.158 0.238 0.024 0.143 0.0 0.19 0.247 0.713 0.472 
0.307 0.504 0.429 0.024 0.238 0.002 0.381 0.239 0.764 0.481 
0.368 0.201 0.286 0.024 0.167 0.0 0.238 0.249 0.692 0.491 
0.195 0.818 0.286 0.024 0.167 0.073 0.238 0.222 0.764 0.5 
0.765 0.907 0.048 0.024 0.048 0.124 0.0 0.2 0.056 0.509 
0.887 0.992 0.048 0.024 0.048 0.132 0.0 0.26 0.479 0.519 
0.418 0.934 0.095 0.143 0.19 0.092 -0.19 0.36 0.667 0.528 
0.378 0.939 0.095 0.071 0.119 0.117 -0.048 0.306 0.652 0.537 
0.664 0.61 0.143 0.119 0.19 0.005 -0.095 0.398 0.584 0.546 
0.897 1.0 0.143 0.024 0.095 0.24 0.095 0.379 0.619 0.556 
0.031 0.72 0.095 0.024 0.071 0.035 0.048 0.365 0.396 0.565 
0.948 0.258 0.048 0.048 0.071 0.0 -0.048 0.507 0.479 0.574 
0.948 0.942 0.095 0.024 0.071 0.056 0.048 0.507 0.513 0.583 
0.857 0.947 0.095 0.024 0.071 0.045 0.048 0.493 0.513 0.593 
0.246 0.432 0.048 0.071 0.095 0.004 -0.095 0.344 0.441 0.602 
0.857 0.696 0.143 0.024 0.095 0.005 0.095 0.493 0.479 0.611 
0.062 0.471 0.095 0.024 0.071 0.005 0.048 0.408 0.056 0.62 
0.439 0.939 0.048 0.048 0.071 0.05 -0.048 0.466 0.513 0.63 
0.338 0.907 0.048 0.048 0.071 0.243 -0.048 0.451 0.462 0.639 
0.47 0.942 0.095 0.048 0.095 0.212 0.0 0.471 0.462 0.648 
0.01 0.947 0.048 0.024 0.048 0.108 0.0 0.4 0.056 0.657 
0.868 1.0 0.095 0.024 0.071 0.225 0.048 0.514 0.479 0.667 
0.479 0.929 0.095 0.143 0.19 0.146 -0.19 0.419 0.363 0.676 
0.847 0.289 0.143 0.167 0.238 0.001 -0.19 0.639 0.376 0.685 
0.174 0.808 0.143 0.167 0.238 0.034 -0.19 0.534 0.363 0.694 
0.775 0.875 0.238 0.143 0.262 0.08 -0.048 0.592 0.271 0.704 
0.826 0.995 0.19 0.167 0.262 0.013 -0.143 0.599 0.328 0.713 
0.948 0.917 0.238 0.095 0.214 0.043 0.048 0.661 0.325 0.722 
0.01 0.681 0.095 0.048 0.095 0.04 0.0 0.64 0.218 0.731 
0.979 1.0 0.048 0.048 0.071 0.12 -0.048 0.791 0.218 0.741 
0.674 0.768 0.048 0.048 0.071 0.056 -0.048 0.639 0.218 0.75 
0.897 0.847 0.095 0.095 0.143 0.021 -0.095 0.674 0.218 0.759 
0.868 0.391 0.048 0.024 0.048 0.0 0.0 0.669 0.102 0.769 
0.164 0.18 0.095 0.048 0.095 0.001 0.0 0.617 0.109 0.778 
0.704 0.798 0.048 0.071 0.095 0.089 -0.095 0.701 0.132 0.787 
0.51 0.829 0.048 0.024 0.048 0.046 0.0 0.671 0.101 0.796 
0.429 0.82 0.095 0.024 0.071 0.019 0.048 0.658 0.101 0.806 
0.807 0.9 0.095 0.071 0.119 0.053 -0.048 0.764 0.198 0.815 
0.958 0.947 0.048 0.024 0.048 0.037 0.0 0.748 0.102 0.824 
0.052 0.754 0.19 0.071 0.167 0.038 0.048 0.647 0.218 0.833 
0.551 0.949 0.095 0.048 0.095 0.062 0.0 0.685 0.218 0.843 
0.643 0.851 0.048 0.071 0.095 0.136 -0.095 0.699 0.218 0.852 
0.939 0.311 0.095 0.048 0.095 0.0 0.0 0.745 0.102 0.861 
0.327 0.734 0.143 0.095 0.167 0.028 -0.048 0.65 0.218 0.87 
0.664 0.257 0.143 0.024 0.095 0.0 0.095 0.764 0.218 0.88 
0.124 0.807 0.095 0.071 0.119 0.01 -0.048 0.68 0.109 0.889 
0.031 0.771 0.095 0.048 0.095 0.029 0.0 0.666 0.109 0.898 
0.99 0.798 0.095 0.024 0.071 0.03 0.048 0.815 0.056 0.907 
0.317 0.907 0.095 0.024 0.071 0.116 0.048 0.723 0.056 0.917 
0.876 1.0 0.19 0.024 0.119 0.171 0.143 0.9 0.056 0.926 
0.275 0.9 0.381 0.024 0.214 0.205 0.333 0.788 0.056 0.935 
0.47 0.847 0.238 0.024 0.143 0.024 0.19 0.774 0.056 0.944 
1.0 0.995 0.524 0.024 0.286 0.072 0.476 0.946 0.056 0.954 
0.052 0.807 0.19 0.024 0.119 0.096 0.143 0.799 0.056 0.963 
0.124 0.841 0.238 0.024 0.143 0.122 0.19 0.783 0.056 0.972 
0.286 0.868 0.19 0.024 0.119 0.097 0.143 0.793 0.056 0.981 
0.327 0.875 0.286 0.024 0.167 0.053 0.238 0.815 0.056 0.991 
0.347 1.0 1.0 0.0 0.5 1.0 1.0 1.0 0.0 1.0 
